GISJOIN,YEAR,STUSAB,REGIONA,DIVISIONA,STATE,STATEA,COUNTY,COUNTYA,COUSUBA,COUSUBCC,PLACEA,PLACECC,TRACTA,CONCITA,AIANHHA,RES_ONLYA,TRUSTA,AIANHHCC,AITSCEA,AITS,TTRACTA,ANRCA,CBSAA,METDIVA,CSAA,NECTAA,NECTADIVA,CNECTAA,CBSAPCI,NECTAPCI,UAA,UATYPE,URA,CDA,SLDUA,SLDLA,ZCTA5A,SUBMCDA,SDELMA,SDSECA,SDUNIA,AREALAND,AREAWATR,NAME,FUNCSTAT,INTPTLAT,INTPTLON,LSADC,MEMI,NMEMI,IC3001,IC3002,IC3003,IC3004,IC3005,IC3006,IC3007,IC3008,IC3009,IC3010,IC3011,IC3012,IC3013,IC3014,IC3015,IC3016,IC3017,IC3018,IC3019,IC3020,IC3021,IC3022,IC3023,IC3024,IC3025,IC3026,IC3027,IC3028,IC3029,IC3030,IC3031,IC3032,IC3033,IC3034,IC3035,IC3036,IC3037,IC3038,IC3039,IC3040,IC3041,IC3042,IC3043,IC3044,IC3045,IC3046,IC3047,IC3048,IC3049,IC3050,IC3051,IC3052,IC3053,IC3054,IC3055,IC3056,IC3057,IC3058,IC3059,IC3060,IC3061,IC3062,IC3063,IC3064,IC3065,IC3066,IC3067,IC3068,IC3069,IC3070,IC3071,IC3072,IC3073,IC3074,IC3075,IC3076,IC3077,IC3078,IC3079,IC3080,IC3081,IC3082,IC3083,IC3084,IC3085,IC3086,IC3087,IC3088,IC3089,IC3090,IC3091,IC3092,IC3093,IC3094,IC3095,IC3096,IC3097,IC3098,IC3099,IC3100,IC3101,IC3102,IC3103,IC3104,IC3105,IC3106,IC3107,IC3108,IC3109,IC3110,IC3111,IC3112,IC3113,IC3114,IC3115,IC3116,IC3117,IC3118,IC3119,IC3120,IC3121,IC3122,IC3123,IC3124,IC3125,IC3126,IC3127,IC3128,IC3129,IC3130,IC3131,IC3132,IC3133,IC3134,IC3135,IC3136,IC3137,IC3138,IC3139,IC3140,IC3141,IC3142,IC3143,IC3144,IC3145,IC3146,IC3147,IC3148,IC3149,IC3150,IC3151,IC3152,IC3153,IC3154,IC3155,IC3156,IC3157,IC3158,IC3159,IC3160,IC3161,IC3162,IC3163,IC3164,IC3165,IC3166,IC3167,IC3168,IC3169,IC3170,IC3171,IC3172,IC3173,IC3174,IC3175,IC3176,IC3177,IC3178,IC3179,IC3180,IC3181,IC3182,IC3183,IC3184,IC3185,IC3186,IC3187,IC3188,IC3189,IC3190,IC3191,IC3192,IC3193,IC3194,IC3195,IC3196,IC3197,IC3198,IC3199,IC3200,IC3201,IC3202,IC3203,IC3204,IC3205,IC3206,IC3207,IC3208,IC3209,IC4001,IC4002,IC4003,IC4004,IC4005,IC4006,IC4007,IC4008,IC4009,IC4010,IC4011,IC4012,IC4013,IC4014,IC4015,IC4016,IC4017,IC4018,IC4019,IC4020,IC4021,IC4022,IC4023,IC4024,IC4025,IC4026,IC4027,IC4028,IC4029,IC4030,IC4031,IC4032,IC4033,IC4034,IC4035,IC4036,IC4037,IC4038,IC4039,IC4040,IC4041,IC4042,IC4043,IC4044,IC4045,IC4046,IC4047,IC4048,IC4049,IDC001,IDC002,IDC003,IDC004,IDC005,IDC006,IDC007,IDC008,IDC009,IDC010,IDC011,IDC012,IDC013,IDC014,IDC015,IDC016,IDC017,IDC018,IDC019,IDC020,IDC021,IDC022,IDC023,IDC024,IDC025,IDC026,IDC027,IDC028,IDC029,IDC030,IDC031,IDC032,IDC033,IDC034,IDC035,IDC036,IDC037,IDC038,IDC039,IDC040,IDC041,IDC042,IDC043,IDC044,IDC045,IDC046,IDC047,IDC048,IDC049,IDC050,IDC051,IDC052,IDC053,IDC054,IDC055,IDC056,IDC057,IDC058,IDC059,IDC060,IDC061,IDC062,IDC063,IDC064,IDC065,IDC066,IDC067,IDC068,IDC069,IDC070,IDC071,IDC072,IDC073,IDC074,IDC075,IDC076,IDC077,IDC078,IDC079,IDC080,IDC081,IDC082,IDC083,IDC084,IDC085,IDC086,IDC087,IDC088,IDC089,IDC090,IDC091,IDC092,IDC093,IDC094,IDC095,IDC096,IDC097,IDC098,IDC099,IDC100,IDC101,IDC102,IDC103,IDC104,IDC105,IDC106,IDC107,IDC108,IDC109,IDC110,IDC111,IDC112,IDC113,IDC114,IDC115,IDC116,IDC117,IDC118,IDC119,IDC120,IDC121,IDC122,IDC123,IDC124,IDC125,IDC126,IDC127,IDC128,IDC129,IDC130,IDC131,IDC132,IDC133,IDC134,IDC135,IDC136,IDC137,IDC138,IDC139,IDC140,IDC141,IDC142,IDC143,IDC144,IDC145,IDC146,IDC147,IDC148,IDC149,IDC150,IDC151,IDC152,IDC153,IDC154,IDC155,IDC156,IDC157,IDC158,IDC159,IDC160,IDC161,IDC162,IDC163,IDC164,IDC165,IDC166,IDC167,IDC168,IDC169,IDC170,IDC171,IDC172,IDC173,IDC174,IDC175,IDC176,IDC177,IDC178,IDC179,IDC180,IDC181,IDC182,IDC183,IDC184,IDC185,IDC186,IDC187,IDC188,IDC189,IDC190,IDC191,IDC192,IDC193,IDC194,IDC195
GIS Join Match Code,Data File Year,State/US-Abbreviation (USPS),Region Code,Division Code,State Name,State Code,County Name,County Code,County Subdivision Code,FIPS County Subdivision Class Code,Place Code,FIPS Place Class Code,Census Tract Code,Consolidated City Code,American Indian Area/Alaska Native Area/Hawaiian Home Land Code,American Indian Area/Alaska Native Area (Reservation or Statistical Entity Only) Code,American Indian Area (Off-Reservation Trust Land Only)/Hawaiian Home Land Code,FIPS American Indian Area/Alaska Native Area/Hawaiian Home Land Class Code,Tribal Subdivision/Remainder Code,American Indian Tribal Subdivision (FIPS),Tribal Census Tract Code,Alaska Native Regional Corporation Code,Metropolitan Statistical Area/Micropolitan Statistical Area Code,Metropolitan Division Code,Combined Statistical Area Code,New England City and Town Area Code,New England City and Town Area Division Code,Combined New England City and Town Area Code,Metropolitan Statistical Area/Micropolitan Statistical Area Principal City Indicator,New England City and Town Area Principal City Indicator,Urban Area Code,Urban Area Type,Urban/Rural Code,Congressional District (111th Congress) Code,State Legislative District (Upper Chamber) Code,State Legislative District (Lower Chamber) Code,5-Digit ZIP Code Tabulation Area Code,Subminor Civil Division Code,School District (Elementary)/Remainder Code,School District (Secondary)/Remainder Code,School District (Unified)/Remainder Code,Area (Land),Area (Water),Area Name-Legal/Statistical Area Description (LSAD) Term-Part Indicator,Functional Status Code,Internal Point (Latitude),Internal Point (Longitude),Legal/Statistical Area Description Code,Metropolitan Micropolitan Indicator,NECTA Metropolitan Micropolitan Indicator,Total,Male,Male: Under 1 year,Male: 1 year,Male: 2 years,Male: 3 years,Male: 4 years,Male: 5 years,Male: 6 years,Male: 7 years,Male: 8 years,Male: 9 years,Male: 10 years,Male: 11 years,Male: 12 years,Male: 13 years,Male: 14 years,Male: 15 years,Male: 16 years,Male: 17 years,Male: 18 years,Male: 19 years,Male: 20 years,Male: 21 years,Male: 22 years,Male: 23 years,Male: 24 years,Male: 25 years,Male: 26 years,Male: 27 years,Male: 28 years,Male: 29 years,Male: 30 years,Male: 31 years,Male: 32 years,Male: 33 years,Male: 34 years,Male: 35 years,Male: 36 years,Male: 37 years,Male: 38 years,Male: 39 years,Male: 40 years,Male: 41 years,Male: 42 years,Male: 43 years,Male: 44 years,Male: 45 years,Male: 46 years,Male: 47 years,Male: 48 years,Male: 49 years,Male: 50 years,Male: 51 years,Male: 52 years,Male: 53 years,Male: 54 years,Male: 55 years,Male: 56 years,Male: 57 years,Male: 58 years,Male: 59 years,Male: 60 years,Male: 61 years,Male: 62 years,Male: 63 years,Male: 64 years,Male: 65 years,Male: 66 years,Male: 67 years,Male: 68 years,Male: 69 years,Male: 70 years,Male: 71 years,Male: 72 years,Male: 73 years,Male: 74 years,Male: 75 years,Male: 76 years,Male: 77 years,Male: 78 years,Male: 79 years,Male: 80 years,Male: 81 years,Male: 82 years,Male: 83 years,Male: 84 years,Male: 85 years,Male: 86 years,Male: 87 years,Male: 88 years,Male: 89 years,Male: 90 years,Male: 91 years,Male: 92 years,Male: 93 years,Male: 94 years,Male: 95 years,Male: 96 years,Male: 97 years,Male: 98 years,Male: 99 years,Male: 100 to 104 years,Male: 105 to 109 years,Male: 110 years and over,Female,Female: Under 1 year,Female: 1 year,Female: 2 years,Female: 3 years,Female: 4 years,Female: 5 years,Female: 6 years,Female: 7 years,Female: 8 years,Female: 9 years,Female: 10 years,Female: 11 years,Female: 12 years,Female: 13 years,Female: 14 years,Female: 15 years,Female: 16 years,Female: 17 years,Female: 18 years,Female: 19 years,Female: 20 years,Female: 21 years,Female: 22 years,Female: 23 years,Female: 24 years,Female: 25 years,Female: 26 years,Female: 27 years,Female: 28 years,Female: 29 years,Female: 30 years,Female: 31 years,Female: 32 years,Female: 33 years,Female: 34 years,Female: 35 years,Female: 36 years,Female: 37 years,Female: 38 years,Female: 39 years,Female: 40 years,Female: 41 years,Female: 42 years,Female: 43 years,Female: 44 years,Female: 45 years,Female: 46 years,Female: 47 years,Female: 48 years,Female: 49 years,Female: 50 years,Female: 51 years,Female: 52 years,Female: 53 years,Female: 54 years,Female: 55 years,Female: 56 years,Female: 57 years,Female: 58 years,Female: 59 years,Female: 60 years,Female: 61 years,Female: 62 years,Female: 63 years,Female: 64 years,Female: 65 years,Female: 66 years,Female: 67 years,Female: 68 years,Female: 69 years,Female: 70 years,Female: 71 years,Female: 72 years,Female: 73 years,Female: 74 years,Female: 75 years,Female: 76 years,Female: 77 years,Female: 78 years,Female: 79 years,Female: 80 years,Female: 81 years,Female: 82 years,Female: 83 years,Female: 84 years,Female: 85 years,Female: 86 years,Female: 87 years,Female: 88 years,Female: 89 years,Female: 90 years,Female: 91 years,Female: 92 years,Female: 93 years,Female: 94 years,Female: 95 years,Female: 96 years,Female: 97 years,Female: 98 years,Female: 99 years,Female: 100 to 104 years,Female: 105 to 109 years,Female: 110 years and over,Total,Male,Male: Under 5 years,Male: 5 to 9 years,Male: 10 to 14 years,Male: 15 to 17 years,Male: 18 and 19 years,Male: 20 years,Male: 21 years,Male: 22 to 24 years,Male: 25 to 29 years,Male: 30 to 34 years,Male: 35 to 39 years,Male: 40 to 44 years,Male: 45 to 49 years,Male: 50 to 54 years,Male: 55 to 59 years,Male: 60 and 61 years,Male: 62 to 64 years,Male: 65 and 66 years,Male: 67 to 69 years,Male: 70 to 74 years,Male: 75 to 79 years,Male: 80 to 84 years,Male: 85 years and over,Female,Female: Under 5 years,Female: 5 to 9 years,Female: 10 to 14 years,Female: 15 to 17 years,Female: 18 and 19 years,Female: 20 years,Female: 21 years,Female: 22 to 24 years,Female: 25 to 29 years,Female: 30 to 34 years,Female: 35 to 39 years,Female: 40 to 44 years,Female: 45 to 49 years,Female: 50 to 54 years,Female: 55 to 59 years,Female: 60 and 61 years,Female: 62 to 64 years,Female: 65 and 66 years,Female: 67 to 69 years,Female: 70 to 74 years,Female: 75 to 79 years,Female: 80 to 84 years,Female: 85 years and over,Total,Male,Male: Under 18 years,"Male: Under 18 years: Institutionalized population (101-106, 201-203, 301, 401-405)","Male: Under 18 years: Institutionalized population (101-106, 201-203, 301, 401-405): Correctional facilities for adults (101-106)","Male: Under 18 years: Institutionalized population (101-106, 201-203, 301, 401-405): Correctional facilities for adults (101-106): Federal detention centers (101)","Male: Under 18 years: Institutionalized population (101-106, 201-203, 301, 401-405): Correctional facilities for adults (101-106): Federal prisons (102)","Male: Under 18 years: Institutionalized population (101-106, 201-203, 301, 401-405): Correctional facilities for adults (101-106): State prisons (103)","Male: Under 18 years: Institutionalized population (101-106, 201-203, 301, 401-405): Correctional facilities for adults (101-106): Local jails and other municipal confinement facilities (104)","Male: Under 18 years: Institutionalized population (101-106, 201-203, 301, 401-405): Correctional facilities for adults (101-106): Correctional residential facilities (105)","Male: Under 18 years: Institutionalized population (101-106, 201-203, 301, 401-405): Correctional facilities for adults (101-106): Military disciplinary barracks and jails (106)","Male: Under 18 years: Institutionalized population (101-106, 201-203, 301, 401-405): Juvenile facilities (201-203)","Male: Under 18 years: Institutionalized population (101-106, 201-203, 301, 401-405): Juvenile facilities (201-203): Group homes for juveniles (non-correctional) (201)","Male: Under 18 years: Institutionalized population (101-106, 201-203, 301, 401-405): Juvenile facilities (201-203): Residential treatment centers for juveniles (non-correctional) (202)","Male: Under 18 years: Institutionalized population (101-106, 201-203, 301, 401-405): Juvenile facilities (201-203): Correctional facilities intended for juveniles (203)","Male: Under 18 years: Institutionalized population (101-106, 201-203, 301, 401-405): Nursing facilities/Skilled-nursing facilities (301)","Male: Under 18 years: Institutionalized population (101-106, 201-203, 301, 401-405): Other institutional facilities (401-405)","Male: Under 18 years: Institutionalized population (101-106, 201-203, 301, 401-405): Other institutional facilities (401-405): Mental (Psychiatric) hospitals and psychiatric units in other hospitals (401)","Male: Under 18 years: Institutionalized population (101-106, 201-203, 301, 401-405): Other institutional facilities (401-405): Hospitals with patients who have no usual home elsewhere (402)","Male: Under 18 years: Institutionalized population (101-106, 201-203, 301, 401-405): Other institutional facilities (401-405): In-patient hospice facilities (403)","Male: Under 18 years: Institutionalized population (101-106, 201-203, 301, 401-405): Other institutional facilities (401-405): Military treatment facilities with assigned patients (404)","Male: Under 18 years: Institutionalized population (101-106, 201-203, 301, 401-405): Other institutional facilities (401-405): Residential schools for people with disabilities (405)","Male: Under 18 years: Noninstitutionalized population (501, 601-602, 701-702, 704, 706, 801-802, 900-901, 903-904)","Male: Under 18 years: Noninstitutionalized population (501, 601-602, 701-702, 704, 706, 801-802, 900-901, 903-904): College/University student housing (501)","Male: Under 18 years: Noninstitutionalized population (501, 601-602, 701-702, 704, 706, 801-802, 900-901, 903-904): Military quarters (601-602)","Male: Under 18 years: Noninstitutionalized population (501, 601-602, 701-702, 704, 706, 801-802, 900-901, 903-904): Military quarters (601-602): Military barracks and dormitories (non-disciplinary) (601)","Male: Under 18 years: Noninstitutionalized population (501, 601-602, 701-702, 704, 706, 801-802, 900-901, 903-904): Military quarters (601-602): Military ships (602)","Male: Under 18 years: Noninstitutionalized population (501, 601-602, 701-702, 704, 706, 801-802, 900-901, 903-904): Other noninstitutional facilities (701-702, 704, 706, 801-802, 900-901, 903-904)","Male: Under 18 years: Noninstitutionalized population (501, 601-602, 701-702, 704, 706, 801-802, 900-901, 903-904): Other noninstitutional facilities (701-702, 704, 706, 801-802, 900-901, 903-904): Emergency and transitional shelters (with sleeping facilities) for people experiencing homelessness (701)","Male: Under 18 years: Noninstitutionalized population (501, 601-602, 701-702, 704, 706, 801-802, 900-901, 903-904): Other noninstitutional facilities (701-702, 704, 706, 801-802, 900-901, 903-904): Group homes intended for adults (801)","Male: Under 18 years: Noninstitutionalized population (501, 601-602, 701-702, 704, 706, 801-802, 900-901, 903-904): Other noninstitutional facilities (701-702, 704, 706, 801-802, 900-901, 903-904): Residential treatment centers for adults (802)","Male: Under 18 years: Noninstitutionalized population (501, 601-602, 701-702, 704, 706, 801-802, 900-901, 903-904): Other noninstitutional facilities (701-702, 704, 706, 801-802, 900-901, 903-904): Maritime/merchant vessels (900)","Male: Under 18 years: Noninstitutionalized population (501, 601-602, 701-702, 704, 706, 801-802, 900-901, 903-904): Other noninstitutional facilities (701-702, 704, 706, 801-802, 900-901, 903-904): Workers' group living quarters and Job Corps centers (901)","Male: Under 18 years: Noninstitutionalized population (501, 601-602, 701-702, 704, 706, 801-802, 900-901, 903-904): Other noninstitutional facilities (701-702, 704, 706, 801-802, 900-901, 903-904): Other noninstitutional facilities (702, 704, 706, 903-904)",Male: 18 to 64 years,"Male: 18 to 64 years: Institutionalized population (101-106, 201-203, 301, 401-405)","Male: 18 to 64 years: Institutionalized population (101-106, 201-203, 301, 401-405): Correctional facilities for adults (101-106)","Male: 18 to 64 years: Institutionalized population (101-106, 201-203, 301, 401-405): Correctional facilities for adults (101-106): Federal detention centers (101)","Male: 18 to 64 years: Institutionalized population (101-106, 201-203, 301, 401-405): Correctional facilities for adults (101-106): Federal prisons (102)","Male: 18 to 64 years: Institutionalized population (101-106, 201-203, 301, 401-405): Correctional facilities for adults (101-106): State prisons (103)","Male: 18 to 64 years: Institutionalized population (101-106, 201-203, 301, 401-405): Correctional facilities for adults (101-106): Local jails and other municipal confinement facilities (104)","Male: 18 to 64 years: Institutionalized population (101-106, 201-203, 301, 401-405): Correctional facilities for adults (101-106): Correctional residential facilities (105)","Male: 18 to 64 years: Institutionalized population (101-106, 201-203, 301, 401-405): Correctional facilities for adults (101-106): Military disciplinary barracks and jails (106)","Male: 18 to 64 years: Institutionalized population (101-106, 201-203, 301, 401-405): Juvenile facilities (201-203)","Male: 18 to 64 years: Institutionalized population (101-106, 201-203, 301, 401-405): Juvenile facilities (201-203): Group homes for juveniles (non-correctional) (201)","Male: 18 to 64 years: Institutionalized population (101-106, 201-203, 301, 401-405): Juvenile facilities (201-203): Residential treatment centers for juveniles (non-correctional) (202)","Male: 18 to 64 years: Institutionalized population (101-106, 201-203, 301, 401-405): Juvenile facilities (201-203): Correctional facilities intended for juveniles (203)","Male: 18 to 64 years: Institutionalized population (101-106, 201-203, 301, 401-405): Nursing facilities/Skilled-nursing facilities (301)","Male: 18 to 64 years: Institutionalized population (101-106, 201-203, 301, 401-405): Other institutional facilities (401-405)","Male: 18 to 64 years: Institutionalized population (101-106, 201-203, 301, 401-405): Other institutional facilities (401-405): Mental (Psychiatric) hospitals and psychiatric units in other hospitals (401)","Male: 18 to 64 years: Institutionalized population (101-106, 201-203, 301, 401-405): Other institutional facilities (401-405): Hospitals with patients who have no usual home elsewhere (402)","Male: 18 to 64 years: Institutionalized population (101-106, 201-203, 301, 401-405): Other institutional facilities (401-405): In-patient hospice facilities (403)","Male: 18 to 64 years: Institutionalized population (101-106, 201-203, 301, 401-405): Other institutional facilities (401-405): Military treatment facilities with assigned patients (404)","Male: 18 to 64 years: Institutionalized population (101-106, 201-203, 301, 401-405): Other institutional facilities (401-405): Residential schools for people with disabilities (405)","Male: 18 to 64 years: Noninstitutionalized population (501, 601-602, 701-702, 704, 706, 801-802, 900-901, 903-904)","Male: 18 to 64 years: Noninstitutionalized population (501, 601-602, 701-702, 704, 706, 801-802, 900-901, 903-904): College/University student housing (501)","Male: 18 to 64 years: Noninstitutionalized population (501, 601-602, 701-702, 704, 706, 801-802, 900-901, 903-904): Military quarters (601-602)","Male: 18 to 64 years: Noninstitutionalized population (501, 601-602, 701-702, 704, 706, 801-802, 900-901, 903-904): Military quarters (601-602): Military barracks and dormitories (non-disciplinary) (601)","Male: 18 to 64 years: Noninstitutionalized population (501, 601-602, 701-702, 704, 706, 801-802, 900-901, 903-904): Military quarters (601-602): Military ships (602)","Male: 18 to 64 years: Noninstitutionalized population (501, 601-602, 701-702, 704, 706, 801-802, 900-901, 903-904): Other noninstitutional facilities (701-702, 704, 706, 801-802, 900-901, 903-904)","Male: 18 to 64 years: Noninstitutionalized population (501, 601-602, 701-702, 704, 706, 801-802, 900-901, 903-904): Other noninstitutional facilities (701-702, 704, 706, 801-802, 900-901, 903-904): Emergency and transitional shelters (with sleeping facilities) for people experiencing homelessness (701)","Male: 18 to 64 years: Noninstitutionalized population (501, 601-602, 701-702, 704, 706, 801-802, 900-901, 903-904): Other noninstitutional facilities (701-702, 704, 706, 801-802, 900-901, 903-904): Group homes intended for adults (801)","Male: 18 to 64 years: Noninstitutionalized population (501, 601-602, 701-702, 704, 706, 801-802, 900-901, 903-904): Other noninstitutional facilities (701-702, 704, 706, 801-802, 900-901, 903-904): Residential treatment centers for adults (802)","Male: 18 to 64 years: Noninstitutionalized population (501, 601-602, 701-702, 704, 706, 801-802, 900-901, 903-904): Other noninstitutional facilities (701-702, 704, 706, 801-802, 900-901, 903-904): Maritime/merchant vessels (900)","Male: 18 to 64 years: Noninstitutionalized population (501, 601-602, 701-702, 704, 706, 801-802, 900-901, 903-904): Other noninstitutional facilities (701-702, 704, 706, 801-802, 900-901, 903-904): Workers' group living quarters and Job Corps centers (901)","Male: 18 to 64 years: Noninstitutionalized population (501, 601-602, 701-702, 704, 706, 801-802, 900-901, 903-904): Other noninstitutional facilities (701-702, 704, 706, 801-802, 900-901, 903-904): Other noninstitutional facilities (702, 704, 706, 903-904)",Male: 65 years and over,"Male: 65 years and over: Institutionalized population (101-106, 201-203, 301, 401-405)","Male: 65 years and over: Institutionalized population (101-106, 201-203, 301, 401-405): Correctional facilities for adults (101-106)","Male: 65 years and over: Institutionalized population (101-106, 201-203, 301, 401-405): Correctional facilities for adults (101-106): Federal detention centers (101)","Male: 65 years and over: Institutionalized population (101-106, 201-203, 301, 401-405): Correctional facilities for adults (101-106): Federal prisons (102)","Male: 65 years and over: Institutionalized population (101-106, 201-203, 301, 401-405): Correctional facilities for adults (101-106): State prisons (103)","Male: 65 years and over: Institutionalized population (101-106, 201-203, 301, 401-405): Correctional facilities for adults (101-106): Local jails and other municipal confinement facilities (104)","Male: 65 years and over: Institutionalized population (101-106, 201-203, 301, 401-405): Correctional facilities for adults (101-106): Correctional residential facilities (105)","Male: 65 years and over: Institutionalized population (101-106, 201-203, 301, 401-405): Correctional facilities for adults (101-106): Military disciplinary barracks and jails (106)","Male: 65 years and over: Institutionalized population (101-106, 201-203, 301, 401-405): Juvenile facilities (201-203)","Male: 65 years and over: Institutionalized population (101-106, 201-203, 301, 401-405): Juvenile facilities (201-203): Group homes for juveniles (non-correctional) (201)","Male: 65 years and over: Institutionalized population (101-106, 201-203, 301, 401-405): Juvenile facilities (201-203): Residential treatment centers for juveniles (non-correctional) (202)","Male: 65 years and over: Institutionalized population (101-106, 201-203, 301, 401-405): Juvenile facilities (201-203): Correctional facilities intended for juveniles (203)","Male: 65 years and over: Institutionalized population (101-106, 201-203, 301, 401-405): Nursing facilities/Skilled-nursing facilities (301)","Male: 65 years and over: Institutionalized population (101-106, 201-203, 301, 401-405): Other institutional facilities (401-405)","Male: 65 years and over: Institutionalized population (101-106, 201-203, 301, 401-405): Other institutional facilities (401-405): Mental (Psychiatric) hospitals and psychiatric units in other hospitals (401)","Male: 65 years and over: Institutionalized population (101-106, 201-203, 301, 401-405): Other institutional facilities (401-405): Hospitals with patients who have no usual home elsewhere (402)","Male: 65 years and over: Institutionalized population (101-106, 201-203, 301, 401-405): Other institutional facilities (401-405): In-patient hospice facilities (403)","Male: 65 years and over: Institutionalized population (101-106, 201-203, 301, 401-405): Other institutional facilities (401-405): Military treatment facilities with assigned patients (404)","Male: 65 years and over: Institutionalized population (101-106, 201-203, 301, 401-405): Other institutional facilities (401-405): Residential schools for people with disabilities (405)","Male: 65 years and over: Noninstitutionalized population (501, 601-602, 701-702, 704, 706, 801-802, 900-901, 903-904)","Male: 65 years and over: Noninstitutionalized population (501, 601-602, 701-702, 704, 706, 801-802, 900-901, 903-904): College/University student housing (501)","Male: 65 years and over: Noninstitutionalized population (501, 601-602, 701-702, 704, 706, 801-802, 900-901, 903-904): Military quarters (601-602)","Male: 65 years and over: Noninstitutionalized population (501, 601-602, 701-702, 704, 706, 801-802, 900-901, 903-904): Military quarters (601-602): Military barracks and dormitories (non-disciplinary) (601)","Male: 65 years and over: Noninstitutionalized population (501, 601-602, 701-702, 704, 706, 801-802, 900-901, 903-904): Military quarters (601-602): Military ships (602)","Male: 65 years and over: Noninstitutionalized population (501, 601-602, 701-702, 704, 706, 801-802, 900-901, 903-904): Other noninstitutional facilities (701-702, 704, 706, 801-802, 900-901, 903-904)","Male: 65 years and over: Noninstitutionalized population (501, 601-602, 701-702, 704, 706, 801-802, 900-901, 903-904): Other noninstitutional facilities (701-702, 704, 706, 801-802, 900-901, 903-904): Emergency and transitional shelters (with sleeping facilities) for people experiencing homelessness (701)","Male: 65 years and over: Noninstitutionalized population (501, 601-602, 701-702, 704, 706, 801-802, 900-901, 903-904): Other noninstitutional facilities (701-702, 704, 706, 801-802, 900-901, 903-904): Group homes intended for adults (801)","Male: 65 years and over: Noninstitutionalized population (501, 601-602, 701-702, 704, 706, 801-802, 900-901, 903-904): Other noninstitutional facilities (701-702, 704, 706, 801-802, 900-901, 903-904): Residential treatment centers for adults (802)","Male: 65 years and over: Noninstitutionalized population (501, 601-602, 701-702, 704, 706, 801-802, 900-901, 903-904): Other noninstitutional facilities (701-702, 704, 706, 801-802, 900-901, 903-904): Maritime/merchant vessels (900)","Male: 65 years and over: Noninstitutionalized population (501, 601-602, 701-702, 704, 706, 801-802, 900-901, 903-904): Other noninstitutional facilities (701-702, 704, 706, 801-802, 900-901, 903-904): Workers' group living quarters and Job Corps centers (901)","Male: 65 years and over: Noninstitutionalized population (501, 601-602, 701-702, 704, 706, 801-802, 900-901, 903-904): Other noninstitutional facilities (701-702, 704, 706, 801-802, 900-901, 903-904): Other noninstitutional facilities (702, 704, 706, 903-904)",Female,Female: Under 18 years,"Female: Under 18 years: Institutionalized population (101-106, 201-203, 301, 401-405)","Female: Under 18 years: Institutionalized population (101-106, 201-203, 301, 401-405): Correctional facilities for adults (101-106)","Female: Under 18 years: Institutionalized population (101-106, 201-203, 301, 401-405): Correctional facilities for adults (101-106): Federal detention centers (101)","Female: Under 18 years: Institutionalized population (101-106, 201-203, 301, 401-405): Correctional facilities for adults (101-106): Federal prisons (102)","Female: Under 18 years: Institutionalized population (101-106, 201-203, 301, 401-405): Correctional facilities for adults (101-106): State prisons (103)","Female: Under 18 years: Institutionalized population (101-106, 201-203, 301, 401-405): Correctional facilities for adults (101-106): Local jails and other municipal confinement facilities (104)","Female: Under 18 years: Institutionalized population (101-106, 201-203, 301, 401-405): Correctional facilities for adults (101-106): Correctional residential facilities (105)","Female: Under 18 years: Institutionalized population (101-106, 201-203, 301, 401-405): Correctional facilities for adults (101-106): Military disciplinary barracks and jails (106)","Female: Under 18 years: Institutionalized population (101-106, 201-203, 301, 401-405): Juvenile facilities (201-203)","Female: Under 18 years: Institutionalized population (101-106, 201-203, 301, 401-405): Juvenile facilities (201-203): Group homes for juveniles (non-correctional) (201)","Female: Under 18 years: Institutionalized population (101-106, 201-203, 301, 401-405): Juvenile facilities (201-203): Residential treatment centers for juveniles (non-correctional) (202)","Female: Under 18 years: Institutionalized population (101-106, 201-203, 301, 401-405): Juvenile facilities (201-203): Correctional facilities intended for juveniles (203)","Female: Under 18 years: Institutionalized population (101-106, 201-203, 301, 401-405): Nursing facilities/Skilled-nursing facilities (301)","Female: Under 18 years: Institutionalized population (101-106, 201-203, 301, 401-405): Other institutional facilities (401-405)","Female: Under 18 years: Institutionalized population (101-106, 201-203, 301, 401-405): Other institutional facilities (401-405): Mental (Psychiatric) hospitals and psychiatric units in other hospitals (401)","Female: Under 18 years: Institutionalized population (101-106, 201-203, 301, 401-405): Other institutional facilities (401-405): Hospitals with patients who have no usual home elsewhere (402)","Female: Under 18 years: Institutionalized population (101-106, 201-203, 301, 401-405): Other institutional facilities (401-405): In-patient hospice facilities (403)","Female: Under 18 years: Institutionalized population (101-106, 201-203, 301, 401-405): Other institutional facilities (401-405): Military treatment facilities with assigned patients (404)","Female: Under 18 years: Institutionalized population (101-106, 201-203, 301, 401-405): Other institutional facilities (401-405): Residential schools for people with disabilities (405)","Female: Under 18 years: Noninstitutionalized population (501, 601-602, 701-702, 704, 706, 801-802, 900-901, 903-904)","Female: Under 18 years: Noninstitutionalized population (501, 601-602, 701-702, 704, 706, 801-802, 900-901, 903-904): College/University student housing (501)","Female: Under 18 years: Noninstitutionalized population (501, 601-602, 701-702, 704, 706, 801-802, 900-901, 903-904): Military quarters (601-602)","Female: Under 18 years: Noninstitutionalized population (501, 601-602, 701-702, 704, 706, 801-802, 900-901, 903-904): Military quarters (601-602): Military barracks and dormitories (non-disciplinary) (601)","Female: Under 18 years: Noninstitutionalized population (501, 601-602, 701-702, 704, 706, 801-802, 900-901, 903-904): Military quarters (601-602): Military ships (602)","Female: Under 18 years: Noninstitutionalized population (501, 601-602, 701-702, 704, 706, 801-802, 900-901, 903-904): Other noninstitutional facilities (701-702, 704, 706, 801-802, 900-901, 903-904)","Female: Under 18 years: Noninstitutionalized population (501, 601-602, 701-702, 704, 706, 801-802, 900-901, 903-904): Other noninstitutional facilities (701-702, 704, 706, 801-802, 900-901, 903-904): Emergency and transitional shelters (with sleeping facilities) for people experiencing homelessness (701)","Female: Under 18 years: Noninstitutionalized population (501, 601-602, 701-702, 704, 706, 801-802, 900-901, 903-904): Other noninstitutional facilities (701-702, 704, 706, 801-802, 900-901, 903-904): Group homes intended for adults (801)","Female: Under 18 years: Noninstitutionalized population (501, 601-602, 701-702, 704, 706, 801-802, 900-901, 903-904): Other noninstitutional facilities (701-702, 704, 706, 801-802, 900-901, 903-904): Residential treatment centers for adults (802)","Female: Under 18 years: Noninstitutionalized population (501, 601-602, 701-702, 704, 706, 801-802, 900-901, 903-904): Other noninstitutional facilities (701-702, 704, 706, 801-802, 900-901, 903-904): Maritime/merchant vessels (900)","Female: Under 18 years: Noninstitutionalized population (501, 601-602, 701-702, 704, 706, 801-802, 900-901, 903-904): Other noninstitutional facilities (701-702, 704, 706, 801-802, 900-901, 903-904): Workers' group living quarters and Job Corps centers (901)","Female: Under 18 years: Noninstitutionalized population (501, 601-602, 701-702, 704, 706, 801-802, 900-901, 903-904): Other noninstitutional facilities (701-702, 704, 706, 801-802, 900-901, 903-904): Other noninstitutional facilities (702, 704, 706, 903-904)",Female: 18 to 64 years,"Female: 18 to 64 years: Institutionalized population (101-106, 201-203, 301, 401-405)","Female: 18 to 64 years: Institutionalized population (101-106, 201-203, 301, 401-405): Correctional facilities for adults (101-106)","Female: 18 to 64 years: Institutionalized population (101-106, 201-203, 301, 401-405): Correctional facilities for adults (101-106): Federal detention centers (101)","Female: 18 to 64 years: Institutionalized population (101-106, 201-203, 301, 401-405): Correctional facilities for adults (101-106): Federal prisons (102)","Female: 18 to 64 years: Institutionalized population (101-106, 201-203, 301, 401-405): Correctional facilities for adults (101-106): State prisons (103)","Female: 18 to 64 years: Institutionalized population (101-106, 201-203, 301, 401-405): Correctional facilities for adults (101-106): Local jails and other municipal confinement facilities (104)","Female: 18 to 64 years: Institutionalized population (101-106, 201-203, 301, 401-405): Correctional facilities for adults (101-106): Correctional residential facilities (105)","Female: 18 to 64 years: Institutionalized population (101-106, 201-203, 301, 401-405): Correctional facilities for adults (101-106): Military disciplinary barracks and jails (106)","Female: 18 to 64 years: Institutionalized population (101-106, 201-203, 301, 401-405): Juvenile facilities (201-203)","Female: 18 to 64 years: Institutionalized population (101-106, 201-203, 301, 401-405): Juvenile facilities (201-203): Group homes for juveniles (non-correctional) (201)","Female: 18 to 64 years: Institutionalized population (101-106, 201-203, 301, 401-405): Juvenile facilities (201-203): Residential treatment centers for juveniles (non-correctional) (202)","Female: 18 to 64 years: Institutionalized population (101-106, 201-203, 301, 401-405): Juvenile facilities (201-203): Correctional facilities intended for juveniles (203)","Female: 18 to 64 years: Institutionalized population (101-106, 201-203, 301, 401-405): Nursing facilities/Skilled-nursing facilities (301)","Female: 18 to 64 years: Institutionalized population (101-106, 201-203, 301, 401-405): Other institutional facilities (401-405)","Female: 18 to 64 years: Institutionalized population (101-106, 201-203, 301, 401-405): Other institutional facilities (401-405): Mental (Psychiatric) hospitals and psychiatric units in other hospitals (401)","Female: 18 to 64 years: Institutionalized population (101-106, 201-203, 301, 401-405): Other institutional facilities (401-405): Hospitals with patients who have no usual home elsewhere (402)","Female: 18 to 64 years: Institutionalized population (101-106, 201-203, 301, 401-405): Other institutional facilities (401-405): In-patient hospice facilities (403)","Female: 18 to 64 years: Institutionalized population (101-106, 201-203, 301, 401-405): Other institutional facilities (401-405): Military treatment facilities with assigned patients (404)","Female: 18 to 64 years: Institutionalized population (101-106, 201-203, 301, 401-405): Other institutional facilities (401-405): Residential schools for people with disabilities (405)","Female: 18 to 64 years: Noninstitutionalized population (501, 601-602, 701-702, 704, 706, 801-802, 900-901, 903-904)","Female: 18 to 64 years: Noninstitutionalized population (501, 601-602, 701-702, 704, 706, 801-802, 900-901, 903-904): College/University student housing (501)","Female: 18 to 64 years: Noninstitutionalized population (501, 601-602, 701-702, 704, 706, 801-802, 900-901, 903-904): Military quarters (601-602)","Female: 18 to 64 years: Noninstitutionalized population (501, 601-602, 701-702, 704, 706, 801-802, 900-901, 903-904): Military quarters (601-602): Military barracks and dormitories (non-disciplinary) (601)","Female: 18 to 64 years: Noninstitutionalized population (501, 601-602, 701-702, 704, 706, 801-802, 900-901, 903-904): Military quarters (601-602): Military ships (602)","Female: 18 to 64 years: Noninstitutionalized population (501, 601-602, 701-702, 704, 706, 801-802, 900-901, 903-904): Other noninstitutional facilities (701-702, 704, 706, 801-802, 900-901, 903-904)","Female: 18 to 64 years: Noninstitutionalized population (501, 601-602, 701-702, 704, 706, 801-802, 900-901, 903-904): Other noninstitutional facilities (701-702, 704, 706, 801-802, 900-901, 903-904): Emergency and transitional shelters (with sleeping facilities) for people experiencing homelessness (701)","Female: 18 to 64 years: Noninstitutionalized population (501, 601-602, 701-702, 704, 706, 801-802, 900-901, 903-904): Other noninstitutional facilities (701-702, 704, 706, 801-802, 900-901, 903-904): Group homes intended for adults (801)","Female: 18 to 64 years: Noninstitutionalized population (501, 601-602, 701-702, 704, 706, 801-802, 900-901, 903-904): Other noninstitutional facilities (701-702, 704, 706, 801-802, 900-901, 903-904): Residential treatment centers for adults (802)","Female: 18 to 64 years: Noninstitutionalized population (501, 601-602, 701-702, 704, 706, 801-802, 900-901, 903-904): Other noninstitutional facilities (701-702, 704, 706, 801-802, 900-901, 903-904): Maritime/merchant vessels (900)","Female: 18 to 64 years: Noninstitutionalized population (501, 601-602, 701-702, 704, 706, 801-802, 900-901, 903-904): Other noninstitutional facilities (701-702, 704, 706, 801-802, 900-901, 903-904): Workers' group living quarters and Job Corps centers (901)","Female: 18 to 64 years: Noninstitutionalized population (501, 601-602, 701-702, 704, 706, 801-802, 900-901, 903-904): Other noninstitutional facilities (701-702, 704, 706, 801-802, 900-901, 903-904): Other noninstitutional facilities (702, 704, 706, 903-904)",Female: 65 years and over,"Female: 65 years and over: Institutionalized population (101-106, 201-203, 301, 401-405)","Female: 65 years and over: Institutionalized population (101-106, 201-203, 301, 401-405): Correctional facilities for adults (101-106)","Female: 65 years and over: Institutionalized population (101-106, 201-203, 301, 401-405): Correctional facilities for adults (101-106): Federal detention centers (101)","Female: 65 years and over: Institutionalized population (101-106, 201-203, 301, 401-405): Correctional facilities for adults (101-106): Federal prisons (102)","Female: 65 years and over: Institutionalized population (101-106, 201-203, 301, 401-405): Correctional facilities for adults (101-106): State prisons (103)","Female: 65 years and over: Institutionalized population (101-106, 201-203, 301, 401-405): Correctional facilities for adults (101-106): Local jails and other municipal confinement facilities (104)","Female: 65 years and over: Institutionalized population (101-106, 201-203, 301, 401-405): Correctional facilities for adults (101-106): Correctional residential facilities (105)","Female: 65 years and over: Institutionalized population (101-106, 201-203, 301, 401-405): Correctional facilities for adults (101-106): Military disciplinary barracks and jails (106)","Female: 65 years and over: Institutionalized population (101-106, 201-203, 301, 401-405): Juvenile facilities (201-203)","Female: 65 years and over: Institutionalized population (101-106, 201-203, 301, 401-405): Juvenile facilities (201-203): Group homes for juveniles (non-correctional) (201)","Female: 65 years and over: Institutionalized population (101-106, 201-203, 301, 401-405): Juvenile facilities (201-203): Residential treatment centers for juveniles (non-correctional) (202)","Female: 65 years and over: Institutionalized population (101-106, 201-203, 301, 401-405): Juvenile facilities (201-203): Correctional facilities intended for juveniles (203)","Female: 65 years and over: Institutionalized population (101-106, 201-203, 301, 401-405): Nursing facilities/Skilled-nursing facilities (301)","Female: 65 years and over: Institutionalized population (101-106, 201-203, 301, 401-405): Other institutional facilities (401-405)","Female: 65 years and over: Institutionalized population (101-106, 201-203, 301, 401-405): Other institutional facilities (401-405): Mental (Psychiatric) hospitals and psychiatric units in other hospitals (401)","Female: 65 years and over: Institutionalized population (101-106, 201-203, 301, 401-405): Other institutional facilities (401-405): Hospitals with patients who have no usual home elsewhere (402)","Female: 65 years and over: Institutionalized population (101-106, 201-203, 301, 401-405): Other institutional facilities (401-405): In-patient hospice facilities (403)","Female: 65 years and over: Institutionalized population (101-106, 201-203, 301, 401-405): Other institutional facilities (401-405): Military treatment facilities with assigned patients (404)","Female: 65 years and over: Institutionalized population (101-106, 201-203, 301, 401-405): Other institutional facilities (401-405): Residential schools for people with disabilities (405)","Female: 65 years and over: Noninstitutionalized population (501, 601-602, 701-702, 704, 706, 801-802, 900-901, 903-904)","Female: 65 years and over: Noninstitutionalized population (501, 601-602, 701-702, 704, 706, 801-802, 900-901, 903-904): College/University student housing (501)","Female: 65 years and over: Noninstitutionalized population (501, 601-602, 701-702, 704, 706, 801-802, 900-901, 903-904): Military quarters (601-602)","Female: 65 years and over: Noninstitutionalized population (501, 601-602, 701-702, 704, 706, 801-802, 900-901, 903-904): Military quarters (601-602): Military barracks and dormitories (non-disciplinary) (601)","Female: 65 years and over: Noninstitutionalized population (501, 601-602, 701-702, 704, 706, 801-802, 900-901, 903-904): Military quarters (601-602): Military ships (602)","Female: 65 years and over: Noninstitutionalized population (501, 601-602, 701-702, 704, 706, 801-802, 900-901, 903-904): Other noninstitutional facilities (701-702, 704, 706, 801-802, 900-901, 903-904)","Female: 65 years and over: Noninstitutionalized population (501, 601-602, 701-702, 704, 706, 801-802, 900-901, 903-904): Other noninstitutional facilities (701-702, 704, 706, 801-802, 900-901, 903-904): Emergency and transitional shelters (with sleeping facilities) for people experiencing homelessness (701)","Female: 65 years and over: Noninstitutionalized population (501, 601-602, 701-702, 704, 706, 801-802, 900-901, 903-904): Other noninstitutional facilities (701-702, 704, 706, 801-802, 900-901, 903-904): Group homes intended for adults (801)","Female: 65 years and over: Noninstitutionalized population (501, 601-602, 701-702, 704, 706, 801-802, 900-901, 903-904): Other noninstitutional facilities (701-702, 704, 706, 801-802, 900-901, 903-904): Residential treatment centers for adults (802)","Female: 65 years and over: Noninstitutionalized population (501, 601-602, 701-702, 704, 706, 801-802, 900-901, 903-904): Other noninstitutional facilities (701-702, 704, 706, 801-802, 900-901, 903-904): Maritime/merchant vessels (900)","Female: 65 years and over: Noninstitutionalized population (501, 601-602, 701-702, 704, 706, 801-802, 900-901, 903-904): Other noninstitutional facilities (701-702, 704, 706, 801-802, 900-901, 903-904): Workers' group living quarters and Job Corps centers (901)","Female: 65 years and over: Noninstitutionalized population (501, 601-602, 701-702, 704, 706, 801-802, 900-901, 903-904): Other noninstitutional facilities (701-702, 704, 706, 801-802, 900-901, 903-904): Other noninstitutional facilities (702, 704, 706, 903-904)"
"G0100010","2010","AL","3","6","Alabama","01","Autauga County","001",,,,,,,,,,,,,,,"33860","99999","388",,,,,,,,,,,,,,,,,"1539582278","25775735","Autauga County","A","+32.5363818","-086.6444901","06","1",,54571,26569,329,388,403,377,369,371,377,389,430,434,409,435,442,460,425,485,453,479,447,349,350,279,308,299,303,318,298,304,332,291,347,285,320,328,314,377,372,394,420,441,409,385,400,395,385,440,427,401,446,460,405,411,379,305,366,324,300,307,309,284,241,253,296,278,211,200,218,214,192,190,184,161,188,134,140,121,121,127,91,86,76,67,42,57,53,30,29,25,15,14,7,9,9,4,6,0,8,1,1,0,1,0,0,28002,318,349,339,351,356,378,345,394,448,425,424,420,441,396,438,422,452,462,405,336,315,307,306,312,301,296,321,319,315,363,333,322,347,380,354,398,430,448,419,458,426,446,410,400,430,445,423,439,419,432,425,412,413,389,368,374,327,278,315,265,318,289,323,313,255,247,267,296,242,211,180,219,185,188,157,177,158,128,124,118,102,93,94,75,72,55,57,56,53,33,23,21,27,23,10,11,6,6,3,4,3,1,0,54116,26313,1866,2001,2171,1414,782,338,276,883,1506,1562,1986,1958,2148,1851,1516,490,784,416,596,803,539,283,144,27803,1713,1990,2119,1336,741,315,305,918,1599,1724,2147,2106,2150,2000,1550,602,888,511,748,920,690,401,330,455,256,3,1,1,0,0,0,0,1,0,0,0,0,0,0,0,0,0,0,0,0,2,0,0,0,0,2,0,0,1,0,0,1,213,153,144,0,0,0,0,144,0,0,0,0,0,9,0,0,0,0,0,0,60,0,0,0,0,60,0,11,16,0,0,33,40,40,0,0,0,0,0,0,0,0,0,0,0,40,0,0,0,0,0,0,0,0,0,0,0,0,0,0,0,0,0,0,199,0,0,0,0,0,0,0,0,0,0,0,0,0,0,0,0,0,0,0,0,0,0,0,0,0,0,0,0,0,0,0,0,74,46,36,0,0,0,0,36,0,0,0,0,0,10,0,0,0,0,0,0,28,0,0,0,0,28,0,16,9,0,0,3,125,122,0,0,0,0,0,0,0,0,0,0,0,122,0,0,0,0,0,0,3,0,0,0,0,3,0,0,0,0,0,3
"G0100030","2010","AL","3","6","Alabama","01","Baldwin County","003",,,,,,,,,,,,,,,"19300","99999","380",,,,,,,,,,,,,,,,,"4117521611","1133190229","Baldwin County","A","+30.6592183","-087.7460666","06","2",,182265,89196,1067,1125,1132,1106,1184,1136,1182,1114,1163,1237,1245,1167,1240,1220,1204,1183,1261,1260,1215,1011,1013,862,949,939,1030,1073,974,1012,1057,1067,1097,1022,1063,1076,1059,1081,1040,1124,1174,1306,1248,1208,1133,1115,1191,1308,1296,1307,1332,1379,1363,1229,1271,1281,1281,1344,1200,1139,1135,1125,1152,1149,1244,1282,901,1037,1017,1055,907,879,740,771,785,727,640,648,537,516,476,467,403,382,370,327,253,227,212,183,137,104,105,59,42,41,15,18,11,7,4,6,4,1,0,93069,1036,1068,1131,1144,1165,1109,1119,1146,1143,1250,1095,1195,1158,1199,1203,1184,1186,1141,1153,1006,945,884,936,952,939,1007,939,1046,965,1107,1138,1048,1098,1089,1019,1071,1105,1128,1184,1345,1314,1188,1132,1184,1282,1331,1391,1356,1335,1396,1460,1376,1438,1429,1362,1441,1368,1263,1251,1257,1238,1261,1343,1350,1092,1043,1170,1163,954,949,914,836,805,719,692,688,613,569,551,533,494,454,480,377,394,354,299,278,232,195,175,138,88,90,61,49,31,29,10,12,15,1,0,179958,87655,5612,5830,6064,3692,2123,935,831,2814,5010,5133,5575,5753,6489,6336,5895,2289,3408,2044,2827,3631,2593,1675,1096,92303,5541,5767,5843,3482,1982,900,871,2810,5043,5376,5825,6084,6798,7041,6562,2499,3777,2206,3059,3931,2900,2126,1880,2307,1541,28,14,4,0,0,0,4,0,0,10,6,0,4,0,0,0,0,0,0,0,14,0,0,0,0,14,2,0,0,0,12,0,1266,1025,983,0,0,0,481,502,0,0,0,0,0,42,0,0,0,0,0,0,241,153,0,0,0,88,0,28,28,0,30,2,247,243,6,0,0,0,4,2,0,0,0,0,0,237,0,0,0,0,0,0,4,0,0,0,0,4,1,3,0,0,0,0,766,39,35,0,0,0,0,0,0,0,35,2,0,33,0,0,0,0,0,0,0,4,1,0,0,0,3,2,0,0,0,1,0,374,90,57,0,0,0,56,1,0,3,0,0,3,30,0,0,0,0,0,0,284,222,0,0,0,62,6,17,17,0,19,3,353,337,0,0,0,0,0,0,0,0,0,0,0,337,0,0,0,0,0,0,16,0,0,0,0,16,0,10,4,0,0,2
"G0100050","2010","AL","3","6","Alabama","01","Barbour County","005",,,,,,,,,,,,,,,"21640","99999","999",,,,,,,,,,,,,,,,,"2291818968","50864716","Barbour County","A","+31.8706701","-085.4054562","06","2",,27457,14576,174,136,173,200,164,158,153,167,167,181,170,168,153,159,170,179,176,204,182,178,190,192,219,229,218,275,232,227,224,254,261,243,253,218,187,194,212,203,228,209,231,218,219,191,210,252,238,234,224,216,208,180,201,189,222,202,168,176,193,171,196,162,183,164,154,147,133,140,110,101,98,91,83,80,84,74,57,63,61,48,33,52,35,45,30,20,27,21,16,13,8,7,4,5,4,3,1,0,0,0,0,0,0,12881,145,195,162,186,167,175,132,148,189,172,153,159,160,138,169,150,198,165,163,136,158,148,143,150,147,177,157,140,163,161,149,124,132,113,128,136,142,152,173,170,135,143,140,158,164,169,208,207,187,173,200,187,148,182,193,191,171,188,178,179,214,178,185,188,175,135,141,152,110,121,115,90,111,87,109,88,83,63,72,76,73,78,72,71,54,50,41,23,55,45,28,12,12,10,18,4,2,5,3,3,2,1,0,24264,11524,847,826,820,558,340,163,142,405,659,612,632,682,820,801,791,321,464,268,340,424,296,189,124,12740,855,816,779,513,299,158,148,434,793,637,768,738,938,905,902,390,542,272,375,505,370,331,272,3193,3052,1,1,1,0,0,1,0,0,0,0,0,0,0,0,0,0,0,0,0,0,0,0,0,0,0,0,0,0,0,0,0,0,2998,2998,2981,4,0,2901,76,0,0,0,0,0,0,17,0,0,0,0,0,0,0,0,0,0,0,0,0,0,0,0,0,0,53,53,28,0,0,28,0,0,0,0,0,0,0,25,0,0,0,0,0,0,0,0,0,0,0,0,0,0,0,0,0,0,141,0,0,0,0,0,0,0,0,0,0,0,0,0,0,0,0,0,0,0,0,0,0,0,0,0,0,0,0,0,0,0,0,51,51,34,0,0,12,22,0,0,0,0,0,0,17,0,0,0,0,0,0,0,0,0,0,0,0,0,0,0,0,0,0,90,90,0,0,0,0,0,0,0,0,0,0,0,90,0,0,0,0,0,0,0,0,0,0,0,0,0,0,0,0,0,0
"G0100070","2010","AL","3","6","Alabama","01","Bibb County","007",,,,,,,,,,,,,,,"13820","99999","142",,,,,,,,,,,,,,,,,"1612480789","9289057","Bibb County","A","+33.0158929","-087.1271475","06","1",,22915,12301,134,117,147,162,152,147,173,136,152,151,169,140,160,166,136,159,180,174,135,158,122,167,180,173,169,190,201,210,174,212,192,224,190,204,203,193,202,191,223,194,190,165,179,159,199,224,211,227,188,186,173,187,187,152,148,145,178,130,141,140,149,145,149,126,115,112,76,100,90,78,101,76,65,52,53,61,52,38,32,49,48,32,27,15,16,15,16,8,5,10,3,4,6,3,0,0,1,1,0,1,0,0,0,10614,134,119,157,115,141,107,142,125,130,142,130,154,125,122,138,161,148,156,137,135,138,128,139,136,139,120,140,108,104,144,121,120,150,126,116,158,147,139,136,164,147,158,156,126,156,139,146,160,187,137,142,142,149,132,169,140,117,152,137,121,143,113,131,160,103,128,94,115,83,90,90,92,76,81,71,73,60,70,56,58,49,63,42,39,24,36,33,26,18,23,17,12,9,11,6,1,2,3,1,4,3,0,1,20691,10206,712,757,753,475,265,108,131,372,633,628,700,677,809,695,654,269,370,180,256,333,228,131,70,10485,666,646,669,460,271,138,128,412,613,630,737,741,763,732,663,253,389,220,282,402,296,207,167,2224,2095,58,58,4,0,0,4,0,0,0,54,11,43,0,0,0,0,0,0,0,0,0,0,0,0,0,0,0,0,0,0,0,0,1989,1978,1964,0,0,1892,72,0,0,10,2,8,0,4,0,0,0,0,0,0,11,0,0,0,0,11,0,11,0,0,0,0,48,45,21,0,0,21,0,0,0,0,0,0,0,24,0,0,0,0,0,0,3,0,0,0,0,3,0,3,0,0,0,0,129,5,5,0,0,0,0,0,0,0,5,0,5,0,0,0,0,0,0,0,0,0,0,0,0,0,0,0,0,0,0,0,0,38,26,18,0,0,7,11,0,0,1,0,1,0,7,0,0,0,0,0,0,12,0,0,0,0,12,0,12,0,0,0,0,86,82,0,0,0,0,0,0,0,0,0,0,0,82,0,0,0,0,0,0,4,0,0,0,0,4,0,4,0,0,0,0
"G0100090","2010","AL","3","6","Alabama","01","Blount County","009",,,,,,,,,,,,,,,"13820","99999","142",,,,,,,,,,,,,,,,,"1669961855","15157440","Blount County","A","+33.9774479","-086.5672464","06","1",,57322,28362,369,317,379,374,366,357,381,360,417,421,408,403,443,444,415,449,486,405,450,349,340,294,309,301,333,333,338,350,352,362,364,339,342,370,315,374,386,373,446,410,392,453,374,403,411,439,390,410,427,430,421,395,378,408,370,378,417,352,330,333,364,352,357,352,275,275,271,301,281,224,218,210,217,207,187,157,151,146,125,105,122,80,74,75,67,40,35,35,37,14,20,13,10,9,5,3,7,1,2,1,1,1,0,28960,350,338,361,382,380,409,384,361,369,421,415,396,356,420,384,391,388,407,361,347,315,282,311,323,299,331,364,348,314,344,328,333,342,345,363,352,383,393,366,409,428,386,411,385,390,435,409,410,384,429,411,343,367,420,409,395,373,412,378,326,366,390,429,412,285,356,298,318,302,266,269,229,244,200,206,200,183,161,150,139,163,124,114,119,97,89,98,79,62,52,48,39,22,21,21,11,9,7,6,4,5,1,0,56833,28168,1805,1936,2113,1339,796,337,289,932,1720,1707,1966,2014,2088,1962,1804,715,983,545,804,1030,673,401,209,28665,1811,1944,1971,1181,707,315,282,929,1690,1704,1895,1995,2058,1941,1870,750,1122,652,881,1124,811,569,463,489,194,1,1,1,0,0,0,1,0,0,0,0,0,0,0,0,0,0,0,0,0,0,0,0,0,0,0,0,0,0,0,0,0,128,102,99,0,0,0,99,0,0,0,0,0,0,3,0,0,0,0,0,0,26,0,0,0,0,26,0,4,22,0,0,0,65,58,0,0,0,0,0,0,0,0,0,0,0,58,0,0,0,0,0,0,7,0,0,0,0,7,0,7,0,0,0,0,295,5,0,0,0,0,0,0,0,0,0,0,0,0,0,0,0,0,0,0,0,5,0,0,0,0,5,0,5,0,0,0,0,78,41,29,0,0,0,29,0,0,0,0,0,0,12,0,0,0,0,0,0,37,0,0,0,0,37,0,36,1,0,0,0,212,207,0,0,0,0,0,0,0,0,0,0,0,207,0,0,0,0,0,0,5,0,0,0,0,5,0,5,0,0,0,0
"G0100110","2010","AL","3","6","Alabama","01","Bullock County","011",,,,,,,,,,,,,,,"99999","99999","999",,,,,,,,,,,,,,,,,"1613056905","6056528","Bullock County","A","+32.1017589","-085.7172613","06","9",,10914,5912,87,63,77,96,79,70,60,52,50,63,55,69,72,79,62,55,77,80,83,70,68,68,82,76,98,103,121,93,83,100,107,86,88,83,80,101,75,68,103,93,66,81,75,71,83,89,92,107,111,101,104,102,89,82,95,90,106,87,79,71,79,65,80,71,35,57,47,39,45,35,40,35,33,33,29,28,23,21,29,16,10,14,10,13,7,11,3,7,4,10,6,3,5,4,3,1,2,2,0,0,0,1,0,5002,59,61,73,72,75,52,43,59,63,58,66,70,66,77,59,79,82,70,56,74,77,60,71,58,53,74,76,59,50,63,74,45,59,52,59,48,53,46,71,54,41,63,61,61,48,68,65,74,65,73,75,81,74,71,79,74,67,57,63,74,68,69,68,58,46,62,50,50,45,46,39,37,35,40,38,44,33,30,18,33,30,22,15,17,13,20,11,21,15,21,7,9,9,7,6,6,3,5,0,2,4,0,0,9224,4317,402,295,337,211,140,59,51,172,299,210,230,189,281,324,323,106,145,86,102,153,104,49,49,4907,340,275,338,231,130,77,60,181,321,288,267,271,344,375,327,136,169,109,135,184,152,86,111,1690,1595,1,1,1,0,0,1,0,0,0,0,0,0,0,0,0,0,0,0,0,0,0,0,0,0,0,0,0,0,0,0,0,0,1511,1492,1476,0,0,1443,33,0,0,0,0,0,0,16,0,0,0,0,0,0,19,0,0,0,0,19,0,19,0,0,0,0,83,74,47,0,0,47,0,0,0,0,0,0,0,27,0,0,0,0,0,0,9,0,0,0,0,9,0,9,0,0,0,0,95,0,0,0,0,0,0,0,0,0,0,0,0,0,0,0,0,0,0,0,0,0,0,0,0,0,0,0,0,0,0,0,0,29,13,4,0,0,4,0,0,0,0,0,0,0,9,0,0,0,0,0,0,16,0,0,0,0,16,0,16,0,0,0,0,66,62,0,0,0,0,0,0,0,0,0,0,0,62,0,0,0,0,0,0,4,0,0,0,0,4,0,4,0,0,0,0
"G0100130","2010","AL","3","6","Alabama","01","Butler County","013",,,,,,,,,,,,,,,"99999","99999","999",,,,,,,,,,,,,,,,,"2011976894","2726814","Butler County","A","+31.7516670","-086.6819689","06","9",,20947,9838,136,147,163,131,137,142,156,137,136,155,152,154,136,153,155,144,166,151,165,118,105,119,102,107,101,95,134,110,118,121,103,145,96,102,128,100,125,101,106,109,142,99,94,100,115,116,128,130,143,121,159,132,158,164,150,173,125,122,169,125,128,132,136,119,113,136,95,94,96,71,71,79,70,54,73,50,49,59,46,49,43,27,35,27,23,18,19,17,14,8,16,16,9,5,6,2,0,3,1,3,0,0,0,11109,121,115,155,139,128,115,127,109,132,142,171,135,118,134,157,130,141,136,137,103,113,144,115,129,135,138,139,151,124,153,143,134,138,129,126,131,126,101,135,128,154,138,124,118,131,134,150,174,156,176,151,145,158,169,166,157,181,174,152,153,157,124,131,124,130,114,105,107,92,94,109,106,89,75,99,84,73,94,78,78,64,83,67,59,60,68,48,44,37,45,30,31,22,12,5,9,3,9,2,3,7,0,0,20614,9728,714,726,750,461,282,105,118,305,572,570,535,547,636,759,707,255,365,227,251,340,234,143,126,10886,658,625,715,407,240,113,144,376,705,670,621,662,788,788,815,276,384,215,289,468,378,291,258,333,110,0,0,0,0,0,0,0,0,0,0,0,0,0,0,0,0,0,0,0,0,0,0,0,0,0,0,0,0,0,0,0,0,47,46,32,0,0,0,32,0,0,0,0,0,0,14,0,0,0,0,0,0,1,0,0,0,0,1,0,1,0,0,0,0,63,57,2,0,0,0,2,0,0,0,0,0,0,55,0,0,0,0,0,0,6,0,0,0,0,6,0,6,0,0,0,0,223,0,0,0,0,0,0,0,0,0,0,0,0,0,0,0,0,0,0,0,0,0,0,0,0,0,0,0,0,0,0,0,0,17,17,4,0,0,0,4,0,0,0,0,0,0,13,0,0,0,0,0,0,0,0,0,0,0,0,0,0,0,0,0,0,206,185,0,0,0,0,0,0,0,0,0,0,0,185,0,0,0,0,0,0,21,0,0,0,0,21,0,21,0,0,0,0
"G0100150","2010","AL","3","6","Alabama","01","Calhoun County","015",,,,,,,,,,,,,,,"11500","99999","999",,,,,,,,,,,,,,,,,"1569189995","16624267","Calhoun County","A","+33.7717061","-085.8225133","06","1",,118572,57176,685,752,800,770,698,788,763,731,778,821,811,801,776,811,737,799,835,820,867,1022,1013,1016,834,801,810,770,728,734,735,744,713,700,694,717,693,693,631,709,718,773,711,746,701,767,712,811,823,800,809,843,844,823,791,875,839,828,819,769,769,673,723,689,712,677,571,498,552,493,502,425,427,363,378,340,341,296,299,262,249,230,192,192,178,141,135,108,75,63,44,48,39,27,20,10,10,10,3,3,1,5,1,0,0,61396,692,689,695,700,723,737,669,733,762,739,775,780,776,748,704,727,779,722,924,1112,1068,987,869,808,816,763,758,794,774,801,775,731,749,702,712,752,692,685,740,839,747,784,748,729,750,819,811,816,860,899,946,872,881,920,904,891,816,831,859,769,799,769,774,792,579,595,602,645,529,496,473,430,517,431,400,469,443,387,386,353,359,314,339,266,259,239,166,185,153,139,122,91,55,48,37,39,21,11,12,9,10,0,0,115653,55697,3698,3874,3904,2392,1548,868,923,2287,3604,3423,3438,3564,4032,4129,3816,1403,1940,1045,1406,1827,1317,811,448,59956,3494,3638,3771,2206,1606,924,888,2391,3847,3632,3678,3725,4178,4503,4144,1561,2129,1184,1648,2220,1959,1470,1160,2919,1479,108,107,1,0,0,0,1,0,0,99,51,0,48,0,7,0,7,0,0,0,1,1,0,0,0,0,0,0,0,0,0,0,1265,467,399,0,0,0,399,0,0,4,4,0,0,19,45,5,40,0,0,0,798,627,0,0,0,171,10,73,37,0,11,40,106,106,0,0,0,0,0,0,0,0,0,0,0,82,24,0,24,0,0,0,0,0,0,0,0,0,0,0,0,0,0,0,1440,41,38,1,0,0,0,1,0,0,32,6,0,26,0,5,0,5,0,0,0,3,0,0,0,0,3,0,0,0,0,3,0,1010,156,68,0,0,0,68,0,0,1,1,0,0,28,59,10,49,0,0,0,854,777,0,0,0,77,3,25,21,0,10,18,389,389,0,0,0,0,0,0,0,0,0,0,0,332,57,5,52,0,0,0,0,0,0,0,0,0,0,0,0,0,0,0
"G0100170","2010","AL","3","6","Alabama","01","Chambers County","017",,,,,,,,,,,,,,,"46740","99999","122",,,,,,,,,,,,,,,,,"1545009282","17048142","Chambers County","A","+32.9179433","-085.3918121","06","2",,34215,16363,180,212,201,202,186,197,201,222,230,231,215,238,225,219,237,263,221,254,228,202,216,211,189,187,200,168,174,198,192,170,194,177,178,176,197,191,213,210,214,204,243,242,236,204,232,215,224,235,254,240,277,247,250,237,251,253,258,203,225,226,241,210,214,246,166,173,195,173,136,153,120,139,118,134,115,91,103,81,68,76,57,41,66,38,45,30,38,29,20,19,16,12,8,5,4,3,5,0,0,0,0,0,0,17852,210,192,172,189,209,198,183,199,176,208,217,220,222,215,229,255,232,243,213,187,237,164,157,166,198,205,191,193,199,197,184,209,188,198,213,192,200,230,247,246,210,224,230,206,258,254,235,269,242,234,285,288,284,262,266,278,281,298,221,224,237,247,241,271,229,215,211,204,177,186,152,139,122,124,122,134,142,153,125,112,109,91,98,102,95,76,76,71,68,47,58,45,39,18,22,21,11,10,6,3,11,0,0,33757,16158,981,1081,1134,736,418,212,199,567,870,905,1022,1139,1158,1249,1161,446,620,366,456,616,408,236,178,17599,972,964,1103,730,398,236,163,520,980,990,1112,1127,1227,1381,1296,483,736,420,555,648,629,451,478,458,205,2,2,2,0,0,0,2,0,0,0,0,0,0,0,0,0,0,0,0,0,0,0,0,0,0,0,0,0,0,0,0,0,152,133,121,0,0,0,121,0,0,0,0,0,0,12,0,0,0,0,0,0,19,0,0,0,0,19,0,15,3,0,0,1,51,37,0,0,0,0,0,0,0,0,0,0,0,37,0,0,0,0,0,0,14,0,0,0,0,14,0,0,14,0,0,0,253,0,0,0,0,0,0,0,0,0,0,0,0,0,0,0,0,0,0,0,0,0,0,0,0,0,0,0,0,0,0,0,0,39,33,14,0,0,0,14,0,0,0,0,0,0,19,0,0,0,0,0,0,6,0,0,0,0,6,0,0,5,0,0,1,214,139,0,0,0,0,0,0,0,0,0,0,0,139,0,0,0,0,0,0,75,0,0,0,0,75,0,0,75,0,0,0
"G0100190","2010","AL","3","6","Alabama","01","Cherokee County","019",,,,,,,,,,,,,,,"99999","99999","999",,,,,,,,,,,,,,,,,"1434075952","119858898","Cherokee County","A","+34.0695153","-085.6542417","06","9",,25989,12888,137,135,159,144,143,137,134,144,144,176,185,164,150,149,181,185,167,212,160,176,125,146,124,108,140,88,107,119,121,146,142,134,142,116,142,155,155,153,175,190,173,149,196,199,195,234,185,173,198,191,207,233,199,201,195,203,186,161,204,210,189,225,195,233,157,174,163,152,138,147,145,129,126,121,114,99,75,79,62,52,50,44,31,35,32,22,17,15,22,10,11,3,7,5,1,5,0,0,0,0,1,0,0,13101,117,148,118,143,146,154,161,145,164,165,158,166,159,157,161,167,158,133,180,132,122,122,131,120,120,116,115,147,124,122,140,123,150,122,127,155,142,168,190,155,155,159,171,185,160,192,174,191,209,172,220,204,223,214,205,199,206,185,203,152,197,222,236,203,157,193,185,205,153,136,133,131,132,118,114,105,99,94,88,85,81,69,80,56,47,42,32,37,33,29,19,22,12,7,11,9,1,2,2,1,1,0,0,25699,12751,718,735,829,564,335,124,143,366,562,659,818,908,972,1029,958,413,583,334,435,625,359,183,99,12948,672,789,801,458,312,121,122,368,622,661,809,828,937,1063,944,416,593,375,492,618,458,294,195,290,137,0,0,0,0,0,0,0,0,0,0,0,0,0,0,0,0,0,0,0,0,0,0,0,0,0,0,0,0,0,0,0,0,85,79,70,0,0,0,70,0,0,0,0,0,0,9,0,0,0,0,0,0,6,0,0,0,0,6,0,6,0,0,0,0,52,52,0,0,0,0,0,0,0,0,0,0,0,52,0,0,0,0,0,0,0,0,0,0,0,0,0,0,0,0,0,0,153,0,0,0,0,0,0,0,0,0,0,0,0,0,0,0,0,0,0,0,0,0,0,0,0,0,0,0,0,0,0,0,0,21,20,10,0,0,0,10,0,0,0,0,0,0,10,0,0,0,0,0,0,1,0,0,0,0,1,0,1,0,0,0,0,132,132,0,0,0,0,0,0,0,0,0,0,0,132,0,0,0,0,0,0,0,0,0,0,0,0,0,0,0,0,0,0
"G0100210","2010","AL","3","6","Alabama","01","Chilton County","021",,,,,,,,,,,,,,,"13820","99999","142",,,,,,,,,,,,,,,,,"1794483586","20586383","Chilton County","A","+32.8540595","-086.7266275","06","1",,43643,21608,284,319,301,298,272,303,316,278,311,342,338,302,343,282,310,318,288,378,284,294,272,273,229,267,281,273,267,270,264,275,327,269,304,271,305,292,294,316,306,331,286,317,287,289,278,309,328,284,295,315,350,327,319,301,303,298,278,293,252,249,250,275,263,235,185,207,199,227,155,167,144,157,145,120,126,103,121,81,99,85,76,66,57,37,48,43,27,23,22,11,16,9,4,6,4,3,2,3,1,0,1,0,0,22035,324,282,317,299,300,298,278,338,299,312,275,272,283,291,302,291,311,305,272,242,254,242,240,253,262,251,286,264,279,285,309,292,312,328,265,300,290,271,310,313,261,283,293,297,296,307,295,268,296,320,299,296,331,346,308,298,289,262,317,271,279,232,253,281,234,233,192,229,178,179,189,164,175,128,131,132,130,136,128,115,118,79,91,81,76,84,74,62,46,40,32,22,19,16,21,10,3,3,3,2,5,0,0,43250,21360,1474,1550,1575,984,569,268,269,753,1315,1440,1514,1441,1506,1586,1362,520,674,406,548,687,479,276,164,21890,1522,1525,1423,907,513,253,242,752,1355,1503,1476,1426,1486,1578,1435,509,765,422,580,776,634,420,388,393,248,0,0,0,0,0,0,0,0,0,0,0,0,0,0,0,0,0,0,0,0,0,0,0,0,0,0,0,0,0,0,0,0,213,148,141,0,0,0,0,141,0,0,0,0,0,7,0,0,0,0,0,0,65,0,0,0,0,65,0,15,24,0,26,0,35,24,0,0,0,0,0,0,0,0,0,0,0,24,0,0,0,0,0,0,11,0,0,0,0,11,0,11,0,0,0,0,145,0,0,0,0,0,0,0,0,0,0,0,0,0,0,0,0,0,0,0,0,0,0,0,0,0,0,0,0,0,0,0,0,39,36,30,0,0,0,0,30,0,0,0,0,0,6,0,0,0,0,0,0,3,0,0,0,0,3,0,3,0,0,0,0,106,104,0,0,0,0,0,0,0,0,0,0,0,104,0,0,0,0,0,0,2,0,0,0,0,2,0,0,2,0,0,0
"G0100230","2010","AL","3","6","Alabama","01","Choctaw County","023",,,,,,,,,,,,,,,"99999","99999","999",,,,,,,,,,,,,,,,,"2365954748","19059251","Choctaw County","A","+31.9910082","-088.2488874","06","9",,13859,6688,71,71,95,84,85,82,98,106,93,90,84,87,81,110,105,88,99,109,104,64,74,82,68,58,63,65,61,58,74,70,69,85,48,70,81,82,83,69,87,81,60,99,67,84,95,96,96,99,110,108,107,97,104,110,100,110,85,86,95,108,108,88,82,82,78,90,76,70,85,78,78,58,64,49,53,54,29,36,31,27,23,30,26,34,17,19,20,12,8,13,5,8,2,0,1,3,0,0,1,0,0,0,0,7171,62,72,66,64,79,80,68,67,92,88,84,107,95,87,114,82,98,98,86,76,67,72,71,51,64,48,65,71,81,76,78,69,73,73,78,97,77,82,91,86,94,90,74,96,120,98,105,106,108,118,123,110,93,124,117,96,116,92,135,97,98,102,115,99,91,109,95,84,78,67,63,80,57,66,59,51,53,56,54,57,49,39,32,47,32,40,24,22,14,21,13,15,2,6,4,8,5,8,0,5,4,0,0,13730,6624,406,469,467,296,168,74,82,187,325,345,395,403,505,514,481,196,242,165,233,294,170,125,82,7106,343,395,487,278,162,67,72,184,341,370,433,474,535,566,535,200,305,203,225,318,264,189,160,129,64,0,0,0,0,0,0,0,0,0,0,0,0,0,0,0,0,0,0,0,0,0,0,0,0,0,0,0,0,0,0,0,0,33,33,28,0,0,0,26,2,0,0,0,0,0,5,0,0,0,0,0,0,0,0,0,0,0,0,0,0,0,0,0,0,31,31,2,0,0,0,2,0,0,0,0,0,0,29,0,0,0,0,0,0,0,0,0,0,0,0,0,0,0,0,0,0,65,0,0,0,0,0,0,0,0,0,0,0,0,0,0,0,0,0,0,0,0,0,0,0,0,0,0,0,0,0,0,0,0,5,5,3,0,0,0,3,0,0,0,0,0,0,2,0,0,0,0,0,0,0,0,0,0,0,0,0,0,0,0,0,0,60,60,3,0,0,0,3,0,0,0,0,0,0,57,0,0,0,0,0,0,0,0,0,0,0,0,0,0,0,0,0,0
"G0100250","2010","AL","3","6","Alabama","01","Clarke County","025",,,,,,,,,,,,,,,"99999","99999","999",,,,,,,,,,,,,,,,,"3207609488","36542656","Clarke County","A","+31.6855211","-087.8186244","06","9",,25833,12214,153,140,164,143,156,156,161,176,148,193,186,180,211,184,194,212,201,229,224,154,170,121,125,113,111,107,128,120,141,143,139,126,137,139,131,114,154,129,154,148,179,150,166,147,173,185,171,182,187,188,203,190,194,162,194,151,202,156,139,160,144,166,148,172,111,125,147,113,116,106,92,124,92,96,87,73,60,74,78,54,60,36,46,37,29,25,15,30,15,10,7,6,2,13,2,2,3,3,1,0,0,0,0,13619,149,137,135,149,142,160,172,166,187,182,168,203,210,203,206,220,216,197,190,154,136,132,110,126,120,130,149,130,147,177,189,149,169,159,164,163,191,149,204,184,171,161,179,192,192,197,206,209,194,195,212,209,215,175,206,196,205,182,162,153,156,157,183,169,124,164,139,123,142,131,131,125,121,80,104,100,73,97,100,77,94,57,77,67,51,42,42,38,44,32,34,24,16,17,17,12,10,8,2,1,2,1,0,25553,12066,756,834,955,642,376,169,119,338,618,662,676,804,903,932,805,308,427,267,333,485,335,201,121,13487,712,867,990,633,344,136,130,351,731,830,891,892,997,1012,892,312,474,300,395,556,427,322,293,280,148,0,0,0,0,0,0,0,0,0,0,0,0,0,0,0,0,0,0,0,0,0,0,0,0,0,0,0,0,0,0,0,0,111,98,86,0,0,0,86,0,0,0,0,0,0,12,0,0,0,0,0,0,13,0,0,0,0,13,0,12,0,0,0,1,37,37,3,0,0,0,3,0,0,0,0,0,0,34,0,0,0,0,0,0,0,0,0,0,0,0,0,0,0,0,0,0,132,0,0,0,0,0,0,0,0,0,0,0,0,0,0,0,0,0,0,0,0,0,0,0,0,0,0,0,0,0,0,0,0,30,18,11,0,0,0,11,0,0,0,0,0,0,7,0,0,0,0,0,0,12,0,0,0,0,12,0,12,0,0,0,0,102,102,0,0,0,0,0,0,0,0,0,0,0,102,0,0,0,0,0,0,0,0,0,0,0,0,0,0,0,0,0,0
"G0100270","2010","AL","3","6","Alabama","01","Clay County","027",,,,,,,,,,,,,,,"99999","99999","999",,,,,,,,,,,,,,,,,"1564252280","5284628","Clay County","A","+33.2678085","-085.8620510","06","9",,13932,6833,84,84,75,77,108,63,76,86,95,102,96,111,129,89,104,92,95,88,91,87,75,72,68,77,77,72,66,82,51,76,85,77,71,72,59,91,88,81,103,88,83,91,95,99,82,119,100,110,95,114,110,99,113,100,100,88,95,85,80,102,95,94,94,84,58,83,89,73,66,51,64,57,59,60,47,50,49,45,28,34,43,24,34,23,26,22,10,8,9,8,6,7,1,1,2,2,0,2,0,1,1,0,0,7099,71,82,89,72,59,57,72,69,77,86,84,121,82,94,80,109,89,97,87,77,73,69,96,69,71,70,76,69,92,66,89,70,85,77,75,85,86,93,92,97,75,91,99,102,109,95,110,117,119,99,98,101,105,105,111,86,93,73,116,101,106,96,102,88,84,83,82,93,86,61,72,61,69,74,54,50,44,55,36,53,47,34,35,45,26,21,24,26,20,29,20,14,13,13,5,9,4,0,0,5,1,0,0,13677,6747,428,422,529,272,175,70,69,218,344,358,448,446,531,515,450,186,234,170,189,284,199,142,68,6930,373,361,461,295,163,73,69,231,367,391,444,471,537,519,465,201,271,165,240,324,220,151,138,255,86,3,3,3,0,0,0,3,0,0,0,0,0,0,0,0,0,0,0,0,0,0,0,0,0,0,0,0,0,0,0,0,0,50,50,37,0,0,0,37,0,0,0,0,0,0,13,0,0,0,0,0,0,0,0,0,0,0,0,0,0,0,0,0,0,33,33,0,0,0,0,0,0,0,0,0,0,0,33,0,0,0,0,0,0,0,0,0,0,0,0,0,0,0,0,0,0,169,0,0,0,0,0,0,0,0,0,0,0,0,0,0,0,0,0,0,0,0,0,0,0,0,0,0,0,0,0,0,0,0,43,43,36,0,0,0,36,0,0,0,0,0,0,7,0,0,0,0,0,0,0,0,0,0,0,0,0,0,0,0,0,0,126,126,0,0,0,0,0,0,0,0,0,0,0,126,0,0,0,0,0,0,0,0,0,0,0,0,0,0,0,0,0,0
"G0100290","2010","AL","3","6","Alabama","01","Cleburne County","029",,,,,,,,,,,,,,,"99999","99999","999",,,,,,,,,,,,,,,,,"1450652767","2365681","Cleburne County","A","+33.6719810","-085.5161090","06","9",,14972,7453,76,114,83,95,101,101,96,121,95,109,123,96,83,123,97,110,122,112,97,99,83,91,69,71,92,71,83,80,94,93,68,80,83,78,70,104,107,100,102,101,97,89,101,112,112,116,113,108,114,122,115,112,89,93,100,100,112,129,97,96,105,105,105,112,80,76,93,82,77,81,69,68,41,48,36,44,41,45,37,37,19,21,22,26,11,15,16,8,9,5,4,3,2,4,1,3,2,0,0,0,0,0,0,7519,84,92,98,95,100,80,101,76,62,101,109,95,97,96,78,98,112,120,112,98,63,83,59,71,87,86,96,87,97,72,70,63,77,78,97,103,88,88,108,113,122,100,94,107,114,99,118,82,113,124,122,94,118,87,110,95,120,100,101,80,94,126,110,100,84,93,83,91,71,70,72,50,63,69,52,51,57,44,56,58,38,47,30,27,26,21,24,17,12,14,17,14,7,16,10,5,1,3,3,1,2,0,0,14794,7356,469,522,522,343,195,81,88,229,408,365,502,501,562,504,529,209,296,169,238,261,199,97,67,7438,469,420,475,330,210,63,83,217,430,382,496,532,534,528,494,220,292,176,230,304,255,162,136,178,97,1,1,1,0,0,0,1,0,0,0,0,0,0,0,0,0,0,0,0,0,0,0,0,0,0,0,0,0,0,0,0,0,81,74,70,0,0,0,70,0,0,0,0,0,0,4,0,0,0,0,0,0,7,0,0,0,0,7,0,7,0,0,0,0,15,15,0,0,0,0,0,0,0,0,0,0,0,15,0,0,0,0,0,0,0,0,0,0,0,0,0,0,0,0,0,0,81,0,0,0,0,0,0,0,0,0,0,0,0,0,0,0,0,0,0,0,0,0,0,0,0,0,0,0,0,0,0,0,0,29,26,20,0,0,0,20,0,0,0,0,0,0,6,0,0,0,0,0,0,3,0,0,0,0,3,0,3,0,0,0,0,52,52,0,0,0,0,0,0,0,0,0,0,0,52,0,0,0,0,0,0,0,0,0,0,0,0,0,0,0,0,0,0
"G0100310","2010","AL","3","6","Alabama","01","Coffee County","031",,,,,,,,,,,,,,,"21460","99999","222",,,,,,,,,,,,,,,,,"1758528786","3944730","Coffee County","A","+31.4021833","-085.9892014","06","2",,49948,24684,375,337,367,330,318,342,307,342,315,370,342,364,348,366,325,343,356,348,358,298,261,252,318,390,404,410,411,428,347,360,384,360,326,320,286,330,292,295,320,366,367,307,300,336,336,358,372,343,333,363,322,310,330,343,299,300,336,290,272,263,290,277,324,316,222,238,223,214,190,154,159,154,168,181,155,160,112,134,109,98,95,67,68,65,59,57,51,20,24,41,16,19,4,12,3,4,6,1,1,1,1,0,0,25264,338,345,292,318,283,315,298,307,294,297,363,343,330,329,347,347,366,377,323,254,273,262,290,306,317,329,336,338,340,360,311,335,297,312,309,343,310,336,342,366,352,362,310,287,355,386,302,346,321,329,377,358,366,345,300,378,340,293,317,317,286,298,344,309,262,269,263,253,192,218,225,196,193,175,205,171,144,144,176,156,124,118,137,123,101,88,91,85,63,42,44,26,31,26,6,17,10,10,9,6,9,0,0,49348,24345,1727,1676,1745,1047,656,259,247,1101,1923,1621,1558,1607,1731,1577,1450,567,859,456,555,802,604,338,239,25003,1576,1511,1712,1090,577,273,261,913,1701,1562,1694,1664,1680,1741,1642,579,911,528,659,975,760,554,440,600,339,0,0,0,0,0,0,0,0,0,0,0,0,0,0,0,0,0,0,0,0,0,0,0,0,0,0,0,0,0,0,0,0,269,248,240,0,0,0,0,240,0,0,0,0,0,8,0,0,0,0,0,0,21,0,0,0,0,21,16,3,0,0,0,2,70,69,0,0,0,0,0,0,0,0,0,0,0,69,0,0,0,0,0,0,1,0,0,0,0,1,0,1,0,0,0,0,261,0,0,0,0,0,0,0,0,0,0,0,0,0,0,0,0,0,0,0,0,0,0,0,0,0,0,0,0,0,0,0,0,31,19,1,0,0,0,0,1,0,0,0,0,0,18,0,0,0,0,0,0,12,0,0,0,0,12,1,6,0,0,0,5,230,230,0,0,0,0,0,0,0,0,0,0,0,230,0,0,0,0,0,0,0,0,0,0,0,0,0,0,0,0,0,0
"G0100330","2010","AL","3","6","Alabama","01","Colbert County","033",,,,,,,,,,,,,,,"22520","99999","999",,,,,,,,,,,,,,,,,"1534877333","76430813","Colbert County","A","+34.7031120","-087.8014569","06","1",,54428,26159,308,310,352,321,334,307,314,318,309,338,369,374,360,383,378,354,372,375,342,347,315,298,289,294,315,289,299,298,316,291,326,258,298,287,280,315,292,336,314,370,373,350,333,353,374,366,403,428,389,369,349,378,437,432,436,384,374,349,343,355,369,345,336,350,257,285,255,283,248,248,226,209,187,190,199,176,159,165,143,124,110,96,104,97,83,62,84,62,53,35,31,14,15,10,10,6,3,2,6,0,2,0,0,28269,285,306,309,278,331,286,290,313,303,325,403,355,339,314,341,375,360,345,356,372,298,317,289,310,285,303,318,295,336,301,360,285,301,327,323,310,311,336,370,381,374,360,364,339,369,401,443,432,393,427,414,421,449,467,425,411,391,370,372,384,420,404,383,355,278,316,340,346,309,309,278,262,257,253,254,218,195,192,196,202,164,183,154,152,143,134,124,95,87,71,52,58,40,28,17,16,12,8,3,4,7,2,0,53954,25937,1625,1586,1860,1099,660,303,292,889,1475,1436,1612,1770,1949,2023,1793,707,933,530,774,1006,758,480,377,28017,1509,1517,1752,1080,699,289,313,883,1548,1593,1703,1803,2089,2173,1920,819,1014,651,944,1281,983,763,691,474,222,6,6,0,0,0,0,0,0,0,6,0,0,6,0,0,0,0,0,0,0,0,0,0,0,0,0,0,0,0,0,0,0,159,96,61,0,0,0,61,0,0,0,0,0,0,35,0,0,0,0,0,0,63,39,0,0,0,24,0,0,24,0,0,0,57,57,0,0,0,0,0,0,0,0,0,0,0,57,0,0,0,0,0,0,0,0,0,0,0,0,0,0,0,0,0,0,252,0,0,0,0,0,0,0,0,0,0,0,0,0,0,0,0,0,0,0,0,0,0,0,0,0,0,0,0,0,0,0,0,84,32,16,0,0,0,16,0,0,0,0,0,0,16,0,0,0,0,0,0,52,36,0,0,0,16,0,0,16,0,0,0,168,168,0,0,0,0,0,0,0,0,0,0,0,168,0,0,0,0,0,0,0,0,0,0,0,0,0,0,0,0,0,0
"G0100350","2010","AL","3","6","Alabama","01","Conecuh County","035",,,,,,,,,,,,,,,"99999","99999","999",,,,,,,,,,,,,,,,,"2201894769","6644940","Conecuh County","A","+31.4282925","-086.9920291","06","9",,13228,6412,81,84,83,89,78,68,92,77,73,76,106,86,75,84,99,95,105,112,113,90,83,75,51,70,61,66,66,64,64,68,50,64,63,55,59,67,71,71,63,71,71,95,69,62,65,90,93,85,97,106,100,118,82,102,108,122,101,77,86,98,113,89,98,108,75,72,69,93,75,63,51,51,55,63,36,44,26,33,36,28,37,26,26,28,25,14,23,14,14,8,10,4,2,3,1,2,0,0,1,0,0,1,0,6816,76,61,60,80,84,60,69,80,110,85,90,71,98,82,88,86,95,104,92,84,77,62,41,54,66,75,74,52,53,73,83,91,74,72,65,84,81,84,80,59,96,68,86,73,83,87,118,86,115,102,108,99,101,115,98,112,110,113,88,93,83,101,106,99,93,93,80,81,82,71,74,57,64,57,56,50,43,46,49,37,38,54,45,49,48,26,24,23,16,17,15,7,3,8,5,3,0,4,1,0,2,0,0,13183,6368,415,386,450,312,199,82,75,175,322,286,338,356,467,508,481,202,281,140,231,256,167,142,97,6815,361,404,429,285,176,77,62,161,327,385,387,406,508,521,516,184,298,173,234,308,225,234,154,45,44,0,0,0,0,0,0,0,0,0,0,0,0,0,0,0,0,0,0,0,0,0,0,0,0,0,0,0,0,0,0,0,0,43,43,43,0,0,0,43,0,0,0,0,0,0,0,0,0,0,0,0,0,0,0,0,0,0,0,0,0,0,0,0,0,1,1,1,0,0,0,1,0,0,0,0,0,0,0,0,0,0,0,0,0,0,0,0,0,0,0,0,0,0,0,0,0,1,0,0,0,0,0,0,0,0,0,0,0,0,0,0,0,0,0,0,0,0,0,0,0,0,0,0,0,0,0,0,0,0,1,1,1,0,0,0,1,0,0,0,0,0,0,0,0,0,0,0,0,0,0,0,0,0,0,0,0,0,0,0,0,0,0,0,0,0,0,0,0,0,0,0,0,0,0,0,0,0,0,0,0,0,0,0,0,0,0,0,0,0,0,0,0,0
"G0100370","2010","AL","3","6","Alabama","01","Coosa County","037",,,,,,,,,,,,,,,"10760","99999","388",,,,,,,,,,,,,,,,,"1685891075","39946646","Coosa County","A","+32.9314453","-086.2434818","06","2",,11539,5727,53,58,44,73,55,54,72,63,67,75,63,75,58,72,92,93,106,87,74,78,67,53,44,58,57,49,44,52,47,63,58,51,69,70,57,64,66,64,72,89,74,74,72,81,91,90,84,97,87,81,91,106,100,99,116,112,105,89,101,68,97,91,80,80,64,65,78,73,73,51,45,49,36,44,45,31,28,42,24,17,37,27,19,25,13,15,14,7,6,10,4,4,3,1,2,0,1,1,1,0,0,0,0,5812,41,51,68,52,66,52,56,46,73,60,62,72,78,66,69,46,87,65,77,68,59,56,53,53,55,56,57,53,63,59,69,57,59,58,58,64,81,79,68,99,77,84,81,72,81,90,90,75,85,84,105,92,113,86,97,92,102,89,104,81,71,79,116,91,85,68,65,62,76,45,66,52,57,60,50,52,34,43,32,40,43,26,31,28,27,17,16,17,11,11,15,5,4,9,4,2,4,2,1,1,2,1,0,11415,5648,283,331,360,281,148,66,47,151,247,300,349,383,431,507,473,188,223,142,196,218,140,118,66,5767,278,287,347,197,144,59,56,159,286,298,388,393,424,492,468,150,292,133,181,281,195,151,108,124,79,5,5,5,0,0,0,5,0,0,0,0,0,0,0,0,0,0,0,0,0,0,0,0,0,0,0,0,0,0,0,0,0,63,63,58,0,0,0,58,0,0,0,0,0,0,5,0,0,0,0,0,0,0,0,0,0,0,0,0,0,0,0,0,0,11,11,2,0,0,0,2,0,0,0,0,0,0,9,0,0,0,0,0,0,0,0,0,0,0,0,0,0,0,0,0,0,45,1,1,1,0,0,0,1,0,0,0,0,0,0,0,0,0,0,0,0,0,0,0,0,0,0,0,0,0,0,0,0,0,14,14,14,0,0,0,14,0,0,0,0,0,0,0,0,0,0,0,0,0,0,0,0,0,0,0,0,0,0,0,0,0,30,30,0,0,0,0,0,0,0,0,0,0,0,30,0,0,0,0,0,0,0,0,0,0,0,0,0,0,0,0,0,0
"G0100390","2010","AL","3","6","Alabama","01","Covington County","039",,,,,,,,,,,,,,,"99999","99999","999",,,,,,,,,,,,,,,,,"2668869505","34526309","Covington County","A","+31.2439873","-086.4487206","06","9",,37765,18288,229,249,210,247,254,229,256,278,232,247,231,245,260,252,244,257,247,283,253,255,210,177,181,196,199,206,203,200,189,223,225,196,197,167,191,198,211,215,236,261,231,211,186,236,229,284,243,294,269,269,295,255,309,302,294,268,274,229,253,252,235,260,231,249,200,227,186,196,187,148,176,126,129,138,157,155,122,119,105,101,84,84,76,65,47,56,50,33,33,23,16,12,6,9,10,5,5,2,2,1,0,0,0,19477,210,192,209,240,225,225,228,204,215,233,244,236,224,232,240,239,228,249,230,241,213,183,200,178,224,241,225,193,220,199,229,221,195,180,210,237,191,246,244,219,225,209,237,245,251,264,280,245,291,292,263,286,324,285,307,300,273,277,256,244,262,253,280,283,205,228,244,231,193,190,211,192,197,185,184,183,153,157,143,134,127,134,95,107,118,110,84,72,79,52,50,56,29,21,24,18,12,12,2,12,9,0,0,37190,18027,1189,1242,1232,787,506,204,173,559,995,949,1101,1081,1339,1438,1264,491,675,409,524,709,579,343,238,19163,1076,1105,1176,716,471,213,183,596,1069,1029,1135,1162,1368,1459,1345,511,763,470,608,949,738,532,489,575,261,0,0,0,0,0,0,0,0,0,0,0,0,0,0,0,0,0,0,0,0,0,0,0,0,0,0,0,0,0,0,0,0,172,156,141,0,0,0,141,0,0,0,0,0,0,15,0,0,0,0,0,0,16,0,0,0,0,16,0,16,0,0,0,0,89,60,2,0,0,0,2,0,0,0,0,0,0,58,0,0,0,0,0,0,29,0,0,0,0,29,0,29,0,0,0,0,314,0,0,0,0,0,0,0,0,0,0,0,0,0,0,0,0,0,0,0,0,0,0,0,0,0,0,0,0,0,0,0,0,52,42,29,0,0,0,29,0,0,0,0,0,0,13,0,0,0,0,0,0,10,0,0,0,0,10,0,10,0,0,0,0,262,217,0,0,0,0,0,0,0,0,0,0,0,217,0,0,0,0,0,0,45,0,0,0,0,45,0,45,0,0,0,0
"G0100410","2010","AL","3","6","Alabama","01","Crenshaw County","041",,,,,,,,,,,,,,,"99999","99999","999",,,,,,,,,,,,,,,,,"1576888006","5376392","Crenshaw County","A","+31.7328256","-086.3192219","06","9",,13906,6714,85,73,87,78,90,93,110,89,111,93,90,82,98,102,104,103,117,105,127,79,97,80,84,49,75,69,53,82,68,77,60,67,63,83,74,75,98,78,89,106,92,77,72,89,86,78,96,128,114,110,119,96,105,108,109,92,74,86,99,85,105,84,91,87,79,85,79,69,45,56,49,49,38,41,45,57,42,24,31,27,20,28,14,12,18,12,16,6,11,11,8,10,2,3,0,0,1,0,0,0,1,0,0,7192,71,93,86,87,79,79,82,80,104,102,93,85,87,101,82,97,93,97,92,79,88,63,63,62,73,67,65,72,80,86,91,85,88,73,92,80,105,99,98,99,69,81,96,104,94,117,110,98,100,102,93,114,123,107,95,118,97,89,95,99,87,107,105,118,76,73,76,59,53,61,63,66,73,53,56,57,46,48,52,29,50,51,39,33,33,36,32,25,31,24,19,15,11,9,9,9,3,3,1,1,1,0,0,13774,6670,413,496,476,325,206,97,80,208,348,347,445,415,525,535,431,187,253,161,168,219,177,87,71,7104,416,447,448,287,171,88,63,198,370,429,481,444,525,530,495,193,295,149,169,305,223,194,184,132,44,0,0,0,0,0,0,0,0,0,0,0,0,0,0,0,0,0,0,0,0,0,0,0,0,0,0,0,0,0,0,0,0,17,17,0,0,0,0,0,0,0,0,0,0,0,17,0,0,0,0,0,0,0,0,0,0,0,0,0,0,0,0,0,0,27,27,0,0,0,0,0,0,0,0,0,0,0,27,0,0,0,0,0,0,0,0,0,0,0,0,0,0,0,0,0,0,88,0,0,0,0,0,0,0,0,0,0,0,0,0,0,0,0,0,0,0,0,0,0,0,0,0,0,0,0,0,0,0,0,12,12,0,0,0,0,0,0,0,0,0,0,0,12,0,0,0,0,0,0,0,0,0,0,0,0,0,0,0,0,0,0,76,76,0,0,0,0,0,0,0,0,0,0,0,76,0,0,0,0,0,0,0,0,0,0,0,0,0,0,0,0,0,0
"G0100430","2010","AL","3","6","Alabama","01","Cullman County","043",,,,,,,,,,,,,,,"18980","99999","142",,,,,,,,,,,,,,,,,"1903228333","52266921","Cullman County","A","+34.1319229","-086.8692666","06","2",,80406,39719,453,509,517,536,510,510,549,528,516,549,574,552,528,541,562,568,573,563,578,524,537,483,443,481,479,498,486,520,455,443,542,509,495,473,474,545,506,439,580,541,518,516,486,563,564,582,615,573,614,618,603,545,586,626,571,551,500,490,504,480,509,501,534,540,366,406,411,411,375,316,341,313,309,243,262,226,250,195,208,179,159,149,143,81,108,78,71,64,47,41,29,25,16,10,8,7,8,2,0,2,2,0,0,40687,494,473,534,463,442,480,490,502,506,511,531,484,510,503,493,515,519,553,522,527,543,468,398,465,472,467,458,448,472,473,486,451,464,459,505,488,473,505,515,572,517,490,470,506,556,580,583,611,581,593,587,593,595,548,583,606,529,494,525,513,580,507,575,570,446,461,468,469,389,421,384,418,361,328,314,329,269,286,215,289,251,194,196,207,172,168,149,92,112,82,73,63,32,30,27,19,16,7,14,5,4,1,0,79350,39248,2523,2652,2754,1682,1060,517,466,1377,2348,2442,2573,2621,2976,2913,2516,1002,1427,812,1098,1450,1033,620,386,40102,2402,2487,2521,1555,978,501,459,1319,2289,2349,2544,2525,2939,2897,2654,1086,1575,908,1256,1777,1335,971,775,1056,471,27,11,0,0,0,0,0,0,0,11,11,0,0,0,0,0,0,0,0,0,16,0,0,0,0,16,0,0,0,0,0,16,348,248,221,0,0,29,192,0,0,5,5,0,0,22,0,0,0,0,0,0,100,53,0,0,0,47,0,7,12,0,2,26,96,83,4,0,0,4,0,0,0,0,0,0,0,79,0,0,0,0,0,0,13,0,0,0,0,13,0,0,0,0,3,10,585,38,14,2,0,0,2,0,0,0,12,12,0,0,0,0,0,0,0,0,0,24,18,0,0,0,6,0,0,0,0,6,0,254,96,57,0,0,18,39,0,0,8,8,0,0,31,0,0,0,0,0,0,158,123,0,0,0,35,0,3,0,0,2,30,293,244,6,0,0,6,0,0,0,0,0,0,0,238,0,0,0,0,0,0,49,0,0,0,0,49,0,0,0,0,17,32
"G0100450","2010","AL","3","6","Alabama","01","Dale County","045",,,,,,,,,,,,,,,"21460","99999","222",,,,,,,,,,,,,,,,,"1453371157","4016457","Dale County","A","+31.4306536","-085.6094760","06","2",,50251,24825,342,367,395,357,384,377,334,372,330,366,303,354,350,356,315,359,335,362,348,335,318,356,340,417,414,373,431,400,416,403,373,329,351,329,322,276,314,285,292,353,310,314,282,284,294,323,339,356,368,320,346,375,370,331,326,311,318,313,278,291,289,301,272,273,227,227,227,218,181,180,186,136,135,142,119,131,111,113,128,107,79,85,61,63,42,45,44,25,27,17,12,9,6,10,7,6,1,0,0,0,1,0,0,25426,394,395,367,383,306,351,310,328,346,345,360,334,346,354,278,300,308,314,298,291,258,327,315,347,362,377,387,408,347,355,356,343,336,312,307,311,279,322,338,330,307,302,297,326,323,355,323,354,330,386,374,348,351,377,330,353,353,319,259,282,296,319,319,296,244,259,246,240,237,201,205,219,199,186,174,171,138,133,151,148,133,98,100,87,78,77,73,68,50,45,27,41,25,15,10,17,5,11,6,1,4,0,0,49334,24177,1845,1779,1677,1050,617,269,313,1050,1863,1642,1502,1472,1696,1736,1498,587,767,449,568,704,582,318,193,25157,1845,1680,1672,920,565,253,316,1007,1865,1644,1577,1552,1743,1775,1563,610,851,501,670,965,719,454,410,917,648,7,5,1,0,0,0,1,0,0,4,0,4,0,0,0,0,0,0,0,0,2,0,2,2,0,0,0,0,0,0,0,0,574,88,67,0,0,0,67,0,0,5,0,5,0,16,0,0,0,0,0,0,486,0,471,471,0,15,3,4,0,0,0,8,67,63,0,0,0,0,0,0,0,0,0,0,0,63,0,0,0,0,0,0,4,0,0,0,0,4,0,2,0,0,0,2,269,2,1,0,0,0,0,0,0,0,1,0,1,0,0,0,0,0,0,0,0,1,0,1,1,0,0,0,0,0,0,0,0,108,28,4,0,0,0,4,0,0,0,0,0,0,24,0,0,0,0,0,0,80,0,77,77,0,3,0,3,0,0,0,0,159,159,0,0,0,0,0,0,0,0,0,0,0,159,0,0,0,0,0,0,0,0,0,0,0,0,0,0,0,0,0,0
"G0100470","2010","AL","3","6","Alabama","01","Dallas County","047",,,,,,,,,,,,,,,"42820","99999","999",,,,,,,,,,,,,,,,,"2534807386","39134826","Dallas County","A","+32.3335397","-087.1143556","06","2",,43820,20244,302,329,355,311,293,322,323,292,294,374,303,339,334,331,343,305,348,364,331,300,287,226,229,221,272,214,230,241,225,268,208,230,210,216,183,220,197,186,228,246,237,207,209,231,272,295,276,268,263,326,314,294,333,287,338,310,274,256,237,259,296,253,244,237,198,205,185,178,179,152,161,167,109,135,133,111,105,78,79,51,71,63,51,55,38,35,30,25,23,13,21,10,12,9,3,3,4,2,1,2,1,0,0,23576,323,284,348,330,322,284,283,307,269,349,340,310,310,348,313,318,350,345,329,353,319,305,280,291,275,288,288,275,286,299,286,270,275,249,248,277,301,272,292,275,281,243,274,267,306,316,337,362,345,357,359,347,347,382,368,357,306,347,266,304,284,305,262,313,210,246,217,207,198,179,177,188,179,165,170,142,145,114,124,124,151,118,123,95,84,77,70,87,59,47,38,34,26,17,14,10,9,12,6,5,8,0,0,43034,19822,1588,1604,1637,981,607,273,215,709,1159,1031,1051,1130,1389,1515,1301,534,676,378,497,680,422,265,180,23212,1601,1491,1616,1008,645,295,293,834,1423,1319,1399,1355,1707,1789,1565,586,779,457,578,861,636,533,442,786,422,52,50,0,0,0,0,0,0,0,50,0,50,0,0,0,0,0,0,0,0,2,0,0,0,0,2,0,0,0,0,0,2,292,25,0,0,0,0,0,0,0,6,0,6,0,19,0,0,0,0,0,0,267,47,0,0,0,220,15,15,30,0,0,160,78,54,0,0,0,0,0,0,0,0,0,0,0,54,0,0,0,0,0,0,24,0,0,0,0,24,0,4,2,0,0,18,364,17,0,0,0,0,0,0,0,0,0,0,0,0,0,0,0,0,0,0,0,17,0,0,0,0,17,5,0,0,0,0,12,189,10,0,0,0,0,0,0,0,0,0,0,0,10,0,0,0,0,0,0,179,74,0,0,0,105,10,7,7,0,0,81,158,143,0,0,0,0,0,0,0,0,0,0,0,143,0,0,0,0,0,0,15,0,0,0,0,15,4,0,0,0,0,11
"G0100490","2010","AL","3","6","Alabama","01","DeKalb County","049",,,,,,,,,,,,,,,"22840","99999","999",,,,,,,,,,,,,,,,,"2012662359","4123588","DeKalb County","A","+34.4609290","-085.8039920","06","2",,71109,35113,459,528,494,545,529,518,537,505,518,558,546,529,492,493,516,533,531,539,483,472,462,407,391,399,369,455,395,445,466,478,460,435,450,471,476,512,454,471,482,521,550,495,480,474,473,481,470,438,536,479,488,471,491,476,486,497,416,413,449,387,417,441,418,448,315,328,332,361,293,265,244,203,236,209,206,190,175,146,162,154,135,110,96,85,65,58,46,45,40,36,15,19,9,8,4,11,4,3,3,4,0,0,0,35996,531,474,502,517,467,540,498,499,495,531,550,492,460,467,498,474,516,485,526,462,394,368,373,365,355,424,425,429,447,447,482,464,475,490,429,431,481,457,482,513,516,473,471,477,445,512,488,490,482,484,535,460,493,487,467,484,456,407,434,420,483,499,457,431,355,376,362,301,339,279,275,291,297,273,245,232,211,185,221,201,182,165,133,150,120,105,121,93,78,64,66,53,32,29,29,17,13,12,6,10,8,1,0,70327,34747,2553,2636,2576,1603,949,448,401,1137,2206,2250,2413,2447,2377,2388,2140,852,1172,655,902,1083,800,472,287,35580,2489,2559,2467,1474,987,394,367,1087,2162,2329,2356,2371,2442,2424,2188,972,1230,731,910,1344,1011,687,599,782,366,2,2,0,0,0,0,0,0,0,2,2,0,0,0,0,0,0,0,0,0,0,0,0,0,0,0,0,0,0,0,0,0,263,200,178,0,0,0,176,2,0,0,0,0,0,22,0,0,0,0,0,0,63,0,0,0,0,63,0,58,0,0,5,0,101,94,0,0,0,0,0,0,0,0,0,0,0,94,0,0,0,0,0,0,7,0,0,0,0,7,0,6,0,0,1,0,416,7,2,0,0,0,0,0,0,0,2,2,0,0,0,0,0,0,0,0,0,5,0,0,0,0,5,0,1,0,0,4,0,116,47,26,0,0,0,24,2,0,0,0,0,0,21,0,0,0,0,0,0,69,0,0,0,0,69,0,65,0,0,4,0,293,285,0,0,0,0,0,0,0,0,0,0,0,285,0,0,0,0,0,0,8,0,0,0,0,8,0,8,0,0,0,0
"G0100510","2010","AL","3","6","Alabama","01","Elmore County","051",,,,,,,,,,,,,,,"33860","99999","388",,,,,,,,,,,,,,,,,"1601867593","99862541","Elmore County","A","+32.5972286","-086.1427385","06","1",,79303,38689,491,466,521,473,500,527,509,507,524,592,548,510,552,503,541,571,562,647,568,554,578,559,537,530,475,492,452,463,514,493,541,538,513,494,562,571,492,522,563,614,591,553,516,545,566,605,633,572,609,595,607,579,583,585,537,497,511,483,449,431,447,462,485,473,349,352,361,375,286,268,260,238,227,212,199,191,146,164,132,121,123,76,88,79,79,65,44,38,31,30,25,20,9,6,4,1,1,4,1,0,1,0,0,40614,462,443,477,472,554,483,502,506,496,560,524,518,511,531,518,532,523,551,584,487,532,465,465,492,511,495,497,505,537,601,579,526,524,620,542,563,584,620,690,653,579,609,603,562,628,602,665,682,720,684,605,592,647,569,586,560,536,516,502,423,467,499,466,471,427,321,351,391,339,274,284,278,256,221,247,181,182,184,159,157,152,135,158,129,117,93,95,79,80,59,52,46,43,31,20,20,17,12,3,4,9,0,0,73820,35913,2451,2659,2654,1768,1007,443,410,1203,1969,2221,2444,2486,2800,2735,2304,888,1288,706,922,1122,740,427,266,37907,2408,2547,2602,1604,1016,468,443,1247,2238,2355,2720,2646,3033,2873,2502,932,1353,666,992,1263,831,631,537,5483,2776,12,12,10,0,0,10,0,0,0,2,2,0,0,0,0,0,0,0,0,0,0,0,0,0,0,0,0,0,0,0,0,0,2690,2685,2669,0,0,2669,0,0,0,2,2,0,0,14,0,0,0,0,0,0,5,0,0,0,0,5,0,5,0,0,0,0,74,74,18,0,0,18,0,0,0,0,0,0,0,56,0,0,0,0,0,0,0,0,0,0,0,0,0,0,0,0,0,0,2707,2,2,0,0,0,0,0,0,0,2,2,0,0,0,0,0,0,0,0,0,0,0,0,0,0,0,0,0,0,0,0,0,2446,2327,2314,0,0,2314,0,0,0,2,2,0,0,11,0,0,0,0,0,0,119,0,0,0,0,119,0,119,0,0,0,0,259,259,14,0,0,14,0,0,0,0,0,0,0,245,0,0,0,0,0,0,0,0,0,0,0,0,0,0,0,0,0,0
"G0100530","2010","AL","3","6","Alabama","01","Escambia County","053",,,,,,,,,,,,,,,"99999","99999","999",,,,,,,,,,,,,,,,,"2447746932","20873208","Escambia County","A","+31.1217475","-087.1684290","06","9",,38319,19766,253,244,213,245,221,234,232,211,238,246,229,229,243,238,242,254,282,234,299,251,252,229,215,241,303,234,282,257,267,302,327,317,315,295,263,305,305,296,315,340,279,273,262,270,341,300,284,301,280,305,337,301,312,327,271,261,280,243,253,233,226,221,222,215,182,172,202,178,162,148,167,174,135,141,101,92,96,86,107,94,68,68,47,56,31,31,23,16,22,14,22,9,6,2,8,3,3,0,1,1,2,1,0,18553,210,247,206,262,284,226,244,252,249,247,265,236,231,248,230,247,245,262,252,227,236,170,192,206,183,220,214,215,201,245,226,206,190,210,233,212,199,235,246,267,235,211,206,216,226,226,242,249,271,270,278,258,239,269,266,267,242,257,241,228,237,239,236,227,218,217,211,219,168,195,174,176,137,176,131,140,119,138,123,115,102,86,83,98,65,66,59,54,60,47,49,27,20,13,19,9,10,4,4,4,5,0,0,35120,16699,1176,1161,1181,768,530,231,203,570,887,937,1107,1021,1147,1270,1107,420,581,356,463,698,465,265,155,18421,1209,1218,1210,754,479,236,170,578,1094,1061,1153,1087,1256,1308,1229,475,678,426,579,786,623,414,398,3199,3067,2,2,2,0,0,0,2,0,0,0,0,0,0,0,0,0,0,0,0,0,0,0,0,0,0,0,0,0,0,0,0,0,2978,2971,2967,0,0,2577,144,246,0,0,0,0,0,4,0,0,0,0,0,0,7,0,0,0,0,7,0,7,0,0,0,0,87,85,62,0,0,62,0,0,0,0,0,0,0,23,0,0,0,0,0,0,2,0,0,0,0,2,0,2,0,0,0,0,132,0,0,0,0,0,0,0,0,0,0,0,0,0,0,0,0,0,0,0,0,0,0,0,0,0,0,0,0,0,0,0,0,35,26,20,0,0,2,17,1,0,0,0,0,0,6,0,0,0,0,0,0,9,0,0,0,0,9,0,9,0,0,0,0,97,86,0,0,0,0,0,0,0,0,0,0,0,86,0,0,0,0,0,0,11,0,0,0,0,11,0,11,0,0,0,0
"G0100550","2010","AL","3","6","Alabama","01","Etowah County","055",,,,,,,,,,,,,,,"23460","99999","999",,,,,,,,,,,,,,,,,"1385618994","35322991","Etowah County","A","+34.0476377","-086.0344203","06","1",,104430,50626,681,624,588,676,600,647,599,720,681,735,701,710,762,655,727,751,728,795,754,740,751,622,541,590,560,587,553,584,628,613,582,552,570,557,634,646,618,704,721,733,760,695,678,680,694,748,656,702,702,740,755,691,760,767,740,714,696,687,755,657,664,647,761,718,495,516,483,517,436,410,406,354,359,317,322,319,256,256,225,225,227,196,161,161,126,121,112,89,65,49,47,30,16,11,14,10,4,3,0,0,1,0,0,53804,602,557,578,649,585,588,610,605,660,695,673,682,671,672,652,701,706,720,648,681,651,589,589,550,627,622,572,607,618,638,643,640,633,618,595,638,736,694,697,744,758,699,688,661,712,762,683,714,777,776,761,799,795,804,762,785,759,733,741,730,771,771,757,752,554,551,551,595,501,468,523,488,449,410,441,373,351,352,362,358,356,323,307,273,268,258,199,184,142,134,116,93,69,42,53,25,21,8,7,7,6,0,0,102345,49405,3166,3378,3547,2200,1382,697,565,1603,2835,2774,3303,3419,3466,3647,3454,1294,1951,985,1347,1738,1256,847,551,52940,2969,3156,3348,2105,1262,617,572,1715,3003,3079,3467,3483,3675,3887,3728,1529,2047,1088,1546,2275,1743,1453,1193,2085,1221,89,73,5,0,0,0,5,0,0,68,4,64,0,0,0,0,0,0,0,0,16,8,0,0,0,8,0,0,0,0,0,8,1012,684,599,0,0,0,599,0,0,12,4,8,0,73,0,0,0,0,0,0,328,181,0,0,0,147,12,46,34,0,0,55,120,110,0,0,0,0,0,0,0,0,0,0,0,110,0,0,0,0,0,0,10,0,0,0,0,10,0,2,0,0,0,8,864,28,9,0,0,0,0,0,0,0,9,0,9,0,0,0,0,0,0,0,0,19,14,0,0,0,5,0,0,1,0,0,4,470,247,180,0,0,0,180,0,0,4,4,0,0,63,0,0,0,0,0,0,223,138,0,0,0,85,2,11,31,0,0,41,366,356,0,0,0,0,0,0,0,0,0,0,0,356,0,0,0,0,0,0,10,0,0,0,0,10,0,7,0,0,0,3
"G0100570","2010","AL","3","6","Alabama","01","Fayette County","057",,,,,,,,,,,,,,,"99999","99999","999",,,,,,,,,,,,,,,,,"1625631609","4392821","Fayette County","A","+33.7322485","-087.7520486","06","9",,17241,8507,116,113,99,99,110,104,101,115,93,107,123,133,120,115,127,131,129,119,139,143,121,102,91,85,70,79,89,88,89,88,92,92,76,98,89,86,96,88,114,122,117,104,94,112,120,108,126,120,166,120,140,102,118,103,145,139,129,120,107,129,134,123,113,122,70,97,114,93,76,75,94,81,84,56,58,64,46,52,37,43,48,40,32,20,26,21,13,13,12,7,8,13,2,3,5,1,0,0,0,0,1,0,0,8734,98,93,86,96,87,85,96,91,95,112,92,106,97,120,113,91,112,113,133,101,105,71,76,89,114,99,72,105,85,79,84,91,89,115,84,84,97,106,97,125,121,115,94,113,110,127,122,137,137,122,126,140,149,129,118,104,140,116,155,113,142,114,135,124,98,94,99,119,104,85,103,89,86,81,80,66,52,87,64,66,45,45,52,48,42,44,22,29,29,29,20,16,15,5,11,4,7,4,1,3,3,0,0,16950,8368,537,520,618,378,268,111,95,242,421,433,498,538,628,599,612,257,300,209,241,372,235,164,92,8582,460,479,528,316,224,103,69,278,437,459,507,550,640,657,620,254,355,190,305,426,319,206,200,291,139,1,1,1,0,0,0,1,0,0,0,0,0,0,0,0,0,0,0,0,0,0,0,0,0,0,0,0,0,0,0,0,0,116,53,50,0,0,0,50,0,0,0,0,0,0,3,0,0,0,0,0,0,63,31,0,0,0,32,4,28,0,0,0,0,22,17,0,0,0,0,0,0,0,0,0,0,0,17,0,0,0,0,0,0,5,0,0,0,0,5,0,5,0,0,0,0,152,0,0,0,0,0,0,0,0,0,0,0,0,0,0,0,0,0,0,0,0,0,0,0,0,0,0,0,0,0,0,0,0,49,19,11,0,0,0,11,0,0,0,0,0,0,8,0,0,0,0,0,0,30,12,0,0,0,18,0,18,0,0,0,0,103,92,0,0,0,0,0,0,0,0,0,0,0,92,0,0,0,0,0,0,11,0,0,0,0,11,6,5,0,0,0,0
"G0100590","2010","AL","3","6","Alabama","01","Franklin County","059",,,,,,,,,,,,,,,"99999","99999","999",,,,,,,,,,,,,,,,,"1641587713","32897905","Franklin County","A","+34.4419884","-087.8428147","06","9",,31704,15828,250,202,252,230,232,206,225,215,208,246,226,207,235,218,211,228,214,225,254,210,238,216,179,218,227,217,199,205,189,221,220,206,234,189,183,203,209,223,242,223,225,184,201,223,222,224,217,204,231,199,230,225,189,221,220,187,185,184,172,190,167,177,216,179,127,139,157,144,139,120,124,113,108,116,99,85,101,76,81,75,57,56,51,43,37,32,28,27,22,13,15,11,9,5,4,2,2,1,1,1,0,0,0,15876,240,214,231,193,222,195,198,211,230,227,194,189,203,191,219,217,233,230,207,205,161,181,162,185,179,195,204,160,190,199,218,180,188,190,207,208,207,197,204,227,201,201,194,174,218,213,206,235,210,213,205,219,221,215,188,226,235,187,189,197,201,169,172,202,163,153,166,183,175,131,156,146,142,122,123,104,119,104,96,89,95,87,67,73,77,70,33,44,32,35,33,19,13,11,16,8,1,3,2,2,1,0,0,31432,15683,1166,1100,1097,667,457,238,208,614,1014,1017,1082,1043,1070,1079,913,343,521,294,400,552,412,236,160,15749,1100,1061,996,680,412,159,181,524,942,981,1042,984,1076,1048,1028,368,537,315,483,680,498,377,277,272,145,0,0,0,0,0,0,0,0,0,0,0,0,0,0,0,0,0,0,0,0,0,0,0,0,0,0,0,0,0,0,0,0,105,78,74,0,0,0,74,0,0,0,0,0,0,4,0,0,0,0,0,0,27,0,0,0,0,27,0,10,17,0,0,0,40,40,0,0,0,0,0,0,0,0,0,0,0,40,0,0,0,0,0,0,0,0,0,0,0,0,0,0,0,0,0,0,127,0,0,0,0,0,0,0,0,0,0,0,0,0,0,0,0,0,0,0,0,0,0,0,0,0,0,0,0,0,0,0,0,26,19,14,0,0,0,14,0,0,0,0,0,0,5,0,0,0,0,0,0,7,0,0,0,0,7,0,4,3,0,0,0,101,101,0,0,0,0,0,0,0,0,0,0,0,101,0,0,0,0,0,0,0,0,0,0,0,0,0,0,0,0,0,0
"G0100610","2010","AL","3","6","Alabama","01","Geneva County","061",,,,,,,,,,,,,,,"20020","99999","222",,,,,,,,,,,,,,,,,"1487710425","11765293","Geneva County","A","+31.0908664","-085.8243464","06","1",,26790,13105,152,150,186,158,170,162,145,181,171,170,164,161,179,190,188,185,196,184,196,184,135,152,134,145,142,158,121,126,140,155,154,165,133,137,152,134,163,146,180,148,172,180,178,170,197,221,204,190,202,196,203,167,188,188,222,221,183,178,176,168,190,210,161,186,156,185,158,132,120,112,120,97,110,95,107,83,83,76,75,66,58,50,55,42,27,30,22,33,11,10,18,8,4,2,8,2,5,1,0,0,1,0,0,13685,145,132,151,186,146,148,152,163,165,187,147,166,155,169,157,170,183,177,171,142,174,125,153,170,168,145,138,136,136,137,139,136,157,146,150,159,142,157,176,194,202,195,163,185,171,201,174,192,206,182,197,189,243,201,190,191,197,192,183,169,193,195,200,202,154,164,166,167,138,139,163,122,128,125,138,84,108,105,83,93,95,81,81,72,63,59,53,48,31,23,25,33,21,16,9,14,6,9,3,1,2,0,0,26561,13000,816,829,882,565,379,133,151,418,688,732,767,895,1005,956,925,400,498,339,361,525,372,224,140,13561,760,815,794,530,312,174,125,491,690,725,827,915,953,1020,930,384,553,330,440,672,459,366,296,229,105,0,0,0,0,0,0,0,0,0,0,0,0,0,0,0,0,0,0,0,0,0,0,0,0,0,0,0,0,0,0,0,0,60,60,46,0,0,0,46,0,0,0,0,0,0,14,0,0,0,0,0,0,0,0,0,0,0,0,0,0,0,0,0,0,45,45,0,0,0,0,0,0,0,0,0,0,0,45,0,0,0,0,0,0,0,0,0,0,0,0,0,0,0,0,0,0,124,0,0,0,0,0,0,0,0,0,0,0,0,0,0,0,0,0,0,0,0,0,0,0,0,0,0,0,0,0,0,0,0,19,19,7,0,0,0,7,0,0,0,0,0,0,12,0,0,0,0,0,0,0,0,0,0,0,0,0,0,0,0,0,0,105,105,0,0,0,0,0,0,0,0,0,0,0,105,0,0,0,0,0,0,0,0,0,0,0,0,0,0,0,0,0,0
"G0100630","2010","AL","3","6","Alabama","01","Greene County","063",,,,,,,,,,,,,,,"46220","99999","999",,,,,,,,,,,,,,,,,"1676007032","33231212","Greene County","A","+32.8444965","-087.9642005","06","1",,9045,4271,59,65,45,47,61,68,57,55,59,65,58,65,75,72,67,69,68,77,96,88,60,46,48,47,49,52,38,47,50,41,50,51,32,19,40,45,44,46,37,46,41,30,46,42,48,39,46,52,66,59,76,61,55,84,71,76,76,56,88,71,71,52,69,47,31,32,39,38,46,33,47,22,34,31,32,20,19,29,22,12,20,20,24,24,10,17,8,8,5,8,1,7,2,0,0,1,0,0,0,0,3,0,0,4774,47,58,70,56,47,51,56,62,55,56,63,61,60,61,50,78,70,61,63,68,58,48,66,41,43,61,43,51,58,53,45,38,49,33,52,54,33,31,57,56,54,48,51,67,50,79,59,84,66,63,85,94,77,86,85,81,90,76,74,80,83,69,67,58,45,51,57,49,34,39,34,46,32,31,32,33,30,29,33,28,25,25,36,31,28,21,13,10,15,12,12,3,8,6,8,6,6,2,6,4,5,0,0,9000,4253,277,304,337,214,184,60,46,144,228,192,218,207,262,347,367,123,145,71,114,165,100,91,57,4747,278,280,295,209,131,58,48,150,266,217,231,270,351,427,399,152,169,108,122,174,150,142,120,45,18,0,0,0,0,0,0,0,0,0,0,0,0,0,0,0,0,0,0,0,0,0,0,0,0,0,0,0,0,0,0,0,0,2,2,0,0,0,0,0,0,0,0,0,0,0,2,0,0,0,0,0,0,0,0,0,0,0,0,0,0,0,0,0,0,16,16,0,0,0,0,0,0,0,0,0,0,0,16,0,0,0,0,0,0,0,0,0,0,0,0,0,0,0,0,0,0,27,0,0,0,0,0,0,0,0,0,0,0,0,0,0,0,0,0,0,0,0,0,0,0,0,0,0,0,0,0,0,0,0,3,3,0,0,0,0,0,0,0,0,0,0,0,3,0,0,0,0,0,0,0,0,0,0,0,0,0,0,0,0,0,0,24,23,0,0,0,0,0,0,0,0,0,0,0,23,0,0,0,0,0,0,1,0,0,0,0,1,0,0,0,0,0,1
"G0100650","2010","AL","3","6","Alabama","01","Hale County","065",,,,,,,,,,,,,,,"46220","99999","999",,,,,,,,,,,,,,,,,"1667803914","32525967","Hale County","A","+32.7527958","-087.6230608","06","1",,15760,7466,107,95,93,83,87,112,82,101,83,104,119,131,124,123,118,133,107,141,146,96,103,91,91,84,81,82,69,90,80,86,98,75,71,80,72,78,71,81,85,88,82,86,83,70,84,125,114,107,111,130,124,119,112,122,118,103,100,123,101,117,130,87,97,109,73,81,66,91,60,63,50,46,58,42,43,42,33,31,40,38,31,25,32,24,16,17,10,9,15,6,10,10,1,2,4,0,0,2,0,0,0,0,0,8294,95,94,92,95,113,81,105,99,95,107,117,134,115,112,137,126,143,112,105,116,86,86,96,88,92,108,88,77,95,86,108,103,97,83,72,104,95,98,100,85,83,95,91,97,127,141,127,146,149,120,144,114,121,132,116,132,118,101,142,105,86,96,102,113,84,64,79,69,82,79,58,65,52,67,77,40,65,56,44,48,49,47,43,31,29,50,27,22,23,18,19,10,8,3,18,6,9,3,2,5,5,0,0,15426,7237,465,482,615,381,240,101,87,249,379,374,379,380,564,578,525,214,271,144,211,225,178,119,76,8189,489,487,615,381,220,85,86,276,446,463,481,492,682,623,596,181,298,137,227,310,244,181,189,334,229,0,0,0,0,0,0,0,0,0,0,0,0,0,0,0,0,0,0,0,0,0,0,0,0,0,0,0,0,0,0,0,0,184,174,158,0,0,0,158,0,0,0,0,0,0,16,0,0,0,0,0,0,10,0,0,0,0,10,0,0,0,0,10,0,45,39,2,0,0,0,2,0,0,0,0,0,0,37,0,0,0,0,0,0,6,0,0,0,0,6,0,0,0,0,6,0,105,0,0,0,0,0,0,0,0,0,0,0,0,0,0,0,0,0,0,0,0,0,0,0,0,0,0,0,0,0,0,0,0,21,21,7,0,0,0,7,0,0,0,0,0,0,14,0,0,0,0,0,0,0,0,0,0,0,0,0,0,0,0,0,0,84,84,0,0,0,0,0,0,0,0,0,0,0,84,0,0,0,0,0,0,0,0,0,0,0,0,0,0,0,0,0,0
"G0100670","2010","AL","3","6","Alabama","01","Henry County","067",,,,,,,,,,,,,,,"20020","99999","222",,,,,,,,,,,,,,,,,"1454926258","16986789","Henry County","A","+31.5169779","-085.2399712","06","1",,17302,8302,90,71,113,103,98,112,123,102,111,115,114,127,114,134,101,128,129,119,89,93,83,80,77,78,83,96,69,79,72,101,98,106,102,92,79,99,106,102,118,121,103,109,90,106,95,127,104,111,118,123,122,123,128,142,127,123,111,106,115,127,131,127,147,139,109,96,96,110,97,84,51,77,84,73,68,51,46,44,47,27,31,34,26,43,24,17,16,15,13,9,9,3,5,5,5,3,0,0,0,1,2,0,0,9000,88,90,88,104,92,85,103,111,112,102,116,126,102,102,103,124,125,141,96,94,79,74,94,81,98,85,83,90,98,89,118,79,101,108,119,95,121,118,100,122,96,123,81,110,118,158,123,115,126,126,123,107,120,156,117,139,146,134,148,138,147,158,124,159,120,116,110,106,96,89,75,78,80,89,73,63,67,46,66,47,53,61,42,34,32,48,53,39,31,33,21,16,17,6,6,7,8,8,7,4,5,0,0,17103,8218,475,563,590,376,181,81,77,233,405,469,541,500,577,640,581,257,395,190,286,349,209,144,99,8885,462,513,544,380,190,79,74,273,445,523,553,528,647,621,705,305,403,226,291,395,279,206,243,199,84,0,0,0,0,0,0,0,0,0,0,0,0,0,0,0,0,0,0,0,0,0,0,0,0,0,0,0,0,0,0,0,0,49,49,49,0,0,0,49,0,0,0,0,0,0,0,0,0,0,0,0,0,0,0,0,0,0,0,0,0,0,0,0,0,35,35,0,0,0,0,0,0,0,0,0,0,0,35,0,0,0,0,0,0,0,0,0,0,0,0,0,0,0,0,0,0,115,15,15,0,0,0,0,0,0,0,15,15,0,0,0,0,0,0,0,0,0,0,0,0,0,0,0,0,0,0,0,0,0,8,8,6,0,0,0,6,0,0,0,0,0,0,2,0,0,0,0,0,0,0,0,0,0,0,0,0,0,0,0,0,0,92,92,0,0,0,0,0,0,0,0,0,0,0,92,0,0,0,0,0,0,0,0,0,0,0,0,0,0,0,0,0,0
"G0100690","2010","AL","3","6","Alabama","01","Houston County","069",,,,,,,,,,,,,,,"20020","99999","222",,,,,,,,,,,,,,,,,"1501737720","4739984","Houston County","A","+31.1581928","-085.2963976","06","1",,101547,48740,685,630,714,712,738,704,759,712,704,791,731,682,734,705,676,719,689,695,694,603,550,563,546,583,613,588,681,626,656,627,630,556,605,590,591,570,624,635,630,733,672,579,649,635,644,711,741,684,689,714,727,716,728,743,667,640,648,669,627,505,598,592,623,574,493,477,477,442,383,331,328,350,334,290,289,244,272,237,244,193,214,159,167,133,116,91,85,80,60,40,39,36,27,17,13,7,7,5,4,3,4,0,0,52807,653,602,675,664,658,616,712,673,660,720,717,666,673,670,682,629,728,748,630,555,627,536,614,670,684,677,673,657,686,708,627,654,676,671,687,685,635,677,727,739,713,691,648,666,668,763,793,739,801,720,819,766,766,739,735,720,767,734,684,654,634,668,627,647,527,566,478,558,475,407,402,425,393,385,378,366,339,315,323,294,257,270,259,235,192,201,154,138,142,125,87,69,63,50,36,22,29,12,10,7,14,1,0,100131,47904,3477,3664,3493,2056,1276,535,547,1688,3060,2883,3116,3124,3474,3505,3064,1185,1676,949,1147,1575,1168,755,487,52227,3251,3379,3386,2066,1175,626,536,1952,3385,3290,3450,3372,3802,3814,3541,1301,1791,1039,1430,1968,1589,1136,948,1416,836,90,76,0,0,0,0,0,0,0,28,13,0,15,0,48,34,14,0,0,0,14,0,0,0,0,14,0,0,0,0,0,14,629,497,475,0,0,0,382,93,0,6,6,0,0,11,5,4,1,0,0,0,132,0,0,0,0,132,17,65,24,0,0,26,117,107,2,0,0,0,0,2,0,0,0,0,0,105,0,0,0,0,0,0,10,0,0,0,0,10,0,0,5,0,1,4,580,64,55,0,0,0,0,0,0,0,24,18,0,6,0,31,30,1,0,0,0,9,0,0,0,0,9,1,0,0,0,0,8,149,93,76,0,0,0,57,19,0,5,5,0,0,8,4,4,0,0,0,0,56,0,0,0,0,56,5,25,15,0,1,10,367,360,0,0,0,0,0,0,0,0,0,0,0,360,0,0,0,0,0,0,7,0,0,0,0,7,3,2,2,0,0,0
"G0100710","2010","AL","3","6","Alabama","01","Jackson County","071",,,,,,,,,,,,,,,"42460","99999","999",,,,,,,,,,,,,,,,,"2791664869","126657194","Jackson County","A","+34.7635224","-085.9774003","06","2",,53227,26139,294,300,308,321,312,351,327,311,340,376,358,357,376,367,369,353,350,391,395,357,342,261,255,268,257,319,246,285,249,291,330,268,298,302,322,350,326,381,355,361,376,359,354,379,330,337,386,405,389,365,469,381,419,412,399,385,383,386,351,324,355,337,376,351,287,284,323,333,271,263,224,245,235,191,181,162,133,127,123,118,110,99,78,78,56,57,41,44,25,22,10,3,3,6,12,2,3,2,0,0,1,0,0,27088,283,272,319,281,285,305,327,321,322,353,354,327,338,346,354,305,381,351,327,338,295,276,232,261,271,262,270,305,300,295,315,293,317,291,345,330,330,383,374,397,354,319,321,369,331,408,361,384,389,429,393,400,424,417,414,432,384,411,358,371,373,367,432,381,327,351,314,385,246,270,251,244,252,225,235,250,172,168,164,161,140,138,122,106,124,97,75,89,60,59,37,42,30,24,26,13,19,9,2,4,4,0,0,52630,25860,1535,1705,1824,1072,740,333,260,768,1373,1496,1748,1781,1867,2061,1812,678,1004,601,854,1067,653,411,217,26770,1440,1627,1710,1022,662,294,275,755,1424,1549,1804,1686,1963,2034,1945,736,1129,658,890,1191,878,601,497,597,279,25,25,0,0,0,0,0,0,0,25,1,24,0,0,0,0,0,0,0,0,0,0,0,0,0,0,0,0,0,0,0,0,192,140,120,0,0,0,120,0,0,5,0,5,0,15,0,0,0,0,0,0,52,0,0,0,0,52,0,52,0,0,0,0,62,54,0,0,0,0,0,0,0,0,0,0,0,54,0,0,0,0,0,0,8,0,0,0,0,8,0,8,0,0,0,0,318,25,24,0,0,0,0,0,0,0,24,7,17,0,0,0,0,0,0,0,0,1,0,0,0,0,1,0,0,0,0,1,0,100,51,30,0,0,0,30,0,0,2,2,0,0,19,0,0,0,0,0,0,49,0,0,0,0,49,0,47,0,0,2,0,193,177,0,0,0,0,0,0,0,0,0,0,0,177,0,0,0,0,0,0,16,0,0,0,0,16,0,16,0,0,0,0
"G0100730","2010","AL","3","6","Alabama","01","Jefferson County","073",,,,,,,,,,,,,,,"13820","99999","142",,,,,,,,,,,,,,,,,"2878192209","32474487","Jefferson County","A","+33.5534439","-086.8965359","06","1",,658466,311813,4529,4507,4518,4461,4298,4221,4220,4133,4302,4335,4409,4287,4429,4214,4380,4332,4546,4526,4542,4622,4507,4269,4278,4554,4690,4733,4597,4748,4488,4658,4770,4294,4335,4156,3897,4055,3840,3941,4275,4415,4240,3956,3800,3711,4057,4290,4345,4442,4442,4486,4817,4462,4567,4611,4443,4497,4279,4134,4178,3749,3805,3610,3519,3331,2504,2458,2448,2397,2048,1934,1800,1695,1661,1435,1441,1410,1257,1253,1180,1107,1138,1060,974,932,820,728,622,493,510,379,292,204,159,133,87,70,32,30,17,8,12,3,0,346653,4395,4148,4461,4281,4299,4103,4116,4052,4115,4305,4282,4216,4150,3931,4075,4191,4375,4386,4475,4667,4531,4660,4601,5051,5264,5051,5110,4993,5074,5081,5099,4751,4684,4466,4312,4228,4154,4372,4358,4653,4553,4273,4170,4190,4352,4697,4792,4880,4977,5109,5212,5085,5306,5154,5116,5103,4880,4878,4525,4479,4296,4174,4032,3851,2837,2829,2902,2937,2634,2447,2408,2312,2264,2145,2078,2103,1865,1856,1989,1936,1923,1823,1834,1664,1503,1412,1275,1101,960,854,707,566,460,371,293,215,167,107,85,64,120,7,0,642692,303556,22261,21172,21662,13267,7968,3849,3794,12866,22634,20863,20047,19217,21424,22320,20424,7305,9227,4822,6294,7861,6068,4713,3498,339136,21563,20679,20605,12818,7485,3711,4066,14596,25141,23124,21596,21359,24257,25666,23678,8381,10618,5680,7905,10999,9437,8240,7532,15774,8257,285,172,10,0,0,0,10,0,0,127,14,41,72,0,35,35,0,0,0,0,113,1,0,0,0,112,58,1,0,0,0,53,7001,2855,2530,0,0,1507,1023,0,0,12,5,7,0,258,55,34,21,0,0,0,4146,2387,0,0,0,1759,368,614,248,0,23,506,971,855,30,0,0,25,5,0,0,0,0,0,0,817,8,1,7,0,0,0,116,0,0,0,0,116,2,47,27,0,28,12,7517,216,139,0,0,0,0,0,0,0,110,13,16,81,0,29,28,1,0,0,0,77,4,0,0,0,73,28,0,26,0,0,19,4878,741,438,0,0,282,156,0,0,9,1,4,4,246,48,40,8,0,0,0,4137,3335,0,0,0,802,125,169,343,0,11,154,2423,2243,0,0,0,0,0,0,0,0,0,0,0,2234,9,7,2,0,0,0,180,0,0,0,0,180,0,19,93,0,63,5
"G0100750","2010","AL","3","6","Alabama","01","Lamar County","075",,,,,,,,,,,,,,,"99999","99999","999",,,,,,,,,,,,,,,,,"1566544654","1600679","Lamar County","A","+33.7870852","-088.0874309","06","9",,14564,7097,85,84,99,83,91,82,80,95,94,102,99,100,80,111,103,82,103,65,84,82,80,91,78,65,75,66,64,61,71,73,58,88,77,73,75,89,86,75,90,87,99,92,88,95,84,101,119,111,115,108,100,122,91,121,120,116,97,122,94,109,105,106,88,105,94,85,101,79,61,62,84,68,67,64,58,63,56,53,39,22,30,38,24,20,25,13,9,14,7,6,2,3,5,1,5,2,1,1,0,1,0,0,0,7467,63,70,99,90,97,95,87,86,85,86,89,83,96,76,96,87,104,100,82,76,85,72,69,67,49,85,61,67,75,60,81,64,91,99,77,87,97,91,104,95,105,78,72,111,89,98,92,117,93,112,114,130,111,106,129,106,114,73,121,94,104,103,121,96,92,71,94,87,77,82,88,94,78,71,76,66,64,60,65,46,58,50,45,44,46,36,27,14,22,20,22,18,9,9,6,5,2,5,1,1,2,2,0,14347,6989,442,453,493,249,163,78,90,208,322,365,425,444,543,550,535,206,284,183,200,333,226,135,62,7358,419,439,440,291,157,85,72,185,347,412,473,453,511,583,505,207,305,164,243,394,283,229,161,217,108,1,1,1,0,0,0,1,0,0,0,0,0,0,0,0,0,0,0,0,0,0,0,0,0,0,0,0,0,0,0,0,0,77,64,49,0,0,0,49,0,0,0,0,0,0,15,0,0,0,0,0,0,13,0,0,0,0,13,0,13,0,0,0,0,30,30,0,0,0,0,0,0,0,0,0,0,0,30,0,0,0,0,0,0,0,0,0,0,0,0,0,0,0,0,0,0,109,0,0,0,0,0,0,0,0,0,0,0,0,0,0,0,0,0,0,0,0,0,0,0,0,0,0,0,0,0,0,0,0,20,14,2,0,0,0,2,0,0,0,0,0,0,12,0,0,0,0,0,0,6,0,0,0,0,6,0,6,0,0,0,0,89,88,0,0,0,0,0,0,0,0,0,0,0,88,0,0,0,0,0,0,1,0,0,0,0,1,0,1,0,0,0,0
"G0100770","2010","AL","3","6","Alabama","01","Lauderdale County","077",,,,,,,,,,,,,,,"22520","99999","999",,,,,,,,,,,,,,,,,"1729327931","138027479","Lauderdale County","A","+34.9041221","-087.6509966","06","1",,92709,44379,480,530,482,559,489,530,533,544,567,576,552,601,563,579,572,645,625,622,676,769,779,735,700,708,644,583,574,516,486,510,513,458,552,460,418,493,511,527,568,578,621,560,510,568,626,609,651,627,605,628,647,629,653,614,635,644,646,606,554,605,570,569,602,596,407,464,452,466,417,442,400,357,325,306,297,301,277,217,238,240,206,173,169,142,154,118,103,77,71,51,35,24,14,12,15,10,5,4,0,0,7,1,0,48330,510,514,540,559,495,545,533,507,544,587,564,596,566,558,567,597,542,609,710,904,794,825,701,625,577,569,493,529,531,537,543,496,478,490,488,511,538,540,606,658,604,564,588,615,626,702,675,626,697,703,681,712,754,725,707,680,623,644,700,593,602,652,660,683,475,501,519,559,469,446,476,414,403,376,431,392,339,342,343,300,281,299,271,254,222,192,176,177,160,131,111,84,68,59,49,33,34,16,14,5,17,0,0,90818,43613,2540,2750,2864,1884,1215,678,678,1955,2637,2370,2642,2867,3104,3164,3038,1135,1600,912,1318,1676,1260,818,508,47205,2617,2712,2844,1741,1277,641,738,1835,2639,2486,2845,2988,3402,3569,3232,1247,1809,1013,1464,2078,1677,1245,1106,1891,766,11,9,0,0,0,0,0,0,0,9,6,3,0,0,0,0,0,0,0,0,2,1,0,0,0,1,1,0,0,0,0,0,657,143,116,0,0,0,116,0,0,3,2,1,0,24,0,0,0,0,0,0,514,468,0,0,0,46,6,22,16,0,2,0,98,90,0,0,0,0,0,0,0,0,0,0,0,90,0,0,0,0,0,0,8,0,0,0,0,8,0,8,0,0,0,0,1125,19,14,0,0,0,0,0,0,0,14,0,6,8,0,0,0,0,0,0,0,5,0,0,0,0,5,5,0,0,0,0,0,726,53,28,0,0,0,28,0,0,2,1,1,0,23,0,0,0,0,0,0,673,631,0,0,0,42,6,25,11,0,0,0,380,348,0,0,0,0,0,0,0,0,0,0,0,348,0,0,0,0,0,0,32,0,0,0,0,32,3,25,0,0,4,0
"G0100790","2010","AL","3","6","Alabama","01","Lawrence County","079",,,,,,,,,,,,,,,"19460","99999","290",,,,,,,,,,,,,,,,,"1788846568","68688464","Lawrence County","A","+34.5297759","-087.3218651","06","1",,34339,16791,211,212,197,246,206,204,194,215,209,242,220,235,247,198,229,249,241,297,251,217,220,198,183,191,186,170,206,192,175,205,209,160,220,183,183,180,220,224,221,233,256,266,236,242,255,284,261,285,286,262,269,260,255,257,248,249,257,214,192,214,229,225,213,224,182,143,185,165,175,141,166,125,137,101,111,86,66,70,84,73,64,41,51,38,25,26,31,23,16,13,12,4,4,3,4,3,3,1,1,0,0,0,0,17548,221,191,228,219,225,212,204,189,209,241,187,219,193,212,221,271,246,224,234,207,213,197,216,167,192,158,203,195,177,196,190,199,158,217,199,176,223,225,246,277,260,240,253,248,249,303,285,304,300,278,293,277,263,275,236,239,257,227,209,211,257,226,221,244,208,222,208,195,170,146,157,127,146,115,99,122,118,90,99,95,101,78,54,66,76,41,51,49,43,33,23,17,14,15,14,8,9,3,2,1,1,0,0,34110,16669,1072,1064,1129,787,459,220,197,551,937,943,1070,1242,1366,1281,1124,449,618,328,479,636,375,211,131,17441,1084,1055,1032,741,440,213,197,572,924,962,1144,1247,1467,1344,1137,481,673,422,508,641,514,358,285,229,122,0,0,0,0,0,0,0,0,0,0,0,0,0,0,0,0,0,0,0,0,0,0,0,0,0,0,0,0,0,0,0,0,91,91,85,0,0,0,85,0,0,0,0,0,0,6,0,0,0,0,0,0,0,0,0,0,0,0,0,0,0,0,0,0,31,31,2,0,0,0,2,0,0,0,0,0,0,29,0,0,0,0,0,0,0,0,0,0,0,0,0,0,0,0,0,0,107,0,0,0,0,0,0,0,0,0,0,0,0,0,0,0,0,0,0,0,0,0,0,0,0,0,0,0,0,0,0,0,0,27,27,21,0,0,0,21,0,0,0,0,0,0,6,0,0,0,0,0,0,0,0,0,0,0,0,0,0,0,0,0,0,80,80,0,0,0,0,0,0,0,0,0,0,0,80,0,0,0,0,0,0,0,0,0,0,0,0,0,0,0,0,0,0
"G0100810","2010","AL","3","6","Alabama","01","Lee County","081",,,,,,,,,,,,,,,"12220","99999","194",,,,,,,,,,,,,,,,,"1573510728","21530362","Lee County","A","+32.6040644","-085.3530477","06","1",,140247,69126,908,800,911,923,914,900,856,890,824,924,906,906,893,901,889,881,929,945,1420,2406,2580,2607,2342,1870,1469,1245,1134,1091,961,999,898,855,855,799,822,820,729,814,865,948,920,828,829,787,832,905,867,840,847,859,874,807,782,790,818,724,703,646,657,618,608,649,652,618,488,456,487,454,358,348,309,318,262,277,245,269,203,210,209,179,160,133,120,106,76,76,54,50,53,39,25,13,21,9,11,10,2,2,1,2,1,1,0,71121,878,818,862,850,823,831,781,776,810,863,962,801,925,899,906,867,888,951,1494,2404,2565,2541,2231,1589,1301,1193,1131,1020,957,944,949,923,885,835,851,875,869,899,941,961,946,881,858,826,833,906,847,898,897,926,901,839,859,838,846,811,773,729,757,706,674,654,686,711,503,495,482,485,426,416,386,341,366,331,285,289,268,260,236,255,210,197,191,163,158,146,139,113,104,99,85,56,50,38,22,31,13,11,5,3,10,2,0,135837,67133,4456,4394,4495,2750,2762,2337,2447,5535,5360,4172,4140,4156,4276,4050,3331,1247,1746,940,1153,1393,1054,586,353,68704,4230,4061,4493,2699,2367,2193,2433,5075,5231,4430,4534,4338,4466,4274,3766,1325,1887,967,1315,1679,1265,873,803,4410,1993,5,5,4,0,0,0,4,0,0,1,0,1,0,0,0,0,0,0,0,0,0,0,0,0,0,0,0,0,0,0,0,0,1918,311,290,0,0,0,290,0,0,2,0,2,0,19,0,0,0,0,0,0,1607,1539,0,0,0,68,12,43,13,0,0,0,70,49,0,0,0,0,0,0,0,0,0,0,0,49,0,0,0,0,0,0,21,0,0,0,0,21,3,2,16,0,0,0,2417,8,3,0,0,0,0,0,0,0,3,0,3,0,0,0,0,0,0,0,0,5,3,0,0,0,2,2,0,0,0,0,0,2144,59,37,0,0,0,37,0,0,3,0,3,0,19,0,0,0,0,0,0,2085,2041,0,0,0,44,10,18,16,0,0,0,265,184,0,0,0,0,0,0,0,0,0,0,0,184,0,0,0,0,0,0,81,0,0,0,0,81,2,3,76,0,0,0
"G0100830","2010","AL","3","6","Alabama","01","Limestone County","083",,,,,,,,,,,,,,,"26620","99999","290",,,,,,,,,,,,,,,,,"1450228326","122381869","Limestone County","A","+34.8102387","-086.9813995","06","1",,82782,41910,505,589,536,588,526,558,506,505,562,618,614,591,573,595,560,591,560,562,499,470,523,470,471,513,529,568,550,588,585,595,550,600,600,580,603,620,576,575,640,662,701,633,617,631,697,714,658,739,723,720,690,646,620,674,579,578,505,478,514,478,478,466,500,465,383,383,362,371,293,294,266,274,241,217,235,214,186,146,156,128,115,104,83,74,71,86,49,50,28,30,19,20,2,4,7,5,1,1,1,0,1,0,0,40872,533,510,497,538,530,498,508,542,518,599,565,530,580,581,497,589,528,577,535,406,439,410,397,467,488,490,488,528,575,548,525,477,606,498,497,500,528,564,611,613,595,570,593,628,661,671,631,657,612,637,635,590,573,638,560,560,569,526,494,464,482,497,531,505,413,379,381,364,349,338,311,280,292,245,254,234,225,196,215,189,179,159,122,143,127,118,91,80,92,68,60,37,33,25,34,18,9,1,13,3,5,1,0,79875,39303,2744,2749,2927,1697,960,497,422,1360,2525,2535,2681,2893,3255,2990,2427,913,1312,723,947,1207,810,440,289,40572,2608,2662,2748,1686,939,439,407,1347,2615,2596,2806,3040,3200,2985,2606,977,1446,756,1048,1368,1031,694,568,2907,2607,22,22,3,0,0,1,2,0,0,19,0,0,19,0,0,0,0,0,0,0,0,0,0,0,0,0,0,0,0,0,0,0,2484,2483,2476,0,0,2285,191,0,0,1,0,0,1,6,0,0,0,0,0,0,1,0,0,0,0,1,0,1,0,0,0,0,101,101,47,0,0,45,2,0,0,0,0,0,0,54,0,0,0,0,0,0,0,0,0,0,0,0,0,0,0,0,0,0,300,16,16,1,0,0,0,1,0,0,15,0,0,15,0,0,0,0,0,0,0,0,0,0,0,0,0,0,0,0,0,0,0,79,70,49,0,0,11,38,0,0,3,0,0,3,18,0,0,0,0,0,0,9,0,0,0,0,9,0,9,0,0,0,0,205,205,0,0,0,0,0,0,0,0,0,0,0,205,0,0,0,0,0,0,0,0,0,0,0,0,0,0,0,0,0,0
"G0100850","2010","AL","3","6","Alabama","01","Lowndes County","085",,,,,,,,,,,,,,,"33860","99999","388",,,,,,,,,,,,,,,,,"1854199648","23723525","Lowndes County","A","+32.1478880","-086.6505859","06","1",,11299,5289,72,69,76,68,74,53,70,79,66,91,71,66,98,87,68,88,91,91,74,89,71,85,47,67,60,53,46,62,51,58,70,39,52,61,50,47,50,68,47,78,55,56,53,69,71,99,91,88,84,76,73,83,81,103,83,100,104,71,60,72,60,60,68,63,55,62,53,54,45,41,57,45,39,43,37,35,27,21,14,15,14,17,8,20,9,8,9,8,3,5,7,3,2,3,1,0,1,0,0,0,2,0,0,6010,74,66,80,88,79,77,51,60,82,76,80,70,65,82,84,95,64,81,96,91,87,74,90,46,72,60,51,45,81,68,82,65,70,60,53,55,56,60,66,79,89,83,71,83,78,101,90,102,106,108,119,98,107,82,89,96,92,87,78,70,77,79,87,67,63,65,55,55,53,60,60,45,43,36,38,41,36,35,34,38,26,30,25,22,15,19,18,23,22,8,5,10,9,7,5,2,1,3,1,1,1,0,0,11203,5237,359,359,390,270,161,69,85,169,266,271,288,300,435,421,405,117,186,113,140,218,110,61,44,5966,387,346,381,240,187,87,73,204,304,328,315,403,507,495,422,156,217,120,168,219,181,109,117,96,52,0,0,0,0,0,0,0,0,0,0,0,0,0,0,0,0,0,0,0,0,0,0,0,0,0,0,0,0,0,0,0,0,30,30,24,0,0,0,24,0,0,0,0,0,0,6,0,0,0,0,0,0,0,0,0,0,0,0,0,0,0,0,0,0,22,22,0,0,0,0,0,0,0,0,0,0,0,22,0,0,0,0,0,0,0,0,0,0,0,0,0,0,0,0,0,0,44,0,0,0,0,0,0,0,0,0,0,0,0,0,0,0,0,0,0,0,0,0,0,0,0,0,0,0,0,0,0,0,0,11,11,10,0,0,0,10,0,0,0,0,0,0,1,0,0,0,0,0,0,0,0,0,0,0,0,0,0,0,0,0,0,33,33,0,0,0,0,0,0,0,0,0,0,0,33,0,0,0,0,0,0,0,0,0,0,0,0,0,0,0,0,0,0
"G0100870","2010","AL","3","6","Alabama","01","Macon County","087",,,,,,,,,,,,,,,"46260","99999","194",,,,,,,,,,,,,,,,,"1577005015","11194263","Macon County","A","+32.3870267","-085.6928870","06","2",,21452,9826,106,139,126,118,99,129,105,89,89,114,120,106,127,119,135,157,182,160,281,306,263,244,228,171,135,132,121,111,94,101,119,103,92,88,86,88,117,90,104,112,86,107,110,96,110,132,134,98,121,144,142,134,160,127,150,130,134,162,145,136,153,135,129,139,81,91,95,87,97,69,69,61,49,47,56,46,55,53,40,29,31,36,34,26,31,21,21,20,19,8,11,4,8,1,3,0,6,0,0,0,1,0,0,11626,106,116,113,118,128,120,100,103,105,114,126,130,131,125,130,117,159,159,311,457,402,321,311,197,178,169,131,147,138,112,102,82,113,90,96,110,120,127,137,122,109,112,136,116,146,136,144,154,149,155,162,140,154,168,136,159,172,185,161,166,163,125,168,132,99,138,99,111,101,90,82,88,72,80,78,68,77,56,66,55,58,65,39,66,42,42,33,37,27,16,26,18,16,8,14,13,9,5,3,1,6,1,0,19680,9067,588,526,604,452,284,164,153,452,551,478,506,503,624,709,695,282,338,185,249,276,207,134,107,10613,581,542,642,430,310,183,172,555,688,482,615,616,737,757,837,288,395,233,300,393,319,268,270,1772,759,50,46,1,0,0,0,1,0,0,45,0,0,45,0,0,0,0,0,0,0,4,4,0,0,0,0,0,0,0,0,0,0,642,77,47,0,0,0,47,0,0,3,0,0,3,27,0,0,0,0,0,0,565,559,0,0,0,6,0,0,0,0,6,0,67,67,0,0,0,0,0,0,0,0,0,0,0,67,0,0,0,0,0,0,0,0,0,0,0,0,0,0,0,0,0,0,1013,5,0,0,0,0,0,0,0,0,0,0,0,0,0,0,0,0,0,0,0,5,5,0,0,0,0,0,0,0,0,0,0,985,19,3,0,0,0,3,0,0,0,0,0,0,16,0,0,0,0,0,0,966,966,0,0,0,0,0,0,0,0,0,0,23,21,0,0,0,0,0,0,0,0,0,0,0,21,0,0,0,0,0,0,2,2,0,0,0,0,0,0,0,0,0,0
"G0100890","2010","AL","3","6","Alabama","01","Madison County","089",,,,,,,,,,,,,,,"26620","99999","290",,,,,,,,,,,,,,,,,"2076116529","28771340","Madison County","A","+34.7642377","-086.5510803","06","1",,334811,164320,2053,2092,2181,2195,2074,2175,2174,2163,2185,2245,2269,2366,2407,2295,2338,2470,2474,2588,2640,2657,2591,2384,2430,2431,2581,2488,2348,2382,2276,2332,2241,2091,2020,1999,1894,2000,1901,1909,2102,2222,2329,2084,2253,2191,2450,2689,2719,2668,2857,2775,2830,2663,2614,2485,2245,2216,2111,2056,1915,1717,1765,1702,1805,1674,1274,1241,1208,1323,1084,1003,995,1005,908,851,881,763,762,748,666,584,527,483,408,370,314,287,252,214,160,131,110,82,57,52,31,28,12,9,8,2,10,1,0,170491,2043,1971,2132,2074,2054,2116,2013,2083,1998,2133,2234,2185,2316,2181,2243,2280,2326,2364,2499,2479,2566,2306,2268,2368,2396,2394,2277,2293,2202,2254,2273,2102,2046,2055,1991,2012,2120,2133,2295,2409,2372,2301,2381,2346,2547,2834,2888,2950,2923,2823,2722,2636,2605,2541,2349,2307,2236,2076,2031,1911,1910,1829,1962,1789,1435,1478,1441,1476,1308,1230,1219,1198,1220,1046,1036,1067,983,861,804,796,745,658,616,603,526,501,430,393,337,265,268,194,127,120,100,73,63,46,21,19,32,2,1,326769,159672,10591,10940,11662,7460,4079,1986,1980,6859,11444,10024,9971,11186,13544,12691,9905,3421,4726,2429,3385,4599,3458,2012,1320,167097,10263,10339,11153,6939,3836,2042,2000,6805,11326,10399,10926,11909,14378,12802,10523,3731,5164,2905,3984,5648,4391,3005,2629,8042,4648,91,73,11,0,0,0,11,0,0,62,0,7,55,0,0,0,0,0,0,0,18,6,0,0,0,12,4,0,0,0,0,8,4190,922,845,0,0,0,845,0,0,6,0,1,5,70,1,0,1,0,0,0,3268,2097,735,735,0,436,188,35,57,0,10,146,367,362,4,0,0,0,4,0,0,0,0,0,0,358,0,0,0,0,0,0,5,0,0,0,0,5,3,0,0,0,0,2,3394,52,24,0,0,0,0,0,0,0,24,2,15,7,0,0,0,0,0,0,0,28,13,0,0,0,15,5,0,0,0,0,10,2601,210,152,0,0,0,152,0,0,4,3,1,0,52,2,0,2,0,0,0,2391,2131,88,88,0,172,62,36,14,0,0,60,741,736,0,0,0,0,0,0,0,0,0,0,0,736,0,0,0,0,0,0,5,0,0,0,0,5,0,5,0,0,0,0
"G0100910","2010","AL","3","6","Alabama","01","Marengo County","091",,,,,,,,,,,,,,,"99999","99999","999",,,,,,,,,,,,,,,,,"2530112461","14994547","Marengo County","A","+32.2475911","-087.7910910","06","9",,21027,9913,107,120,145,134,134,136,140,120,153,163,132,143,154,158,172,146,196,172,177,139,141,115,104,115,119,90,89,85,103,98,117,98,83,101,103,121,80,101,136,102,133,116,104,144,128,148,134,149,135,131,148,152,155,132,164,169,144,128,127,150,128,124,134,141,97,96,105,98,83,99,97,61,69,75,65,68,63,56,35,63,58,31,33,43,29,23,24,21,6,11,7,8,10,4,10,0,3,0,0,1,1,0,0,11114,119,153,145,119,131,111,139,133,135,139,153,136,138,145,153,171,161,185,178,119,113,107,101,143,103,128,114,142,116,113,136,116,116,118,105,142,123,162,132,170,153,136,145,145,148,142,157,144,159,173,138,188,172,171,160,162,164,150,132,135,141,145,157,161,105,106,101,122,97,97,101,80,91,94,85,66,83,79,71,76,75,52,58,55,42,52,50,29,40,30,27,32,18,7,13,9,7,2,8,3,8,1,1,20773,9802,640,712,759,514,313,139,111,331,456,495,532,614,690,747,713,251,371,200,278,357,279,187,113,10971,667,657,725,517,296,112,107,347,609,589,727,725,775,829,738,285,422,206,315,434,360,255,274,254,111,0,0,0,0,0,0,0,0,0,0,0,0,0,0,0,0,0,0,0,0,0,0,0,0,0,0,0,0,0,0,0,0,69,64,62,0,0,0,62,0,0,0,0,0,0,2,0,0,0,0,0,0,5,0,0,0,0,5,0,0,5,0,0,0,42,42,0,0,0,0,0,0,0,0,0,0,0,42,0,0,0,0,0,0,0,0,0,0,0,0,0,0,0,0,0,0,143,0,0,0,0,0,0,0,0,0,0,0,0,0,0,0,0,0,0,0,0,0,0,0,0,0,0,0,0,0,0,0,0,19,10,7,0,0,0,7,0,0,0,0,0,0,3,0,0,0,0,0,0,9,0,0,0,0,9,0,0,9,0,0,0,124,124,0,0,0,0,0,0,0,0,0,0,0,124,0,0,0,0,0,0,0,0,0,0,0,0,0,0,0,0,0,0
"G0100930","2010","AL","3","6","Alabama","01","Marion County","093",,,,,,,,,,,,,,,"99999","99999","999",,,,,,,,,,,,,,,,,"1922526826","3313145","Marion County","A","+34.1382194","-087.8815510","06","9",,30776,15293,181,175,180,193,174,201,190,173,196,217,212,224,183,218,203,216,199,199,205,165,172,164,154,151,139,155,141,175,173,167,172,160,188,159,155,175,202,186,225,242,203,186,212,226,236,252,220,233,244,247,217,216,211,260,208,226,208,226,196,191,210,214,242,223,169,182,190,197,157,143,148,156,131,124,133,119,74,82,80,68,70,62,62,44,54,29,34,34,10,17,19,9,7,9,3,3,3,3,2,0,0,0,0,15483,139,168,175,166,161,142,169,189,161,180,173,193,172,187,182,194,174,206,180,179,178,175,176,161,156,150,161,139,151,178,176,166,153,157,170,191,183,184,202,218,218,197,181,213,253,197,212,232,199,249,233,232,227,219,214,183,222,188,209,223,222,227,227,228,176,181,187,206,177,176,151,185,167,145,153,137,105,113,111,83,96,106,93,75,83,65,70,50,50,43,35,27,34,21,18,13,11,5,4,6,5,0,0,29908,14645,903,977,1040,614,370,170,162,428,767,778,961,991,1105,1045,985,404,601,357,482,669,403,273,160,15263,809,841,907,574,359,178,175,491,779,820,978,1059,1087,1120,1022,443,627,364,550,786,528,409,357,868,648,0,0,0,0,0,0,0,0,0,0,0,0,0,0,0,0,0,0,0,0,0,0,0,0,0,0,0,0,0,0,0,0,534,509,498,0,0,236,0,262,0,0,0,0,0,11,0,0,0,0,0,0,25,0,0,0,0,25,0,10,15,0,0,0,114,114,59,0,0,57,0,2,0,0,0,0,0,55,0,0,0,0,0,0,0,0,0,0,0,0,0,0,0,0,0,0,220,0,0,0,0,0,0,0,0,0,0,0,0,0,0,0,0,0,0,0,0,0,0,0,0,0,0,0,0,0,0,0,0,27,7,0,0,0,0,0,0,0,0,0,0,0,7,0,0,0,0,0,0,20,0,0,0,0,20,0,3,17,0,0,0,193,190,0,0,0,0,0,0,0,0,0,0,0,190,0,0,0,0,0,0,3,0,0,0,0,3,0,3,0,0,0,0
"G0100950","2010","AL","3","6","Alabama","01","Marshall County","095",,,,,,,,,,,,,,,"10700","99999","999",,,,,,,,,,,,,,,,,"1465522757","148503356","Marshall County","A","+34.3095637","-086.3216681","06","2",,93019,45843,625,645,648,722,693,677,659,638,599,633,656,632,688,623,719,666,683,738,721,665,558,538,604,617,590,620,581,623,552,586,633,577,581,520,503,591,584,585,594,713,649,589,573,612,608,672,656,640,629,686,655,638,657,595,661,576,603,521,545,520,519,507,560,561,400,446,463,478,365,386,356,354,305,295,275,253,247,221,219,176,175,140,160,119,108,75,78,58,50,35,32,16,11,12,9,3,2,4,3,1,1,0,0,47176,596,649,642,648,678,618,688,614,604,632,583,644,615,603,578,604,662,657,591,581,502,504,531,557,583,576,518,581,575,593,590,560,549,519,527,625,573,599,643,704,631,582,567,581,576,613,676,697,686,651,663,657,668,605,603,621,664,578,557,601,554,612,634,637,435,483,487,564,446,405,400,455,365,342,343,331,352,314,287,275,259,220,213,219,168,124,153,145,120,99,90,69,50,39,28,27,17,17,11,4,10,0,0,91972,45389,3332,3206,3317,2084,1362,547,523,1760,2918,2755,3022,2999,3253,3182,2755,1021,1514,904,1216,1575,1099,674,371,46583,3212,3155,3021,1922,1133,487,503,1665,2817,2728,3127,2921,3318,3189,3012,1164,1700,957,1397,1874,1483,997,801,1047,454,5,4,0,0,0,0,0,0,0,4,4,0,0,0,0,0,0,0,0,0,1,0,0,0,0,1,1,0,0,0,0,0,357,296,276,0,0,0,221,55,0,0,0,0,0,20,0,0,0,0,0,0,61,27,0,0,0,34,3,16,15,0,0,0,92,92,0,0,0,0,0,0,0,0,0,0,0,88,4,0,0,4,0,0,0,0,0,0,0,0,0,0,0,0,0,0,593,5,3,0,0,0,0,0,0,0,3,3,0,0,0,0,0,0,0,0,0,2,0,0,0,0,2,2,0,0,0,0,0,166,80,59,0,0,0,50,9,0,0,0,0,0,21,0,0,0,0,0,0,86,51,0,0,0,35,10,12,13,0,0,0,422,420,0,0,0,0,0,0,0,0,0,0,0,416,4,0,0,4,0,0,2,0,0,0,0,2,0,2,0,0,0,0
"G0100970","2010","AL","3","6","Alabama","01","Mobile County","097",,,,,,,,,,,,,,,"33660","99999","380",,,,,,,,,,,,,,,,,"3184223082","1073750500","Mobile County","A","+30.6845730","-088.1965684","06","1",,412992,198374,2874,2718,2944,2966,2814,2788,2787,2844,2820,2969,3053,2861,2914,3018,2907,3060,3275,3240,3046,2992,2832,2784,2852,2860,2727,2673,2558,2640,2702,2675,2665,2420,2537,2518,2447,2437,2291,2497,2520,2643,2597,2326,2435,2454,2574,2804,2830,2827,2861,2839,2919,2918,3039,2906,2866,2789,2645,2561,2518,2412,2338,2266,2341,2268,1746,1749,1734,1647,1372,1310,1311,1199,1135,1059,1006,958,810,782,763,703,633,569,527,480,462,382,341,255,217,208,138,116,64,61,33,40,23,12,8,7,13,0,0,214618,2782,2728,2806,2800,2727,2701,2724,2739,2750,2821,2856,2863,2900,2703,2749,2920,3106,3054,3061,3048,3024,3001,3044,3046,2960,3036,2844,2841,2841,2847,2793,2683,2692,2612,2607,2611,2481,2586,2697,2802,2893,2605,2547,2640,2781,2976,2974,3032,3112,3291,3229,3142,3208,3112,3090,3023,2777,2776,2632,2539,2589,2534,2513,2515,2008,2060,2006,1950,1666,1572,1645,1479,1497,1377,1211,1241,1123,1132,1096,997,1052,918,937,900,877,693,675,569,564,451,347,269,220,156,154,115,77,61,35,24,44,4,0,406184,194697,14306,14203,14725,9409,5526,2547,2550,8110,12952,12349,12210,12183,13900,14407,12745,4550,6303,3446,4297,5651,3929,2587,1812,211487,13838,13729,14054,8943,5430,2686,2791,8842,14347,13319,13139,13407,15315,15714,13680,5098,6999,4042,5157,7107,5432,4448,3970,6808,3677,209,83,18,0,0,0,18,0,0,65,14,0,51,0,0,0,0,0,0,0,126,0,0,0,0,126,24,0,0,0,89,13,3063,1366,1134,0,0,0,1134,0,0,21,20,0,1,174,37,37,0,0,0,0,1697,877,0,0,0,820,153,256,93,0,54,264,405,380,6,0,0,0,6,0,0,0,0,0,0,371,3,3,0,0,0,0,25,0,0,0,0,25,0,8,0,0,0,17,3131,165,33,1,0,0,0,1,0,0,32,19,0,13,0,0,0,0,0,0,0,132,1,0,0,0,131,19,0,0,0,102,10,1928,331,169,0,0,0,169,0,0,13,13,0,0,149,0,0,0,0,0,0,1597,1325,0,0,0,272,72,74,3,0,46,77,1038,978,0,0,0,0,0,0,0,0,0,0,0,977,1,1,0,0,0,0,60,0,0,0,0,60,0,24,0,0,3,33
"G0100990","2010","AL","3","6","Alabama","01","Monroe County","099",,,,,,,,,,,,,,,"99999","99999","999",,,,,,,,,,,,,,,,,"2656485275","22643193","Monroe County","A","+31.5803324","-087.3832656","06","9",,23068,11109,147,122,149,146,154,158,136,153,151,176,171,200,200,158,189,198,206,203,204,168,155,117,109,117,111,112,115,111,96,122,135,105,108,113,130,116,103,119,163,135,140,121,120,141,141,169,182,177,165,154,154,173,179,175,162,179,167,142,134,137,157,144,157,141,107,123,123,103,117,90,65,82,69,65,68,71,64,54,57,61,47,39,37,25,25,26,18,17,14,13,11,4,6,3,3,1,3,3,2,0,1,0,0,11959,136,129,139,134,126,163,137,147,165,146,151,188,173,172,180,167,171,200,138,166,116,107,94,124,122,116,110,147,122,139,138,134,133,122,110,133,169,172,136,161,147,138,183,173,162,159,165,149,181,179,190,189,165,147,177,208,179,201,174,165,132,154,135,133,133,112,138,138,127,85,108,97,85,110,79,61,90,96,81,84,59,70,72,52,41,29,34,52,28,31,24,29,17,16,15,12,10,3,5,4,11,3,0,22838,10992,718,774,918,604,363,154,116,327,546,582,633,660,840,842,752,300,401,243,303,347,294,165,110,11846,664,758,864,538,304,116,106,340,633,636,770,803,831,866,924,284,401,248,348,469,402,275,266,230,117,3,3,3,0,0,0,3,0,0,0,0,0,0,0,0,0,0,0,0,0,0,0,0,0,0,0,0,0,0,0,0,0,66,63,51,0,0,0,51,0,0,0,0,0,0,12,0,0,0,0,0,0,3,0,0,0,0,3,0,3,0,0,0,0,48,48,0,0,0,0,0,0,0,0,0,0,0,48,0,0,0,0,0,0,0,0,0,0,0,0,0,0,0,0,0,0,113,0,0,0,0,0,0,0,0,0,0,0,0,0,0,0,0,0,0,0,0,0,0,0,0,0,0,0,0,0,0,0,0,13,7,1,0,0,0,1,0,0,0,0,0,0,6,0,0,0,0,0,0,6,0,0,0,0,6,0,6,0,0,0,0,100,95,0,0,0,0,0,0,0,0,0,0,0,95,0,0,0,0,0,0,5,0,0,0,0,5,0,5,0,0,0,0
"G0101010","2010","AL","3","6","Alabama","01","Montgomery County","101",,,,,,,,,,,,,,,"33860","99999","388",,,,,,,,,,,,,,,,,"2031190777","40571253","Montgomery County","A","+32.2036505","-086.2038308","06","1",,229363,109167,1657,1566,1658,1634,1629,1511,1563,1566,1541,1634,1678,1523,1521,1567,1483,1510,1574,1690,1801,1932,2004,1897,1794,1803,1708,1725,1641,1657,1681,1716,1632,1512,1465,1414,1410,1445,1398,1423,1475,1515,1409,1413,1324,1380,1420,1474,1463,1476,1458,1476,1479,1447,1465,1410,1558,1402,1295,1296,1215,1181,1207,1189,1154,1089,826,873,829,792,698,643,615,553,484,525,493,476,463,446,408,374,349,331,253,250,204,203,180,147,121,109,90,60,42,24,20,12,17,9,7,3,5,0,0,120196,1555,1583,1574,1529,1487,1520,1479,1502,1535,1562,1609,1542,1509,1466,1526,1517,1508,1659,1694,1866,1958,1926,1944,1882,1920,1829,1759,1760,1746,1758,1751,1616,1617,1538,1526,1640,1528,1575,1545,1647,1607,1502,1415,1385,1488,1661,1696,1707,1644,1697,1743,1694,1662,1668,1687,1679,1623,1546,1524,1382,1425,1338,1294,1175,954,1043,979,903,865,808,781,748,694,695,747,741,578,582,596,614,486,511,530,480,417,441,391,352,266,231,195,138,118,83,60,72,60,39,19,21,23,6,0,220281,103006,8143,7812,7740,4561,2819,1565,1493,4682,7734,6768,6798,6447,7022,7027,6202,2347,2962,1671,2110,2634,2131,1349,989,117275,7727,7597,7642,4636,2935,1587,1641,5379,8735,7946,7818,7315,8322,8371,7703,2741,3394,2002,2546,3613,3032,2303,2290,9082,6161,249,225,20,0,0,6,14,0,0,205,13,0,192,0,0,0,0,0,0,0,24,3,0,0,0,21,4,14,0,0,0,3,5688,3526,3247,280,858,1666,443,0,0,61,5,0,56,151,67,52,15,0,0,0,2162,1374,582,582,0,206,89,21,7,0,0,89,224,219,19,0,0,19,0,0,0,0,0,0,0,193,7,2,5,0,0,0,5,0,0,0,0,5,0,2,0,0,0,3,2921,60,36,0,0,0,0,0,0,0,36,33,0,3,0,0,0,0,0,0,0,24,1,3,3,0,20,6,13,0,0,0,1,2334,640,466,45,56,313,52,0,0,3,3,0,0,137,34,34,0,0,0,0,1694,1440,193,193,0,61,17,15,3,0,0,26,527,524,0,0,0,0,0,0,0,0,0,0,0,524,0,0,0,0,0,0,3,0,0,0,0,3,1,2,0,0,0,0
"G0101030","2010","AL","3","6","Alabama","01","Morgan County","103",,,,,,,,,,,,,,,"19460","99999","290",,,,,,,,,,,,,,,,,"1500476319","51064861","Morgan County","A","+34.4544844","-086.8464021","06","1",,119490,58886,717,773,790,737,784,797,802,769,855,810,864,821,861,780,820,845,866,827,827,764,753,734,696,713,722,792,772,747,756,781,811,711,822,759,713,801,728,801,853,851,792,788,830,826,852,976,878,916,894,958,922,845,901,860,838,780,797,748,797,693,669,688,675,694,548,541,563,536,481,496,398,404,415,307,347,365,280,272,239,217,223,195,207,146,137,97,93,80,75,53,48,17,25,16,8,6,2,5,0,1,0,1,0,60604,688,744,772,739,743,804,729,793,761,808,825,791,809,793,813,812,840,842,783,685,660,651,655,653,707,709,701,761,742,740,777,727,773,737,730,724,682,773,775,811,806,834,768,871,909,961,932,940,835,910,865,906,910,878,860,830,836,839,773,736,801,749,796,793,629,621,594,625,541,505,527,452,490,393,439,374,369,357,354,346,282,311,282,240,231,199,185,164,136,126,118,85,63,43,31,33,11,21,7,11,9,0,0,117357,57400,3798,4030,4136,2522,1573,748,683,2003,3679,3611,3826,3925,4449,4279,3753,1334,1896,1097,1499,1851,1350,874,484,59957,3679,3891,4019,2489,1463,655,648,2008,3629,3725,3744,4165,4563,4398,3997,1542,2201,1201,1657,2270,1746,1255,1012,2133,1486,32,28,0,0,0,0,0,0,0,28,28,0,0,0,0,0,0,0,0,0,4,0,0,0,0,4,3,0,0,0,0,1,1313,1163,1136,0,0,708,428,0,0,1,1,0,0,26,0,0,0,0,0,0,150,0,0,0,0,150,16,34,18,3,2,77,141,131,4,0,0,4,0,0,0,0,0,0,0,127,0,0,0,0,0,0,10,0,0,0,0,10,0,0,0,0,0,10,647,28,21,0,0,0,0,0,0,0,21,21,0,0,0,0,0,0,0,0,0,7,0,0,0,0,7,1,0,0,0,0,6,185,113,65,0,0,0,65,0,0,2,2,0,0,46,0,0,0,0,0,0,72,0,0,0,0,72,4,13,10,0,0,45,434,431,0,0,0,0,0,0,0,0,0,0,0,431,0,0,0,0,0,0,3,0,0,0,0,3,0,1,0,0,0,2
"G0101050","2010","AL","3","6","Alabama","01","Perry County","105",,,,,,,,,,,,,,,"99999","99999","999",,,,,,,,,,,,,,,,,"1863920409","10918516","Perry County","A","+32.6390053","-087.2938269","06","9",,10591,4980,72,75,74,62,71,51,82,48,83,75,65,70,78,77,80,92,70,75,133,201,130,72,49,54,58,61,46,61,43,49,55,56,43,47,45,46,51,54,48,40,73,50,51,45,48,63,50,55,56,64,75,55,89,70,65,67,47,62,71,57,59,61,55,72,50,52,37,43,46,49,49,39,41,39,32,31,33,30,21,29,25,20,13,12,22,9,9,11,10,8,4,2,3,2,3,0,2,2,0,0,0,0,0,5611,62,57,75,59,67,65,69,94,59,80,64,69,65,62,78,65,84,79,96,153,155,99,85,66,44,49,68,52,58,67,74,49,66,57,65,54,62,77,57,55,53,62,43,63,69,60,72,63,70,79,72,80,99,73,81,87,83,65,63,71,73,61,67,45,55,65,67,61,56,52,46,46,47,43,53,35,33,44,21,45,42,39,47,15,18,27,16,27,15,14,9,10,11,5,5,7,6,6,1,4,3,0,0,9870,4611,354,339,370,234,143,47,50,149,253,244,236,267,286,353,298,120,174,87,137,197,133,83,57,5259,320,367,338,227,129,68,76,168,293,311,305,290,341,402,367,133,164,129,167,229,167,142,126,721,369,3,0,0,0,0,0,0,0,0,0,0,0,0,0,0,0,0,0,0,0,3,3,0,0,0,0,0,0,0,0,0,0,332,24,16,0,0,0,16,0,0,0,0,0,0,8,0,0,0,0,0,0,308,308,0,0,0,0,0,0,0,0,0,0,34,34,0,0,0,0,0,0,0,0,0,0,0,34,0,0,0,0,0,0,0,0,0,0,0,0,0,0,0,0,0,0,352,1,0,0,0,0,0,0,0,0,0,0,0,0,0,0,0,0,0,0,0,1,1,0,0,0,0,0,0,0,0,0,0,270,13,1,0,0,0,1,0,0,0,0,0,0,12,0,0,0,0,0,0,257,257,0,0,0,0,0,0,0,0,0,0,81,81,0,0,0,0,0,0,0,0,0,0,0,81,0,0,0,0,0,0,0,0,0,0,0,0,0,0,0,0,0,0
"G0101070","2010","AL","3","6","Alabama","01","Pickens County","107",,,,,,,,,,,,,,,"99999","99999","999",,,,,,,,,,,,,,,,,"2282837059","22578169","Pickens County","A","+33.2968085","-088.0968780","06","9",,19746,9428,122,114,97,133,127,130,110,119,146,131,143,134,136,146,142,143,142,120,147,148,117,125,112,107,101,111,121,85,102,83,101,94,91,93,102,75,103,105,102,104,88,115,117,124,137,149,122,154,135,147,165,142,176,144,124,155,125,156,143,153,133,134,116,109,97,97,90,84,93,87,80,74,72,73,64,68,47,48,53,51,44,50,42,39,27,32,21,9,5,7,14,5,7,9,3,3,1,1,1,2,1,0,0,10318,138,126,130,95,109,107,109,129,126,137,135,137,124,127,112,132,156,137,148,103,124,117,108,120,116,121,110,105,117,104,126,103,103,119,103,114,102,120,118,126,128,111,147,131,142,167,161,166,142,168,147,164,156,139,152,148,167,133,155,134,129,148,123,120,115,104,124,124,102,85,94,114,84,69,122,80,70,63,76,84,71,62,49,53,43,43,30,30,30,27,18,12,16,11,15,4,6,8,2,1,6,0,0,19412,9236,593,636,701,403,288,117,117,306,488,459,473,569,688,741,714,266,319,182,260,358,254,195,109,10176,598,608,635,425,251,122,117,343,548,548,575,653,792,751,731,273,355,225,305,473,359,258,231,334,192,2,2,2,0,0,0,2,0,0,0,0,0,0,0,0,0,0,0,0,0,0,0,0,0,0,0,0,0,0,0,0,0,144,141,116,0,0,0,116,0,0,0,0,0,0,25,0,0,0,0,0,0,3,0,0,0,0,3,0,3,0,0,0,0,46,46,2,0,0,0,2,0,0,0,0,0,0,44,0,0,0,0,0,0,0,0,0,0,0,0,0,0,0,0,0,0,142,0,0,0,0,0,0,0,0,0,0,0,0,0,0,0,0,0,0,0,0,0,0,0,0,0,0,0,0,0,0,0,0,61,61,44,0,0,0,44,0,0,0,0,0,0,17,0,0,0,0,0,0,0,0,0,0,0,0,0,0,0,0,0,0,81,81,6,0,0,0,6,0,0,0,0,0,0,75,0,0,0,0,0,0,0,0,0,0,0,0,0,0,0,0,0,0
"G0101090","2010","AL","3","6","Alabama","01","Pike County","109",,,,,,,,,,,,,,,"45980","99999","999",,,,,,,,,,,,,,,,,"1740715643","2362806","Pike County","A","+31.7987263","-085.9419965","06","2",,32899,15700,192,174,198,174,167,158,167,177,188,200,199,205,193,177,181,189,204,199,363,609,596,547,465,446,331,305,256,219,204,224,171,166,126,155,157,151,139,158,199,178,163,166,153,170,151,138,203,182,169,207,181,177,192,211,191,190,166,203,169,177,187,167,187,181,122,137,140,140,130,109,99,110,99,95,88,64,66,60,51,56,49,48,43,35,31,22,25,15,15,17,6,10,10,5,5,3,2,1,3,0,1,0,0,17199,189,190,199,193,170,161,173,167,181,182,197,210,193,168,205,214,169,179,481,701,713,647,468,343,277,276,219,198,206,168,199,210,187,148,175,202,163,161,232,185,194,212,168,189,171,184,220,215,202,179,236,204,207,198,229,225,182,161,218,175,189,163,204,177,177,157,154,147,119,132,108,122,132,117,101,89,84,93,88,100,80,73,51,50,50,57,54,50,43,37,34,21,23,10,12,6,7,11,6,1,2,0,0,30936,14878,905,890,955,591,618,426,432,1147,1195,771,821,802,897,949,895,348,488,274,372,479,292,198,133,16058,941,864,973,548,645,507,506,1000,1053,911,939,931,996,1066,957,351,556,306,390,572,442,282,322,1963,822,1,0,0,0,0,0,0,0,0,0,0,0,0,0,0,0,0,0,0,0,1,1,0,0,0,0,0,0,0,0,0,0,779,17,2,0,0,0,2,0,0,0,0,0,0,15,0,0,0,0,0,0,762,742,0,0,0,20,0,13,7,0,0,0,42,34,0,0,0,0,0,0,0,0,0,0,0,34,0,0,0,0,0,0,8,0,0,0,0,8,0,8,0,0,0,0,1141,14,9,0,0,0,0,0,0,0,9,0,0,9,0,0,0,0,0,0,0,5,2,0,0,0,3,0,3,0,0,0,0,1020,20,0,0,0,0,0,0,0,0,0,0,0,20,0,0,0,0,0,0,1000,985,0,0,0,15,0,10,5,0,0,0,107,101,0,0,0,0,0,0,0,0,0,0,0,101,0,0,0,0,0,0,6,0,0,0,0,6,0,6,0,0,0,0
"G0101110","2010","AL","3","6","Alabama","01","Randolph County","111",,,,,,,,,,,,,,,"99999","99999","999",,,,,,,,,,,,,,,,,"1503616599","9285288","Randolph County","A","+33.2964753","-085.4640679","06","9",,22913,11104,142,146,140,142,133,150,146,140,165,173,192,143,183,152,148,172,170,171,151,187,151,103,107,110,104,125,90,119,106,131,116,118,114,134,114,121,138,143,132,132,140,121,161,156,142,147,149,164,159,172,182,165,162,176,162,159,156,156,154,166,155,142,158,162,117,108,122,130,113,119,108,107,84,88,70,68,68,63,45,58,39,38,37,33,35,30,17,26,9,12,7,11,9,3,4,2,2,1,0,1,0,0,0,11809,120,127,127,151,157,138,139,129,133,155,151,142,165,167,161,172,168,163,166,169,157,124,127,115,108,123,113,119,117,148,131,140,122,113,127,115,138,121,139,166,155,149,142,149,166,164,181,151,169,176,168,162,168,161,178,161,141,172,165,154,160,163,177,177,116,124,133,143,122,119,114,97,110,104,105,108,88,77,79,79,82,54,60,59,57,45,45,37,32,33,25,21,21,9,5,8,7,4,3,2,6,4,0,22506,10945,703,774,818,513,276,128,95,319,558,591,660,714,790,843,787,297,437,229,360,452,297,176,128,11561,682,694,786,502,261,131,121,350,617,631,675,759,839,835,790,322,466,255,380,523,410,288,244,407,159,0,0,0,0,0,0,0,0,0,0,0,0,0,0,0,0,0,0,0,0,0,0,0,0,0,0,0,0,0,0,0,0,134,45,37,0,0,0,37,0,0,0,0,0,0,8,0,0,0,0,0,0,89,89,0,0,0,0,0,0,0,0,0,0,25,25,0,0,0,0,0,0,0,0,0,0,0,25,0,0,0,0,0,0,0,0,0,0,0,0,0,0,0,0,0,0,248,1,0,0,0,0,0,0,0,0,0,0,0,0,0,0,0,0,0,0,0,1,1,0,0,0,0,0,0,0,0,0,0,126,23,11,0,0,0,11,0,0,0,0,0,0,12,0,0,0,0,0,0,103,103,0,0,0,0,0,0,0,0,0,0,121,121,0,0,0,0,0,0,0,0,0,0,0,121,0,0,0,0,0,0,0,0,0,0,0,0,0,0,0,0,0,0
"G0101130","2010","AL","3","6","Alabama","01","Russell County","113",,,,,,,,,,,,,,,"17980","99999","194",,,,,,,,,,,,,,,,,"1660545751","15673340","Russell County","A","+32.2898113","-085.1869798","06","1",,52947,25287,426,427,392,414,417,365,345,343,317,405,408,389,365,352,386,398,429,417,377,346,348,312,340,331,360,386,346,387,382,382,366,331,321,326,326,301,296,333,295,309,340,288,292,329,342,352,367,375,342,378,368,371,346,371,348,316,338,325,312,291,251,287,301,222,239,261,209,190,166,167,146,154,155,122,140,124,84,115,80,65,86,73,57,61,44,55,33,30,22,20,9,15,5,6,2,1,1,0,1,1,0,0,0,27660,382,386,404,391,366,315,368,345,344,362,366,358,323,303,344,373,354,420,382,390,345,374,374,456,421,400,403,409,394,380,427,350,306,341,347,367,328,350,346,350,348,342,326,359,354,364,412,386,410,360,403,392,393,390,362,368,398,324,357,310,319,334,347,313,225,224,269,239,230,207,215,199,163,184,175,168,134,176,146,139,133,113,126,110,92,86,73,75,82,62,36,23,26,24,23,17,20,12,3,4,11,1,0,52373,24916,2076,1774,1889,1217,704,339,293,999,1833,1624,1499,1558,1797,1789,1573,535,755,465,518,708,458,318,195,27457,1929,1734,1694,1147,772,345,373,1248,1975,1768,1728,1725,1923,1937,1752,652,878,490,665,923,750,553,496,574,371,39,6,6,0,0,0,6,0,0,0,0,0,0,0,0,0,0,0,0,0,33,0,0,0,0,33,32,0,0,0,0,1,294,266,253,0,0,0,253,0,0,0,0,0,0,13,0,0,0,0,0,0,28,0,0,0,0,28,11,6,0,0,0,11,38,37,2,0,0,0,2,0,0,0,0,0,0,35,0,0,0,0,0,0,1,0,0,0,0,1,0,0,0,0,0,1,203,0,0,0,0,0,0,0,0,0,0,0,0,0,0,0,0,0,0,0,0,0,0,0,0,0,0,0,0,0,0,0,0,60,48,30,0,0,0,30,0,0,0,0,0,0,18,0,0,0,0,0,0,12,0,0,0,0,12,4,5,0,0,0,3,143,137,0,0,0,0,0,0,0,0,0,0,0,137,0,0,0,0,0,0,6,0,0,0,0,6,0,0,0,0,0,6
"G0101150","2010","AL","3","6","Alabama","01","St. Clair County","115",,,,,,,,,,,,,,,"13820","99999","142",,,,,,,,,,,,,,,,,"1636619393","56300062","St. Clair County","A","+33.7129627","-086.3156631","06","1",,83593,41904,535,598,605,597,551,604,520,532,579,598,588,574,606,515,537,566,641,577,585,467,498,483,471,479,458,493,497,542,609,539,645,570,619,620,559,558,598,587,609,665,639,684,615,584,604,665,602,654,691,684,644,614,609,627,586,558,522,521,500,535,564,477,495,506,399,390,369,401,387,299,339,283,275,217,225,231,176,188,161,145,134,101,95,85,51,71,52,32,44,30,27,13,12,6,2,1,5,2,1,0,1,0,0,41689,534,497,567,541,508,531,534,517,516,547,540,507,552,511,517,536,543,505,496,458,439,389,442,418,453,558,587,529,565,593,562,566,582,529,589,560,493,618,587,627,588,578,534,564,589,618,608,602,705,643,644,604,595,625,612,606,541,565,588,538,556,502,543,530,410,446,457,408,387,347,320,297,270,277,288,277,210,220,182,208,153,183,173,183,116,128,97,67,69,68,47,50,35,37,18,17,9,5,2,5,2,0,0,81626,40220,2886,2830,2813,1778,1043,487,459,1326,2468,2722,2801,2918,3118,2895,2529,1021,1363,754,1067,1318,880,457,287,41406,2647,2645,2627,1582,952,436,387,1309,2823,2821,2877,2847,3170,3074,2831,1057,1479,899,1135,1432,1058,762,556,1967,1684,16,16,1,0,0,1,0,0,0,15,15,0,0,0,0,0,0,0,0,0,0,0,0,0,0,0,0,0,0,0,0,0,1580,1569,1547,0,0,1375,172,0,0,1,1,0,0,21,0,0,0,0,0,0,11,0,0,0,0,11,0,10,0,0,1,0,88,88,42,0,0,42,0,0,0,0,0,0,0,46,0,0,0,0,0,0,0,0,0,0,0,0,0,0,0,0,0,0,283,2,2,0,0,0,0,0,0,0,2,2,0,0,0,0,0,0,0,0,0,0,0,0,0,0,0,0,0,0,0,0,0,65,56,44,0,0,5,39,0,0,0,0,0,0,12,0,0,0,0,0,0,9,0,0,0,0,9,0,9,0,0,0,0,216,214,0,0,0,0,0,0,0,0,0,0,0,214,0,0,0,0,0,0,2,0,0,0,0,2,0,2,0,0,0,0
"G0101170","2010","AL","3","6","Alabama","01","Shelby County","117",,,,,,,,,,,,,,,"13820","99999","142",,,,,,,,,,,,,,,,,"2032960300","63700594","Shelby County","A","+33.2629366","-086.6781042","06","1",,195085,95557,1210,1353,1342,1415,1425,1410,1460,1415,1450,1531,1492,1452,1494,1427,1453,1455,1436,1446,1273,965,976,1044,1030,1095,1148,1162,1188,1247,1293,1432,1465,1325,1341,1417,1386,1428,1404,1505,1509,1631,1547,1501,1397,1376,1366,1503,1506,1387,1517,1413,1395,1416,1436,1342,1320,1241,1212,1194,1181,1096,1053,1017,1119,1084,755,758,751,777,658,589,561,542,472,411,394,417,352,318,282,268,258,239,235,173,147,151,129,84,83,51,41,34,20,22,13,5,7,5,0,1,4,1,0,99528,1221,1219,1377,1274,1300,1368,1376,1358,1398,1436,1436,1378,1427,1395,1415,1335,1278,1305,1211,984,1007,990,1061,1119,1227,1244,1352,1325,1433,1384,1435,1428,1473,1432,1363,1487,1377,1482,1622,1729,1620,1536,1434,1391,1430,1553,1581,1535,1605,1583,1517,1496,1520,1415,1393,1362,1338,1316,1340,1149,1237,1200,1152,1145,845,812,820,838,729,694,595,595,532,463,497,445,415,384,391,390,374,334,337,267,206,227,192,147,170,129,114,69,56,45,35,31,12,7,10,6,6,0,0,192511,94202,6745,7266,7306,4283,2112,896,934,3119,6183,6747,7355,7094,7250,6841,5905,2064,2948,1505,2004,2370,1624,1031,620,98309,6388,6936,7046,3884,1887,849,886,3311,6712,7104,7672,7391,7836,7323,6496,2434,3128,1621,2250,2658,1989,1436,1072,2574,1355,66,42,5,0,0,0,3,2,0,37,9,17,11,0,0,0,0,0,0,0,24,0,0,0,0,24,0,0,0,0,24,0,1190,810,783,0,0,0,387,396,0,4,1,3,0,23,0,0,0,0,0,0,380,343,0,0,0,37,9,0,10,0,18,0,99,91,4,0,0,0,2,2,0,0,0,0,0,87,0,0,0,0,0,0,8,0,0,0,0,8,6,2,0,0,0,0,1219,42,8,0,0,0,0,0,0,0,8,0,8,0,0,0,0,0,0,0,0,34,1,0,0,0,33,8,0,0,0,25,0,829,127,89,0,0,0,89,0,0,0,0,0,0,38,0,0,0,0,0,0,702,645,0,0,0,57,38,0,9,0,10,0,348,337,0,0,0,0,0,0,0,0,0,0,0,337,0,0,0,0,0,0,11,0,0,0,0,11,10,1,0,0,0,0
"G0101190","2010","AL","3","6","Alabama","01","Sumter County","119",,,,,,,,,,,,,,,"99999","99999","999",,,,,,,,,,,,,,,,,"2341057426","24436353","Sumter County","A","+32.5974811","-088.2000571","06","9",,13763,6261,75,66,81,75,73,68,102,67,50,89,81,82,82,93,94,112,121,118,139,172,178,152,148,93,87,82,62,63,62,77,56,48,54,59,69,52,59,61,73,75,62,67,67,56,61,68,85,75,87,98,105,94,81,106,100,112,105,99,83,76,83,84,64,65,51,50,50,54,39,47,43,49,43,43,36,40,25,25,31,23,21,25,28,16,14,11,14,12,5,5,5,4,3,5,0,4,4,2,0,1,0,0,0,7502,75,79,82,89,66,82,70,66,74,80,92,90,81,100,106,85,103,119,131,203,250,178,125,123,86,87,76,71,64,86,83,68,81,65,80,58,84,87,79,90,87,74,93,83,83,81,90,107,111,130,110,109,112,126,132,106,105,117,94,87,86,102,88,54,55,65,73,71,63,46,66,71,56,38,54,47,51,45,46,55,44,31,41,35,47,29,24,20,27,24,27,20,12,8,12,8,11,4,5,3,6,1,0,13045,5965,370,376,431,350,224,118,119,280,335,284,319,312,410,483,468,163,179,98,138,207,138,99,64,7080,391,370,466,305,220,144,138,291,378,374,397,420,517,585,506,185,195,138,177,280,233,181,189,718,296,2,0,0,0,0,0,0,0,0,0,0,0,0,0,0,0,0,0,0,0,2,1,0,0,0,1,0,0,0,0,0,1,261,7,0,0,0,0,0,0,0,0,0,0,0,7,0,0,0,0,0,0,254,244,0,0,0,10,0,0,0,0,0,10,33,33,0,0,0,0,0,0,0,0,0,0,0,33,0,0,0,0,0,0,0,0,0,0,0,0,0,0,0,0,0,0,422,7,0,0,0,0,0,0,0,0,0,0,0,0,0,0,0,0,0,0,0,7,0,0,0,0,7,0,0,0,0,0,7,327,6,0,0,0,0,0,0,0,0,0,0,0,6,0,0,0,0,0,0,321,304,0,0,0,17,0,0,0,0,0,17,88,85,0,0,0,0,0,0,0,0,0,0,0,85,0,0,0,0,0,0,3,0,0,0,0,3,0,0,0,0,0,3
"G0101210","2010","AL","3","6","Alabama","01","Talladega County","121",,,,,,,,,,,,,,,"45180","99999","999",,,,,,,,,,,,,,,,,"1908239516","60944144","Talladega County","A","+33.3692774","-086.1758045","06","2",,82291,40077,490,476,478,485,509,485,515,509,521,554,572,595,558,562,544,581,605,632,591,518,475,464,485,458,446,460,447,509,495,470,567,525,510,484,536,517,569,557,589,581,609,557,536,560,582,637,602,574,585,628,624,569,599,631,637,591,573,568,510,542,509,530,551,502,406,358,393,396,333,333,285,294,258,245,244,203,172,170,180,161,118,142,113,94,96,55,65,51,50,32,31,29,11,7,4,7,4,2,1,2,2,0,0,42214,472,468,569,500,494,513,488,508,553,553,594,517,576,559,568,549,548,585,574,564,560,533,481,511,444,475,512,540,476,483,506,525,530,464,466,517,500,553,582,648,599,540,545,549,546,580,603,594,579,591,663,604,670,628,636,641,580,566,590,543,552,522,595,552,438,417,445,446,374,322,373,302,333,327,256,277,285,263,214,229,219,195,211,172,145,134,109,129,105,82,65,53,42,30,25,23,15,6,8,9,10,0,0,79148,37726,2437,2570,2789,1762,1055,439,428,1251,2091,2199,2483,2592,2799,2887,2693,1011,1430,741,1037,1294,861,541,336,41422,2502,2598,2763,1616,1029,500,478,1386,2469,2482,2789,2767,2937,3189,2904,1069,1577,856,1125,1567,1227,878,714,3143,2351,113,113,2,0,1,0,1,0,0,8,8,0,0,0,103,0,0,0,0,103,0,0,0,0,0,0,0,0,0,0,0,0,2107,2020,1920,0,1193,541,186,0,0,0,0,0,0,39,61,0,0,0,0,61,87,9,0,0,0,78,0,0,70,0,0,8,131,124,24,0,20,4,0,0,0,0,0,0,0,100,0,0,0,0,0,0,7,0,0,0,0,7,0,2,0,0,0,5,792,135,132,0,0,0,0,0,0,0,18,18,0,0,0,114,0,0,0,0,114,3,0,0,0,0,3,0,0,1,0,0,2,374,131,43,0,0,1,42,0,0,6,6,0,0,40,42,0,0,0,0,42,243,223,0,0,0,20,0,1,17,0,0,2,283,271,0,0,0,0,0,0,0,0,0,0,0,271,0,0,0,0,0,0,12,0,0,0,0,12,0,7,2,0,0,3
"G0101230","2010","AL","3","6","Alabama","01","Tallapoosa County","123",,,,,,,,,,,,,,,"10760","99999","388",,,,,,,,,,,,,,,,,"1855780057","128808796","Tallapoosa County","A","+32.8633694","-085.7995532","06","2",,41616,20190,237,248,260,242,234,231,230,231,254,262,279,280,266,277,294,295,297,297,307,284,257,221,201,213,210,229,201,222,201,217,224,221,215,210,211,210,245,227,267,248,269,268,251,285,258,305,307,271,260,306,335,307,292,327,318,309,311,289,281,309,295,275,313,317,232,196,258,240,210,206,184,180,152,172,132,124,116,125,101,97,88,73,76,88,60,63,39,37,33,20,24,10,16,7,7,9,1,1,0,0,0,0,0,21426,236,241,220,259,233,229,242,222,214,257,270,233,258,266,268,263,288,306,261,250,259,252,207,207,210,235,255,201,244,231,238,223,214,216,188,278,255,273,285,294,266,258,273,291,297,300,312,270,288,319,305,358,323,362,321,305,319,290,313,313,325,288,334,330,237,272,255,257,225,206,202,200,204,190,166,183,126,164,140,156,141,127,118,99,90,88,85,58,66,52,42,36,25,21,17,8,9,6,5,4,4,1,0,41040,19799,1221,1208,1396,888,582,253,208,609,1040,1059,1183,1311,1434,1562,1485,566,849,450,647,801,528,333,186,21241,1189,1164,1291,853,507,258,251,623,1162,1077,1381,1382,1483,1664,1536,611,897,525,685,951,738,544,469,576,391,1,1,1,0,0,0,1,0,0,0,0,0,0,0,0,0,0,0,0,0,0,0,0,0,0,0,0,0,0,0,0,0,190,148,121,0,0,0,121,0,0,0,0,0,0,27,0,0,0,0,0,0,42,0,0,0,0,42,0,6,34,0,2,0,200,195,0,0,0,0,0,0,0,0,0,0,0,195,0,0,0,0,0,0,5,0,0,0,0,5,0,5,0,0,0,0,185,8,8,0,0,0,0,0,0,0,8,8,0,0,0,0,0,0,0,0,0,0,0,0,0,0,0,0,0,0,0,0,0,41,33,15,0,0,0,15,0,0,1,1,0,0,17,0,0,0,0,0,0,8,0,0,0,0,8,0,0,4,0,4,0,136,136,0,0,0,0,0,0,0,0,0,0,0,136,0,0,0,0,0,0,0,0,0,0,0,0,0,0,0,0,0,0
"G0101250","2010","AL","3","6","Alabama","01","Tuscaloosa County","125",,,,,,,,,,,,,,,"46220","99999","999",,,,,,,,,,,,,,,,,"3423328940","76395592","Tuscaloosa County","A","+33.2902022","-087.5228598","06","1",,194656,94400,1214,1162,1220,1182,1125,1148,1167,1178,1246,1218,1264,1160,1131,1172,1168,1163,1206,1269,1973,3278,3443,3189,3019,2141,1836,1569,1389,1364,1365,1337,1344,1207,1161,1064,1161,1208,1093,1057,1195,1212,1141,1044,1016,1005,1062,1131,1126,1094,1172,1125,1181,1111,1108,1194,1185,1188,1114,1138,1115,999,993,962,975,869,665,688,662,617,560,547,521,435,421,355,360,376,307,322,293,296,298,225,224,204,175,163,157,104,87,69,64,44,25,41,13,13,8,8,2,1,4,0,0,100256,1134,1164,1130,1158,1107,1041,1156,1032,1167,1162,1186,1168,1067,1132,1151,1121,1142,1175,2254,3817,3622,3358,2740,1936,1650,1420,1437,1422,1336,1406,1361,1226,1238,1224,1143,1186,1160,1240,1285,1233,1197,1097,1115,1115,1142,1238,1134,1155,1224,1177,1253,1266,1271,1303,1276,1310,1272,1164,1121,1138,1062,1055,1023,1011,689,726,758,798,665,573,576,593,521,493,480,530,511,493,499,445,453,408,408,361,357,300,219,227,197,152,141,121,79,67,54,32,39,25,22,14,22,2,0,184233,89363,5899,5929,5863,3612,3004,2744,2757,6566,6857,5783,5646,5185,5527,5646,5457,1933,2479,1334,1685,2068,1562,1078,749,94870,5672,5546,5680,3429,3151,2924,2853,6010,6963,6154,6066,5637,5889,6331,5957,2095,2701,1471,2027,2625,2391,1862,1436,10423,5037,90,45,0,0,0,0,0,0,0,44,0,26,18,0,1,1,0,0,0,0,45,8,0,0,0,37,18,0,1,0,0,18,4734,712,553,0,0,0,553,0,0,0,0,0,0,51,108,108,0,0,0,0,4022,3702,0,0,0,320,67,15,139,0,0,99,213,181,0,0,0,0,0,0,0,0,0,0,0,176,5,5,0,0,0,0,32,0,0,0,0,32,0,4,13,0,0,15,5386,66,24,0,0,0,0,0,0,0,24,0,19,5,0,0,0,0,0,0,0,42,6,0,0,0,36,21,0,0,0,0,15,4771,121,62,0,0,0,62,0,0,0,0,0,0,58,1,1,0,0,0,0,4650,4456,0,0,0,194,44,4,83,0,0,63,549,522,0,0,0,0,0,0,0,0,0,0,0,522,0,0,0,0,0,0,27,0,0,0,0,27,0,7,18,0,0,2
"G0101270","2010","AL","3","6","Alabama","01","Walker County","127",,,,,,,,,,,,,,,"13820","99999","142",,,,,,,,,,,,,,,,,"2049177420","36263761","Walker County","A","+33.7915714","-087.3010918","06","1",,67023,32668,378,364,374,420,406,404,422,423,412,446,476,440,435,476,450,484,450,488,437,420,392,349,345,392,391,373,356,366,368,399,367,419,355,387,348,379,368,445,478,504,450,470,418,470,480,474,483,491,515,479,469,482,499,487,489,484,479,484,470,481,397,427,483,429,350,358,321,338,311,288,284,271,272,217,238,210,207,179,154,149,153,111,97,100,65,79,60,44,35,25,19,10,10,16,5,6,3,2,1,0,4,0,0,34355,384,420,370,387,368,368,419,398,387,422,397,419,440,458,449,439,400,434,406,402,411,327,397,349,384,363,363,368,337,401,440,393,423,407,434,396,357,406,445,460,466,412,450,403,431,499,518,489,497,499,519,541,488,536,482,538,512,462,486,461,468,515,512,484,407,381,381,393,362,354,314,343,312,282,315,298,214,257,191,192,203,180,192,165,142,128,130,99,76,72,67,55,35,33,17,26,15,6,4,9,8,1,0,66157,32274,1942,2102,2273,1416,846,387,334,1099,1810,1846,2144,2243,2419,2401,2366,824,1250,676,931,1267,881,512,305,33883,1929,1994,2159,1260,796,399,325,1103,1814,2068,2054,2147,2485,2554,2433,977,1385,757,1092,1532,1120,823,677,866,394,15,5,0,0,0,0,0,0,0,5,0,5,0,0,0,0,0,0,0,0,10,0,0,0,0,10,0,0,0,0,10,0,309,235,207,0,0,0,185,22,0,1,0,1,0,27,0,0,0,0,0,0,74,29,0,0,0,45,0,32,5,0,2,6,70,62,0,0,0,0,0,0,0,0,0,0,0,62,0,0,0,0,0,0,8,0,0,0,0,8,0,4,0,0,0,4,472,17,3,0,0,0,0,0,0,0,3,0,3,0,0,0,0,0,0,0,0,14,0,0,0,0,14,0,8,0,0,6,0,204,133,102,0,0,0,102,0,0,1,0,1,0,30,0,0,0,0,0,0,71,31,0,0,0,40,0,30,4,0,0,6,251,247,0,0,0,0,0,0,0,0,0,0,0,247,0,0,0,0,0,0,4,0,0,0,0,4,0,4,0,0,0,0
"G0101290","2010","AL","3","6","Alabama","01","Washington County","129",,,,,,,,,,,,,,,"99999","99999","999",,,,,,,,,,,,,,,,,"2797722307","21650857","Washington County","A","+31.4069737","-088.2020776","06","9",,17581,8656,87,113,103,102,104,109,123,129,131,124,136,152,140,142,153,146,144,171,150,122,102,84,97,106,97,97,101,100,90,97,102,89,87,84,88,97,94,93,82,135,121,97,127,101,115,114,154,128,131,114,128,124,128,149,104,148,104,102,103,123,119,116,121,104,99,87,91,101,83,63,54,67,72,70,53,47,54,54,33,42,33,26,29,22,18,18,13,8,10,7,5,7,3,1,1,6,1,0,0,0,0,0,0,8925,80,115,121,113,116,123,102,115,108,145,122,137,119,116,125,153,129,136,118,98,90,67,103,100,82,91,99,119,100,111,105,84,78,98,96,113,99,97,124,123,141,110,122,100,137,132,144,121,128,142,150,125,138,148,124,139,136,105,128,124,137,102,113,120,78,94,101,100,75,81,85,74,66,58,58,55,55,57,36,56,36,40,38,27,38,28,27,24,18,21,13,10,13,9,8,0,2,3,2,2,0,1,0,17434,8569,509,616,723,461,268,101,84,291,476,439,493,551,635,628,575,234,320,178,247,316,228,125,71,8865,545,593,619,418,216,90,67,284,520,461,553,610,665,683,631,239,311,195,256,338,255,164,152,147,87,0,0,0,0,0,0,0,0,0,0,0,0,0,0,0,0,0,0,0,0,0,0,0,0,0,0,0,0,0,0,0,0,73,70,64,0,0,0,64,0,0,0,0,0,0,6,0,0,0,0,0,0,3,0,0,0,0,3,0,3,0,0,0,0,14,14,0,0,0,0,0,0,0,0,0,0,0,14,0,0,0,0,0,0,0,0,0,0,0,0,0,0,0,0,0,0,60,0,0,0,0,0,0,0,0,0,0,0,0,0,0,0,0,0,0,0,0,0,0,0,0,0,0,0,0,0,0,0,0,9,6,3,0,0,0,3,0,0,0,0,0,0,3,0,0,0,0,0,0,3,0,0,0,0,3,0,3,0,0,0,0,51,51,0,0,0,0,0,0,0,0,0,0,0,51,0,0,0,0,0,0,0,0,0,0,0,0,0,0,0,0,0,0
"G0101310","2010","AL","3","6","Alabama","01","Wilcox County","131",,,,,,,,,,,,,,,"99999","99999","999",,,,,,,,,,,,,,,,,"2301200113","48985152","Wilcox County","A","+31.9903296","-087.3022049","06","9",,11670,5518,80,73,69,76,75,70,83,87,71,124,95,109,100,116,100,97,100,106,105,81,65,68,65,55,47,41,58,59,62,70,64,62,44,45,64,58,61,63,58,67,59,70,49,67,68,67,63,82,70,66,74,81,91,90,81,102,75,72,81,77,77,67,67,79,61,63,55,36,41,55,37,36,35,39,40,31,20,25,22,24,11,19,14,13,12,10,8,10,6,6,2,3,2,2,3,3,3,0,1,1,1,0,0,6152,64,57,64,70,84,91,75,71,95,103,91,91,90,81,97,109,97,89,78,74,67,59,53,59,69,50,54,60,71,71,80,68,80,74,62,70,71,81,69,66,87,66,68,85,67,90,77,73,103,76,98,97,91,95,99,103,100,81,91,68,72,84,78,61,74,63,79,54,42,39,59,39,61,47,51,39,43,44,46,52,25,25,32,31,24,19,19,22,15,19,10,14,9,10,11,7,3,1,5,0,2,2,0,11562,5463,373,435,520,303,184,64,65,164,285,275,301,307,346,415,405,144,205,117,131,183,116,68,57,6099,339,435,450,295,152,67,59,181,304,364,355,372,419,479,443,156,212,141,131,250,213,128,154,108,55,0,0,0,0,0,0,0,0,0,0,0,0,0,0,0,0,0,0,0,0,0,0,0,0,0,0,0,0,0,0,0,0,38,38,32,32,0,0,0,0,0,0,0,0,0,6,0,0,0,0,0,0,0,0,0,0,0,0,0,0,0,0,0,0,17,17,0,0,0,0,0,0,0,0,0,0,0,17,0,0,0,0,0,0,0,0,0,0,0,0,0,0,0,0,0,0,53,0,0,0,0,0,0,0,0,0,0,0,0,0,0,0,0,0,0,0,0,0,0,0,0,0,0,0,0,0,0,0,0,7,6,6,6,0,0,0,0,0,0,0,0,0,0,0,0,0,0,0,0,1,0,0,0,0,1,0,0,0,0,0,1,46,45,0,0,0,0,0,0,0,0,0,0,0,45,0,0,0,0,0,0,1,0,0,0,0,1,0,0,0,0,0,1
"G0101330","2010","AL","3","6","Alabama","01","Winston County","133",,,,,,,,,,,,,,,"99999","99999","999",,,,,,,,,,,,,,,,,"1587607882","48922827","Winston County","A","+34.1558884","-087.3641471","06","9",,24484,12021,117,133,146,140,137,140,134,141,158,165,175,139,146,159,171,139,189,150,171,136,136,137,117,117,115,134,118,124,114,120,138,125,117,142,123,149,146,165,155,162,187,182,167,168,173,201,182,203,201,170,196,178,177,186,181,193,165,169,166,164,193,160,204,195,135,149,144,162,125,127,114,135,103,95,91,72,86,82,56,46,56,38,35,37,21,26,22,12,18,11,7,3,5,1,1,1,1,1,1,1,0,0,0,12463,104,126,160,133,133,156,129,138,153,150,153,159,173,129,153,166,156,149,148,120,120,123,117,137,127,127,123,131,127,124,123,147,131,147,101,143,113,166,158,165,141,169,174,166,187,202,176,189,169,226,187,187,175,197,177,172,169,155,171,185,176,176,193,203,155,157,176,153,166,146,145,112,129,104,95,86,85,69,100,80,81,77,75,63,44,62,48,39,28,24,29,24,10,11,10,5,7,2,3,0,3,0,0,24183,11904,673,738,790,478,307,134,137,346,594,636,766,864,951,910,854,351,531,289,407,535,330,181,102,12279,656,726,767,471,266,119,122,377,627,647,741,834,958,915,846,349,546,331,459,577,401,315,229,301,117,0,0,0,0,0,0,0,0,0,0,0,0,0,0,0,0,0,0,0,0,0,0,0,0,0,0,0,0,0,0,0,0,76,49,40,0,0,0,40,0,0,0,0,0,0,9,0,0,0,0,0,0,27,0,0,0,0,27,0,20,6,0,1,0,41,41,0,0,0,0,0,0,0,0,0,0,0,41,0,0,0,0,0,0,0,0,0,0,0,0,0,0,0,0,0,0,184,0,0,0,0,0,0,0,0,0,0,0,0,0,0,0,0,0,0,0,0,0,0,0,0,0,0,0,0,0,0,0,0,48,30,16,0,0,0,16,0,0,0,0,0,0,14,0,0,0,0,0,0,18,0,0,0,0,18,0,7,7,0,4,0,136,136,0,0,0,0,0,0,0,0,0,0,0,136,0,0,0,0,0,0,0,0,0,0,0,0,0,0,0,0,0,0
"G0400010","2010","AZ","4","8","Arizona","04","Apache County","001",,,,,,,,,,,,,,,"99999","99999","999",,,,,,,,,,,,,,,,,"29001443825","54175788","Apache County","A","+35.3858453","-109.4937467","06","9",,71518,35678,627,589,560,604,621,594,600,626,579,610,642,657,684,601,681,663,749,774,722,595,536,545,505,416,417,435,446,416,389,437,426,369,398,397,388,342,422,385,399,452,408,391,446,428,431,468,484,465,490,454,519,495,476,394,418,440,409,403,376,393,433,366,358,350,265,297,288,306,266,231,234,241,218,211,197,123,137,155,132,115,87,91,81,65,51,56,44,45,36,23,20,14,13,8,8,9,4,5,2,2,5,0,0,35840,547,539,605,624,644,617,601,580,575,640,643,623,636,606,612,674,704,729,657,513,522,466,448,459,414,405,343,398,376,375,368,375,359,339,394,362,355,393,397,401,424,386,458,382,436,489,471,492,489,491,509,553,462,496,493,483,472,397,422,361,441,380,386,376,325,335,344,318,290,262,247,226,239,219,207,176,148,189,152,143,139,85,84,85,86,75,54,66,44,43,44,29,26,15,26,15,8,8,3,7,8,3,0,70577,35040,2990,2969,3243,2183,1297,516,516,1285,2035,1895,1928,2038,2328,2274,2006,798,970,580,796,1097,653,365,278,35537,2945,2971,3094,2100,1133,500,452,1289,1874,1827,1907,2079,2427,2506,2134,820,1086,677,867,1128,799,468,454,941,638,76,3,0,0,0,0,0,0,0,1,0,0,1,0,2,0,0,0,0,2,73,0,0,0,0,73,15,1,0,0,56,1,511,413,403,0,0,330,73,0,0,2,2,0,0,2,6,0,0,0,0,6,98,84,0,0,0,14,0,6,0,0,0,8,51,24,3,0,0,3,0,0,0,0,0,0,0,21,0,0,0,0,0,0,27,0,0,0,0,27,0,19,0,0,0,8,303,89,9,0,0,0,0,0,0,0,7,5,0,2,0,2,0,0,0,0,2,80,0,0,0,0,80,20,0,0,0,60,0,159,28,22,0,0,0,22,0,0,0,0,0,0,2,4,0,0,0,0,4,131,120,0,0,0,11,0,7,0,0,1,3,55,26,0,0,0,0,0,0,0,0,0,0,0,26,0,0,0,0,0,0,29,0,0,0,0,29,1,16,0,0,0,12
"G0400030","2010","AZ","4","8","Arizona","04","Cochise County","003",,,,,,,,,,,,,,,"43420","99999","999",,,,,,,,,,,,,,,,,"15969063883","137025224","Cochise County","A","+31.8817928","-109.7541201","06","2",,131346,66977,846,850,905,930,874,814,805,796,876,873,835,813,839,853,849,881,961,964,1049,1121,982,897,871,910,965,976,1007,1037,996,914,949,786,784,753,734,815,750,750,775,791,728,772,761,745,772,820,818,862,841,902,902,812,913,842,917,877,834,896,863,867,861,855,888,908,683,688,791,793,676,656,614,616,583,581,534,516,374,405,376,393,357,297,265,233,213,168,154,126,95,85,68,51,41,49,21,17,7,6,3,4,4,1,1,64369,843,803,856,804,795,805,812,813,757,830,823,804,766,806,832,817,854,866,916,816,768,698,684,680,756,803,823,783,817,763,747,729,725,701,652,715,608,678,710,702,701,696,719,725,775,812,783,816,871,899,978,921,942,948,983,899,998,964,880,846,908,867,997,928,727,752,809,838,777,685,626,617,631,521,502,479,407,421,386,406,352,343,316,278,255,268,185,177,151,137,128,104,72,56,35,31,25,17,13,17,8,1,0,125075,61780,4400,4156,4176,2741,1509,698,653,2017,4011,3366,3337,3405,3942,4214,4251,1699,2463,1470,2115,2908,2049,1343,857,63295,4093,4009,4012,2532,1506,678,637,1982,3876,3503,3384,3600,4160,4757,4579,1772,2645,1554,2290,2878,2068,1507,1273,6271,5197,91,34,4,0,0,0,4,0,0,30,4,26,0,0,0,0,0,0,0,0,57,0,4,4,0,53,0,0,0,0,37,16,4986,2745,2721,0,0,2553,168,0,0,2,0,2,0,22,0,0,0,0,0,0,2241,78,2066,2066,0,97,7,34,24,0,7,25,120,104,18,0,0,16,2,0,0,0,0,0,0,86,0,0,0,0,0,0,16,0,0,0,0,16,0,9,0,0,0,7,1074,40,19,0,0,0,0,0,0,0,19,19,0,0,0,0,0,0,0,0,0,21,0,2,2,0,19,2,0,0,0,2,15,778,59,37,0,0,1,36,0,0,1,1,0,0,21,0,0,0,0,0,0,719,40,622,622,0,57,2,15,9,0,3,28,256,226,0,0,0,0,0,0,0,0,0,0,0,226,0,0,0,0,0,0,30,0,0,0,0,30,0,19,3,0,0,8
"G0400050","2010","AZ","4","8","Arizona","04","Coconino County","005",,,,,,,,,,,,,,,"22380","99999","999",,,,,,,,,,,,,,,,,"48222689085","109964090","Coconino County","A","+35.8296919","-111.7737277","06","1",,134421,66666,880,904,937,937,875,951,865,894,895,946,870,850,885,859,898,900,930,954,1478,2059,1824,1792,1573,1375,1206,1220,1050,1049,963,982,912,790,819,835,799,854,775,770,753,873,820,782,728,749,768,837,819,821,854,860,953,889,885,841,888,917,871,870,858,736,828,755,693,665,464,466,460,447,410,377,389,306,283,288,227,231,202,193,162,158,143,114,114,113,82,72,52,46,45,41,26,31,19,13,6,3,5,3,3,1,3,0,0,67755,852,869,908,945,838,881,862,814,826,829,865,867,856,798,851,807,904,986,1767,2539,2203,1913,1548,1283,1208,1048,958,882,900,891,865,809,823,776,758,765,716,738,779,826,800,735,749,718,801,863,881,843,929,957,994,934,994,966,945,997,917,920,808,783,689,691,705,656,537,512,466,447,457,421,383,288,300,285,235,274,207,226,200,182,177,165,175,140,127,133,111,89,95,79,45,43,34,16,23,11,9,11,7,6,10,1,0,125587,62599,4521,4538,4352,2738,1991,1300,1437,3732,4951,3980,3886,3723,4080,4361,4173,1564,1797,914,1227,1482,942,554,356,62988,4405,4206,4228,2661,2028,1454,1390,3594,4478,3920,3751,3742,4419,4783,4394,1362,1882,978,1323,1481,1069,765,675,8834,4067,81,38,23,0,0,0,23,0,0,15,5,0,10,0,0,0,0,0,0,0,43,5,0,0,0,38,14,0,0,0,8,16,3927,439,433,0,0,0,431,2,0,2,2,0,0,4,0,0,0,0,0,0,3488,2901,0,0,0,587,85,71,6,0,335,90,59,37,0,0,0,0,0,0,0,0,0,0,0,32,5,0,0,5,0,0,22,0,0,0,0,22,2,2,0,0,8,10,4767,58,6,5,0,0,0,5,0,0,1,1,0,0,0,0,0,0,0,0,0,52,25,0,0,0,27,15,2,0,0,0,10,4610,85,82,0,0,0,79,3,0,0,0,0,0,3,0,0,0,0,0,0,4525,4173,0,0,0,352,53,55,5,0,186,53,99,79,0,0,0,0,0,0,0,0,0,0,0,75,4,0,0,4,0,0,20,0,0,0,0,20,0,1,0,0,10,9
"G0400070","2010","AZ","4","8","Arizona","04","Gila County","007",,,,,,,,,,,,,,,"37740","99999","999",,,,,,,,,,,,,,,,,"12322988718","97111978","Gila County","A","+33.7896177","-110.8118696","06","2",,53597,26633,335,346,344,287,305,327,314,311,314,330,315,321,297,309,325,353,408,363,308,304,306,240,259,249,278,250,240,278,261,219,249,234,216,181,214,188,207,237,235,284,292,257,253,282,314,311,342,324,350,417,371,383,380,396,411,442,394,407,435,404,434,440,445,495,372,389,419,430,421,393,353,316,319,292,286,252,250,244,244,215,154,169,163,127,89,83,73,58,36,37,22,27,17,15,24,4,8,8,4,0,0,0,0,26964,300,278,288,312,264,271,320,337,292,304,284,318,294,323,349,297,364,372,290,283,275,254,257,236,230,218,238,219,202,235,199,193,231,225,199,222,243,200,209,283,284,287,268,297,314,305,346,351,357,386,380,399,431,434,443,420,411,450,433,426,456,463,486,505,415,440,432,442,418,375,355,327,322,267,259,294,251,228,227,244,211,180,163,171,128,134,107,87,70,77,72,49,49,40,25,20,15,7,5,4,13,1,0,52680,26017,1613,1591,1562,1111,592,297,225,743,1173,1042,1078,1343,1698,1916,2052,860,1300,797,1234,1538,1186,674,392,26663,1437,1522,1565,1032,563,273,253,719,1108,1036,1146,1442,1735,2079,2130,913,1404,867,1223,1512,1209,811,684,917,616,27,15,0,0,0,0,0,0,0,15,0,0,15,0,0,0,0,0,0,0,12,0,0,0,0,12,0,0,0,0,1,11,469,399,368,0,0,267,101,0,0,0,0,0,0,31,0,0,0,0,0,0,70,0,0,0,0,70,18,9,24,0,15,4,120,114,2,0,0,0,2,0,0,0,0,0,0,112,0,0,0,0,0,0,6,0,0,0,0,6,4,0,0,0,2,0,301,11,1,0,0,0,0,0,0,0,1,0,0,1,0,0,0,0,0,0,0,10,0,0,0,0,10,1,0,0,0,2,7,87,46,23,0,0,0,23,0,0,0,0,0,0,23,0,0,0,0,0,0,41,0,0,0,0,41,6,6,14,0,6,9,203,199,0,0,0,0,0,0,0,0,0,0,0,197,2,0,0,2,0,0,4,0,0,0,0,4,0,0,0,0,4,0
"G0400090","2010","AZ","4","8","Arizona","04","Graham County","009",,,,,,,,,,,,,,,"40940","99999","999",,,,,,,,,,,,,,,,,"11972471194","47833765","Graham County","A","+32.9318277","-109.8783103","06","2",,37220,19977,319,375,306,334,309,323,279,263,285,287,301,268,287,307,268,265,307,282,371,376,345,311,328,334,319,309,309,325,357,362,352,310,328,287,269,274,284,266,282,272,273,273,292,263,252,271,275,233,246,221,233,260,247,221,252,231,209,185,193,196,186,185,175,160,139,150,133,117,107,108,116,102,130,106,79,86,90,74,78,58,81,60,53,41,40,24,21,20,29,25,11,5,11,3,3,4,0,4,2,0,0,0,0,17243,300,305,358,290,319,292,300,299,279,274,304,297,266,259,268,231,272,297,312,438,332,272,247,217,245,222,206,198,220,217,218,213,190,186,197,185,180,164,190,196,170,183,178,171,174,178,206,183,194,210,224,214,191,215,188,202,209,164,208,191,163,182,171,185,144,121,128,140,121,156,104,116,137,103,114,85,87,99,91,103,89,52,58,58,46,44,33,46,26,33,17,16,15,13,11,12,5,3,2,3,3,0,0,33469,16435,1641,1437,1431,849,568,277,245,708,1078,971,867,876,878,1008,879,346,456,276,317,527,383,267,150,17034,1572,1442,1394,797,682,312,266,705,1052,991,912,871,970,1028,968,345,496,248,415,571,458,296,243,3751,3542,7,7,0,0,0,0,0,0,0,7,2,0,5,0,0,0,0,0,0,0,0,0,0,0,0,0,0,0,0,0,0,0,3484,3320,3307,0,1264,1916,127,0,0,5,0,0,5,8,0,0,0,0,0,0,164,146,0,0,0,18,0,13,0,0,3,2,51,49,20,0,12,8,0,0,0,0,0,0,0,29,0,0,0,0,0,0,2,0,0,0,0,2,0,2,0,0,0,0,209,5,5,0,0,0,0,0,0,0,5,2,0,3,0,0,0,0,0,0,0,0,0,0,0,0,0,0,0,0,0,0,0,145,18,14,0,10,0,4,0,0,0,0,0,0,4,0,0,0,0,0,0,127,91,0,0,0,36,0,6,0,0,4,26,59,59,0,0,0,0,0,0,0,0,0,0,0,59,0,0,0,0,0,0,0,0,0,0,0,0,0,0,0,0,0,0
"G0400110","2010","AZ","4","8","Arizona","04","Greenlee County","011",,,,,,,,,,,,,,,"40940","99999","999",,,,,,,,,,,,,,,,,"4773673819","13745365","Greenlee County","A","+33.2388723","-109.2423231","06","2",,8437,4398,60,61,70,72,59,78,61,70,70,58,71,82,87,86,80,84,91,75,66,44,48,45,49,52,46,56,66,68,57,62,56,43,57,40,46,55,56,46,54,40,44,55,59,68,55,66,64,56,64,64,55,70,63,68,79,66,68,37,73,53,64,56,44,49,28,36,40,31,23,25,26,28,16,20,19,22,19,25,17,25,18,20,8,5,6,7,6,5,5,2,2,1,0,5,0,0,0,0,1,0,0,0,0,4039,57,70,74,68,64,61,59,61,50,66,74,69,71,63,59,58,58,66,56,42,42,40,62,64,45,37,57,50,57,57,51,62,53,53,45,37,49,51,44,50,51,67,48,49,46,54,51,50,55,46,66,44,61,48,57,48,59,48,45,60,37,41,38,41,24,29,46,32,30,28,21,18,17,24,18,42,20,31,20,26,18,18,21,10,12,15,5,12,7,5,7,5,4,4,0,2,4,0,1,1,0,0,0,8402,4380,322,337,406,250,107,48,44,146,305,238,249,279,314,334,297,120,121,76,79,109,108,57,34,4022,333,297,336,182,98,42,39,169,251,262,228,260,255,276,260,78,103,75,90,98,139,79,72,35,18,0,0,0,0,0,0,0,0,0,0,0,0,0,0,0,0,0,0,0,0,0,0,0,0,0,0,0,0,0,0,0,0,18,16,16,0,0,0,16,0,0,0,0,0,0,0,0,0,0,0,0,0,2,0,0,0,0,2,0,0,0,0,1,1,0,0,0,0,0,0,0,0,0,0,0,0,0,0,0,0,0,0,0,0,0,0,0,0,0,0,0,0,0,0,0,0,17,0,0,0,0,0,0,0,0,0,0,0,0,0,0,0,0,0,0,0,0,0,0,0,0,0,0,0,0,0,0,0,0,17,17,17,0,0,0,17,0,0,0,0,0,0,0,0,0,0,0,0,0,0,0,0,0,0,0,0,0,0,0,0,0,0,0,0,0,0,0,0,0,0,0,0,0,0,0,0,0,0,0,0,0,0,0,0,0,0,0,0,0,0,0,0,0
"G0400120","2010","AZ","4","8","Arizona","04","La Paz County","012",,,,,,,,,,,,,,,"99999","99999","999",,,,,,,,,,,,,,,,,"11653984341","36581791","La Paz County","A","+33.7276249","-114.0387933","06","9",,20489,10550,92,103,106,127,117,95,110,91,119,97,101,102,104,108,99,116,102,122,94,97,102,70,91,80,98,82,69,112,72,94,97,85,76,82,72,68,69,73,101,77,97,87,89,94,94,92,91,102,142,122,122,125,121,131,121,123,121,145,147,144,169,172,184,207,181,181,217,252,236,222,246,242,218,200,185,204,168,145,153,121,99,84,80,75,56,39,27,31,17,17,13,7,6,3,4,4,2,1,0,0,0,0,0,9939,86,96,97,117,87,104,106,85,109,89,88,98,99,87,93,99,109,118,97,83,80,65,71,64,64,74,88,66,72,72,82,77,71,79,76,62,63,78,81,74,88,84,86,104,99,99,98,121,113,125,160,119,139,136,143,144,141,153,160,173,170,169,199,193,189,192,225,271,199,211,207,194,200,163,144,156,121,122,98,87,99,65,55,63,42,31,35,24,23,27,14,13,6,12,17,0,6,3,2,0,1,0,0,20101,10233,539,509,510,339,178,90,62,231,378,377,371,426,529,601,659,336,567,395,703,1081,787,394,171,9868,481,490,462,326,177,78,64,197,368,378,351,458,547,692,767,338,576,415,681,904,580,324,214,388,317,14,1,1,0,0,0,1,0,0,0,0,0,0,0,0,0,0,0,0,0,13,0,0,0,0,13,0,0,0,0,4,9,279,217,215,0,0,0,215,0,0,0,0,0,0,2,0,0,0,0,0,0,62,0,0,0,0,62,2,1,0,0,17,42,24,2,0,0,0,0,0,0,0,0,0,0,0,2,0,0,0,0,0,0,22,0,0,0,0,22,0,0,0,0,2,20,71,8,0,0,0,0,0,0,0,0,0,0,0,0,0,0,0,0,0,0,0,8,0,0,0,0,8,0,0,0,0,3,5,53,17,16,0,0,0,16,0,0,0,0,0,0,1,0,0,0,0,0,0,36,0,0,0,0,36,0,1,0,0,4,31,10,1,0,0,0,0,0,0,0,0,0,0,0,1,0,0,0,0,0,0,9,0,0,0,0,9,1,0,0,0,0,8
"G0400130","2010","AZ","4","8","Arizona","04","Maricopa County","013",,,,,,,,,,,,,,,"38060","99999","999",,,,,,,,,,,,,,,,,"23828260196","62795719","Maricopa County","A","+33.3465408","-112.4955335","06","1",,3817117,1888465,27675,28409,29366,29717,29101,28668,28997,28797,28332,29546,28935,28128,28268,28139,27884,28281,28125,28552,28717,28877,28477,27080,27057,27167,27750,28036,27497,28092,28132,28192,29333,26137,26424,25669,25635,27219,25250,25736,26756,28138,28821,26316,25814,24630,24813,26650,25669,26202,25805,25400,25816,23812,24018,22769,22027,21498,20446,19589,18922,18585,18692,18162,19339,18879,14464,14602,14553,14607,12746,11689,11157,10853,10281,9464,9042,8734,7755,7523,7319,7053,6485,5867,5312,4756,4354,3978,3434,2892,2509,2108,1582,1242,913,724,490,339,236,153,97,80,93,12,2,1928652,26625,27157,28364,28475,27881,27779,27661,27608,27376,27945,27710,27410,26917,27076,26761,26681,26950,26565,27239,26912,26273,25504,24957,25680,26927,27204,26578,27800,27512,27661,28026,25897,26109,25918,25274,26670,25453,25570,26969,28208,28160,25586,25229,24509,24751,26690,26341,26275,26168,26306,26320,24976,25148,24096,23477,23231,22296,21868,21057,20969,21004,20785,21296,21205,16022,16732,16366,16684,14736,13460,13063,12187,11556,10926,10684,10098,9199,9129,8750,8648,8499,7798,7455,6940,6525,6151,5565,4881,4363,3868,2960,2467,2066,1589,1231,918,721,488,321,196,363,21,1,3763940,1856966,144073,144210,141076,83740,52374,26086,25336,78566,137161,130631,131336,128546,128065,116862,98030,36573,52349,28973,38792,50363,37873,26206,19745,1906974,138318,138256,135691,79785,49324,24835,24641,76351,135612,130419,132192,127421,130989,123209,108956,41628,58301,32899,44688,57932,45070,35945,34512,53177,31499,1821,1400,478,0,0,36,439,3,0,922,426,160,336,0,0,0,0,0,0,0,421,17,2,2,0,402,131,17,1,0,77,176,26594,14415,13302,19,840,5972,6387,82,2,29,27,2,0,958,126,114,2,8,0,2,12179,6090,553,553,0,5536,1351,1132,1196,0,372,1485,3084,2234,58,0,8,49,0,1,0,0,0,0,0,2002,174,137,11,26,0,0,850,0,0,0,0,850,48,544,20,0,169,69,21678,891,466,150,0,0,113,34,3,0,316,249,50,17,0,0,0,0,0,0,0,425,34,0,0,0,391,148,5,2,0,57,179,14228,5515,4698,6,272,3358,1042,20,0,43,42,1,0,766,8,0,4,4,0,0,8713,6117,101,101,0,2495,450,742,403,0,237,663,6559,4382,59,0,6,53,0,0,0,0,0,0,0,4271,52,8,12,32,0,0,2177,0,0,0,0,2177,9,1597,36,0,496,39
"G0400150","2010","AZ","4","8","Arizona","04","Mohave County","015",,,,,,,,,,,,,,,"29420","99999","999",,,,,,,,,,,,,,,,,"34475546921","387371395","Mohave County","A","+35.7177050","-113.7496891","06","1",,200186,100078,1037,1063,1123,1170,1117,1134,1147,1175,1095,1158,1181,1176,1216,1200,1148,1253,1252,1270,1180,1029,978,917,932,937,945,993,942,958,964,984,980,951,933,855,910,903,885,976,932,1066,1065,1050,1012,1092,1137,1275,1245,1384,1360,1429,1502,1468,1550,1482,1502,1515,1403,1439,1503,1347,1581,1570,1755,1838,1390,1519,1599,1725,1543,1431,1413,1339,1342,1231,1177,1061,1014,851,821,771,754,624,533,446,386,317,266,212,196,155,125,73,55,43,35,23,11,12,6,4,6,0,0,100108,1056,1111,1091,1152,1085,1079,1137,1092,1065,1169,1169,1173,1110,1142,1140,1200,1207,1172,1110,1036,976,877,916,894,916,898,892,964,841,893,882,888,843,856,850,931,853,850,963,1078,1080,1022,1006,1066,1143,1235,1395,1355,1388,1486,1512,1480,1530,1513,1633,1576,1573,1491,1602,1553,1676,1592,1848,1834,1423,1585,1583,1651,1459,1463,1400,1401,1277,1103,1068,1074,819,820,778,774,707,621,577,527,473,442,375,306,263,233,189,139,122,79,69,37,39,36,17,16,17,0,0,197557,97924,5506,5703,5911,3752,2161,956,885,2636,4483,4272,4493,5115,6492,7353,7128,3128,4961,3115,4689,6477,4490,2713,1505,99633,5491,5542,5730,3575,2134,973,874,2717,4472,4302,4659,5301,6837,7657,7784,3263,5098,3162,4561,6231,4221,2825,2224,2629,2154,43,35,1,0,0,0,1,0,0,34,8,0,26,0,0,0,0,0,0,0,8,0,0,0,0,8,0,0,0,0,2,6,1981,1839,1820,24,0,1467,323,6,0,0,0,0,0,19,0,0,0,0,0,0,142,10,0,0,0,132,46,25,12,0,5,44,130,80,14,0,0,10,4,0,0,0,0,0,0,65,1,0,0,1,0,0,50,0,0,0,0,50,3,0,41,0,0,6,475,12,7,0,0,0,0,0,0,0,7,3,0,4,0,0,0,0,0,0,0,5,0,0,0,0,5,0,0,0,0,0,5,148,102,77,8,0,4,65,0,0,0,0,0,0,25,0,0,0,0,0,0,46,1,0,0,0,45,7,10,5,0,5,18,315,266,0,0,0,0,0,0,0,0,0,0,0,258,8,0,0,8,0,0,49,0,0,0,0,49,0,9,38,0,0,2
"G0400170","2010","AZ","4","8","Arizona","04","Navajo County","017",,,,,,,,,,,,,,,"43320","99999","999",,,,,,,,,,,,,,,,,"25771473007","24078377","Navajo County","A","+35.3909336","-110.3209076","06","2",,107449,53777,815,864,890,883,911,933,877,840,821,877,912,951,890,905,962,886,1013,962,927,868,820,710,685,692,628,660,641,684,638,645,577,632,601,621,584,603,590,589,589,615,607,616,591,590,663,668,740,722,716,696,756,681,712,697,625,757,678,615,581,614,629,617,621,587,472,530,512,517,441,452,422,407,391,352,308,282,227,232,212,214,198,167,147,122,111,84,80,72,63,77,28,15,23,17,11,5,6,1,3,4,1,1,0,53672,850,827,943,901,855,878,805,822,867,837,921,854,860,883,866,896,969,947,868,754,709,651,655,613,606,566,535,598,596,612,580,538,495,533,599,518,548,541,572,633,582,605,583,585,595,727,737,732,685,777,746,747,775,733,693,716,733,652,709,694,682,720,658,686,513,533,538,540,511,459,456,414,419,341,324,308,264,265,250,236,230,171,206,160,134,128,99,102,96,64,63,49,42,31,16,14,14,9,6,3,11,0,0,105222,51844,4362,4344,4580,2841,1757,770,668,1819,2887,2719,2748,2860,3371,3368,3195,1234,1668,1039,1396,1865,1146,737,470,53378,4371,4191,4352,2799,1619,699,644,1868,2901,2731,2803,2940,3647,3684,3495,1396,1852,1066,1501,1944,1305,877,693,2227,1933,65,34,0,0,0,0,0,0,0,34,7,27,0,0,0,0,0,0,0,0,31,0,0,0,0,31,1,2,0,0,28,0,1786,1677,1657,0,0,1407,250,0,0,0,0,0,0,20,0,0,0,0,0,0,109,0,0,0,0,109,22,17,10,0,25,35,82,61,6,0,0,6,0,0,0,0,0,0,0,55,0,0,0,0,0,0,21,0,0,0,0,21,0,4,1,0,16,0,294,68,23,0,0,0,0,0,0,0,23,23,0,0,0,0,0,0,0,0,0,45,0,0,0,0,45,1,0,0,0,43,1,106,56,40,0,0,0,40,0,0,0,0,0,0,16,0,0,0,0,0,0,50,0,0,0,0,50,9,16,0,0,21,4,120,77,0,0,0,0,0,0,0,0,0,0,0,77,0,0,0,0,0,0,43,0,0,0,0,43,0,19,0,0,21,3
"G0400190","2010","AZ","4","8","Arizona","04","Pima County","019",,,,,,,,,,,,,,,"46060","99999","999",,,,,,,,,,,,,,,,,"23794311939","5337525","Pima County","A","+32.1282374","-111.7830177","06","1",,980263,481437,6238,6334,6568,6618,6301,6334,6374,6281,6057,6345,6610,6344,6277,6256,6413,6437,6511,6891,7693,8667,8540,8375,7593,7035,6956,6983,6606,6830,6637,6537,6640,6071,5969,5740,5672,6102,5650,5645,5834,6111,6114,5557,5553,5532,5881,6224,6341,6265,6397,6587,6700,6367,6533,6470,6135,6360,6242,6121,5868,5775,5801,5643,5938,5922,4456,4669,4494,4743,4036,3746,3551,3456,3323,3133,3023,2947,2550,2689,2466,2322,2253,1968,1809,1658,1479,1347,1182,1062,884,735,554,419,318,220,175,123,91,45,41,28,39,2,0,498826,5887,6046,6321,6196,6012,5941,5943,6007,6070,6421,6324,5996,5975,6025,5909,6218,6283,6553,7642,8449,8415,7901,7242,6728,6555,6704,6344,6484,6611,6446,6634,5854,5882,5840,5689,5903,5453,5631,6016,6141,6139,5659,5588,5554,5732,6279,6387,6564,6611,6860,6915,7000,7103,6967,6823,6823,6816,6841,6628,6444,6404,6229,6459,6533,5064,5256,5253,5158,4761,4298,4191,3939,3740,3592,3430,3149,2995,3013,2974,2923,2761,2597,2476,2357,2220,2083,1867,1653,1472,1206,949,787,689,539,382,281,230,171,107,89,117,7,1,956124,465835,31982,31307,31762,19392,13687,7744,7782,20518,32114,28755,28128,27450,30714,31295,29711,11225,16079,9028,12389,16259,12749,8953,6812,490289,30390,30329,30129,18898,13134,7759,7622,20220,32311,29679,28923,28483,32519,34648,33398,12555,17934,10441,14113,18686,14792,11937,11389,24139,15602,746,568,152,0,0,123,28,1,0,402,213,35,154,0,14,0,0,0,0,14,178,5,0,0,0,173,43,6,0,0,38,86,13466,7820,7436,0,1540,4322,1483,91,0,12,11,0,1,315,57,0,31,0,0,26,5646,2967,543,543,0,2136,329,461,401,0,238,707,1390,1033,196,0,27,161,6,2,0,0,0,0,0,798,39,0,15,24,0,0,357,0,0,0,0,357,6,214,4,0,45,88,8537,381,235,2,0,0,1,1,0,0,208,158,31,19,0,25,0,0,0,0,25,146,21,0,0,0,125,56,4,0,0,16,49,5801,865,566,0,34,301,216,15,0,12,12,0,0,240,47,0,23,0,0,24,4936,3773,115,115,0,1048,127,283,158,0,151,329,2355,1657,0,0,0,0,0,0,0,0,0,0,0,1623,34,0,9,25,0,0,698,2,0,0,0,696,0,481,4,0,126,85
"G0400210","2010","AZ","4","8","Arizona","04","Pinal County","021",,,,,,,,,,,,,,,"38060","99999","999",,,,,,,,,,,,,,,,,"13896869603","22331525","Pinal County","A","+32.9189100","-111.3672569","06","1",,375770,197165,2901,3109,3169,3232,3080,3085,2998,2968,2842,2927,2856,2769,2570,2699,2505,2561,2336,2314,2402,2323,2398,2262,2304,2512,2590,2835,2995,3130,3033,3368,3385,3141,3289,3245,3202,3231,3032,2969,3104,3146,2926,2681,2522,2475,2385,2533,2557,2524,2426,2405,2352,2263,2119,2140,2125,2056,2018,2000,1970,1951,2055,2047,2213,2312,1867,1957,1969,1940,1773,1627,1732,1459,1510,1264,1190,1082,973,936,865,823,786,596,575,454,403,340,298,203,179,144,95,71,64,40,27,19,15,8,3,1,5,0,0,178605,2726,2932,2997,3134,2902,2914,2941,2854,2692,2800,2831,2696,2520,2477,2451,2329,2372,2211,2002,1800,1741,1706,1731,1914,2013,2126,2247,2462,2637,2770,2705,2666,2552,2476,2482,2454,2343,2309,2388,2236,2231,2069,2015,1896,1947,2015,2016,2109,1995,2079,2228,2055,2200,2150,2097,2239,2100,2102,2218,2100,2306,2280,2489,2469,2016,2049,2115,2094,1835,1733,1638,1473,1456,1236,1205,1071,1005,938,850,813,768,594,587,514,456,372,358,318,282,217,160,127,91,81,55,43,40,27,16,13,15,0,0,349525,172227,15481,14810,13384,7126,4032,1786,1564,4986,10801,12205,11975,10144,10163,9438,9181,3897,6176,3843,5232,7076,4648,2788,1491,177298,14669,14191,12961,6891,3715,1704,1667,5543,12048,12721,11600,10065,10143,10675,10715,4570,6953,4154,5640,6988,4658,2882,2145,26245,24938,120,109,14,0,0,0,14,0,0,95,21,0,74,0,0,0,0,0,0,0,11,1,0,0,0,10,0,0,0,0,0,10,24470,24176,24146,11573,0,11369,1165,39,0,1,1,0,0,29,0,0,0,0,0,0,294,55,0,0,0,239,7,115,24,0,20,73,348,312,260,59,0,197,4,0,0,0,0,0,0,52,0,0,0,0,0,0,36,0,0,0,0,36,0,20,2,0,4,10,1307,67,60,0,0,0,0,0,0,0,60,16,0,44,0,0,0,0,0,0,0,7,0,0,0,0,7,0,2,0,0,2,3,1062,820,802,680,0,1,105,16,0,0,0,0,0,18,0,0,0,0,0,0,242,29,0,0,0,213,6,130,25,0,11,41,178,106,0,0,0,0,0,0,0,0,0,0,0,106,0,0,0,0,0,0,72,0,0,0,0,72,4,48,8,0,5,7
"G0400230","2010","AZ","4","8","Arizona","04","Santa Cruz County","023",,,,,,,,,,,,,,,"35700","99999","999",,,,,,,,,,,,,,,,,"3203598541","3088171","Santa Cruz County","A","+31.5259036","-110.8451898","06","2",,47420,22559,343,400,379,369,398,374,412,371,417,406,437,432,439,424,427,457,443,512,407,301,287,268,276,240,232,216,180,198,228,222,232,224,211,187,230,229,255,238,261,284,277,257,266,241,280,274,309,285,279,332,303,306,292,319,283,287,265,296,252,255,237,258,262,250,244,203,211,213,176,191,164,142,152,148,143,112,92,112,88,109,90,64,60,62,42,37,37,30,29,25,20,11,12,11,8,4,2,2,1,1,0,0,0,24861,365,353,356,358,355,385,381,394,416,364,415,406,402,420,429,390,438,493,403,308,284,275,255,221,255,269,231,253,253,295,269,271,284,257,291,292,309,299,309,347,363,295,343,323,292,349,326,331,354,345,358,303,357,338,400,363,307,349,291,306,298,290,307,242,261,219,225,237,226,192,210,186,170,149,134,112,128,138,117,116,118,91,75,70,81,59,54,64,58,30,30,31,30,18,16,7,12,6,3,3,4,0,1,47036,22379,1880,1974,2149,1405,699,282,262,735,1026,1072,1261,1309,1471,1491,1350,490,748,408,575,745,506,315,226,24657,1781,1931,2066,1319,711,280,272,730,1291,1356,1543,1605,1697,1737,1601,578,806,440,651,840,596,427,399,384,180,32,8,0,0,0,0,0,0,0,8,0,0,8,0,0,0,0,0,0,0,24,0,0,0,0,24,2,0,0,0,0,22,119,46,43,0,0,0,43,0,0,0,0,0,0,3,0,0,0,0,0,0,73,0,0,0,0,73,8,3,0,0,11,51,29,8,0,0,0,0,0,0,0,0,0,0,0,8,0,0,0,0,0,0,21,0,0,0,0,21,0,0,0,0,1,20,204,23,2,0,0,0,0,0,0,0,2,0,0,2,0,0,0,0,0,0,0,21,0,0,0,0,21,0,0,0,0,0,21,114,7,6,0,0,0,6,0,0,0,0,0,0,1,0,0,0,0,0,0,107,0,0,0,0,107,4,3,0,0,7,93,67,36,0,0,0,0,0,0,0,0,0,0,0,36,0,0,0,0,0,0,31,0,0,0,0,31,0,3,0,0,0,28
"G0400250","2010","AZ","4","8","Arizona","04","Yavapai County","025",,,,,,,,,,,,,,,"39140","99999","999",,,,,,,,,,,,,,,,,"21039764981","11501683","Yavapai County","A","+34.6300439","-112.5737449","06","1",,211033,103458,968,1002,1074,1107,1113,1076,1096,1126,1132,1140,1142,1189,1256,1242,1261,1227,1233,1239,1266,1364,1217,1186,1021,1000,993,985,942,998,922,999,1027,941,892,869,894,958,849,916,993,1059,1043,1009,1043,1001,1118,1186,1231,1315,1410,1411,1533,1474,1499,1594,1568,1654,1603,1593,1662,1677,1780,1785,1909,1892,1516,1554,1628,1724,1498,1460,1398,1215,1301,1134,1107,1021,964,945,837,851,786,708,598,590,490,466,406,308,266,217,147,123,95,74,48,28,14,11,11,10,4,0,1,107575,989,992,1107,1093,1023,1039,1057,1083,1043,1123,1127,1107,1085,1169,1165,1163,1133,1148,1104,1039,1007,957,923,926,937,934,926,951,880,920,965,834,925,857,891,969,950,997,956,1086,1105,1082,1089,1088,1147,1294,1355,1374,1475,1556,1671,1644,1708,1750,1762,1907,1947,1892,1921,1924,1895,1871,2057,2085,1667,1761,1828,1779,1712,1526,1416,1338,1214,1185,1147,1043,989,991,798,859,774,758,775,647,572,615,580,445,396,357,247,215,208,154,132,77,69,45,29,14,33,1,0,207508,101216,5249,5563,6078,3680,2193,1068,1065,2873,4692,4499,4647,5104,6403,7514,8071,3523,5266,3156,4650,6115,4564,3111,2132,106292,5196,5337,5638,3434,1956,963,926,2747,4555,4410,4914,5457,7009,8484,9546,3749,5784,3579,5000,6255,4626,3432,3295,3525,2242,53,17,0,0,0,0,0,0,0,17,0,17,0,0,0,0,0,0,0,0,36,0,0,0,0,36,0,1,0,0,17,18,1879,635,463,0,0,0,448,15,0,0,0,0,0,46,126,0,8,118,0,0,1244,678,0,0,0,566,20,151,130,0,124,141,310,268,6,0,0,0,6,0,0,0,0,0,0,181,81,0,9,72,0,0,42,0,0,0,0,42,0,5,0,0,18,19,1283,41,8,0,0,0,0,0,0,0,8,0,8,0,0,0,0,0,0,0,0,33,1,0,0,0,32,0,0,0,0,16,16,700,135,82,0,0,0,81,1,0,1,0,1,0,39,13,0,5,8,0,0,565,266,0,0,0,299,5,106,19,0,108,61,542,518,0,0,0,0,0,0,0,0,0,0,0,495,23,0,11,12,0,0,24,0,0,0,0,24,0,11,0,0,9,4
"G0400270","2010","AZ","4","8","Arizona","04","Yuma County","027",,,,,,,,,,,,,,,"49740","99999","999",,,,,,,,,,,,,,,,,"14281174361","13253868","Yuma County","A","+32.7739424","-113.9109050","06","1",,195751,98005,1516,1495,1569,1529,1543,1569,1487,1454,1444,1528,1493,1539,1581,1543,1662,1622,1663,1717,1756,1718,1859,1700,1659,1481,1339,1458,1378,1363,1253,1289,1292,1195,1096,1152,1152,1083,1007,1083,1092,1172,1149,1117,1111,1142,1180,1145,1145,1082,1146,1081,1233,1034,1082,1049,968,980,996,875,888,846,877,859,917,924,837,776,869,879,874,841,852,859,827,773,772,704,696,619,602,585,511,466,404,341,320,255,241,184,138,96,97,79,42,34,24,22,9,8,7,2,1,2,0,97746,1422,1464,1485,1495,1468,1493,1484,1495,1496,1478,1502,1458,1524,1523,1590,1631,1601,1622,1546,1427,1410,1365,1305,1302,1288,1262,1190,1189,1202,1284,1194,1049,1027,1088,1082,1173,1148,1164,1163,1270,1239,1129,1206,1102,1214,1188,1216,1177,1249,1108,1186,1154,1191,1106,1058,1050,1076,1034,984,929,1002,1004,1025,1048,877,976,1052,1062,936,935,880,880,827,786,721,727,669,615,572,595,497,499,379,361,353,288,265,204,190,132,120,74,62,41,51,32,12,14,13,7,8,0,0,189830,92717,7643,7481,7816,4990,2986,1389,1250,3614,5929,5277,4998,5335,5318,5198,4493,1711,2645,1621,2579,4058,3175,2008,1203,97113,7333,7442,7594,4853,2870,1363,1334,3847,6080,5415,5897,5864,5916,5675,5060,1997,2940,2019,2925,4074,3141,2056,1418,5921,5288,24,8,8,0,0,0,8,0,0,0,0,0,0,0,0,0,0,0,0,0,16,4,0,0,0,12,7,0,0,0,0,5,5097,3391,3369,491,0,2391,487,0,0,0,0,0,0,22,0,0,0,0,0,0,1706,155,1080,1080,0,471,134,31,20,0,223,63,167,129,20,0,0,8,12,0,0,0,0,0,0,107,2,2,0,0,0,0,38,0,0,0,0,38,12,9,0,0,3,14,633,9,0,0,0,0,0,0,0,0,0,0,0,0,0,0,0,0,0,0,0,9,1,0,0,0,8,6,0,0,0,0,2,422,103,85,11,0,4,70,0,0,0,0,0,0,18,0,0,0,0,0,0,319,97,84,84,0,138,44,18,3,0,56,17,202,162,1,0,0,1,0,0,0,0,0,0,0,161,0,0,0,0,0,0,40,0,0,0,0,40,2,32,0,0,0,6
"G0600010","2010","CA","4","9","California","06","Alameda County","001",,,,,,,,,,,,,,,"41860","36084","488",,,,,,,,,,,,,,,,,"1914046110","213184643","Alameda County","A","+37.6480811","-121.9133039","06","1",,1510271,740573,9660,9990,10473,10091,10045,9921,9656,9547,9443,9578,9415,9240,9139,9281,9328,9884,9827,9950,10823,10961,11229,11179,10704,10435,10968,11242,10842,11312,11423,11366,12699,10602,11092,10781,11082,11841,10854,11120,11381,11866,12784,11134,10863,10532,10646,11743,11204,11343,11003,10875,11767,10607,10784,10213,10060,10398,9305,9134,8738,8005,8653,7838,7821,7366,5831,5888,5254,5125,4296,4005,4010,3587,3338,3110,3015,2858,2594,2544,2385,2236,2123,1898,1840,1719,1564,1456,1299,1179,972,843,661,466,371,291,207,170,131,94,38,34,51,2,2,769698,9350,9444,9695,9564,9340,9379,9592,9230,9011,9189,8821,8688,8956,8988,9214,8971,9292,9429,10329,10928,10946,10727,10280,10374,10207,11262,11053,11429,12022,11646,12757,11221,11629,11413,11331,12118,11101,11535,11400,12059,12715,11213,10810,10632,10887,11875,11684,11559,11365,11460,11636,10931,11160,10664,10684,10709,9892,9882,9403,9182,9337,8641,8549,8331,6487,6666,5826,5772,5111,4720,4707,4282,4121,3890,3714,3728,3379,3252,3145,3064,3151,2828,2786,2739,2743,2511,2320,2034,1863,1608,1354,976,900,705,596,447,358,271,187,116,197,22,1,1472829,720159,50137,48079,46279,29292,18192,10114,10131,30508,54622,54931,55936,54901,54924,52005,44359,16021,20571,10869,13120,16586,12196,8757,7629,752670,47286,46329,44588,27539,17036,9699,9757,29895,56626,57760,57653,55632,57258,54395,48485,17740,23115,12293,15351,20255,16063,13503,14412,37442,20414,681,400,14,0,0,1,12,1,0,385,52,66,267,0,1,1,0,0,0,0,281,30,0,0,0,251,114,3,1,0,2,131,17234,5658,4798,0,126,35,4526,111,0,50,22,6,22,674,136,92,38,6,0,0,11576,5761,575,68,507,5240,637,885,550,61,301,2806,2499,1666,263,0,0,0,263,0,0,0,0,0,0,1388,15,0,4,11,0,0,833,0,0,0,0,833,34,217,78,1,210,293,17028,411,120,3,0,0,3,0,0,0,117,48,22,47,0,0,0,0,0,0,0,291,50,0,0,0,241,116,7,1,0,7,110,12404,2164,1602,0,1204,63,325,10,0,23,11,5,7,420,119,84,25,10,0,0,10240,7162,86,8,78,2992,421,663,366,3,229,1310,4213,2902,33,0,15,4,14,0,0,0,0,0,0,2847,22,1,2,19,0,0,1311,0,0,0,0,1311,12,430,73,1,408,387
"G0600030","2010","CA","4","9","California","06","Alpine County","003",,,,,,,,,,,,,,,"99999","99999","999",,,,,,,,,,,,,,,,,"1912271907","12557251","Alpine County","A","+38.6176096","-119.7989986","06","9",,1175,606,4,7,8,9,12,3,7,11,9,6,4,4,4,8,6,6,3,6,6,8,3,5,6,8,9,4,2,4,4,8,3,5,4,4,4,7,8,6,3,10,9,4,10,11,6,6,11,16,11,8,15,12,8,13,11,21,16,14,12,7,12,12,15,11,7,13,5,7,5,7,3,4,4,4,5,4,4,3,5,5,4,1,1,2,0,0,0,2,0,0,1,0,0,1,0,0,0,0,0,0,0,0,0,569,1,4,12,7,7,7,9,9,9,10,10,8,10,5,10,8,4,9,3,2,4,3,5,4,4,5,12,1,6,4,8,4,3,6,6,3,4,5,2,6,6,7,7,13,9,8,11,10,5,16,6,13,10,15,10,7,14,13,11,10,11,10,16,11,5,7,8,4,6,3,4,1,5,7,7,3,1,2,2,2,4,3,1,4,0,1,0,0,0,0,0,1,0,0,0,0,0,0,0,0,0,0,0,1151,584,40,36,26,15,10,3,3,19,17,19,32,38,50,59,70,24,33,18,19,20,21,8,4,567,31,44,43,21,5,3,3,13,27,27,20,42,50,54,55,21,32,15,13,24,10,12,2,24,22,0,0,0,0,0,0,0,0,0,0,0,0,0,0,0,0,0,0,0,0,0,0,0,0,0,0,0,0,0,0,0,0,22,0,0,0,0,0,0,0,0,0,0,0,0,0,0,0,0,0,0,0,22,0,0,0,0,22,0,0,0,0,22,0,0,0,0,0,0,0,0,0,0,0,0,0,0,0,0,0,0,0,0,0,0,0,0,0,0,0,0,0,0,0,0,0,2,0,0,0,0,0,0,0,0,0,0,0,0,0,0,0,0,0,0,0,0,0,0,0,0,0,0,0,0,0,0,0,0,2,0,0,0,0,0,0,0,0,0,0,0,0,0,0,0,0,0,0,0,2,0,0,0,0,2,0,0,0,0,2,0,0,0,0,0,0,0,0,0,0,0,0,0,0,0,0,0,0,0,0,0,0,0,0,0,0,0,0,0,0,0,0,0
"G0600050","2010","CA","4","9","California","06","Amador County","005",,,,,,,,,,,,,,,"99999","99999","999",,,,,,,,,,,,,,,,,"1539962991","29456575","Amador County","A","+38.4435501","-120.6538563","06","9",,38091,20749,132,140,127,145,153,158,172,162,160,167,175,186,159,211,203,211,241,343,296,250,232,178,179,204,203,201,193,204,218,249,246,257,217,224,242,241,223,242,269,292,343,277,311,312,329,314,368,411,382,373,379,364,361,337,354,375,343,354,345,314,366,342,357,384,259,287,288,262,239,221,199,210,202,187,157,142,139,129,112,121,101,110,95,103,92,70,65,49,50,29,18,38,28,16,11,7,5,1,2,4,1,0,0,17342,149,150,136,165,134,184,165,161,156,170,204,157,208,166,212,172,208,251,158,158,151,127,113,116,145,128,144,138,147,156,138,128,134,143,133,139,128,180,149,185,165,189,187,171,186,245,218,268,269,266,329,254,299,276,302,330,327,349,325,343,335,347,319,395,287,289,271,245,232,199,217,222,209,145,174,154,152,133,118,112,120,125,137,110,103,100,80,81,68,55,53,46,24,27,16,17,11,12,7,6,4,1,0,33540,16363,694,817,929,649,364,172,125,423,662,717,739,920,1200,1314,1459,641,906,537,679,926,626,491,373,17177,733,834,945,628,313,146,124,371,705,666,778,885,1260,1448,1666,679,999,558,675,960,662,580,562,4551,4386,156,150,10,0,0,2,0,8,0,140,0,0,140,0,0,0,0,0,0,0,6,0,0,0,0,6,0,0,0,0,2,4,4072,4019,3810,0,0,3686,70,54,0,206,0,0,206,3,0,0,0,0,0,0,53,0,0,0,0,53,5,9,0,0,7,32,158,156,121,0,0,121,0,0,0,0,0,0,0,35,0,0,0,0,0,0,2,0,0,0,0,2,0,2,0,0,0,0,165,8,0,0,0,0,0,0,0,0,0,0,0,0,0,0,0,0,0,0,0,8,0,0,0,0,8,3,0,0,0,0,5,79,38,28,0,0,5,23,0,0,0,0,0,0,10,0,0,0,0,0,0,41,0,0,0,0,41,5,4,0,0,2,30,78,75,0,0,0,0,0,0,0,0,0,0,0,75,0,0,0,0,0,0,3,0,0,0,0,3,0,0,0,0,1,2
"G0600070","2010","CA","4","9","California","06","Butte County","007",,,,,,,,,,,,,,,"17020","99999","999",,,,,,,,,,,,,,,,,"4238423238","105325758","Butte County","A","+39.6659588","-121.6019188","06","1",,220000,108931,1195,1241,1261,1317,1229,1226,1223,1248,1325,1298,1316,1325,1224,1332,1419,1483,1472,1414,2064,2725,2642,2688,2519,2246,1810,1801,1641,1538,1449,1395,1447,1236,1201,1207,1122,1137,1128,1165,1168,1266,1209,1220,1142,1162,1236,1243,1310,1384,1334,1412,1487,1433,1499,1469,1517,1463,1519,1514,1427,1417,1413,1357,1417,1441,1012,1049,964,1017,801,816,719,759,708,600,628,597,511,554,538,480,473,421,421,377,360,327,298,256,228,211,178,114,114,71,54,46,30,13,8,4,6,0,0,111069,1225,1199,1201,1258,1283,1198,1288,1221,1155,1257,1209,1205,1259,1284,1338,1328,1334,1378,2097,2546,2535,2476,2301,1902,1699,1472,1423,1397,1333,1272,1268,1123,1149,1130,1077,1140,1025,1097,1124,1232,1224,1151,1130,1187,1186,1369,1414,1376,1478,1529,1485,1509,1491,1542,1596,1567,1636,1629,1532,1561,1473,1456,1449,1468,1127,1157,1088,1023,963,927,904,833,760,764,705,731,663,633,592,626,633,611,618,583,540,521,530,510,426,370,306,247,186,168,124,82,69,49,50,29,40,5,0,215058,106409,6217,6294,6586,4316,3992,2540,2620,6446,7670,6092,5783,5801,6589,7281,7232,2742,3831,1995,2602,3365,2621,1980,1814,108649,6140,6097,6278,4012,3743,2486,2432,5849,6836,5685,5567,5831,7112,7589,7876,2911,4016,2235,2886,3906,3144,2826,3192,4942,2522,135,65,0,0,0,0,0,0,0,65,20,0,45,0,0,0,0,0,0,0,70,1,0,0,0,69,45,0,0,0,6,18,2013,577,478,0,0,0,478,0,0,6,3,1,2,93,0,0,0,0,0,0,1436,828,0,0,0,608,178,102,74,0,41,213,374,291,0,0,0,0,0,0,0,0,0,0,0,287,4,0,0,4,0,0,83,0,0,0,0,83,5,42,7,0,15,14,2420,93,24,0,0,0,0,0,0,0,24,9,9,6,0,0,0,0,0,0,0,69,2,0,0,0,67,46,0,0,0,2,19,1450,169,79,0,0,0,79,0,0,3,2,0,1,87,0,0,0,0,0,0,1281,941,0,0,0,340,89,55,88,0,10,98,877,702,0,0,0,0,0,0,0,0,0,0,0,695,7,0,2,5,0,0,175,0,0,0,0,175,1,112,8,0,45,9
"G0600090","2010","CA","4","9","California","06","Calaveras County","009",,,,,,,,,,,,,,,"99999","99999","999",,,,,,,,,,,,,,,,,"2641819725","43810420","Calaveras County","A","+38.1878437","-120.5551154","06","9",,45578,22822,191,192,212,206,199,221,225,223,230,250,265,298,298,284,284,359,349,353,294,234,202,188,189,212,203,186,205,191,200,190,155,182,190,186,179,189,179,187,206,247,234,216,248,266,294,278,352,342,343,374,372,392,422,428,413,390,407,390,410,434,438,395,441,458,370,356,351,361,316,287,283,251,287,235,212,202,183,173,147,144,114,111,106,107,91,69,79,51,34,39,24,17,20,8,7,8,3,2,0,2,2,0,0,22756,177,182,202,227,204,202,191,220,228,249,254,236,267,294,290,305,294,282,219,204,186,173,164,176,190,181,165,167,174,170,193,167,175,180,172,177,181,198,206,247,284,266,239,285,256,318,337,342,316,419,430,395,416,426,450,451,476,498,411,366,437,410,445,474,357,341,338,368,297,292,255,247,290,236,206,212,174,155,142,154,143,123,107,105,91,121,76,70,64,64,41,39,40,22,22,16,7,9,6,1,8,1,0,45085,22459,996,1144,1417,971,512,200,181,586,933,862,975,1235,1664,2003,2024,832,1267,707,963,1266,844,523,354,22626,990,1082,1340,877,422,185,173,529,856,883,1000,1326,1723,2109,2196,842,1275,679,955,1229,831,555,569,493,363,111,100,0,0,0,0,0,0,0,100,86,14,0,0,0,0,0,0,0,0,11,0,0,0,0,11,0,0,0,0,4,7,227,176,162,0,0,98,64,0,0,12,8,4,0,2,0,0,0,0,0,0,51,0,0,0,0,51,0,9,7,0,19,16,25,24,0,0,0,0,0,0,0,0,0,0,0,24,0,0,0,0,0,0,1,0,0,0,0,1,0,0,0,0,0,1,130,15,0,0,0,0,0,0,0,0,0,0,0,0,0,0,0,0,0,0,0,15,0,0,0,0,15,9,0,0,0,3,3,50,13,10,0,0,0,10,0,0,0,0,0,0,3,0,0,0,0,0,0,37,0,0,0,0,37,3,8,0,0,5,21,65,64,0,0,0,0,0,0,0,0,0,0,0,64,0,0,0,0,0,0,1,0,0,0,0,1,0,1,0,0,0,0
"G0600110","2010","CA","4","9","California","06","Colusa County","011",,,,,,,,,,,,,,,"99999","99999","999",,,,,,,,,,,,,,,,,"2980379369","14581020","Colusa County","A","+39.1777385","-122.2375629","06","9",,21419,11012,192,197,208,198,192,194,190,160,182,188,182,169,182,151,197,213,195,214,191,152,136,150,146,119,140,144,151,138,170,133,140,129,132,132,140,129,132,126,137,136,162,128,142,139,140,136,139,134,134,157,141,129,133,174,136,168,125,126,116,111,139,111,118,110,87,64,102,91,74,72,62,61,60,62,37,53,26,36,47,38,41,35,33,27,24,21,20,16,25,10,5,4,6,7,1,8,1,1,0,0,0,0,0,10407,149,154,197,179,175,163,150,160,169,177,168,170,168,155,150,184,168,170,157,129,113,130,110,102,141,151,152,122,122,157,133,122,141,142,129,136,126,137,123,143,126,145,133,127,111,146,133,119,125,133,140,150,147,153,108,129,145,130,113,133,111,104,103,124,70,87,77,103,74,68,66,52,58,50,47,42,44,43,49,44,44,42,41,39,31,37,31,33,16,22,16,24,11,7,7,3,7,2,1,1,6,0,0,21194,10883,986,913,879,573,331,135,148,401,726,665,653,711,697,711,646,247,315,166,236,279,193,154,118,10311,852,819,811,522,286,113,127,352,699,667,663,640,654,695,649,215,295,163,243,269,213,178,186,225,129,53,46,0,0,0,0,0,0,0,46,0,0,46,0,0,0,0,0,0,0,7,0,0,0,0,7,3,0,0,0,4,0,52,47,37,0,0,0,37,0,0,7,0,0,7,3,0,0,0,0,0,0,5,0,0,0,0,5,0,0,0,0,5,0,24,20,0,0,0,0,0,0,0,0,0,0,0,20,0,0,0,0,0,0,4,0,0,0,0,4,1,0,0,0,3,0,96,2,0,0,0,0,0,0,0,0,0,0,0,0,0,0,0,0,0,0,0,2,0,0,0,0,2,2,0,0,0,0,0,21,14,8,0,0,0,8,0,0,0,0,0,0,6,0,0,0,0,0,0,7,0,0,0,0,7,1,0,0,0,6,0,73,63,0,0,0,0,0,0,0,0,0,0,0,63,0,0,0,0,0,0,10,0,0,0,0,10,1,0,0,0,9,0
"G0600130","2010","CA","4","9","California","06","Contra Costa County","013",,,,,,,,,,,,,,,"41860","36084","488",,,,,,,,,,,,,,,,,"1854268836","227485306","Contra Costa County","A","+37.9194790","-121.9515431","06","1",,1049025,511526,6350,6487,6878,7265,7024,7438,7411,7308,7297,7529,7580,7403,7508,7719,7842,7881,8067,8112,7489,6638,6472,5939,6013,6031,6338,6476,6343,6433,6624,6427,6900,6006,6307,6156,6268,6742,6488,6607,6912,7504,8148,7449,7427,7328,7681,8292,8059,8114,8043,8229,8374,7725,7696,7614,7473,7429,6913,6636,6279,6044,6185,5748,5966,5756,4407,4386,4147,4011,3441,3204,3141,2846,2785,2438,2324,2201,1941,1999,1820,1800,1737,1508,1463,1299,1190,1166,1049,943,810,658,524,420,323,210,182,105,81,59,25,21,40,2,0,537499,6123,6277,6708,7004,6902,6837,7016,7054,7146,7249,7251,7180,7277,7288,7396,7487,7658,7553,6788,6093,6041,5534,5625,5848,6102,6440,6286,6571,6481,6666,6878,6495,6602,6641,6643,7076,6870,7158,7223,7940,8474,7900,7965,7832,7926,8626,8695,8720,8634,8594,8866,8110,8269,8118,7829,7879,7251,7298,6937,6734,6825,6387,6627,6358,5099,4945,4738,4628,4055,3721,3615,3342,3164,2955,2833,2752,2498,2516,2378,2478,2401,2136,2167,2081,1982,1876,1802,1616,1470,1275,1071,774,695,544,427,339,285,198,135,98,141,8,0,1038711,506195,33939,36946,37965,23764,13620,6214,5757,18113,31962,31272,33978,37711,40359,38519,32989,11818,16027,8470,10573,13394,9614,7004,6187,532516,32966,35274,36329,22602,12311,5805,5360,17429,32293,33099,36121,39941,43078,40987,35947,13149,18004,9623,12326,15750,12401,10355,11366,10314,5331,485,356,0,0,0,0,0,0,0,352,116,6,230,0,4,0,0,0,0,4,129,0,0,0,0,129,63,1,1,0,21,43,3789,1565,1179,20,0,0,1158,1,0,71,30,0,41,313,2,0,0,1,0,1,2224,618,0,0,0,1606,283,290,250,3,265,515,1057,879,10,0,0,0,10,0,0,0,0,0,0,862,7,0,0,7,0,0,178,0,0,0,0,178,8,78,4,0,39,49,4983,235,107,2,2,0,0,0,0,0,103,59,15,29,0,2,0,0,0,0,2,128,3,0,0,0,125,69,3,0,0,22,31,2430,488,263,62,0,0,200,1,0,17,13,0,4,208,0,0,0,0,0,0,1942,947,0,0,0,995,193,211,122,0,232,237,2318,1951,0,0,0,0,0,0,0,0,0,0,0,1923,28,0,0,28,0,0,367,0,0,0,0,367,0,199,25,0,134,9
"G0600150","2010","CA","4","9","California","06","Del Norte County","015",,,,,,,,,,,,,,,"18860","99999","999",,,,,,,,,,,,,,,,,"2606493856","578525663","Del Norte County","A","+41.7499033","-123.9809983","06","2",,28610,15907,170,168,144,193,175,139,175,153,179,181,173,156,163,199,181,191,183,215,205,192,229,198,207,230,246,248,246,276,280,304,298,250,280,271,252,274,254,236,251,269,257,237,225,224,241,246,280,251,243,234,283,251,235,206,197,206,204,198,215,180,199,194,197,175,140,126,127,127,124,109,119,92,70,70,60,67,70,65,69,61,46,56,57,42,28,38,28,20,25,18,11,11,4,3,8,1,1,0,1,0,1,0,0,12703,156,143,191,201,162,141,141,139,146,173,171,155,196,177,147,182,192,187,183,140,139,140,130,125,155,149,143,146,152,137,154,131,122,128,114,134,122,130,121,146,145,134,129,145,158,176,190,177,215,192,198,184,235,218,239,205,203,176,198,190,196,160,153,188,140,125,147,148,114,98,119,100,98,93,87,86,52,79,110,80,59,67,55,62,52,57,37,26,37,31,22,19,7,9,15,8,6,4,5,1,3,0,0,24792,12211,849,824,870,560,340,149,120,421,748,655,627,710,899,977,902,355,492,242,351,402,328,227,163,12581,849,739,843,556,321,137,139,404,719,645,651,705,940,1065,966,356,481,267,359,494,400,284,261,3818,3696,35,29,0,0,0,0,0,0,0,29,0,0,29,0,0,0,0,0,0,0,6,0,0,0,0,6,0,0,0,0,0,6,3619,3546,3532,0,0,3445,87,0,0,5,0,0,5,9,0,0,0,0,0,0,73,0,0,0,0,73,0,8,13,0,3,49,42,41,23,0,0,23,0,0,0,0,0,0,0,18,0,0,0,0,0,0,1,0,0,0,0,1,0,0,0,0,0,1,122,13,3,0,0,0,0,0,0,0,3,0,0,3,0,0,0,0,0,0,0,10,0,0,0,0,10,0,0,0,0,0,10,56,14,12,0,0,0,12,0,0,0,0,0,0,2,0,0,0,0,0,0,42,0,0,0,0,42,0,8,8,0,2,24,53,47,0,0,0,0,0,0,0,0,0,0,0,47,0,0,0,0,0,0,6,0,0,0,0,6,0,0,0,0,0,6
"G0600170","2010","CA","4","9","California","06","El Dorado County","017",,,,,,,,,,,,,,,"40900","99999","472",,,,,,,,,,,,,,,,,"4423396606","203243236","El Dorado County","A","+38.7855320","-120.5343981","06","1",,181058,90571,827,917,977,1080,1069,1089,1128,1146,1126,1175,1282,1232,1239,1315,1342,1364,1401,1363,1317,1098,1055,963,980,919,972,954,918,851,915,906,905,854,882,797,864,921,874,969,1020,1170,1212,1175,1142,1169,1276,1385,1402,1529,1632,1573,1676,1640,1749,1633,1612,1532,1556,1441,1500,1472,1403,1360,1354,1389,1027,1021,917,1005,787,789,708,677,650,568,545,531,456,466,430,411,321,330,288,259,234,208,188,184,136,108,78,60,70,45,32,15,10,9,5,5,10,0,0,90487,809,882,906,1011,1035,1034,1073,1118,1106,1131,1241,1137,1217,1239,1262,1357,1294,1251,1120,957,877,752,802,815,823,810,799,846,856,827,862,846,838,867,847,933,881,978,1053,1194,1308,1138,1215,1278,1297,1478,1472,1634,1716,1695,1701,1701,1774,1737,1607,1638,1582,1569,1404,1452,1386,1337,1311,1429,974,1017,936,1046,868,755,724,702,644,576,502,526,480,470,453,433,428,382,383,352,336,315,284,228,212,223,173,132,83,91,77,41,41,19,14,11,8,3,0,179415,89566,4860,5660,6404,4077,2341,1020,931,2760,4423,4222,4898,5906,7440,8253,7442,2754,3751,1930,2567,3126,2273,1421,1107,89849,4626,5450,6086,3895,2062,864,743,2408,4090,4229,5013,6207,7967,8483,7620,2715,3702,1947,2655,3116,2333,1844,1794,1643,1005,71,53,0,0,0,0,0,0,0,50,17,9,24,0,3,0,3,0,0,0,18,0,0,0,0,18,4,0,0,0,1,13,802,417,383,0,0,114,269,0,0,3,1,0,2,14,17,0,17,0,0,0,385,0,0,0,0,385,2,15,78,0,148,142,132,97,2,0,0,0,2,0,0,0,0,0,0,59,36,0,36,0,0,0,35,0,0,0,0,35,0,2,3,0,10,20,638,46,20,0,0,0,0,0,0,0,19,0,17,2,0,1,0,1,0,0,0,26,0,0,0,0,26,5,0,0,0,3,18,313,99,58,0,0,0,58,0,0,2,0,2,0,6,33,0,33,0,0,0,214,0,0,0,0,214,5,25,61,0,41,82,279,225,0,0,0,0,0,0,0,0,0,0,0,165,60,0,60,0,0,0,54,0,0,0,0,54,0,4,3,0,30,17
"G0600190","2010","CA","4","9","California","06","Fresno County","019",,,,,,,,,,,,,,,"23420","99999","260",,,,,,,,,,,,,,,,,"15431126407","137815999","Fresno County","A","+36.7610058","-119.6550193","06","1",,930450,464811,7914,7770,8497,8262,8033,7847,7713,7581,7411,7609,7726,7675,7680,7588,7784,8066,8289,8383,8586,8554,8028,7623,7742,7577,7676,7499,7072,7409,7128,7078,6945,6356,6226,6118,6145,6049,5740,5720,5564,5960,6094,5564,5657,5638,5710,5996,5848,5871,5777,5954,6056,5597,5529,5389,5337,5297,4945,4701,4580,4388,4467,4069,4047,3759,3155,3112,2919,2851,2439,2259,2172,2034,1892,1840,1732,1529,1485,1439,1349,1343,1299,1153,1094,998,968,892,785,670,616,455,385,270,232,131,122,110,62,41,27,29,26,3,0,465639,7685,7581,7882,7814,7542,7577,7458,7306,7220,7318,7379,7312,7265,7474,7526,7593,7820,7927,8092,7996,7586,7521,7177,7217,7143,6912,6760,7019,6875,6743,6582,6104,6123,5897,5738,5820,5388,5667,5759,6043,5735,5579,5634,5498,5550,5850,5932,5895,5835,6088,5957,5663,5722,5436,5320,5553,5085,4937,4801,4620,4549,4301,4257,4073,3270,3291,3240,3012,2776,2630,2484,2362,2198,2173,2083,2067,1855,1877,1825,1931,1829,1647,1630,1573,1413,1423,1272,1113,1003,844,739,549,428,340,265,247,154,121,100,54,100,9,1,912927,451871,40385,38101,38311,24591,16364,7626,7295,22077,34672,30459,27835,27462,28181,26829,23114,8323,10701,5870,7401,9453,6967,5321,4533,461056,38424,36821,36900,23269,15334,7376,7350,21396,34090,30304,28546,27857,29494,27985,24858,8798,11520,6494,8354,11136,9309,7699,7742,17523,12940,440,180,1,0,0,0,1,0,0,175,140,29,6,0,4,0,4,0,0,0,260,4,0,0,0,256,98,1,0,0,52,105,11282,8459,8046,254,0,4875,2074,843,0,27,27,0,0,328,58,24,34,0,0,0,2823,928,0,0,0,1895,315,484,251,0,208,637,1218,1052,240,0,0,124,10,106,0,0,0,0,0,771,41,2,37,2,0,0,166,0,0,0,0,166,14,61,30,0,9,52,4583,265,62,0,0,0,0,0,0,0,60,45,15,0,0,2,0,2,0,0,0,203,5,0,0,0,198,100,2,0,0,46,50,2394,590,345,1,0,38,258,48,0,16,9,7,0,205,24,3,21,0,0,0,1804,1071,0,0,0,733,139,193,134,0,105,162,1924,1686,2,0,0,0,1,1,0,0,0,0,0,1665,19,0,13,6,0,0,238,0,0,0,0,238,8,123,36,0,41,30
"G0600210","2010","CA","4","9","California","06","Glenn County","021",,,,,,,,,,,,,,,"99999","99999","999",,,,,,,,,,,,,,,,,"3403106702","33750196","Glenn County","A","+39.6025462","-122.4016998","06","9",,28122,14191,216,211,220,216,253,219,199,210,208,214,228,225,234,227,249,246,222,222,228,205,177,191,196,187,164,207,171,187,185,216,173,187,151,178,171,159,151,176,166,165,178,169,167,182,173,176,186,175,227,182,201,187,184,197,191,210,192,176,194,171,183,127,171,139,118,124,122,109,119,122,95,79,98,77,73,70,54,63,64,51,61,37,43,37,45,28,33,17,16,22,8,16,15,9,5,5,5,1,2,0,0,0,0,13931,210,237,214,187,214,206,216,199,223,221,215,196,224,213,216,223,200,232,208,170,166,166,184,177,162,170,160,171,188,163,167,168,160,164,173,168,168,163,146,173,192,145,178,158,166,169,222,187,186,199,191,167,202,196,210,183,175,166,171,179,135,164,143,143,111,105,125,134,104,101,90,104,92,86,87,72,59,82,75,83,59,52,77,58,43,47,50,43,36,37,27,17,12,11,12,10,4,5,4,6,3,0,0,27806,13954,1116,1048,1160,682,423,172,183,520,932,831,794,847,928,947,933,309,425,245,349,418,297,218,177,13852,1062,1063,1063,649,375,165,165,522,848,831,814,837,958,962,873,298,393,230,336,454,366,279,309,316,237,13,8,0,0,0,0,0,0,0,8,1,0,7,0,0,0,0,0,0,0,5,0,0,0,0,5,1,0,0,0,0,4,203,81,69,0,0,0,69,0,0,1,0,0,1,11,0,0,0,0,0,0,122,113,0,0,0,9,4,0,0,0,1,4,21,20,0,0,0,0,0,0,0,0,0,0,0,19,1,0,1,0,0,0,1,0,0,0,0,1,0,0,0,0,1,0,79,9,6,0,0,0,0,0,0,0,6,3,0,3,0,0,0,0,0,0,0,3,0,0,0,0,3,1,0,0,0,0,2,32,26,14,0,0,0,14,0,0,1,1,0,0,11,0,0,0,0,0,0,6,0,0,0,0,6,0,0,0,0,0,6,38,34,0,0,0,0,0,0,0,0,0,0,0,32,2,0,2,0,0,0,4,0,0,0,0,4,0,0,0,0,4,0
"G0600230","2010","CA","4","9","California","06","Humboldt County","023",,,,,,,,,,,,,,,"21700","99999","999",,,,,,,,,,,,,,,,,"9241044673","1254256396","Humboldt County","A","+40.7066731","-123.9258181","06","2",,134623,67595,778,806,750,840,803,775,700,717,770,737,700,767,776,757,721,785,837,847,1074,1264,1249,1167,1249,1219,1180,1215,1074,1092,1157,1148,1152,990,967,904,886,1011,850,809,786,867,852,772,716,705,656,831,827,906,901,936,957,935,949,974,1031,1036,990,1017,1014,1003,1028,967,949,949,645,662,557,577,512,465,439,408,401,365,275,312,294,262,236,233,243,218,219,162,179,162,127,115,101,95,69,48,55,25,11,17,12,11,3,2,1,0,0,67028,741,715,761,823,721,748,740,677,733,727,679,719,726,698,699,743,729,816,1127,1309,1268,1240,1174,1098,1034,1070,980,967,1006,1034,1001,876,866,865,745,782,735,708,697,744,720,640,656,704,658,888,791,871,883,937,1063,999,979,1054,1037,1070,1102,1092,1033,982,1059,1005,880,917,635,670,595,619,559,475,451,438,422,402,379,324,335,359,337,348,326,285,283,278,256,260,227,208,185,163,143,103,99,90,54,47,45,27,35,8,16,1,0,129609,64578,3942,3676,3692,2400,1723,1090,1078,3438,5419,4667,4110,3466,4166,4630,4919,1944,2505,1201,1539,1865,1315,992,801,65031,3731,3604,3500,2231,1725,1133,1170,3221,4963,4271,3613,3317,4296,5063,5223,2047,2414,1259,1641,2069,1666,1370,1504,5014,3017,156,36,0,0,0,0,0,0,0,36,7,6,23,0,0,0,0,0,0,0,120,4,0,0,0,116,40,0,0,0,21,55,2701,581,550,0,0,199,351,0,0,3,0,1,2,28,0,0,0,0,0,0,2120,767,1,1,0,1352,281,64,97,0,125,785,160,65,0,0,0,0,0,0,0,0,0,0,0,65,0,0,0,0,0,0,95,0,0,0,0,95,13,45,0,0,19,18,1997,129,18,0,0,0,0,0,0,0,18,10,4,4,0,0,0,0,0,0,0,111,7,0,0,0,104,60,0,0,0,11,33,1525,73,41,0,0,1,40,0,0,4,3,0,1,28,0,0,0,0,0,0,1452,913,0,0,0,539,109,39,39,0,57,295,343,141,0,0,0,0,0,0,0,0,0,0,0,141,0,0,0,0,0,0,202,0,0,0,0,202,0,155,0,0,40,7
"G0600250","2010","CA","4","9","California","06","Imperial County","025",,,,,,,,,,,,,,,"20940","99999","999",,,,,,,,,,,,,,,,,"10817352524","790247942","Imperial County","A","+33.0408155","-115.3553946","06","1",,174528,89646,1377,1417,1384,1332,1364,1399,1380,1447,1376,1426,1506,1510,1517,1549,1511,1505,1514,1627,1495,1580,1527,1414,1473,1372,1449,1366,1338,1481,1388,1469,1382,1342,1302,1258,1274,1276,1187,1225,1118,1263,1333,1175,1175,1190,1184,1140,1128,1161,1198,1123,1138,1088,1098,1118,1076,954,942,831,901,812,777,752,748,674,575,535,490,518,445,464,444,443,370,403,439,346,333,313,327,312,333,255,245,211,203,155,173,125,84,61,54,33,32,30,18,12,9,5,4,7,3,0,1,84882,1236,1348,1356,1392,1320,1434,1374,1369,1303,1333,1427,1335,1375,1406,1400,1470,1542,1537,1433,1344,1277,1243,1121,1142,1170,1023,1066,1147,1116,1117,1079,1007,979,1011,1052,1045,1048,1066,1046,1100,1142,1060,1132,1104,1072,1156,1125,1182,1098,1102,1122,1075,1152,1075,1142,1105,1001,958,905,827,888,799,787,752,615,620,632,562,557,548,489,499,479,425,429,439,404,409,355,380,380,277,302,289,243,205,223,143,143,121,96,69,41,36,30,26,18,17,8,7,15,1,0,163844,79379,6856,7015,7579,4636,2884,1295,1154,3313,5070,4644,4530,4932,4913,4963,4183,1462,1928,979,1383,2064,1597,1226,773,84465,6641,6798,6941,4543,2765,1273,1235,3406,5452,5100,5287,5485,5649,5544,4775,1679,2144,1243,1657,2308,1959,1456,1125,10684,10267,55,16,0,0,0,0,0,0,0,16,16,0,0,0,0,0,0,0,0,0,39,0,0,0,0,39,5,0,0,0,2,32,9999,9629,9601,416,0,8595,590,0,0,0,0,0,0,27,1,0,1,0,0,0,370,0,143,143,0,227,23,44,25,0,38,97,213,159,80,2,0,69,9,0,0,0,0,0,0,79,0,0,0,0,0,0,54,0,0,0,0,54,1,3,0,0,13,37,417,34,4,0,0,0,0,0,0,0,4,4,0,0,0,0,0,0,0,0,0,30,0,0,0,0,30,1,0,0,0,2,27,214,60,42,0,0,4,38,0,0,0,0,0,0,18,0,0,0,0,0,0,154,0,24,24,0,130,3,17,0,0,33,77,169,115,0,0,0,0,0,0,0,0,0,0,0,115,0,0,0,0,0,0,54,0,0,0,0,54,0,17,0,0,33,4
"G0600270","2010","CA","4","9","California","06","Inyo County","027",,,,,,,,,,,,,,,"13860","99999","999",,,,,,,,,,,,,,,,,"26368354217","119208057","Inyo County","A","+36.5619770","-117.4039269","06","2",,18546,9354,122,121,101,108,108,121,93,97,117,101,106,118,92,130,134,112,126,112,105,94,110,77,102,86,90,98,99,114,109,99,120,103,102,104,93,96,89,112,82,127,97,111,100,87,99,106,109,174,144,140,165,149,182,168,157,178,145,158,152,177,144,140,141,149,104,124,117,99,97,90,78,88,88,77,65,67,68,74,53,53,40,53,43,43,37,37,31,24,28,22,15,5,12,3,6,4,1,1,0,2,3,0,0,9192,105,106,100,101,98,100,101,84,85,86,111,95,110,123,115,119,118,124,106,71,94,72,75,75,84,99,107,116,102,98,96,97,100,90,74,97,76,95,93,110,90,98,107,91,112,115,128,136,146,169,158,142,159,148,166,177,180,132,146,136,152,140,133,130,106,100,102,130,84,92,67,89,77,75,79,72,62,72,79,76,58,56,62,58,70,57,46,41,26,29,33,20,18,15,14,8,2,8,4,3,3,0,0,18113,9068,560,529,580,349,178,92,72,263,485,487,473,471,647,809,793,282,391,235,284,393,310,207,178,9045,509,456,554,361,176,94,67,231,514,454,470,496,691,768,764,289,365,200,302,380,347,282,275,433,286,1,0,0,0,0,0,0,0,0,0,0,0,0,0,0,0,0,0,0,0,1,0,0,0,0,1,0,0,0,0,1,0,244,165,159,0,0,111,48,0,0,0,0,0,0,3,3,0,3,0,0,0,79,4,0,0,0,75,0,13,0,0,33,29,41,30,0,0,0,0,0,0,0,0,0,0,0,21,9,0,9,0,0,0,11,0,0,0,0,11,0,0,0,0,0,11,147,1,0,0,0,0,0,0,0,0,0,0,0,0,0,0,0,0,0,0,0,1,0,0,0,0,1,0,0,0,0,0,1,45,21,10,0,0,0,10,0,0,0,0,0,0,6,5,0,5,0,0,0,24,4,0,0,0,20,0,12,0,0,0,8,101,88,0,0,0,0,0,0,0,0,0,0,0,72,16,0,16,0,0,0,13,0,0,0,0,13,0,1,0,0,0,12
"G0600290","2010","CA","4","9","California","06","Kern County","029",,,,,,,,,,,,,,,"12540","99999","999",,,,,,,,,,,,,,,,,"21061565098","79577235","Kern County","A","+35.3466288","-118.7295064","06","1",,839631,433108,7302,7365,7536,7451,7298,7172,7007,6918,6812,7113,7051,6897,6835,7044,7072,7412,7550,7782,7671,7447,7341,7348,6856,6983,7367,7164,7179,6971,7059,6576,6809,6373,6395,5993,6015,5958,5726,5693,5624,5845,5998,5709,5469,5591,5775,5758,5800,5861,5811,5763,5792,5399,5443,5232,5114,4897,4560,4443,4123,3733,3783,3433,3541,3314,2736,2621,2510,2497,2248,2182,1993,1842,1748,1629,1540,1445,1249,1246,1131,1005,988,907,764,746,704,578,518,402,375,332,202,168,129,94,87,47,32,24,17,9,11,0,0,406523,7299,7058,7224,7259,7093,6889,6793,6705,6535,6750,6586,6775,6739,6722,6752,7124,6959,7202,6808,6538,6195,5824,5822,5745,5858,5949,5581,5859,5631,5661,5695,5401,5298,5182,5255,5310,4942,5142,5075,5243,5352,4977,5060,5043,4968,5275,5365,5403,5385,5458,5603,5122,5041,5045,4809,4649,4503,4307,4099,3919,3595,3594,3709,3566,2781,2857,2739,2768,2360,2258,2215,2010,1893,1830,1762,1610,1578,1523,1406,1362,1373,1197,1129,1096,1014,888,840,701,669,528,399,324,282,224,169,112,100,77,47,27,49,1,0,802874,398989,36891,34944,34766,22457,14110,6373,6012,17850,29040,26110,24494,24621,25881,25169,20711,6986,9282,5029,6797,8621,5947,4017,2881,403885,35863,33614,33536,21218,13183,6111,5767,17262,28537,26682,25597,25272,26762,25522,21386,7161,10010,5579,7348,9614,7336,5604,4921,36757,34119,559,355,3,0,1,2,0,0,0,349,118,22,209,0,3,0,3,0,0,0,204,0,0,0,0,204,41,3,1,0,63,96,32832,30625,30457,0,4902,23054,1979,522,0,24,7,5,12,104,40,12,22,6,0,0,2207,447,254,254,0,1506,233,572,361,0,86,254,728,555,223,0,62,153,8,0,0,0,0,0,0,292,40,1,1,38,0,0,173,0,0,0,0,173,6,104,36,0,16,11,2638,233,71,0,0,0,0,0,0,0,68,47,4,17,0,3,0,3,0,0,0,162,0,0,0,0,162,50,0,0,0,66,46,1390,334,238,0,0,77,160,1,0,7,5,2,0,73,16,5,7,4,0,0,1056,237,75,75,0,744,111,260,177,0,81,115,1015,792,2,0,0,2,0,0,0,0,0,0,0,704,86,0,6,80,0,0,223,0,0,0,0,223,0,150,33,0,40,0
"G0600310","2010","CA","4","9","California","06","Kings County","031",,,,,,,,,,,,,,,"25260","99999","999",,,,,,,,,,,,,,,,,"3598582308","5468555","Kings County","A","+36.0724780","-119.8155301","06","1",,152982,86344,1327,1270,1384,1379,1183,1307,1172,1120,1159,1146,1119,1176,1172,1162,1120,1160,1147,1157,1196,1287,1503,1451,1617,1625,1731,1648,1675,1621,1687,1651,1555,1495,1531,1415,1439,1454,1345,1385,1329,1449,1464,1313,1327,1324,1271,1355,1334,1340,1341,1313,1210,1180,1132,1021,1004,1023,882,831,779,679,688,632,629,562,429,478,421,403,352,343,309,278,300,262,263,222,220,204,166,183,154,109,155,113,112,94,87,62,47,50,37,19,24,19,14,8,6,6,5,4,1,2,0,66638,1264,1253,1284,1300,1233,1137,1120,1180,1096,1127,1113,1115,1089,1140,1118,1073,1094,1152,1058,1032,1018,991,1083,1039,1100,1032,1054,1025,1044,987,1051,906,953,936,884,868,839,836,797,881,803,782,768,813,830,815,857,872,817,865,830,743,799,770,684,678,652,654,582,561,615,562,529,507,450,398,408,354,379,321,375,328,296,272,304,286,257,250,244,223,192,207,203,152,157,141,136,140,84,72,69,58,36,39,31,25,24,7,10,4,16,0,0,131402,65472,6539,5898,5739,3450,2172,1033,952,3296,5390,4699,4208,3939,4013,3687,3136,1037,1346,761,956,1277,919,592,433,65930,6313,5653,5564,3309,2039,953,936,3142,5094,4700,4196,3973,4207,3808,3102,1171,1476,805,1049,1560,1228,864,788,21580,20872,34,10,4,0,0,3,1,0,0,6,6,0,0,0,0,0,0,0,0,0,24,0,0,0,0,24,0,0,0,0,8,16,20244,18329,18310,0,0,18027,264,0,19,0,0,0,0,16,3,0,3,0,0,0,1915,0,1766,1654,112,149,28,27,0,0,23,71,594,575,504,0,0,504,0,0,0,0,0,0,0,71,0,0,0,0,0,0,19,0,0,0,0,19,0,6,0,0,4,9,708,49,6,0,0,0,0,0,0,0,6,6,0,0,0,0,0,0,0,0,0,43,0,1,1,0,42,9,0,0,0,2,31,455,70,57,0,0,7,49,0,1,0,0,0,0,13,0,0,0,0,0,0,385,0,271,268,3,114,21,21,0,0,12,60,204,199,0,0,0,0,0,0,0,0,0,0,0,196,3,0,3,0,0,0,5,0,0,0,0,5,1,2,0,0,0,2
"G0600330","2010","CA","4","9","California","06","Lake County","033",,,,,,,,,,,,,,,"17340","99999","999",,,,,,,,,,,,,,,,,"3254227528","188962335","Lake County","A","+39.0948019","-122.7467569","06","2",,64665,32469,355,376,392,374,376,392,356,354,393,346,392,361,409,438,444,436,437,445,459,413,389,353,323,320,360,349,324,388,375,327,368,343,354,336,316,319,306,305,295,376,393,363,340,402,427,442,417,469,444,529,548,531,582,559,524,544,530,553,517,514,558,548,537,572,423,416,382,432,333,295,337,272,282,247,238,228,218,183,184,176,142,160,129,124,107,100,97,89,61,46,37,31,17,20,15,11,7,4,4,3,2,0,0,32196,371,321,366,339,363,357,344,330,349,353,388,372,336,361,387,424,400,435,382,359,325,322,343,301,326,337,308,290,313,335,306,317,303,305,309,289,259,332,355,419,395,381,327,408,404,486,446,488,519,485,552,524,574,576,560,592,543,604,552,519,520,534,515,574,376,435,404,427,335,332,323,273,284,258,248,254,192,211,195,166,191,174,167,151,150,143,112,116,75,87,71,70,40,34,20,22,22,9,11,1,8,0,0,63580,31813,1863,1822,2035,1307,851,381,345,963,1681,1647,1539,1864,2248,2688,2624,1092,1523,797,1053,1362,980,635,513,31767,1755,1730,1827,1244,729,324,317,959,1566,1529,1636,1893,2387,2758,2792,1040,1457,829,1086,1376,1000,800,733,1085,656,49,11,0,0,0,0,0,0,0,11,0,0,11,0,0,0,0,0,0,0,38,0,0,0,0,38,7,0,0,0,4,27,518,333,320,0,0,103,184,33,0,1,0,0,1,12,0,0,0,0,0,0,185,0,0,0,0,185,7,11,5,0,27,135,89,67,0,0,0,0,0,0,0,0,0,0,0,67,0,0,0,0,0,0,22,0,0,0,0,22,0,17,0,0,2,3,429,40,10,0,0,0,0,0,0,0,10,4,0,6,0,0,0,0,0,0,0,30,0,0,0,0,30,9,0,0,0,3,18,202,45,29,0,0,0,29,0,0,0,0,0,0,16,0,0,0,0,0,0,157,0,0,0,0,157,14,13,4,0,15,111,187,127,0,0,0,0,0,0,0,0,0,0,0,127,0,0,0,0,0,0,60,0,0,0,0,60,2,42,0,0,13,3
"G0600350","2010","CA","4","9","California","06","Lassen County","035",,,,,,,,,,,,,,,"45000","99999","999",,,,,,,,,,,,,,,,,"11761612172","463440721","Lassen County","A","+40.7210889","-120.6299314","06","2",,34895,22416,177,166,159,171,193,171,155,173,165,186,171,191,198,186,187,208,224,211,245,315,361,410,435,454,539,512,490,530,523,580,503,503,453,437,439,391,394,410,430,406,419,397,354,386,377,386,368,381,397,363,322,337,347,289,263,265,250,278,239,226,241,208,225,199,127,151,144,137,106,96,93,94,89,58,76,73,55,67,47,62,52,43,43,39,32,39,22,25,17,8,14,8,8,6,7,1,1,3,0,2,2,0,0,12479,171,163,154,141,130,136,152,158,149,150,171,179,189,200,181,202,195,180,175,152,138,118,127,119,130,141,130,163,125,149,129,126,128,140,136,144,123,152,173,184,156,143,155,149,170,190,191,200,176,201,209,215,199,198,215,210,223,215,182,193,162,180,194,169,127,113,115,125,105,98,86,93,67,66,72,57,52,54,65,52,60,49,49,48,42,49,58,27,37,17,19,25,17,12,7,7,3,2,4,1,1,0,0,25116,12753,861,848,929,623,371,141,138,429,712,696,701,812,957,1007,1032,378,499,264,320,389,294,202,150,12363,753,745,913,573,316,137,117,374,699,655,773,769,955,1029,1021,340,485,226,328,380,276,236,263,9779,9663,31,25,0,0,0,0,0,0,0,25,16,0,9,0,0,0,0,0,0,0,6,0,0,0,0,6,2,0,0,0,4,0,9531,9408,9404,0,1099,8121,184,0,0,2,0,0,2,2,0,0,0,0,0,0,123,38,5,5,0,80,36,13,0,0,31,0,101,99,75,0,8,67,0,0,0,0,0,0,0,24,0,0,0,0,0,0,2,0,0,0,0,2,0,2,0,0,0,0,116,17,2,0,0,0,0,0,0,0,2,0,0,2,0,0,0,0,0,0,0,15,1,0,0,0,14,3,1,0,0,10,0,54,25,15,0,6,3,6,0,0,0,0,0,0,10,0,0,0,0,0,0,29,8,0,0,0,21,14,4,0,0,3,0,45,45,0,0,0,0,0,0,0,0,0,0,0,45,0,0,0,0,0,0,0,0,0,0,0,0,0,0,0,0,0,0
"G0600370","2010","CA","4","9","California","06","Los Angeles County","037",,,,,,,,,,,,,,,"31100","31084","348",,,,,,,,,,,,,,,,,"10509869649","1795012906","Los Angeles County","A","+34.1963983","-118.2618616","06","1",,9818605,4839654,65846,65357,67296,66997,64769,64865,64232,63981,64055,66543,67709,66972,69095,70205,73121,74098,75461,77546,79039,78868,78608,76036,75930,76438,78381,78441,75903,78011,77175,76863,78883,70730,71503,69744,69403,72810,68139,69847,71016,74546,78607,71065,70522,68127,68961,72699,70682,69911,67933,68446,70763,64904,64722,62085,60856,61074,55715,53301,50523,48676,47492,43952,44195,42063,34552,33882,31237,30359,27247,25423,24715,22864,21816,20380,19563,18576,16677,16275,15496,15303,14605,12888,12086,11063,10211,9388,8273,7362,6197,5297,4084,3092,2524,1851,1407,1037,755,528,323,234,318,24,6,4978951,62654,62316,64586,63562,62410,62098,61501,61103,61390,63922,64404,64531,65604,67594,69610,71226,72149,73400,75397,76446,74858,72494,72978,72795,74270,75206,72861,75045,75311,74786,75617,69740,70665,69979,69865,72525,69129,70347,71839,75437,77706,71556,69746,68987,69414,73177,72015,71629,69558,70692,71990,67402,68084,65772,65627,64989,60025,57803,55178,53636,53889,50134,49511,47004,39444,39403,36629,36264,32213,30630,29948,28030,27137,25776,24954,24237,22307,21922,20732,21356,20513,18877,18425,17388,16666,15796,13976,12387,10959,9680,7767,6268,5164,4137,3366,2645,2036,1522,1060,792,1260,106,5,9646924,4741026,329734,323197,346168,224232,145109,72347,71592,224052,379159,353905,350507,350646,342094,315972,263309,89481,118525,63992,81569,107219,80298,58661,49258,4905898,315039,309623,331190,215655,136525,68205,68462,216337,370696,353892,357214,355187,354342,336063,288999,103113,134658,75220,97986,133720,107830,87663,88279,171681,98628,4817,3148,8,1,1,0,2,4,0,3036,612,614,1810,0,104,5,33,20,0,46,1669,106,0,0,0,1563,508,12,8,0,156,879,81442,30537,23356,2173,970,5169,14530,514,0,571,108,43,420,5598,1012,721,228,48,0,15,50905,22845,19,19,0,28041,4624,5373,4808,53,1796,11387,12369,9580,292,14,69,96,106,7,0,0,0,0,0,9126,162,30,62,70,0,0,2789,0,0,0,0,2789,259,726,187,6,738,873,73053,2553,1112,36,0,0,0,29,7,0,994,326,330,338,0,82,5,26,12,0,39,1441,180,0,0,0,1261,515,14,9,0,90,633,48865,6672,2364,81,12,200,1840,231,0,145,68,29,48,3600,563,316,189,29,0,29,42193,28344,3,3,0,13846,2470,3121,2009,4,1130,5112,21635,17633,78,0,3,46,28,1,0,0,0,0,0,17288,267,42,75,150,0,0,4002,2,0,0,0,4000,116,1466,210,0,1433,775
"G0600390","2010","CA","4","9","California","06","Madera County","039",,,,,,,,,,,,,,,"31460","99999","260",,,,,,,,,,,,,,,,,"5534982985","41957504","Madera County","A","+37.2100387","-119.7498519","06","1",,150865,72682,1177,1172,1211,1220,1272,1208,1126,1160,1192,1213,1273,1207,1158,1239,1216,1247,1284,1340,1380,1264,1169,1119,1143,1066,1050,965,1035,996,936,914,1013,899,887,847,878,878,870,856,883,881,945,834,820,863,863,910,862,884,904,913,907,845,866,892,868,835,806,789,787,779,799,735,717,785,562,577,555,569,499,514,450,471,397,371,360,328,327,322,305,275,230,216,197,192,153,135,126,119,94,66,57,37,39,22,19,15,14,7,5,4,1,0,0,78183,1123,1192,1202,1240,1174,1221,1194,1138,1172,1132,1076,1139,1114,1180,1153,1175,1157,1152,1141,1084,1064,1089,1062,1118,1152,1111,1077,1219,1112,1176,1154,1114,1121,1090,1018,1069,1042,992,1054,1136,1089,1006,1023,1032,1031,1080,1068,1096,1086,1090,1071,1048,992,965,944,926,929,888,871,857,838,780,775,754,621,653,648,537,554,536,509,455,443,394,376,401,316,303,345,318,298,255,256,211,220,215,167,172,134,101,89,73,55,41,26,32,24,14,8,6,8,0,1,142241,71767,6047,5896,6088,3794,2594,1152,1089,3199,4753,4417,4276,4255,4393,4331,3956,1518,2047,1125,1574,2028,1544,973,718,70474,5923,5854,5659,3469,2159,975,943,2742,4477,4345,4286,4129,4403,4377,4202,1561,2095,1266,1592,2141,1639,1190,1047,8624,915,90,78,35,0,0,0,35,0,0,43,27,0,16,0,0,0,0,0,0,0,12,0,0,0,0,12,3,0,0,0,1,8,719,365,346,0,0,27,315,4,0,3,2,0,1,16,0,0,0,0,0,0,354,0,0,0,0,354,91,16,0,0,15,232,106,92,1,0,0,0,1,0,0,0,0,0,0,91,0,0,0,0,0,0,14,0,0,0,0,14,6,4,0,0,0,4,7709,29,13,9,0,0,0,9,0,0,4,4,0,0,0,0,0,0,0,0,0,16,0,0,0,0,16,8,0,0,0,4,4,7361,7277,7259,0,0,7202,54,3,0,1,1,0,0,17,0,0,0,0,0,0,84,0,0,0,0,84,24,22,0,0,5,33,319,310,88,0,0,87,0,1,0,0,0,0,0,222,0,0,0,0,0,0,9,0,0,0,0,9,0,5,0,0,4,0
"G0600410","2010","CA","4","9","California","06","Marin County","041",,,,,,,,,,,,,,,"41860","41884","488",,,,,,,,,,,,,,,,,"1347585521","797420433","Marin County","A","+38.0518169","-122.7459738","06","1",,252409,124072,1269,1365,1520,1426,1538,1617,1589,1634,1530,1549,1471,1397,1417,1420,1448,1460,1497,1486,1325,990,1040,1060,1181,1212,1214,1264,1261,1312,1295,1317,1402,1277,1321,1306,1292,1534,1521,1576,1683,1912,2084,1959,2050,1891,2004,2153,1930,2121,2060,2147,2174,1999,2038,1931,2043,1970,2015,2042,1911,1935,1912,1800,1914,1902,1503,1595,1486,1470,1230,1003,951,959,872,739,757,750,586,620,573,595,538,498,459,416,364,410,336,293,255,234,180,130,114,71,69,39,18,19,11,5,10,1,0,128337,1234,1288,1402,1452,1438,1522,1539,1525,1484,1492,1486,1405,1390,1392,1415,1391,1360,1366,1082,841,876,790,953,953,1029,1076,1039,1098,1139,1159,1239,1130,1247,1313,1349,1440,1477,1612,1690,1931,2130,1983,1868,2026,2107,2074,2098,2090,2044,2254,2205,2193,2239,2096,2166,2227,2228,2267,2148,2083,2124,2039,2141,2170,1757,1620,1585,1605,1327,1116,1180,1073,922,928,793,785,743,736,703,746,723,690,665,578,657,577,572,535,505,448,374,302,223,206,175,138,102,62,57,29,52,3,1,243365,117187,7105,7896,7099,4400,2132,938,917,3191,5667,5850,7514,9100,9509,9474,9422,3576,5178,3015,3647,4216,3079,2216,2046,126178,6795,7550,7067,4083,1671,797,726,2861,5389,6207,8079,10036,10498,10825,10869,4122,6025,3178,4007,4838,3639,3150,3766,9044,6885,133,99,0,0,0,0,0,0,0,99,10,66,23,0,0,0,0,0,0,0,34,4,0,0,0,30,14,0,0,0,0,16,6315,5075,5000,0,0,4768,230,2,0,3,2,1,0,56,16,0,0,16,0,0,1240,297,0,0,0,943,124,274,142,6,68,329,437,329,82,0,0,81,1,0,0,0,0,0,0,243,4,0,0,4,0,0,108,0,0,0,0,108,4,42,2,0,38,22,2159,86,17,0,0,0,0,0,0,0,17,0,14,3,0,0,0,0,0,0,0,69,28,0,0,0,41,20,1,1,0,1,18,1115,104,33,0,0,5,28,0,0,0,0,0,0,60,11,0,0,11,0,0,1011,526,0,0,0,485,54,170,68,0,42,151,958,675,0,0,0,0,0,0,0,0,0,0,0,660,15,0,0,15,0,0,283,0,0,0,0,283,0,83,4,0,117,79
"G0600430","2010","CA","4","9","California","06","Mariposa County","043",,,,,,,,,,,,,,,"99999","99999","999",,,,,,,,,,,,,,,,,"3752416976","36271400","Mariposa County","A","+37.5700335","-119.9128599","06","9",,18251,9269,75,76,77,78,75,87,68,93,90,88,99,87,115,108,86,93,123,105,100,96,80,80,84,96,110,73,72,104,103,75,87,93,92,77,74,76,92,93,91,95,99,95,90,101,109,123,146,158,161,151,172,172,189,170,187,171,171,176,136,168,184,174,196,177,141,146,132,135,115,126,105,129,98,73,94,78,79,64,66,52,68,51,63,39,29,34,17,26,19,13,6,15,6,2,1,1,2,0,0,0,1,1,0,8982,83,80,71,69,91,86,73,80,80,76,96,87,84,106,119,126,104,108,84,87,76,75,67,65,94,87,81,74,88,71,80,74,89,85,72,76,64,84,87,82,93,78,111,96,116,124,131,129,172,161,183,179,185,171,168,188,173,145,174,191,164,130,177,139,108,131,130,159,127,103,102,97,100,70,81,73,68,90,68,69,51,55,47,36,40,47,37,26,30,16,16,7,23,10,10,4,3,4,4,0,1,0,0,17526,8783,380,425,495,321,190,72,67,241,342,358,402,456,678,842,786,352,503,275,375,497,339,249,138,8743,391,394,491,333,165,69,67,195,367,376,375,483,694,869,857,290,415,259,388,446,367,228,224,725,486,2,0,0,0,0,0,0,0,0,0,0,0,0,0,0,0,0,0,0,0,2,0,0,0,0,2,0,0,0,0,2,0,471,129,129,0,0,94,35,0,0,0,0,0,0,0,0,0,0,0,0,0,342,0,0,0,0,342,0,0,0,0,339,3,13,9,0,0,0,0,0,0,0,0,0,0,0,9,0,0,0,0,0,0,4,0,0,0,0,4,0,0,0,0,4,0,239,10,6,0,0,0,0,0,0,0,6,6,0,0,0,0,0,0,0,0,0,4,0,0,0,0,4,0,0,0,0,3,1,206,2,2,0,0,0,2,0,0,0,0,0,0,0,0,0,0,0,0,0,204,0,0,0,0,204,0,0,0,0,199,5,23,17,0,0,0,0,0,0,0,0,0,0,0,17,0,0,0,0,0,0,6,0,0,0,0,6,0,0,0,0,3,3
"G0600450","2010","CA","4","9","California","06","Mendocino County","045",,,,,,,,,,,,,,,"46380","99999","999",,,,,,,,,,,,,,,,,"9081386386","962952644","Mendocino County","A","+39.4323876","-123.4428811","06","2",,87841,43983,539,547,572,563,565,515,555,499,508,579,550,604,499,524,558,634,621,602,586,548,516,517,497,539,566,549,531,560,607,586,586,521,563,532,522,535,510,519,505,578,576,550,546,515,501,538,584,545,585,586,656,646,696,635,656,698,675,731,675,708,746,702,774,787,531,554,474,479,420,360,358,266,261,278,264,227,228,187,188,180,173,159,143,155,129,108,96,83,70,74,52,34,42,41,17,12,8,5,2,2,5,0,0,43858,504,498,518,504,537,525,519,538,543,478,527,519,549,543,517,556,536,516,518,496,448,410,454,437,490,568,516,530,509,529,504,527,493,502,469,484,446,496,488,536,547,503,460,467,506,492,552,566,637,674,667,632,689,685,755,756,737,772,747,784,822,703,776,772,521,547,508,461,452,377,334,319,287,255,302,255,237,225,214,237,225,219,191,191,220,185,186,162,138,145,103,85,78,51,51,31,21,25,17,15,9,1,0,85797,42682,2763,2636,2708,1808,1060,469,496,1521,2666,2591,2541,2562,2722,3199,3410,1427,2063,1020,1249,1415,991,747,618,43115,2538,2587,2636,1570,963,436,391,1356,2614,2461,2411,2451,2874,3369,3754,1515,2049,1045,1277,1479,1146,1010,1183,2044,1301,119,51,1,0,0,0,0,1,0,50,28,5,17,0,0,0,0,0,0,0,68,0,0,0,0,68,9,0,0,0,36,23,1088,509,485,0,0,201,281,3,0,7,6,0,1,17,0,0,0,0,0,0,579,32,2,2,0,545,75,38,53,0,153,226,94,59,4,0,0,0,4,0,0,0,0,0,0,55,0,0,0,0,0,0,35,0,0,0,0,35,0,8,0,0,18,9,743,96,11,0,0,0,0,0,0,0,11,7,0,4,0,0,0,0,0,0,0,85,0,0,0,0,85,8,0,0,0,64,13,428,83,62,0,0,1,60,1,0,1,1,0,0,20,0,0,0,0,0,0,345,43,0,0,0,302,42,13,16,0,95,136,219,157,0,0,0,0,0,0,0,0,0,0,0,157,0,0,0,0,0,0,62,0,0,0,0,62,2,9,0,0,45,6
"G0600470","2010","CA","4","9","California","06","Merced County","047",,,,,,,,,,,,,,,"32900","99999","999",,,,,,,,,,,,,,,,,"5011554741","112760487","Merced County","A","+37.1948063","-120.7228019","06","1",,255793,128737,2196,2178,2306,2379,2348,2215,2291,2270,2221,2315,2262,2174,2232,2268,2451,2299,2599,2477,2612,2735,2427,2066,2141,1906,1973,1921,1891,1868,1874,1859,1926,1727,1626,1658,1643,1661,1547,1668,1620,1634,1603,1553,1640,1578,1601,1676,1590,1599,1622,1531,1649,1525,1491,1441,1346,1459,1212,1200,1165,1096,1161,1065,1029,990,848,823,767,734,636,646,583,537,534,455,480,456,419,385,403,330,323,288,279,240,204,190,202,122,148,109,83,57,50,31,22,19,14,12,8,5,8,1,0,127056,2062,2118,2134,2351,2154,2190,2162,2119,2152,2232,2167,2093,2124,2085,2259,2187,2255,2373,2492,2422,2202,1983,1858,1823,1816,1768,1716,1788,1740,1765,1765,1696,1679,1584,1566,1653,1591,1608,1600,1661,1679,1544,1504,1465,1557,1640,1609,1543,1723,1613,1567,1451,1533,1448,1410,1336,1326,1207,1202,1160,1134,1040,1085,1020,910,903,877,761,698,761,656,594,616,548,596,556,504,474,497,446,441,396,385,372,319,331,236,271,212,197,141,143,118,75,65,46,29,34,17,15,23,4,0,250897,125254,11373,11282,11334,7264,4806,2297,2014,5811,8979,8082,7791,7712,7770,7279,6019,2199,2823,1584,1993,2564,1952,1307,1019,125643,10796,10832,10707,6785,4433,2116,1957,5461,8739,8253,8073,7713,8080,7365,6197,2156,3005,1769,2209,2985,2433,1841,1738,4896,3483,228,137,1,0,0,0,1,0,0,136,50,0,86,0,0,0,0,0,0,0,91,5,0,0,0,86,4,0,0,0,48,34,3071,1976,1872,0,1264,0,608,0,0,9,0,0,9,32,63,63,0,0,0,0,1095,536,0,0,0,559,75,66,52,0,185,181,184,160,12,0,7,0,5,0,0,0,0,0,0,148,0,0,0,0,0,0,24,0,0,0,0,24,0,12,6,0,2,4,1413,97,23,0,0,0,0,0,0,0,23,13,0,10,0,0,0,0,0,0,0,74,4,0,0,0,70,9,0,0,0,40,21,934,128,62,0,15,0,47,0,0,5,4,0,1,28,33,33,0,0,0,0,806,571,0,0,0,235,12,36,14,0,82,91,382,304,0,0,0,0,0,0,0,0,0,0,0,304,0,0,0,0,0,0,78,0,0,0,0,78,0,9,19,0,47,3
"G0600490","2010","CA","4","9","California","06","Modoc County","049",,,,,,,,,,,,,,,"99999","99999","999",,,,,,,,,,,,,,,,,"10146977156","739774453","Modoc County","A","+41.5929185","-120.7183704","06","9",,9686,4878,60,45,50,57,59,48,65,61,59,64,53,53,64,45,83,76,81,72,58,24,47,37,42,41,48,45,54,37,50,56,49,43,36,39,52,57,55,52,72,59,66,66,49,51,43,58,53,69,82,82,76,59,74,60,82,92,74,70,81,79,86,84,103,92,53,71,72,62,56,68,63,54,47,41,38,42,33,29,26,45,26,19,22,21,10,22,13,11,11,10,10,4,5,5,5,3,0,1,0,1,0,0,0,4808,52,61,49,55,57,47,60,55,49,56,57,53,66,56,72,75,60,49,58,51,42,33,32,40,60,36,44,42,43,39,51,47,47,50,44,40,40,39,45,47,59,51,49,58,64,68,61,80,78,77,63,74,90,89,69,75,78,95,73,90,91,87,76,95,60,78,63,57,60,47,69,52,33,43,34,38,37,32,36,33,26,25,27,24,19,25,12,18,20,11,9,7,6,8,4,2,1,3,0,0,0,0,0,9329,4651,270,292,287,217,80,44,35,111,211,197,262,253,329,347,383,167,241,142,185,236,174,94,94,4678,268,257,298,176,107,41,33,129,202,229,206,275,361,379,402,174,226,139,160,226,173,110,107,357,227,29,18,0,0,0,0,0,0,0,18,0,18,0,0,0,0,0,0,0,0,11,0,0,0,0,11,0,0,0,0,0,11,177,132,128,0,0,115,13,0,0,0,0,0,0,4,0,0,0,0,0,0,45,0,0,0,0,45,0,0,0,0,10,35,21,15,0,0,0,0,0,0,0,0,0,0,0,15,0,0,0,0,0,0,6,0,0,0,0,6,0,0,0,0,0,6,130,30,9,0,0,0,0,0,0,0,9,0,9,0,0,0,0,0,0,0,0,21,0,0,0,0,21,0,0,0,0,0,21,56,7,1,0,0,1,0,0,0,1,0,1,0,5,0,0,0,0,0,0,49,0,0,0,0,49,0,0,0,0,4,45,44,36,0,0,0,0,0,0,0,0,0,0,0,36,0,0,0,0,0,0,8,0,0,0,0,8,0,0,0,0,0,8
"G0600510","2010","CA","4","9","California","06","Mono County","051",,,,,,,,,,,,,,,"99999","99999","999",,,,,,,,,,,,,,,,,"7896827391","214695487","Mono County","A","+37.9158363","-118.8751668","06","9",,14202,7548,79,81,97,85,97,91,91,69,84,92,59,86,78,73,84,80,92,79,87,87,87,111,98,152,180,128,148,166,133,131,119,108,119,96,104,105,114,100,101,118,104,117,83,103,103,111,117,95,119,118,132,141,129,135,115,111,98,125,117,119,106,88,90,80,77,56,73,81,40,43,45,33,34,45,21,28,16,33,31,35,21,24,18,6,13,10,4,4,1,2,1,1,2,4,0,1,0,0,0,0,0,0,0,6654,91,110,75,93,85,85,75,68,97,76,69,67,79,91,84,65,95,77,77,81,79,87,88,122,114,116,105,109,134,107,102,92,76,76,84,79,71,111,71,97,105,91,69,70,97,100,107,122,110,131,127,105,114,94,120,111,108,94,105,91,78,97,75,58,64,52,54,59,40,36,49,46,47,31,37,15,24,18,14,22,13,7,13,8,17,7,6,5,7,9,3,3,0,4,1,1,0,1,2,0,0,0,0,13980,7387,439,427,380,251,158,78,99,398,665,529,529,503,554,643,568,194,246,129,164,178,143,82,30,6593,454,401,390,236,150,75,79,309,562,424,428,427,568,560,508,175,196,106,135,210,93,58,49,222,161,0,0,0,0,0,0,0,0,0,0,0,0,0,0,0,0,0,0,0,0,0,0,0,0,0,0,0,0,0,0,0,0,161,15,15,0,0,0,15,0,0,0,0,0,0,0,0,0,0,0,0,0,146,16,28,28,0,102,0,7,0,0,95,0,0,0,0,0,0,0,0,0,0,0,0,0,0,0,0,0,0,0,0,0,0,0,0,0,0,0,0,0,0,0,0,0,61,1,0,0,0,0,0,0,0,0,0,0,0,0,0,0,0,0,0,0,0,1,0,0,0,0,1,0,0,0,0,1,0,60,1,1,0,0,0,1,0,0,0,0,0,0,0,0,0,0,0,0,0,59,12,2,2,0,45,0,2,0,0,43,0,0,0,0,0,0,0,0,0,0,0,0,0,0,0,0,0,0,0,0,0,0,0,0,0,0,0,0,0,0,0,0,0
"G0600530","2010","CA","4","9","California","06","Monterey County","053",,,,,,,,,,,,,,,"41500","99999","999",,,,,,,,,,,,,,,,,"8496702738","1270714482","Monterey County","A","+36.2401070","-121.3155732","06","1",,415057,213431,3329,3333,3443,3398,3220,3342,3259,3102,3052,3042,2975,2980,2941,2907,3058,3125,3290,3288,3540,3697,3573,3504,3485,3513,3639,3515,3437,3490,3520,3330,3613,3260,3134,3170,3071,3111,2931,2912,2938,2970,3210,2801,2845,2853,2841,2767,2935,2713,2846,2685,2915,2735,2609,2563,2661,2695,2390,2415,2179,2120,2159,2061,2050,2001,1513,1516,1374,1344,1139,1040,1032,949,893,794,779,754,678,668,677,722,649,612,562,478,424,397,354,335,290,251,196,142,101,85,55,55,22,22,20,9,13,1,0,201626,2997,3154,3273,3274,3126,3070,3001,2874,3038,2797,2865,2747,2885,2821,2858,2949,3082,3118,3262,3273,3130,2694,2922,2974,3047,2961,2857,3051,2944,2958,2986,2692,2816,2636,2636,2609,2562,2550,2544,2640,2736,2418,2466,2368,2515,2523,2468,2556,2574,2611,2851,2505,2679,2594,2464,2539,2407,2314,2193,2306,2172,2068,2001,2053,1582,1630,1470,1409,1263,1205,1166,1018,998,967,935,974,936,879,864,938,863,824,776,764,702,676,614,507,520,431,357,301,227,178,151,118,115,59,47,42,62,4,0,396355,198103,16699,15772,14799,9453,6299,3028,3046,9449,15835,14433,13318,12637,12167,12171,11007,4039,5211,2770,3425,4342,3408,2610,2185,198252,15802,14760,14145,9027,5637,2803,2533,8716,14589,13680,12846,12423,12669,13029,11697,4218,5606,3068,3838,5011,4491,3753,3911,18702,15328,361,196,6,0,0,2,4,0,0,190,28,23,139,0,0,0,0,0,0,0,165,81,0,0,0,84,40,0,0,0,18,26,14275,10827,10725,0,0,9783,889,53,0,30,14,1,15,65,7,0,7,0,0,0,3448,687,1876,1876,0,885,209,183,97,0,79,317,692,586,267,0,0,261,5,1,0,0,0,0,0,319,0,0,0,0,0,0,106,0,0,0,0,106,19,45,3,0,16,23,3374,195,32,1,0,0,0,1,0,0,30,3,3,24,0,1,0,1,0,0,0,163,101,0,0,0,62,36,0,0,0,10,16,2261,164,95,0,0,2,93,0,0,17,6,4,7,51,1,0,1,0,0,0,2097,1040,628,628,0,429,44,119,83,0,88,95,918,742,0,0,0,0,0,0,0,0,0,0,0,742,0,0,0,0,0,0,176,0,0,0,0,176,1,94,15,0,49,17
"G0600550","2010","CA","4","9","California","06","Napa County","055",,,,,,,,,,,,,,,"34900","99999","488",,,,,,,,,,,,,,,,,"1938247338","104169342","Napa County","A","+38.5073511","-122.3259947","06","1",,136484,68159,795,792,827,860,922,892,894,845,878,902,876,887,978,948,950,916,991,1000,994,935,952,908,859,878,864,936,921,893,903,858,963,843,828,824,797,866,863,862,844,928,964,913,894,959,884,986,1013,992,980,989,1077,945,983,992,998,988,860,885,888,923,886,840,898,873,647,676,643,608,565,484,456,430,448,363,368,379,315,340,353,284,288,251,242,252,219,193,184,155,155,136,108,81,78,56,38,14,19,21,12,7,9,0,0,68325,769,811,747,793,815,820,829,852,807,857,870,870,893,908,860,975,927,930,964,841,808,717,723,772,808,840,720,838,803,807,813,785,795,787,801,802,802,849,828,882,1011,896,955,861,988,950,994,994,979,1060,1038,955,1043,1001,963,1002,1000,1039,933,905,937,793,933,899,714,701,669,688,568,559,486,474,450,457,429,481,350,407,350,369,369,335,334,320,338,290,311,285,267,225,199,153,134,96,84,65,36,26,19,23,16,1,0,131566,64725,4185,4401,4619,2858,1711,825,769,2411,4253,4091,4190,4412,4702,4709,4296,1631,2307,1258,1561,1957,1500,1039,1040,66841,3920,4153,4393,2817,1560,687,638,2195,3952,3941,4123,4657,4921,4947,4832,1715,2519,1358,1792,2266,1886,1623,1946,4918,3434,90,66,2,0,0,0,2,0,0,64,12,8,44,0,0,0,0,0,0,0,24,2,0,0,0,22,11,0,0,0,6,5,2469,1345,216,0,0,0,216,0,0,5,2,0,3,135,989,906,82,1,0,0,1124,499,0,0,0,625,91,69,63,0,259,143,875,812,3,0,0,0,3,0,0,0,0,0,0,743,66,64,2,0,0,0,63,0,0,0,0,63,2,10,1,0,10,40,1484,50,16,0,0,0,0,0,0,0,16,9,0,7,0,0,0,0,0,0,0,34,1,0,0,0,33,11,0,0,0,12,10,941,197,25,0,0,0,25,0,0,9,4,0,5,23,140,128,10,2,0,0,744,543,0,0,0,201,38,39,22,0,39,63,493,419,0,0,0,0,0,0,0,0,0,0,0,405,14,9,2,3,0,0,74,0,0,0,0,74,1,18,0,0,45,10
"G0600570","2010","CA","4","9","California","06","Nevada County","057",,,,,,,,,,,,,,,"46020","99999","472",,,,,,,,,,,,,,,,,"2480616988","41514942","Nevada County","A","+39.2951907","-120.7734456","06","2",,98764,48835,400,457,464,457,482,445,479,515,516,555,572,581,593,633,637,680,643,720,590,501,499,442,459,476,499,509,520,539,501,520,526,531,473,494,450,491,477,490,514,545,660,502,545,586,527,653,693,699,672,738,822,740,796,875,800,886,877,840,875,851,979,932,931,945,685,665,637,633,594,514,489,477,462,362,381,356,304,274,310,264,273,245,231,202,196,165,137,129,136,108,79,57,50,41,27,18,16,9,5,4,1,0,0,49929,393,428,422,425,437,497,454,486,491,512,545,552,535,550,600,637,653,660,522,485,410,411,395,419,429,475,452,467,432,424,470,428,490,475,478,427,410,434,462,580,609,565,526,577,558,679,740,759,779,845,876,890,935,908,927,962,987,981,942,955,901,912,960,914,667,717,654,667,623,539,517,500,440,376,351,367,306,313,344,332,312,311,271,313,293,261,255,199,200,183,132,119,99,77,61,67,48,25,18,10,20,3,0,97589,48162,2253,2505,2991,2004,1077,491,435,1388,2522,2417,2466,2770,3387,3986,4282,1893,2545,1292,1735,2161,1500,1126,936,49427,2095,2437,2777,1936,996,407,406,1224,2229,2326,2302,2819,3780,4518,4800,1803,2526,1364,1823,2170,1640,1464,1585,1175,673,76,43,0,0,0,0,0,0,0,43,0,43,0,0,0,0,0,0,0,0,33,0,0,0,0,33,6,0,0,0,22,5,496,248,238,0,0,96,142,0,0,2,0,2,0,8,0,0,0,0,0,0,248,0,0,0,0,248,31,23,18,0,68,108,101,82,1,0,0,0,1,0,0,0,0,0,0,81,0,0,0,0,0,0,19,0,0,0,0,19,0,5,0,0,13,1,502,32,8,0,0,0,0,0,0,0,8,0,8,0,0,0,0,0,0,0,0,24,0,0,0,0,24,7,0,1,0,13,3,193,44,40,0,0,0,40,0,0,0,0,0,0,4,0,0,0,0,0,0,149,0,0,0,0,149,12,17,15,0,81,24,277,248,0,0,0,0,0,0,0,0,0,0,0,248,0,0,0,0,0,0,29,0,0,0,0,29,1,14,0,0,14,0
"G0600590","2010","CA","4","9","California","06","Orange County","059",,,,,,,,,,,,,,,"31100","42044","348",,,,,,,,,,,,,,,,,"2047561084","407916814","Orange County","A","+33.6756872","-117.7772068","06","1",,3010232,1488780,18954,18739,20231,20407,20001,20206,20035,20235,20079,21022,21422,20767,21209,21862,22186,23175,23194,23586,24021,23302,22762,21986,21698,21656,22066,22551,21916,22737,21981,21620,21791,19600,19784,19286,19589,20599,19779,20277,21574,23087,23597,22176,21915,21679,21958,23515,23007,22744,22296,22911,22965,21450,21338,20326,19731,18986,17759,17007,15842,15105,15351,14536,14563,14225,11335,11111,10750,10631,9158,8503,8392,7555,7491,6859,6407,6265,5549,5485,5254,5160,4848,4215,4015,3521,3353,3161,2766,2327,2073,1697,1314,1009,743,507,439,317,226,149,85,57,87,8,4,1521452,18232,18173,19032,18914,19008,19321,19315,19362,19081,20113,20103,20222,20457,20884,21083,21600,22099,22350,22462,21900,21742,21066,20235,19977,20413,20860,20646,21071,21002,20978,20619,19283,19029,19362,19823,21150,20238,21080,22102,23719,24143,22852,22526,22300,22292,23551,23336,23073,22899,23264,23227,21683,21541,20839,20489,20161,18700,18027,17080,16460,16528,15877,15960,15897,12455,12520,12043,12101,10598,10006,9418,8876,8891,8194,7950,7804,7118,6984,6720,6794,6660,5986,5943,5660,5369,5199,4614,4214,3671,3200,2610,2042,1716,1310,1074,915,646,436,325,207,329,41,2,2970996,1468794,98113,101414,107200,69257,44100,21761,21151,64089,109263,98827,104137,110072,113123,104635,83759,29585,39765,21685,28039,36348,27249,19389,15833,1502202,93196,97049,102547,65770,40359,20643,20256,59845,103965,97654,107771,113559,115507,107134,89839,32182,44008,24371,32445,42761,34617,28199,28525,39236,19986,1326,797,1,0,0,0,0,1,0,770,183,159,428,0,26,5,8,13,0,0,529,8,0,0,0,521,220,16,2,0,26,257,15712,6017,4769,0,0,8,4688,73,0,122,18,13,91,1016,110,28,52,30,0,0,9695,4116,14,14,0,5565,720,1909,848,0,396,1692,2948,1723,36,0,0,0,35,1,0,0,0,0,0,1596,91,26,0,65,0,0,1225,1,0,0,0,1224,29,839,39,0,214,103,19250,787,362,3,0,0,0,3,0,0,339,132,124,83,0,20,4,7,9,0,0,425,25,0,0,0,400,180,12,0,0,19,189,11195,1610,734,0,0,9,713,12,0,35,21,4,10,784,57,21,25,11,0,0,9585,6002,0,0,0,3583,465,1545,469,0,242,862,7268,4022,4,0,0,0,1,3,0,0,0,0,0,3930,88,20,0,68,0,0,3246,0,0,0,0,3246,12,2190,134,0,618,292
"G0600610","2010","CA","4","9","California","06","Placer County","061",,,,,,,,,,,,,,,"40900","99999","472",,,,,,,,,,,,,,,,,"3644136017","247205361","Placer County","A","+39.0620324","-120.7227181","06","1",,348432,170151,1897,2074,2133,2183,2326,2335,2401,2410,2391,2540,2556,2532,2468,2586,2544,2687,2615,2676,2381,2153,2053,1846,1796,1832,1799,1942,1858,2041,1974,2034,2043,1957,1910,1928,1899,1992,1975,2074,2192,2390,2538,2379,2229,2417,2414,2659,2626,2671,2601,2787,2710,2574,2543,2475,2410,2303,2291,2215,2112,2126,2065,1919,2163,2229,1609,1719,1569,1627,1423,1267,1327,1227,1188,1071,1024,1040,936,924,825,826,728,716,641,558,473,429,413,369,315,263,209,154,132,76,64,34,34,33,10,5,11,2,1,178281,1942,1939,2079,2109,2169,2293,2221,2320,2347,2346,2437,2432,2419,2514,2498,2525,2527,2614,2182,1938,1745,1660,1682,1683,1840,1884,1903,1938,1962,2024,1993,1907,2009,1955,2012,2106,2026,2200,2298,2618,2723,2573,2471,2434,2516,2692,2768,2746,2827,2855,2847,2674,2672,2725,2477,2504,2461,2372,2293,2295,2305,2302,2331,2407,1816,1893,1886,1889,1604,1582,1431,1437,1340,1305,1181,1222,1081,1092,1037,1036,926,868,844,770,775,762,726,569,552,470,343,284,259,201,134,111,86,68,47,39,47,2,0,344625,168234,10592,12059,12637,7894,4354,1969,1789,5304,9686,9607,10508,11857,13213,12585,10946,3961,5966,3265,4288,5793,4512,3043,2406,176391,10219,11509,12281,7615,3991,1682,1616,5126,9639,9826,11183,12663,13799,13342,11875,4575,6530,3763,5039,6609,5374,4004,4131,3807,1917,172,55,1,0,0,0,1,0,0,54,11,9,34,0,0,0,0,0,0,0,117,2,0,0,0,115,18,5,0,0,73,19,1389,517,461,0,0,0,461,0,0,10,1,0,9,46,0,0,0,0,0,0,872,204,0,0,0,668,53,144,27,0,146,298,356,273,7,0,0,0,7,0,0,0,0,0,0,266,0,0,0,0,0,0,83,0,0,0,0,83,0,22,5,0,39,17,1890,107,32,0,0,0,0,0,0,0,32,14,0,18,0,0,0,0,0,0,0,75,6,0,0,0,69,20,3,0,0,26,20,804,144,83,0,0,0,80,3,0,4,0,0,4,57,0,0,0,0,0,0,660,242,0,0,0,418,35,153,37,0,66,127,979,696,0,0,0,0,0,0,0,0,0,0,0,691,5,0,0,5,0,0,283,0,0,0,0,283,2,84,11,0,158,28
"G0600630","2010","CA","4","9","California","06","Plumas County","063",,,,,,,,,,,,,,,"99999","99999","999",,,,,,,,,,,,,,,,,"6612350713","156395470","Plumas County","A","+39.9951699","-120.8295155","06","9",,20007,10003,90,99,92,100,82,104,88,105,75,101,110,92,108,113,113,117,136,115,144,154,146,104,81,70,99,82,86,101,90,86,96,84,83,82,75,97,80,83,83,106,85,102,88,108,126,104,149,123,131,186,147,151,179,193,168,160,209,196,235,177,233,173,223,207,156,149,157,182,163,108,140,109,111,101,98,96,63,53,52,69,65,53,46,40,37,32,20,16,12,20,19,7,7,7,2,3,2,1,1,0,1,0,0,10004,89,76,88,97,70,115,103,105,78,94,92,86,104,101,103,126,126,108,142,125,101,99,79,82,69,77,74,69,90,92,75,90,92,97,77,67,79,87,87,94,105,92,118,106,115,109,126,170,156,179,153,186,225,205,186,212,203,196,205,202,170,168,242,200,158,161,167,135,123,122,114,107,120,79,88,76,64,82,60,61,62,56,59,47,55,39,35,27,42,19,31,23,14,11,5,2,8,8,7,0,3,0,0,19730,9850,463,473,536,368,241,128,96,243,440,414,446,505,686,832,973,406,585,305,448,558,329,237,138,9880,420,495,486,360,228,95,94,230,398,431,413,535,740,951,1015,338,598,326,380,508,335,265,239,277,153,0,0,0,0,0,0,0,0,0,0,0,0,0,0,0,0,0,0,0,0,0,0,0,0,0,0,0,0,0,0,0,0,126,33,29,0,0,0,29,0,0,0,0,0,0,4,0,0,0,0,0,0,93,81,0,0,0,12,0,0,10,0,2,0,27,26,2,0,0,0,2,0,0,0,0,0,0,23,1,0,1,0,0,0,1,0,0,0,0,1,0,0,1,0,0,0,124,0,0,0,0,0,0,0,0,0,0,0,0,0,0,0,0,0,0,0,0,0,0,0,0,0,0,0,0,0,0,0,0,65,14,7,0,0,0,7,0,0,0,0,0,0,6,1,0,1,0,0,0,51,48,0,0,0,3,0,0,3,0,0,0,59,58,0,0,0,0,0,0,0,0,0,0,0,58,0,0,0,0,0,0,1,0,0,0,0,1,0,0,1,0,0,0
"G0600650","2010","CA","4","9","California","06","Riverside County","065",,,,,,,,,,,,,,,"40140","99999","348",,,,,,,,,,,,,,,,,"18664696661","251073334","Riverside County","A","+33.7298275","-116.0022389","06","1",,2189641,1089576,15434,16165,17186,17052,16917,16947,16877,16813,16783,17600,17844,17766,18007,18176,18890,19172,19512,19223,19278,19036,17310,16477,15668,15104,14974,14894,14553,14423,14482,14553,14545,13488,13575,13580,13562,13998,13610,13615,14519,15260,15938,14905,14853,14640,15096,15736,15576,15205,15173,15390,15463,14100,14124,13713,13186,12896,11633,10928,10360,10147,10062,9681,9916,9862,7856,8057,7777,7689,6800,6407,6306,6100,5799,5457,5296,4993,4595,4408,4332,4094,3958,3543,3088,2852,2477,2333,2092,1728,1557,1161,950,709,520,352,311,178,124,78,64,39,42,2,1,1100065,15130,15372,16256,16647,16279,16161,16229,16269,16343,17043,17182,17186,17252,17564,17777,18273,18401,18380,18216,17634,16634,15632,14736,13975,14062,14027,13978,14277,14226,14579,14555,13495,13800,13895,13942,14502,13787,14493,14600,15542,15755,14897,14528,14180,14587,15349,15229,15120,14894,15050,14983,13812,14149,13433,13053,13005,12123,11696,11063,10914,10975,10463,10927,10681,8551,8938,8777,8808,7824,7418,7293,6895,6613,6320,6024,5746,5408,5335,5087,5005,4780,4236,4169,3998,3692,3479,2999,2628,2392,2030,1558,1180,898,726,560,440,352,274,140,107,176,9,3,2153812,1064523,82681,84912,90447,57316,35605,16509,15887,44164,70485,66201,68559,72853,74588,68499,54854,19332,27260,15534,20707,28638,22173,15485,11834,1089289,79626,81969,86803,54730,32960,15829,15122,42358,70736,69408,72654,73631,75296,69053,58485,21303,29974,17596,23900,32861,26183,20296,18516,35829,25053,1008,710,30,0,0,3,26,1,0,599,170,150,279,0,81,0,0,0,0,81,298,4,0,0,0,294,62,9,1,0,85,137,22147,15417,14821,0,0,11748,3007,66,0,75,20,4,51,478,43,0,8,0,0,35,6730,3323,0,0,0,3407,230,998,607,0,434,1138,1898,1409,508,0,0,490,18,0,0,0,0,0,0,884,17,0,12,5,0,0,489,0,0,0,0,489,9,159,43,0,166,112,10776,616,268,5,0,0,4,1,0,0,201,79,86,36,0,62,0,0,0,0,62,348,23,0,0,0,325,64,4,1,0,140,116,7195,952,539,0,0,131,390,18,0,20,11,7,2,357,36,0,17,0,0,19,6243,4260,0,0,0,1983,220,637,269,0,253,604,2965,2106,27,0,0,27,0,0,0,0,0,0,0,2051,28,0,3,25,0,0,859,0,0,0,0,859,2,386,66,0,323,82
"G0600670","2010","CA","4","9","California","06","Sacramento County","067",,,,,,,,,,,,,,,"40900","99999","472",,,,,,,,,,,,,,,,,"2498415670","76077248","Sacramento County","A","+38.4500114","-121.3404409","06","1",,1418788,694793,9927,10067,10540,10498,10637,10169,10076,9792,9957,10028,10037,10008,10144,10324,10615,10793,11093,11067,10953,10364,10236,9875,10090,10378,10568,11045,10409,10662,10921,10731,10910,9888,9797,9637,9175,9521,8976,9517,9409,9853,10500,9510,9325,9079,9330,10199,9905,10013,10095,10180,10347,9342,9601,9223,8954,8985,8366,8135,7592,7276,7307,7072,7039,6707,4988,4867,4608,4618,3795,3679,3405,3322,3140,3032,2819,2852,2543,2593,2443,2390,2215,1952,1797,1570,1526,1338,1226,1101,988,830,652,442,364,261,225,154,115,71,42,22,32,6,1,723995,9399,9809,10079,10254,9853,9943,9588,9576,9397,9586,9629,9550,9741,9859,9913,10295,10349,10461,10290,10015,9837,9742,10227,10394,10561,10963,10595,10940,11099,10557,10787,9976,9797,9392,9365,9715,9069,9374,9535,10226,10563,9442,9180,9322,9389,10263,10197,10303,10230,10687,10813,10058,10301,10070,9755,9939,9152,9031,8581,8275,8181,7914,7802,7588,5707,5758,5306,5367,4843,4563,4284,4240,3971,3917,3761,3550,3332,3398,3072,3155,3084,2827,2758,2602,2534,2469,2205,1947,1710,1527,1208,942,762,632,503,406,264,206,141,103,152,14,2,1395001,677894,51603,49945,50963,32513,20421,9799,9483,29761,51696,47441,45370,46199,48766,46232,39546,14190,18517,9361,11934,15519,12559,8759,7317,717107,49333,48047,48585,30936,19624,9688,9615,30901,53886,49082,47699,47635,51393,50688,44691,16004,20980,10978,14626,19896,16104,13170,13546,23787,16899,748,553,3,0,0,0,0,3,0,538,146,143,249,0,12,6,6,0,0,0,195,23,0,0,0,172,82,3,0,0,38,49,14564,10649,10127,0,0,6641,3411,75,0,53,29,8,16,316,153,95,42,13,0,3,3915,789,0,0,0,3126,253,1063,525,0,492,793,1587,1006,59,0,0,27,28,4,0,0,0,0,0,927,20,5,0,15,0,0,581,0,0,0,0,581,7,362,31,0,130,51,6888,380,200,0,0,0,0,0,0,0,189,85,58,46,0,11,6,5,0,0,0,180,2,0,0,0,178,72,5,1,0,63,37,3313,843,481,0,0,8,439,34,0,9,6,3,0,245,108,62,32,11,0,3,2470,701,0,0,0,1769,148,656,200,0,487,278,3195,2086,1,0,0,0,1,0,0,0,0,0,0,2046,39,8,0,31,0,0,1109,0,0,0,0,1109,1,742,63,0,283,20
"G0600690","2010","CA","4","9","California","06","San Benito County","069",,,,,,,,,,,,,,,"41940","99999","488",,,,,,,,,,,,,,,,,"3596742302","4555039","San Benito County","A","+36.6107024","-121.0852960","06","1",,55269,27629,384,405,411,449,419,405,442,423,467,465,495,490,494,477,506,461,499,496,480,410,397,374,324,361,348,339,386,320,347,326,389,341,343,326,346,377,294,335,374,395,413,384,388,399,397,453,427,409,431,421,428,408,377,391,365,350,381,345,290,303,283,276,298,243,195,208,173,162,179,155,139,117,116,120,96,85,108,90,63,86,62,60,72,43,50,42,37,35,32,38,27,22,12,6,5,2,4,3,3,0,2,0,0,27640,362,364,422,420,456,435,426,421,398,444,438,423,463,451,472,476,520,487,372,333,374,326,320,333,350,333,344,328,339,347,377,326,360,365,349,358,323,365,338,426,412,412,398,428,405,446,411,468,417,396,447,401,411,381,361,383,358,324,331,302,321,261,254,233,209,211,211,201,159,151,129,135,132,97,87,87,119,93,101,103,100,91,93,110,68,68,59,50,51,42,33,27,28,17,12,15,8,9,3,0,5,1,0,54980,27483,2060,2193,2454,1454,888,393,372,1027,1700,1730,1773,1972,2135,1959,1663,551,732,380,494,586,427,282,258,27497,2023,2118,2239,1480,705,371,324,1000,1685,1771,1808,2049,2133,1992,1695,582,693,418,509,571,499,443,389,289,146,27,14,0,0,0,0,0,0,0,14,14,0,0,0,0,0,0,0,0,0,13,0,0,0,0,13,0,0,0,0,13,0,92,4,0,0,0,0,0,0,0,0,0,0,0,4,0,0,0,0,0,0,88,0,0,0,0,88,14,4,0,0,49,21,27,26,0,0,0,0,0,0,0,0,0,0,0,26,0,0,0,0,0,0,1,0,0,0,0,1,0,0,0,0,1,0,143,18,13,0,0,0,0,0,0,0,13,13,0,0,0,0,0,0,0,0,0,5,0,0,0,0,5,0,0,0,0,5,0,48,5,0,0,0,0,0,0,0,0,0,0,0,5,0,0,0,0,0,0,43,0,0,0,0,43,2,5,0,0,28,8,77,67,0,0,0,0,0,0,0,0,0,0,0,67,0,0,0,0,0,0,10,0,0,0,0,10,0,0,0,0,2,8
"G0600710","2010","CA","4","9","California","06","San Bernardino County","071",,,,,,,,,,,,,,,"40140","99999","348",,,,,,,,,,,,,,,,,"51947229509","124028343","San Bernardino County","A","+34.8572198","-116.1811967","06","1",,2035210,1011507,15453,15962,16775,16553,16461,16145,15952,16079,15979,16671,17193,16789,16898,17685,17923,18307,18832,18932,18508,17980,17758,17061,16536,15629,15702,15193,14820,14826,14459,14737,14395,13236,13530,13120,12970,13546,12774,13013,13255,13980,14551,13632,13347,13189,13540,14278,14059,13934,13869,14005,14420,13260,13333,12703,12282,12210,11253,10608,9927,9762,9556,8720,8794,8518,6524,6463,6226,5889,5193,4710,4453,4206,4060,3742,3424,3252,3017,2842,2787,2584,2380,2121,1961,1710,1471,1347,1176,985,867,718,559,386,330,189,159,129,91,70,41,25,48,5,0,1023703,14963,15362,15766,15769,15726,15192,15237,15299,15134,15680,15989,16200,16363,16615,17137,17719,18011,17837,16964,16537,16395,15756,15410,14856,14805,14977,14175,14579,14380,14331,14483,13362,13562,13533,13423,13739,13338,13610,13691,14765,14801,13716,13448,13556,13458,14667,14468,14402,14525,14484,14631,13838,13809,13308,13019,12708,12036,11410,10485,10221,9997,9220,9393,8750,6951,7003,6710,6625,5886,5384,5173,4857,4759,4404,4328,4258,3747,3678,3438,3462,3295,2955,2869,2649,2503,2330,1979,1789,1538,1370,1082,868,724,537,438,338,265,160,114,79,118,18,2,1995156,982670,81121,80778,86303,55351,34659,16344,15598,44692,70368,64128,63811,65696,67688,64272,52750,17932,23442,12492,15573,19560,14162,9304,6646,1012486,77526,76488,82227,53459,32638,15833,15353,44270,71555,67582,68469,68204,71746,68010,56461,19071,24881,13574,17712,23227,18203,13656,12341,40054,28837,1036,804,176,0,0,0,176,0,0,628,203,288,137,0,0,0,0,0,0,0,232,3,2,2,0,227,56,6,6,0,18,141,25922,17268,15400,0,6112,3943,5339,6,0,51,14,13,24,737,1080,1076,0,4,0,0,8654,1058,4479,4479,0,3117,279,1078,435,0,339,986,1879,1456,140,0,75,34,31,0,0,0,0,0,0,1241,75,72,0,3,0,0,423,2,0,0,0,421,8,269,38,0,72,34,11217,299,97,16,0,0,0,16,0,0,81,47,11,23,0,0,0,0,0,0,0,202,8,0,0,0,194,53,3,2,0,14,122,7899,3919,3101,0,296,2045,754,6,0,9,4,2,3,461,348,346,0,2,0,0,3980,1796,237,237,0,1947,170,670,285,0,320,502,3019,2110,22,0,8,14,0,0,0,0,0,0,0,2062,26,12,0,14,0,0,909,0,0,0,0,909,4,647,69,0,143,46
"G0600730","2010","CA","4","9","California","06","San Diego County","073",,,,,,,,,,,,,,,"41740","99999","999",,,,,,,,,,,,,,,,,"10895120648","826347909","San Diego County","A","+33.0236041","-116.7761174","06","1",,3095313,1553679,20743,20728,20940,20866,20556,20315,20057,19537,19504,19908,20149,20050,19934,20562,21208,21721,22247,22374,23975,27991,30063,30620,30664,29171,28123,27803,26185,26304,25639,25147,25424,22534,22335,21377,20978,21919,20542,20730,21233,21967,23117,20919,20863,20067,20317,22364,21925,21874,21965,21990,22487,20916,21059,20160,19724,19372,18263,17448,16526,15892,16135,14822,14814,14571,11341,10910,10414,10153,8778,8154,7631,7359,6830,6568,6351,6130,5620,5497,5433,5510,5305,4494,4259,3965,3683,3290,3105,2801,2439,1987,1629,1210,891,699,475,361,266,151,118,68,77,11,3,1541634,19931,19711,20214,20310,19424,19353,19022,18897,18427,19009,19121,18901,19400,19402,19989,20327,20739,20592,21718,23411,24657,25175,24127,24110,24040,24414,23815,24161,23744,23525,23501,21256,21512,20773,20495,21185,20079,20550,20732,22075,22422,21041,20306,20238,20261,21856,22001,21820,21872,22128,22449,21245,21320,21075,20544,20627,19275,18508,17381,17013,16931,16200,16382,15766,12349,12356,11442,11548,10021,9465,9218,8990,8448,8127,7791,7816,7279,7274,6926,6862,6751,6443,6147,5881,5636,5411,4957,4479,4057,3494,2723,2077,1798,1418,1069,882,633,479,338,220,315,27,2,2993347,1479085,103596,99131,101490,65126,40313,21788,23186,73731,123072,108416,102880,102189,107201,101889,85725,30375,40102,20973,26723,34274,27625,20966,18314,1514262,99418,94557,96561,61211,38389,22185,23684,70245,118226,106651,103864,103520,108913,105765,92085,32846,44196,23594,30752,41986,35371,29547,30696,101966,74594,2056,1201,11,1,0,0,10,0,0,1136,263,239,634,0,54,0,54,0,0,0,855,27,35,35,0,793,112,7,2,0,270,402,68788,12598,11126,1549,671,4776,3752,172,206,159,50,10,99,1088,225,62,113,12,38,0,56190,7176,39519,27642,11877,9495,1051,2031,1523,68,1001,3821,3750,2577,94,17,6,51,19,1,0,0,0,0,0,2390,93,49,37,7,0,0,1173,0,0,0,0,1173,65,524,64,6,187,327,27372,1022,506,1,0,0,1,0,0,0,476,219,135,122,0,29,0,28,1,0,0,516,24,2,2,0,490,124,16,0,0,63,287,19496,2287,1264,160,134,216,697,14,43,82,55,15,12,835,106,29,60,12,5,0,17209,8828,4041,1979,2062,4340,421,1320,666,8,546,1379,6854,5041,1,1,0,0,0,0,0,0,0,0,0,4957,83,34,19,30,0,0,1813,0,0,0,0,1813,23,961,149,0,427,253
"G0600750","2010","CA","4","9","California","06","San Francisco County","075",,,,,,,,,,,,,,,"41860","41884","488",,,,,,,,,,,,,,,,,"121399963","479190317","San Francisco County","C","+37.7272391","-123.0322294","06","1",,805235,408462,4013,3791,3756,3349,3054,3113,3014,2918,2532,2889,2700,2576,2679,2683,2829,2891,2977,2993,3794,4233,4543,4875,5520,6743,7588,8428,8657,9111,9024,8958,9192,8237,8255,7996,7671,8132,7522,7328,7424,7858,8228,7040,6631,6427,6580,6833,6589,6353,6006,6002,6197,5719,5809,5789,5443,5722,5443,5299,5112,5201,5303,4856,4629,4237,3430,3385,2943,2879,2560,2551,2495,2308,2246,2180,2045,2089,1921,1816,1711,1757,1670,1432,1410,1310,1056,1080,942,825,698,545,499,315,263,223,201,105,107,71,37,36,24,2,1,396773,3806,3600,3443,3236,3155,3024,2850,2762,2659,2701,2611,2520,2459,2737,2505,2917,2816,2966,4267,4752,4795,4957,6014,7290,8293,8871,8679,8826,8888,8714,8808,7843,7733,7288,6941,6870,6482,6487,6195,6515,6575,5751,5428,5129,5080,5370,5272,5369,4958,4825,5139,4937,5075,4993,5129,5266,4989,5053,4780,4843,5259,4696,4610,4358,3510,3476,3159,3111,2848,2868,2796,2689,2721,2581,2481,2346,2402,2319,2189,2289,2169,2142,2120,1978,1903,1785,1538,1374,1219,1103,921,711,610,537,454,326,263,199,163,93,192,28,1,780971,394827,17831,14406,13366,8656,6478,3928,4530,19071,43240,40502,37437,33822,30436,27642,25570,9800,11976,6175,7795,11004,9012,6598,5552,386144,17138,13939,12770,8545,6376,4042,4587,20994,43310,38078,32183,27600,25416,24897,24576,9836,12307,6537,8659,13003,11185,9817,10349,24264,13635,498,214,1,0,0,1,0,0,0,194,49,34,111,0,19,0,19,0,0,0,284,48,0,0,0,236,70,0,0,0,8,158,11535,1857,1211,0,0,24,1001,186,0,19,10,1,8,493,134,41,78,15,0,0,9678,3403,0,0,0,6275,1430,807,688,29,168,3153,1602,855,18,0,0,3,7,8,0,0,0,0,0,748,89,19,67,3,0,0,747,0,0,0,0,747,109,136,17,0,229,256,10629,375,143,1,0,0,1,0,0,0,116,21,51,44,0,26,0,26,0,0,0,232,61,0,0,0,171,75,0,0,0,7,89,7700,706,328,0,0,97,201,30,0,18,7,5,6,246,114,26,82,6,0,0,6994,4639,0,0,0,2355,573,308,390,2,145,937,2554,1587,14,0,0,13,1,0,0,0,0,0,0,1455,118,9,105,4,0,0,967,0,0,0,0,967,46,248,43,0,451,179
"G0600770","2010","CA","4","9","California","06","San Joaquin County","077",,,,,,,,,,,,,,,"44700","99999","999",,,,,,,,,,,,,,,,,"3603505998","91108644","San Joaquin County","A","+37.9350336","-121.2722369","06","1",,685306,341230,5363,5362,5574,5752,5769,5643,5475,5437,5676,5749,5720,5737,5740,5734,5838,6045,6318,6159,6044,5831,5489,5264,4901,4825,4801,4704,4701,4757,4791,4707,4781,4238,4447,4321,4373,4513,4086,4370,4504,4686,4797,4505,4611,4548,4649,4781,4810,4818,4570,4774,4745,4424,4492,4367,4115,4063,3853,3691,3384,3279,3353,3098,3123,3064,2385,2414,2270,2084,1953,1711,1754,1511,1457,1349,1290,1251,1114,1050,1025,995,958,849,774,784,686,605,570,494,430,355,262,204,143,107,90,52,45,22,19,12,14,2,1,344076,5096,5061,5350,5452,5449,5472,5258,5331,5310,5459,5374,5430,5433,5536,5623,5617,5769,5613,5620,5366,5036,4610,4543,4494,4488,4551,4347,4455,4584,4633,4693,4351,4499,4304,4578,4437,4372,4531,4565,4845,4783,4690,4308,4492,4446,4739,4637,4716,4809,4820,4746,4470,4484,4182,4340,4190,4030,3862,3647,3650,3496,3338,3370,3296,2525,2608,2534,2511,2192,2112,2003,1804,1757,1612,1604,1555,1458,1430,1316,1381,1292,1225,1240,1202,1124,1005,962,827,785,634,512,426,329,258,226,152,128,97,60,52,55,7,0,670952,331442,27750,27901,28630,18067,10954,5071,4885,13767,22537,21290,21398,22315,22993,21550,17844,6329,8422,4593,5637,7217,5261,3866,3165,339510,26321,26736,27288,16903,10291,4791,4414,13341,22432,22287,22619,22556,23573,22034,19228,6755,9106,5080,6720,8631,6936,5777,5691,14354,9788,743,517,0,0,0,0,0,0,0,500,64,87,349,0,17,0,0,0,0,17,226,1,0,0,0,225,59,0,0,0,137,29,8078,5484,4886,0,0,3723,1082,81,0,257,12,10,235,319,22,17,0,5,0,0,2594,1026,0,0,0,1568,242,443,152,0,408,323,967,777,38,0,0,30,6,2,0,0,0,0,0,729,10,0,0,10,0,0,190,0,0,0,0,190,26,62,17,0,49,36,4566,385,144,0,0,0,0,0,0,0,96,22,54,20,0,48,0,0,0,0,48,241,4,0,0,0,237,80,2,1,0,125,29,2541,467,189,0,0,4,165,20,0,3,2,1,0,250,25,15,0,5,0,5,2074,1163,0,0,0,911,165,288,109,0,267,82,1640,1439,2,0,0,0,0,2,0,0,0,0,0,1437,0,0,0,0,0,0,201,0,0,0,0,201,0,85,9,0,85,22
"G0600790","2010","CA","4","9","California","06","San Luis Obispo County","079",,,,,,,,,,,,,,,"42020","99999","999",,,,,,,,,,,,,,,,,"8543248461","820974646","San Luis Obispo County","A","+35.3852268","-120.4475404","06","1",,269637,137999,1332,1301,1332,1486,1378,1375,1390,1428,1356,1396,1396,1444,1441,1493,1485,1617,1615,1723,2845,3665,3777,3789,3111,2601,2177,1971,1946,1908,1848,1837,1764,1597,1644,1513,1511,1566,1396,1461,1524,1621,1860,1600,1610,1662,1666,1826,1812,1963,1937,2033,2056,2022,2070,1958,2063,1994,2112,2001,1928,1850,1882,1791,1835,1743,1292,1320,1246,1253,1080,1024,932,889,808,768,734,745,678,648,656,619,615,558,517,484,473,400,365,307,303,217,197,144,112,95,52,43,21,15,17,9,26,3,0,131638,1265,1259,1356,1307,1327,1430,1352,1315,1313,1418,1323,1372,1350,1418,1479,1506,1567,1496,2633,3060,3087,2967,2333,1872,1628,1713,1536,1550,1532,1527,1511,1335,1311,1280,1274,1296,1212,1248,1350,1466,1554,1411,1396,1445,1408,1673,1785,1777,1861,1916,2033,2010,2169,2166,2123,2167,2068,2127,1980,1818,1866,1827,1783,1737,1315,1469,1325,1375,1168,1104,1067,917,931,889,888,917,795,717,747,812,763,762,676,704,645,611,550,516,486,370,314,250,205,188,151,83,89,59,25,33,47,1,0,252631,125223,6810,6930,7228,4814,3753,2986,3397,7279,8506,7000,6553,7127,8278,9148,9304,3505,4719,2500,3271,4043,3281,2588,2203,127408,6502,6816,6924,4518,3317,2554,2812,5703,7802,6669,6539,7163,8957,10446,10113,3680,4817,2777,3636,4668,3920,3450,3625,17006,12776,206,96,0,0,0,0,0,0,0,96,21,13,62,0,0,0,0,0,0,0,110,7,57,57,0,46,10,0,2,0,6,28,12083,7705,6660,0,0,6240,420,0,0,11,1,0,10,61,973,973,0,0,0,0,4378,3732,29,29,0,617,71,191,24,0,39,292,487,405,193,0,0,188,5,0,0,0,0,0,0,190,22,22,0,0,0,0,82,0,0,0,0,82,2,31,11,0,6,32,4230,93,49,0,0,0,0,0,0,0,49,3,0,46,0,0,0,0,0,0,0,44,4,1,1,0,39,5,0,0,0,10,24,3564,98,62,0,0,0,62,0,0,7,3,0,4,28,1,1,0,0,0,0,3466,3119,10,10,0,337,42,101,18,0,29,147,573,417,0,0,0,0,0,0,0,0,0,0,0,411,6,0,0,6,0,0,156,0,0,0,0,156,1,68,26,0,37,24
"G0600810","2010","CA","4","9","California","06","San Mateo County","081",,,,,,,,,,,,,,,"41860","41884","488",,,,,,,,,,,,,,,,,"1161371825","757704380","San Mateo County","A","+37.4146639","-122.3715417","06","1",,718451,353168,4746,4673,4786,4743,4704,4727,4654,4504,4484,4451,4577,4296,4267,4251,4359,4378,4323,4716,4131,3798,4007,3960,4208,4486,4667,4801,4881,4997,5058,4997,5453,4991,5132,5101,5058,5287,5132,5263,5349,5768,5863,5271,5271,5212,5295,5818,5543,5515,5345,5511,5665,5357,5320,5235,5027,5149,4742,4645,4345,4311,4462,4133,4014,4009,3033,2909,2780,2648,2399,2309,2144,2030,2031,1790,1652,1579,1492,1459,1362,1448,1365,1230,1053,1010,985,927,792,715,656,580,390,325,232,171,148,107,65,59,23,19,25,3,1,365283,4516,4449,4520,4564,4659,4470,4430,4418,4267,4324,4124,4146,4079,4204,4160,4213,4345,4245,3757,3343,3349,3336,3725,4095,4265,4499,4591,4796,4764,4936,5213,4987,4993,5072,5014,5218,5132,5240,5435,5534,6091,5593,5333,5386,5427,5599,5792,5779,5743,5779,5668,5524,5551,5443,5455,5423,4921,5017,4698,4614,4786,4555,4484,4397,3449,3521,3312,3180,2800,2627,2678,2532,2281,2243,2119,1965,1978,1868,1852,1885,1827,1648,1761,1694,1512,1551,1359,1194,1167,1023,855,609,543,435,360,265,232,162,113,60,130,8,0,709598,348405,23591,22775,21695,13259,7662,3876,3842,13106,24409,25449,26542,26615,27359,26168,22885,8460,10894,5616,7265,9491,7160,5437,4849,361193,22630,21863,20654,12726,6876,3280,3255,11962,23455,25152,26410,27676,28519,27459,24488,9268,12221,6780,8529,11693,9318,8049,8930,8853,4763,319,157,2,0,0,0,2,0,0,155,33,5,117,0,0,0,0,0,0,0,162,1,0,0,0,161,83,1,0,0,37,40,3349,1075,846,0,0,0,832,14,0,34,20,1,13,194,1,0,0,1,0,0,2274,345,0,0,0,1929,334,519,397,0,197,482,1095,614,6,0,0,0,6,0,0,0,0,0,0,601,7,0,0,7,0,0,481,0,0,0,0,481,15,250,88,0,51,77,4090,260,97,1,0,0,0,0,1,0,94,31,10,53,0,2,0,0,2,0,0,163,0,0,0,0,163,94,0,0,0,29,40,1780,384,231,0,0,0,230,1,0,10,1,8,1,143,0,0,0,0,0,0,1396,315,0,0,0,1081,184,415,163,0,124,195,2050,1229,4,0,0,0,4,0,0,0,0,0,0,1183,42,0,0,42,0,0,821,0,0,0,0,821,5,496,29,0,124,167
"G0600830","2010","CA","4","9","California","06","Santa Barbara County","083",,,,,,,,,,,,,,,"42060","99999","999",,,,,,,,,,,,,,,,,"7083838022","2729829365","Santa Barbara County","A","+34.5373784","-120.0384850","06","1",,423895,212786,2737,2728,2835,2814,2759,2819,2610,2661,2522,2785,2691,2721,2676,2707,2922,2929,3115,3201,4415,5624,5587,5195,4458,3845,3697,3462,3378,3367,3207,3158,3186,2841,2820,2570,2589,2850,2502,2454,2607,2692,2828,2585,2556,2453,2513,2748,2773,2718,2718,2850,2871,2755,2725,2619,2648,2686,2433,2471,2165,2205,2225,2031,2083,2115,1601,1617,1493,1473,1288,1169,1256,1097,1096,1008,943,938,895,894,913,878,798,723,713,641,603,549,486,419,408,310,294,184,168,132,89,54,42,38,27,21,15,3,0,211109,2616,2700,2719,2699,2743,2732,2603,2484,2484,2603,2554,2617,2513,2538,2687,2642,2905,2976,4619,5583,5278,5070,3930,3086,2880,3054,2987,2822,2964,2701,2734,2503,2534,2406,2409,2436,2290,2344,2419,2498,2653,2442,2419,2420,2517,2622,2718,2781,2812,2837,2972,2665,2762,2717,2687,2664,2489,2606,2428,2271,2339,2197,2207,2123,1676,1785,1686,1617,1493,1393,1345,1279,1288,1217,1233,1162,1100,1061,1122,1089,1084,970,1027,942,979,856,802,778,673,540,469,406,306,235,218,166,121,94,63,49,71,4,0,406113,201847,13820,13354,13668,8988,7352,4956,4710,11132,15613,13075,12222,12157,13112,13107,11598,4145,5679,3058,3862,5326,4454,3395,3064,204266,13427,12856,12873,8425,6934,4601,4634,9490,14299,12495,11898,12356,13676,13683,12374,4506,5947,3444,4469,6292,5444,4821,5322,17782,10939,402,218,3,0,0,0,0,3,0,215,25,15,175,0,0,0,0,0,0,0,184,10,0,0,0,174,33,1,0,0,114,26,10021,4337,4230,0,3297,0,912,13,8,22,2,1,19,84,1,0,0,0,0,1,5684,4075,314,314,0,1295,242,296,133,0,139,485,516,345,67,0,61,0,5,1,0,0,0,0,0,278,0,0,0,0,0,0,171,0,0,0,0,171,12,65,4,0,33,57,6843,234,84,1,0,0,0,1,0,0,83,21,27,35,0,0,0,0,0,0,0,150,12,0,0,0,138,35,1,0,0,77,25,5678,239,171,0,3,0,166,2,0,9,2,4,3,59,0,0,0,0,0,0,5439,4755,64,64,0,620,76,138,84,0,139,183,931,694,0,0,0,0,0,0,0,0,0,0,0,694,0,0,0,0,0,0,237,0,0,0,0,237,4,104,9,0,84,36
"G0600850","2010","CA","4","9","California","06","Santa Clara County","085",,,,,,,,,,,,,,,"41940","99999","488",,,,,,,,,,,,,,,,,"3341343470","36174996","Santa Clara County","A","+37.2207774","-121.6906224","06","1",,1781642,893851,12091,12545,13060,13164,12800,12649,12718,12361,12124,12468,11873,11605,11568,11518,11616,11791,11948,12071,11811,11943,11907,11547,11592,12047,12977,13539,13836,14012,13854,13683,14493,13319,13505,13873,14105,14380,13870,14249,14125,14674,15226,13970,13718,13337,13675,14534,14232,14215,13880,13860,13689,12931,12829,12263,11886,11458,10454,10083,9280,9119,8914,8341,8175,7933,6534,6352,5961,6041,5184,4707,4621,4462,4183,3875,3748,3534,3236,3124,2961,2942,2715,2351,2216,2027,1961,1677,1601,1393,1185,1037,810,584,435,312,250,186,113,75,67,29,45,4,0,887791,11660,11968,12437,12436,12303,12144,12216,12047,11372,11829,11224,11205,10994,11039,10928,11155,11394,11224,10720,10487,10191,10208,10537,10845,11266,12392,12538,13029,13391,13270,13754,13002,13483,13128,13360,13880,13538,13732,14062,14240,14569,13799,13321,12950,13054,13662,13515,13670,13141,13409,13463,12368,12221,12090,11736,11378,10803,10389,9767,9682,9515,9045,8805,8892,6979,7122,6774,6717,6022,5697,5466,5194,5208,4746,4441,4341,3939,3999,3788,3802,3497,3269,3185,3070,2991,2717,2476,2231,2033,1767,1424,1162,938,744,579,475,365,278,180,112,178,11,2,1751292,876876,63523,62215,58052,35584,20642,10307,10303,35208,67830,68377,70409,68992,69650,62687,49577,17001,22372,12164,15721,20598,15482,10937,9245,874416,60686,59498,55290,33640,18029,8829,9075,31783,64204,66461,69142,67328,67019,61484,51667,18415,24476,13780,18265,24724,19420,15384,15817,30350,16975,596,247,0,0,0,0,0,0,0,247,111,48,88,0,0,0,0,0,0,0,349,28,0,0,0,321,192,1,2,0,18,108,14522,4093,3463,0,0,0,3434,29,0,48,34,1,13,500,82,77,2,3,0,0,10429,5952,0,0,0,4477,972,1025,481,0,620,1379,1857,1268,21,0,0,0,21,0,0,0,0,0,0,1193,54,29,0,25,0,0,589,0,0,0,0,589,49,143,22,0,118,257,13375,461,93,0,0,0,0,0,0,0,93,56,16,21,0,0,0,0,0,0,0,368,21,0,0,0,347,210,7,1,0,45,84,9364,958,531,0,0,0,524,7,0,29,14,6,9,355,43,42,1,0,0,0,8406,6098,0,0,0,2308,525,649,236,0,427,471,3550,2683,0,0,0,0,0,0,0,0,0,0,0,2639,44,41,0,3,0,0,867,0,0,0,0,867,30,250,38,0,378,171
"G0600870","2010","CA","4","9","California","06","Santa Cruz County","087",,,,,,,,,,,,,,,"42100","99999","488",,,,,,,,,,,,,,,,,"1152986019","419568865","Santa Cruz County","A","+37.0124883","-122.0072050","06","1",,262382,130913,1450,1547,1573,1664,1510,1516,1599,1462,1555,1568,1602,1544,1615,1525,1630,1632,1651,1764,2554,3365,3227,3022,2450,2153,1883,2020,1741,1862,1811,1721,1907,1581,1587,1589,1564,1648,1563,1571,1669,1710,1902,1690,1716,1638,1652,1822,1837,1849,1869,1867,2011,1909,2011,1924,1985,1981,1983,2023,1964,1849,1933,1743,1707,1653,1119,1117,1048,998,857,693,685,569,584,517,527,429,391,406,373,334,402,338,311,263,272,281,239,219,191,152,110,105,90,52,32,24,23,15,7,6,11,0,0,131469,1371,1482,1484,1519,1445,1456,1491,1480,1461,1483,1396,1476,1515,1524,1520,1631,1579,1698,2486,3474,3070,2859,2230,1828,1669,1780,1617,1623,1659,1763,1668,1552,1578,1597,1529,1520,1450,1571,1524,1692,1770,1731,1725,1693,1640,1834,1880,1850,1914,1990,2023,1992,2021,2132,2057,2113,2071,2042,1920,1835,1839,1649,1721,1576,1214,1180,1073,1078,895,760,757,741,623,566,606,536,562,576,504,480,535,531,485,479,461,451,452,373,336,291,243,202,168,120,117,99,68,55,29,20,33,2,0,251413,125178,7702,7677,7886,4954,3807,2594,2743,6095,8825,7996,7938,8389,8993,9555,9622,3601,4400,2134,2507,2848,1896,1537,1479,126235,7256,7342,7408,4811,3448,2408,2566,5518,8296,7823,7695,8472,9359,10134,9875,3447,4473,2235,2707,3238,2600,2397,2727,10969,5735,188,29,0,0,0,0,0,0,0,29,14,15,0,0,0,0,0,0,0,0,159,5,0,0,0,154,26,1,0,0,102,25,5277,445,359,0,0,0,358,1,0,5,5,0,0,77,4,0,4,0,0,0,4832,3133,5,5,0,1694,149,106,206,0,206,1027,270,150,3,0,0,0,3,0,0,0,0,0,0,147,0,0,0,0,0,0,120,0,0,0,0,120,6,2,27,0,42,43,5234,194,25,0,0,0,0,0,0,0,25,11,14,0,0,0,0,0,0,0,0,169,7,0,0,0,162,34,1,0,0,91,36,4457,135,61,0,0,0,61,0,0,7,3,4,0,64,3,0,3,0,0,0,4322,3586,0,0,0,736,92,66,89,0,140,349,583,382,0,0,0,0,0,0,0,0,0,0,0,382,0,0,0,0,0,0,201,0,0,0,0,201,3,5,56,0,100,37
"G0600890","2010","CA","4","9","California","06","Shasta County","089",,,,,,,,,,,,,,,"39820","99999","999",,,,,,,,,,,,,,,,,"9778246966","186530888","Shasta County","A","+40.7605215","-122.0435495","06","1",,177223,87130,1044,1076,1061,1049,1077,997,1068,1063,1120,1127,1178,1176,1139,1187,1287,1235,1287,1346,1271,1264,1274,1147,1102,1034,1110,1172,1023,1068,1032,1008,1074,991,918,917,888,841,854,899,932,1002,1052,1006,980,1005,1063,1081,1222,1180,1391,1301,1376,1301,1313,1262,1375,1295,1359,1314,1226,1240,1265,1187,1288,1258,931,988,937,1018,891,785,741,736,655,675,525,539,501,506,470,417,437,363,327,332,260,280,235,178,160,148,122,97,51,37,34,18,22,15,6,5,10,0,0,90093,941,937,1043,1024,1016,1048,1025,1024,1034,1031,1086,1058,1020,1150,1113,1176,1210,1199,1239,1212,1133,1086,1077,1034,1006,1042,1051,1058,1024,1048,1027,918,958,895,845,886,851,873,938,1122,1102,974,1063,1033,1091,1290,1317,1338,1354,1421,1387,1450,1427,1369,1430,1446,1424,1419,1343,1301,1298,1271,1366,1309,966,1027,1090,1058,903,879,757,784,721,712,669,613,596,551,567,573,560,493,425,454,462,404,370,311,289,233,219,181,136,124,74,65,47,42,21,12,23,1,0,174569,85646,5285,5361,5918,3786,2405,1179,1076,3138,5167,4688,4444,4995,6082,6551,6358,2431,3446,1907,2677,3309,2399,1691,1353,88923,4942,5150,5399,3564,2272,1046,1030,3063,5194,4610,4636,5214,6681,7024,6889,2547,3620,2099,2817,3605,2851,2332,2338,2654,1484,167,109,0,0,0,0,0,0,0,108,72,9,27,0,1,0,0,0,0,1,58,2,0,0,0,56,42,0,0,0,2,12,1132,401,330,0,0,115,189,26,0,7,5,0,2,61,3,0,0,0,0,3,731,282,0,0,0,449,144,113,130,0,26,36,185,162,3,0,0,0,3,0,0,0,0,0,0,155,4,0,0,4,0,0,23,0,0,0,0,23,7,4,4,0,3,5,1170,80,26,0,0,0,0,0,0,0,26,8,12,6,0,0,0,0,0,0,0,54,4,0,0,0,50,39,1,0,0,1,9,686,87,27,0,0,0,27,0,0,4,2,2,0,55,1,0,0,0,0,1,599,324,0,0,0,275,102,87,44,0,13,29,404,354,0,0,0,0,0,0,0,0,0,0,0,347,7,0,0,7,0,0,50,0,0,0,0,50,2,17,3,0,28,0
"G0600910","2010","CA","4","9","California","06","Sierra County","091",,,,,,,,,,,,,,,"99999","99999","999",,,,,,,,,,,,,,,,,"2468813797","23299108","Sierra County","A","+39.5769252","-120.5219926","06","9",,3240,1646,18,13,10,14,14,15,10,15,12,17,13,14,21,18,26,18,19,19,24,11,11,10,18,12,13,15,9,13,16,13,9,12,9,15,13,12,8,14,24,17,16,21,18,18,18,24,19,27,33,25,43,25,32,32,23,26,30,41,35,39,29,39,43,38,28,33,21,24,20,28,19,23,14,11,9,20,10,21,8,11,11,5,8,6,3,8,2,1,4,4,1,3,4,3,2,0,0,2,1,0,0,0,0,1594,17,10,24,9,18,4,13,17,13,15,12,13,13,15,11,22,18,22,11,6,9,7,12,14,12,11,9,7,17,16,5,17,10,17,10,17,14,12,19,14,20,14,18,22,19,16,33,25,33,24,26,28,39,28,36,32,38,43,33,30,47,29,28,36,29,21,27,18,22,16,26,16,15,20,13,14,13,14,13,15,11,4,7,9,4,3,7,3,4,3,1,3,3,4,2,1,1,0,1,2,0,0,0,3207,1633,69,69,92,56,35,11,10,43,66,58,75,91,127,154,170,67,109,54,71,76,69,31,30,1574,78,62,64,62,17,9,7,38,60,59,76,93,131,156,173,75,93,47,54,89,67,33,31,33,13,0,0,0,0,0,0,0,0,0,0,0,0,0,0,0,0,0,0,0,0,0,0,0,0,0,0,0,0,0,0,0,0,4,4,0,0,0,0,0,0,0,0,0,0,0,4,0,0,0,0,0,0,0,0,0,0,0,0,0,0,0,0,0,0,9,9,0,0,0,0,0,0,0,0,0,0,0,9,0,0,0,0,0,0,0,0,0,0,0,0,0,0,0,0,0,0,20,0,0,0,0,0,0,0,0,0,0,0,0,0,0,0,0,0,0,0,0,0,0,0,0,0,0,0,0,0,0,0,0,5,5,0,0,0,0,0,0,0,0,0,0,0,5,0,0,0,0,0,0,0,0,0,0,0,0,0,0,0,0,0,0,15,15,0,0,0,0,0,0,0,0,0,0,0,15,0,0,0,0,0,0,0,0,0,0,0,0,0,0,0,0,0,0
"G0600930","2010","CA","4","9","California","06","Siskiyou County","093",,,,,,,,,,,,,,,"99999","99999","999",,,,,,,,,,,,,,,,,"16259652221","179889482","Siskiyou County","A","+41.5879861","-122.5332868","06","9",,44900,22395,232,268,282,275,234,251,247,249,232,225,282,277,241,311,297,283,344,315,297,257,282,216,215,211,227,269,242,223,219,220,250,200,198,209,171,217,206,192,242,236,239,263,238,209,243,231,310,308,334,318,299,324,367,401,402,387,393,373,417,378,405,412,379,437,309,318,308,336,286,257,229,181,190,221,175,168,149,132,136,134,116,127,99,83,90,86,64,61,53,43,34,22,29,12,15,7,8,2,1,1,2,0,0,22505,239,229,228,247,239,248,259,212,237,250,289,262,261,253,253,246,256,272,261,226,211,194,204,213,205,220,222,228,230,201,233,177,201,176,188,206,185,192,208,255,273,216,227,248,241,273,281,328,323,382,381,383,407,429,429,400,406,448,428,399,401,382,426,383,288,351,305,280,269,220,235,197,196,194,193,161,169,160,143,158,146,140,128,135,115,130,94,81,100,60,58,40,34,33,16,23,9,11,8,7,7,1,0,44426,22071,1291,1204,1404,938,498,265,210,633,1134,1000,1060,1161,1477,1780,1938,811,1117,624,878,995,713,512,428,22355,1179,1206,1318,770,475,208,191,618,1094,971,1041,1198,1583,2019,2070,780,1092,652,768,1011,785,654,672,474,324,8,8,0,0,0,0,0,0,0,8,0,0,8,0,0,0,0,0,0,0,0,0,0,0,0,0,0,0,0,0,0,0,291,132,129,0,0,129,0,0,0,1,0,0,1,2,0,0,0,0,0,0,159,83,0,0,0,76,14,7,0,0,24,31,25,17,0,0,0,0,0,0,0,0,0,0,0,16,1,0,0,1,0,0,8,0,0,0,0,8,0,0,0,0,0,8,150,7,4,0,0,0,0,0,0,0,4,0,0,4,0,0,0,0,0,0,0,3,0,0,0,0,3,0,0,0,0,0,3,78,4,0,0,0,0,0,0,0,0,0,0,0,4,0,0,0,0,0,0,74,18,0,0,0,56,0,4,0,0,11,41,65,54,0,0,0,0,0,0,0,0,0,0,0,54,0,0,0,0,0,0,11,0,0,0,0,11,0,0,0,0,5,6
"G0600950","2010","CA","4","9","California","06","Solano County","095",,,,,,,,,,,,,,,"46700","99999","488",,,,,,,,,,,,,,,,,"2128361199","218665937","Solano County","A","+38.2672255","-121.9395940","06","1",,413344,206195,2657,2733,2814,2900,2715,2807,2739,2777,2762,2866,2782,2964,2894,3005,3007,3091,3255,3215,3140,3010,3266,2958,2971,2970,2975,3036,2916,3010,2878,2985,2896,2622,2670,2650,2561,2525,2505,2564,2683,2905,2884,2791,2812,2796,2937,3082,3226,3212,3269,3232,3356,3101,3167,3162,3028,2984,2753,2775,2641,2477,2532,2429,2324,2332,1756,1644,1600,1446,1278,1151,1171,1061,1054,862,841,861,806,820,656,661,613,524,493,433,368,371,328,278,268,234,164,127,110,72,53,36,30,20,9,6,9,0,0,207149,2483,2628,2663,2611,2648,2577,2592,2670,2769,2752,2693,2756,2906,2775,2793,3013,3050,3173,2848,2689,2746,2737,2739,2678,2721,2815,2761,2757,2720,2718,2736,2525,2606,2587,2465,2474,2537,2546,2708,2908,2810,2705,2677,2734,2922,3085,3155,3226,3190,3269,3387,3131,3225,3208,3239,3128,2915,3087,2634,2615,2551,2476,2495,2456,1867,1841,1684,1664,1403,1320,1307,1261,1208,1097,1104,1066,949,992,860,913,886,785,770,739,643,674,586,535,452,364,318,227,191,142,127,65,71,48,43,22,30,2,0,400892,195288,13805,13945,14624,9475,5782,2869,2599,8086,13753,12376,12158,12972,14622,14637,12860,4748,6178,3127,3749,4854,3686,2359,2024,205604,13025,13349,13909,9211,5460,2694,2661,8044,13691,12862,13133,13778,15852,16116,14308,5001,6782,3489,4357,5894,4683,3691,3614,12452,10907,134,115,2,0,0,2,0,0,0,113,27,2,84,0,0,0,0,0,0,0,19,1,0,0,0,18,2,1,1,0,5,9,10114,8473,8310,0,0,7575,733,2,0,9,5,1,3,148,6,0,0,6,0,0,1641,381,720,720,0,540,51,145,120,4,57,163,659,564,331,0,0,330,1,0,0,0,0,0,0,233,0,0,0,0,0,0,95,0,0,0,0,95,3,30,7,0,37,18,1545,58,27,0,0,0,0,0,0,0,27,15,2,10,0,0,0,0,0,0,0,31,0,0,0,0,31,12,0,0,0,3,16,826,228,121,0,0,16,105,0,0,1,0,1,0,101,5,0,0,5,0,0,598,57,188,188,0,353,40,125,76,0,38,74,661,519,2,0,0,0,0,2,0,0,0,0,0,509,8,0,0,8,0,0,142,0,0,0,0,142,1,60,18,0,59,4
"G0600970","2010","CA","4","9","California","06","Sonoma County","097",,,,,,,,,,,,,,,"42220","99999","488",,,,,,,,,,,,,,,,,"4081430136","497530353","Sonoma County","A","+38.5325740","-122.9451943","06","1",,483878,237902,2795,2769,2893,3043,2919,2994,3051,2946,3007,2969,3020,2973,3024,3151,3008,3170,3337,3509,3567,3627,3567,3343,3241,3252,3394,3330,3246,3450,3277,3233,3327,3024,3024,2998,2879,2922,2761,2838,2944,3136,3428,3104,3137,3077,3191,3417,3381,3541,3450,3602,3714,3512,3716,3561,3592,3611,3568,3452,3334,3346,3337,3219,3235,3252,2280,2344,2272,2075,1861,1570,1477,1431,1257,1221,1084,1121,933,910,956,860,906,783,789,687,640,632,535,486,484,388,318,224,195,148,92,71,52,31,24,16,13,1,0,245976,2668,2735,2680,2902,2795,2871,2830,2912,2769,2914,2789,2932,2857,2976,2994,3039,3078,3152,3408,3411,3233,3172,2999,2889,2978,3020,2973,3033,3081,3087,3192,2787,2874,2769,2693,2787,2630,2799,2930,3221,3393,3080,3040,3049,3136,3623,3685,3746,3741,3910,3916,3768,3944,3870,3829,3884,3819,3899,3809,3633,3643,3617,3546,3412,2648,2677,2352,2388,2041,1827,1720,1599,1582,1384,1382,1331,1198,1183,1247,1236,1228,1220,1138,1161,1087,1059,1058,909,885,830,588,485,370,319,253,219,165,107,93,59,84,13,0,473835,232669,14335,14894,15059,9752,6469,3314,3178,9544,16121,14947,14329,15606,17036,17708,17025,6469,8669,4563,5433,6363,4680,3686,3489,241166,13716,14257,14490,9117,5629,2934,3034,8741,15047,14182,14241,15577,18533,19117,18866,7203,9511,4992,6198,7554,6038,5532,6657,10043,5233,538,232,1,0,0,0,0,1,0,231,40,114,77,0,0,0,0,0,0,0,306,0,1,1,0,305,55,7,0,0,104,139,4022,1385,824,0,0,0,813,11,0,18,0,7,11,473,70,0,5,0,0,65,2637,694,300,300,0,1643,263,235,290,0,332,523,673,429,7,0,0,0,7,0,0,0,0,0,0,407,15,0,15,0,0,0,244,0,0,0,0,244,3,39,21,0,155,26,4810,313,114,0,0,0,0,0,0,0,114,40,51,23,0,0,0,0,0,0,0,199,5,0,0,0,194,56,0,0,0,74,64,2991,653,150,0,0,0,142,8,0,8,1,7,0,356,139,0,0,0,0,139,2338,1413,89,89,0,836,196,141,152,0,125,222,1506,1069,0,0,0,0,0,0,0,0,0,0,0,1051,18,0,18,0,0,0,437,0,0,0,0,437,1,88,52,0,275,21
"G0600990","2010","CA","4","9","California","06","Stanislaus County","099",,,,,,,,,,,,,,,"33700","99999","999",,,,,,,,,,,,,,,,,"3871582888","51437339","Stanislaus County","A","+37.5623842","-121.0026557","06","1",,514453,254489,3922,4023,4151,4083,4148,4066,4010,4143,4078,4105,4187,4158,4145,4394,4515,4405,4634,4594,4385,4175,4017,3694,3746,3655,3680,3717,3665,3774,3540,3630,3533,3419,3333,3390,3208,3326,3142,3204,3369,3424,3551,3316,3230,3281,3300,3450,3490,3474,3583,3706,3578,3248,3356,3213,3210,2959,2936,2825,2609,2525,2466,2398,2349,2228,1795,1837,1744,1659,1350,1278,1270,1286,1125,1034,1041,997,929,872,759,751,727,691,620,568,506,483,461,369,325,262,174,121,99,92,46,48,33,28,13,15,11,2,0,259964,3765,3780,3997,4029,3881,3958,3885,3965,3935,3868,3930,3907,4014,3961,4065,4144,4207,4106,4070,4087,3857,3719,3609,3544,3598,3723,3570,3615,3573,3667,3534,3336,3387,3336,3244,3265,3300,3264,3319,3512,3477,3537,3360,3300,3249,3613,3632,3606,3583,3648,3680,3425,3393,3367,3303,3215,3019,2969,2830,2658,2722,2526,2604,2484,2033,1982,1874,1911,1735,1559,1477,1408,1419,1321,1327,1278,1153,1094,1073,1057,1042,953,924,928,863,700,673,589,580,494,405,328,262,187,175,106,107,78,49,37,52,5,0,508148,250965,20284,20370,21292,13443,8289,3912,3620,10870,17989,16642,16249,16425,17452,16360,13684,4783,6280,3538,4226,5663,4206,2999,2389,257183,19378,19589,19850,12438,7880,3772,3675,10663,18044,16759,16571,16820,17949,17052,14592,5219,7070,3817,5140,6822,5474,4421,4188,6305,3524,372,277,0,0,0,0,0,0,0,277,116,30,131,0,0,0,0,0,0,0,95,1,0,0,0,94,34,0,0,0,10,50,2547,1079,927,0,0,0,922,5,0,20,9,1,10,132,0,0,0,0,0,0,1468,200,0,0,0,1268,217,421,138,0,121,371,605,490,1,0,0,0,1,0,0,0,0,0,0,489,0,0,0,0,0,0,115,0,0,0,0,115,1,70,4,0,21,19,2781,142,72,0,0,0,0,0,0,0,72,38,0,34,0,0,0,0,0,0,0,70,1,0,0,0,69,31,1,0,0,7,30,1296,288,163,0,0,0,159,4,0,6,1,0,5,119,0,0,0,0,0,0,1008,382,0,0,0,626,107,205,82,0,24,208,1343,1164,0,0,0,0,0,0,0,0,0,0,0,1164,0,0,0,0,0,0,179,0,0,0,0,179,0,100,14,0,49,16
"G0601010","2010","CA","4","9","California","06","Sutter County","101",,,,,,,,,,,,,,,"49700","99999","472",,,,,,,,,,,,,,,,,"1560235601","15747004","Sutter County","A","+39.0352571","-121.7027576","06","1",,94737,47001,674,717,735,784,711,808,722,754,713,766,706,720,697,707,785,785,788,797,801,745,681,614,672,659,681,699,660,651,574,634,678,606,620,645,567,570,549,588,598,645,654,558,592,564,634,681,647,662,653,630,670,597,616,596,575,589,560,520,478,512,468,493,507,431,355,317,355,337,341,304,285,270,288,225,277,242,225,194,219,209,149,138,146,134,93,96,87,65,55,54,32,31,24,17,17,10,7,1,2,2,5,0,0,47736,693,692,691,755,701,710,712,711,681,715,713,727,699,709,683,684,710,757,659,651,591,569,619,618,582,683,652,686,642,647,646,563,610,594,609,554,555,600,643,577,642,595,573,643,646,644,656,629,657,689,657,654,593,616,620,633,573,569,463,515,532,511,507,480,409,439,399,428,384,308,337,311,292,319,274,277,265,270,203,242,218,206,199,168,182,134,137,126,113,115,82,74,55,46,37,27,17,15,12,11,15,0,0,93677,46598,3620,3762,3610,2367,1529,663,601,1987,3168,3085,2924,2968,3252,3029,2641,951,1289,667,976,1327,1068,641,473,47079,3530,3528,3530,2150,1299,583,559,1783,3241,2957,2872,3031,3240,3112,2744,1043,1386,834,1110,1514,1226,921,886,1060,403,10,7,0,0,0,0,0,0,0,7,7,0,0,0,0,0,0,0,0,0,3,0,0,0,0,3,0,0,0,0,3,0,292,179,160,0,0,2,158,0,0,1,1,0,0,13,5,0,5,0,0,0,113,0,0,0,0,113,0,31,31,0,15,36,101,88,0,0,0,0,0,0,0,0,0,0,0,88,0,0,0,0,0,0,13,0,0,0,0,13,0,2,0,0,11,0,657,5,1,0,0,0,0,0,0,0,1,1,0,0,0,0,0,0,0,0,0,4,0,0,0,0,4,0,0,0,0,4,0,406,360,339,0,0,302,37,0,0,1,1,0,0,15,5,0,5,0,0,0,46,0,0,0,0,46,0,14,8,0,10,14,246,225,0,0,0,0,0,0,0,0,0,0,0,225,0,0,0,0,0,0,21,0,0,0,0,21,0,5,0,0,13,3
"G0601030","2010","CA","4","9","California","06","Tehama County","103",,,,,,,,,,,,,,,"39780","99999","999",,,,,,,,,,,,,,,,,"7639709781","32276063","Tehama County","A","+40.1261561","-122.2322757","06","2",,63463,31610,459,452,428,473,451,433,473,448,438,425,428,465,439,439,471,497,534,525,454,419,411,354,358,372,346,363,413,392,362,392,372,378,324,376,329,368,359,341,349,375,378,364,362,384,400,414,447,440,481,488,518,451,420,466,413,443,368,394,380,438,430,404,433,404,352,318,318,304,267,307,258,275,225,220,219,214,181,187,168,173,148,122,117,104,86,91,80,51,61,48,27,23,22,11,8,6,2,4,2,1,4,1,0,31853,432,386,430,469,429,426,430,396,403,454,426,421,429,452,461,502,454,482,414,373,373,349,354,371,368,355,305,348,367,355,364,324,351,304,314,327,345,334,381,372,397,374,360,351,395,449,464,479,485,494,527,451,427,460,480,448,445,413,440,428,409,429,422,456,322,352,376,337,322,323,285,258,251,251,254,240,185,164,180,207,178,145,126,137,110,118,106,107,83,55,66,44,36,34,25,18,17,9,7,4,8,0,0,62621,31026,2263,2214,2230,1550,853,397,342,1028,1843,1718,1712,1830,2225,2227,2003,824,1173,629,875,1188,910,567,425,31595,2144,2109,2186,1429,780,371,346,1084,1716,1650,1736,1863,2351,2336,2163,837,1193,727,980,1293,967,676,658,842,584,21,20,0,0,0,0,0,0,0,20,10,0,10,0,0,0,0,0,0,0,1,0,0,0,0,1,0,0,0,0,0,1,504,342,340,0,0,193,146,1,0,2,2,0,0,0,0,0,0,0,0,0,162,0,0,0,0,162,0,60,17,0,3,82,59,23,2,0,0,0,2,0,0,0,0,0,0,21,0,0,0,0,0,0,36,0,0,0,0,36,0,15,0,0,0,21,258,14,9,0,0,0,0,0,0,0,9,4,0,5,0,0,0,0,0,0,0,5,0,0,0,0,5,0,1,0,0,0,4,127,36,31,0,0,1,30,0,0,1,1,0,0,4,0,0,0,0,0,0,91,0,0,0,0,91,0,49,14,0,3,25,117,75,0,0,0,0,0,0,0,0,0,0,0,75,0,0,0,0,0,0,42,0,0,0,0,42,0,39,0,0,3,0
"G0601050","2010","CA","4","9","California","06","Trinity County","105",,,,,,,,,,,,,,,"99999","99999","999",,,,,,,,,,,,,,,,,"8234229734","73407861","Trinity County","A","+40.6477241","-123.1144043","06","9",,13786,7113,48,60,61,72,92,66,76,58,83,50,60,65,63,78,87,83,76,94,85,66,67,57,55,62,63,76,63,71,81,69,77,73,65,55,63,66,66,60,78,75,75,80,63,89,66,94,95,120,107,111,127,102,120,142,122,137,152,164,136,132,153,121,165,137,111,128,120,112,92,95,74,83,71,72,65,61,56,48,33,45,50,30,32,27,31,18,16,12,14,12,8,3,5,6,6,0,1,1,0,0,0,0,0,6673,63,48,55,54,65,70,46,65,64,62,60,88,74,84,85,87,83,95,61,59,52,48,38,52,50,57,41,57,67,59,58,65,61,48,65,72,70,46,67,64,66,61,74,74,76,96,102,114,104,129,120,120,135,141,125,140,141,131,129,139,119,136,139,135,80,91,99,88,92,86,68,71,61,57,49,51,61,55,48,47,43,30,38,29,22,25,23,23,19,14,11,10,4,6,3,4,3,5,3,1,2,0,0,13401,6862,326,329,351,242,146,66,45,154,323,299,326,346,509,591,709,274,409,247,299,363,243,168,97,6539,283,305,390,261,119,51,47,135,268,288,311,333,526,626,675,253,352,187,265,304,260,155,145,385,251,24,8,0,0,0,0,0,0,0,8,0,0,8,0,0,0,0,0,0,0,16,0,0,0,0,16,1,0,0,0,0,15,217,130,127,0,0,101,26,0,0,3,0,0,3,0,0,0,0,0,0,0,87,3,0,0,0,84,0,4,0,0,5,75,10,6,0,0,0,0,0,0,0,0,0,0,0,6,0,0,0,0,0,0,4,0,0,0,0,4,0,0,0,0,0,4,134,9,0,0,0,0,0,0,0,0,0,0,0,0,0,0,0,0,0,0,0,9,0,0,0,0,9,1,0,0,0,0,8,99,6,6,0,0,1,5,0,0,0,0,0,0,0,0,0,0,0,0,0,93,6,0,0,0,87,2,3,0,0,0,82,26,18,0,0,0,0,0,0,0,0,0,0,0,18,0,0,0,0,0,0,8,0,0,0,0,8,0,0,0,0,0,8
"G0601070","2010","CA","4","9","California","06","Tulare County","107",,,,,,,,,,,,,,,"47300","99999","999",,,,,,,,,,,,,,,,,"12494658169","37391616","Tulare County","A","+36.2304529","-118.7805422","06","1",,442179,221442,4196,4136,4264,4176,4232,4228,4130,3973,3922,4135,4062,3873,3831,4018,4017,3960,4178,4289,4054,3758,3617,3366,3359,3319,3205,3254,3220,3290,3305,3356,3292,2937,2993,2956,2845,2895,2697,2789,2740,2911,2876,2678,2700,2612,2686,2760,2658,2682,2678,2645,2664,2580,2558,2394,2419,2287,2233,2169,2014,1880,1916,1989,1797,1775,1494,1413,1360,1248,1157,1102,1068,999,880,821,781,742,711,617,651,624,578,544,444,446,380,359,283,279,242,213,149,114,98,61,64,26,25,14,9,3,12,2,1,220737,3978,3939,4076,4147,3930,3991,3878,3924,3862,3907,3856,3868,3777,3823,3801,3870,3868,4009,3624,3433,3222,3151,2989,3082,3147,3157,3137,3144,3223,3170,3009,2844,3026,2839,2862,2832,2639,2687,2757,2823,2804,2659,2713,2565,2622,2851,2676,2645,2744,2700,2610,2546,2554,2509,2478,2327,2399,2237,2008,2103,2092,1918,1953,1894,1570,1539,1430,1402,1330,1122,1184,1131,1039,997,943,989,870,829,841,808,737,721,688,659,595,534,499,437,401,363,274,190,167,149,104,76,51,68,26,31,32,3,0,437407,218447,20977,20371,19776,12279,7659,3535,3270,9659,16040,14723,13793,13307,13171,12410,10444,3867,5016,2740,3469,4498,3288,2310,1845,218960,20053,19545,19103,11672,7025,3205,3119,9171,15737,14494,13691,13287,13527,12603,10989,3974,5377,2950,3814,5227,4214,3221,2962,4772,2995,217,165,0,0,0,0,0,0,0,165,6,39,120,0,0,0,0,0,0,0,52,0,0,0,0,52,16,1,0,0,1,34,2408,1829,1254,0,0,87,1139,28,0,27,6,4,17,521,27,0,27,0,0,0,579,0,0,0,0,579,40,203,90,0,82,164,370,309,7,0,0,0,7,0,0,0,0,0,0,293,9,0,5,4,0,0,61,0,0,0,0,61,0,35,0,0,17,9,1777,131,57,0,0,0,0,0,0,0,55,7,0,48,0,2,0,0,0,0,2,74,0,0,0,0,74,34,0,1,0,6,33,775,355,184,0,0,1,175,8,0,1,1,0,0,152,18,0,13,1,0,4,420,0,0,0,0,420,49,189,74,0,47,61,871,808,0,0,0,0,0,0,0,0,0,0,0,801,7,0,7,0,0,0,63,0,0,0,0,63,1,39,4,0,17,2
"G0601090","2010","CA","4","9","California","06","Tuolumne County","109",,,,,,,,,,,,,,,"38020","99999","999",,,,,,,,,,,,,,,,,"5752062580","138683578","Tuolumne County","A","+38.0214510","-119.9647084","06","2",,55365,29245,209,244,232,255,255,262,274,258,241,265,284,282,310,310,319,325,333,343,363,360,325,336,343,334,351,366,378,410,437,403,411,358,334,320,335,326,296,318,314,414,375,367,365,389,377,409,422,379,422,464,503,481,475,431,487,499,469,485,510,487,478,495,462,476,411,381,366,380,324,284,289,303,274,236,208,210,219,209,189,170,174,172,95,141,105,99,90,84,79,49,38,35,29,19,13,9,7,4,5,0,5,0,0,26120,230,213,217,233,240,262,242,232,241,224,263,269,288,290,305,291,317,324,301,253,278,271,204,256,253,235,240,250,220,246,256,231,261,194,192,207,186,222,239,258,286,284,250,254,291,342,303,379,361,431,423,419,467,488,511,485,500,502,514,436,450,455,451,524,380,388,383,350,322,309,317,287,280,253,253,213,235,189,232,189,179,182,189,205,135,121,124,115,122,94,76,62,61,21,30,25,20,13,11,6,9,0,0,50883,25134,1186,1294,1495,997,670,265,258,724,1322,1136,1128,1270,1613,2058,2285,931,1310,731,970,1292,985,669,545,25749,1126,1194,1406,928,522,272,268,699,1168,1115,1090,1349,1795,2285,2425,895,1348,769,978,1378,1047,863,829,4482,4111,29,6,0,0,0,0,0,0,0,6,0,6,0,0,0,0,0,0,0,0,23,0,0,0,0,23,4,0,0,0,1,18,3980,3789,3774,0,0,3671,103,0,0,0,0,0,0,15,0,0,0,0,0,0,191,40,0,0,0,151,0,10,15,0,1,125,102,79,33,0,0,33,0,0,0,0,0,0,0,46,0,0,0,0,0,0,23,0,0,0,0,23,0,0,0,0,1,22,371,27,0,0,0,0,0,0,0,0,0,0,0,0,0,0,0,0,0,0,0,27,1,0,0,0,26,8,0,0,0,1,17,208,38,32,0,0,3,29,0,0,1,0,1,0,5,0,0,0,0,0,0,170,30,0,0,0,140,10,15,22,0,1,92,136,123,0,0,0,0,0,0,0,0,0,0,0,123,0,0,0,0,0,0,13,0,0,0,0,13,0,0,0,0,0,13
"G0601110","2010","CA","4","9","California","06","Ventura County","111",,,,,,,,,,,,,,,"37100","99999","348",,,,,,,,,,,,,,,,,"4773691889","945991626","Ventura County","A","+34.3587415","-119.1331432","06","1",,823318,408969,5345,5506,5680,5763,5907,5760,5765,5801,5736,5834,6066,6154,6034,6257,6519,6586,6581,6950,6642,6603,6299,5776,5983,5871,5869,5785,5608,5628,5633,5545,5775,5101,5144,5034,4913,5265,4846,5161,5321,5847,6177,5644,5582,5680,5690,6117,6128,6212,6190,6189,6430,5870,6188,5756,5667,5691,5187,4951,4578,4589,4476,4211,4301,4224,3281,3178,3025,2942,2628,2389,2205,2121,1981,1769,1732,1751,1557,1571,1517,1369,1283,1173,1106,994,921,823,770,666,532,517,404,303,235,187,129,108,69,38,26,21,25,2,0,414349,5091,5366,5464,5585,5629,5626,5605,5565,5487,5791,5722,5735,5833,5973,6097,6205,6399,6498,6130,5813,5732,5211,5065,5125,5252,5250,5098,5298,5278,5130,5321,4948,4909,5057,5005,5344,5104,5223,5472,5865,6045,5762,5566,5656,5833,6448,6372,6254,6329,6492,6691,6323,6239,5897,5912,5738,5509,5248,4901,4772,4888,4512,4575,4412,3432,3447,3245,3450,2860,2670,2612,2400,2343,2259,2140,2127,1970,1901,1846,1834,1775,1643,1570,1514,1448,1481,1330,1174,1054,909,692,591,464,407,320,237,162,116,88,59,99,5,0,812718,402736,28161,28872,30973,19982,12371,5833,5424,17083,27504,25494,26079,28400,30468,29566,24747,8618,11719,6155,7910,9726,7667,5341,4643,409982,27102,28044,29324,19038,11160,5348,4933,15173,25883,25122,26875,28721,31744,30934,26038,9356,12366,6654,8906,11648,9505,7674,8434,10600,6233,256,158,5,0,0,0,0,5,0,153,36,45,72,0,0,0,0,0,0,0,98,1,0,0,0,97,31,1,0,0,34,31,5352,1660,1298,0,0,0,1220,78,0,234,8,3,223,128,0,0,0,0,0,0,3692,967,1196,1196,0,1529,266,367,202,5,251,438,625,456,8,0,0,0,8,0,0,0,0,0,0,441,7,0,0,7,0,0,169,0,0,0,0,169,8,79,7,0,33,42,4367,163,82,0,0,0,0,0,0,0,82,24,42,16,0,0,0,0,0,0,0,81,1,0,0,0,80,26,2,1,0,39,12,2783,396,227,0,0,0,205,22,0,64,7,4,53,103,2,0,0,2,0,0,2387,1347,153,153,0,887,128,227,207,0,145,180,1421,1103,0,0,0,0,0,0,0,0,0,0,0,1088,15,0,0,15,0,0,318,0,0,0,0,318,4,161,23,0,65,65
"G0601130","2010","CA","4","9","California","06","Yolo County","113",,,,,,,,,,,,,,,"40900","99999","472",,,,,,,,,,,,,,,,,"2628032408","22969178","Yolo County","A","+38.6792682","-121.9031776","06","1",,200849,97935,1243,1235,1273,1401,1277,1276,1233,1231,1188,1267,1281,1326,1241,1338,1359,1379,1377,1433,2185,2956,3118,3289,2854,2116,1835,1622,1523,1532,1486,1414,1437,1310,1270,1293,1213,1261,1100,1185,1172,1200,1227,1195,1140,1149,1225,1257,1161,1182,1225,1231,1244,1139,1196,1206,1112,1173,1163,1073,1005,994,980,858,964,859,649,608,634,598,530,522,459,445,378,375,331,331,321,286,310,311,272,236,236,193,190,167,173,135,141,110,76,67,48,30,23,22,10,12,7,5,7,0,0,102914,1179,1246,1196,1252,1275,1180,1262,1188,1194,1216,1222,1180,1173,1254,1319,1308,1268,1361,2607,3444,3700,3860,2849,1931,1633,1624,1549,1499,1416,1476,1421,1289,1256,1270,1268,1178,1113,1167,1221,1230,1346,1143,1228,1181,1252,1260,1326,1261,1293,1328,1321,1245,1368,1244,1231,1255,1216,1150,1127,1037,1034,968,968,975,711,753,682,642,623,571,483,507,479,493,457,411,368,397,394,356,376,302,333,316,288,308,273,269,254,180,147,95,101,86,59,35,44,37,19,14,20,0,0,194140,94677,6427,6180,6488,4092,3443,2949,3128,6572,7395,6436,5834,5867,6000,5830,5329,1809,2449,1228,1632,1965,1535,1096,993,99463,6148,6038,6139,3915,3661,3529,3727,6305,7539,6483,5890,6125,6422,6359,5744,1984,2631,1425,1820,2388,1880,1541,1770,6709,3258,171,162,0,0,0,0,0,0,0,162,15,74,73,0,0,0,0,0,0,0,9,6,0,0,0,3,0,0,0,0,1,2,2937,423,347,0,0,0,347,0,0,1,0,0,1,73,2,0,0,0,0,2,2514,2101,0,0,0,413,42,43,63,0,118,147,150,142,5,0,0,0,5,0,0,0,0,0,0,137,0,0,0,0,0,0,8,0,0,0,0,8,0,1,0,0,7,0,3451,33,12,0,0,0,0,0,0,0,9,0,0,9,0,3,0,0,0,0,3,21,17,0,0,0,4,2,0,0,0,0,2,3070,128,59,0,0,0,59,0,0,2,2,0,0,67,0,0,0,0,0,0,2942,2744,0,0,0,198,15,33,25,0,10,115,348,331,0,0,0,0,0,0,0,0,0,0,0,331,0,0,0,0,0,0,17,0,0,0,0,17,0,6,2,0,5,4
"G0601150","2010","CA","4","9","California","06","Yuba County","115",,,,,,,,,,,,,,,"49700","99999","472",,,,,,,,,,,,,,,,,"1636454192","30998568","Yuba County","A","+39.2700256","-121.3442802","06","1",,72155,36352,611,696,654,632,623,623,636,624,586,617,585,567,575,553,543,541,590,584,558,547,575,551,527,541,586,570,567,564,476,527,543,504,508,505,483,495,420,402,437,448,464,445,467,435,492,505,480,483,477,487,473,472,450,493,462,458,443,414,370,384,388,357,358,360,232,217,235,232,225,209,230,170,155,150,143,161,147,127,130,130,88,72,69,78,57,62,49,39,42,22,17,15,16,15,7,6,6,3,2,0,2,1,0,35803,597,589,589,614,612,602,535,596,520,533,545,533,536,539,571,566,539,534,535,472,507,488,529,536,555,548,533,514,525,556,548,505,513,455,469,421,453,418,442,453,426,458,423,424,452,425,461,482,458,512,514,476,483,474,481,442,462,375,382,390,360,386,391,341,274,259,291,242,227,212,214,188,218,177,187,149,155,125,108,134,125,109,117,117,113,73,68,52,50,42,43,37,33,16,11,7,10,2,3,3,8,1,0,70984,35447,3216,3080,2809,1683,1010,476,458,1492,2598,2487,2173,2237,2404,2315,2030,736,945,448,666,842,689,358,295,35537,3001,2786,2722,1636,985,474,478,1589,2647,2474,2175,2168,2317,2416,2048,743,1002,548,681,980,663,568,436,1171,905,52,39,0,0,0,0,0,0,0,39,4,0,35,0,0,0,0,0,0,0,13,0,0,0,0,13,2,0,0,0,2,9,822,357,353,0,0,0,353,0,0,1,0,0,1,3,0,0,0,0,0,0,465,0,332,332,0,133,35,45,14,0,10,29,31,22,0,0,0,0,0,0,0,0,0,0,0,22,0,0,0,0,0,0,9,0,0,0,0,9,0,6,0,0,3,0,266,5,1,0,0,0,0,0,0,0,1,0,0,1,0,0,0,0,0,0,0,4,0,0,0,0,4,0,0,0,0,4,0,211,62,53,0,0,0,53,0,0,0,0,0,0,9,0,0,0,0,0,0,149,0,81,81,0,68,1,20,26,0,2,19,50,48,0,0,0,0,0,0,0,0,0,0,0,48,0,0,0,0,0,0,2,0,0,0,0,2,0,2,0,0,0,0
"G0800010","2010","CO","4","8","Colorado","08","Adams County","001",,,,,,,,,,,,,,,"19740","99999","216",,,,,,,,,,,,,,,,,"3024207713","42070226","Adams County","A","+39.8743252","-104.3318718","06","1",,441603,222142,3843,3793,3883,3961,3911,3767,3809,3792,3742,3582,3644,3538,3321,3226,3231,3166,3097,3205,3093,2922,2858,2784,2965,3235,3354,3383,3565,3703,3743,3801,3879,3550,3752,3510,3697,3732,3526,3436,3481,3620,3580,3231,3099,2976,2987,3228,3136,3124,3053,2931,3107,2834,2855,2754,2555,2576,2357,2367,2152,2092,2030,1894,1963,1899,1354,1285,1215,1249,1044,913,872,845,804,757,707,658,639,610,596,501,492,416,392,318,309,263,217,186,140,139,102,71,33,46,33,16,19,9,7,3,1,0,1,219461,3513,3567,3735,3771,3692,3678,3660,3632,3466,3672,3446,3329,3222,3155,3030,3011,2987,3046,2766,2647,2716,2771,2843,3071,3252,3408,3356,3612,3624,3657,3776,3415,3450,3408,3461,3326,3189,3295,3241,3340,3430,3119,2963,2798,2853,2934,2880,3007,3032,2980,3020,2875,2789,2707,2628,2533,2441,2329,2215,2180,2115,2078,2059,1893,1413,1531,1375,1386,1251,1183,1084,996,1009,929,922,861,785,773,759,661,639,615,625,503,474,443,364,361,320,218,179,169,140,96,74,70,57,36,22,17,26,1,0,437576,219345,19375,18678,16941,9417,5938,2801,2715,9266,17783,18067,17540,15652,15261,13942,11413,3884,5176,2480,3172,3913,2931,1841,1159,218231,18266,18098,16176,9035,5397,2702,2764,9104,17582,17455,16346,15112,14774,13977,11644,4175,5340,2890,3795,4887,3739,2725,2248,4027,2797,100,57,7,0,0,0,7,0,0,50,25,0,25,0,0,0,0,0,0,0,43,0,0,0,0,43,39,0,0,0,0,4,2285,1937,1697,411,0,0,1119,167,0,6,6,0,0,234,0,0,0,0,0,0,348,0,0,0,0,348,58,20,148,0,23,99,412,393,6,0,0,0,6,0,0,0,0,0,0,387,0,0,0,0,0,0,19,0,0,0,0,19,0,3,0,0,0,16,1230,37,9,0,0,0,0,0,0,0,9,7,0,2,0,0,0,0,0,0,0,28,0,0,0,0,28,23,0,0,0,2,3,523,359,224,18,0,0,162,44,0,4,4,0,0,131,0,0,0,0,0,0,164,0,0,0,0,164,42,23,58,0,7,34,670,663,0,0,0,0,0,0,0,0,0,0,0,663,0,0,0,0,0,0,7,0,0,0,0,7,0,5,0,0,2,0
"G0800030","2010","CO","4","8","Colorado","08","Alamosa County","003",,,,,,,,,,,,,,,"99999","99999","999",,,,,,,,,,,,,,,,,"1871636898","1807726","Alamosa County","A","+37.5684423","-105.7880414","06","9",,15445,7745,108,122,129,100,133,109,116,105,86,138,95,79,85,111,106,125,104,104,170,217,178,161,185,152,133,127,104,100,123,91,96,101,103,80,78,87,83,98,85,68,71,78,84,75,86,98,108,101,105,99,95,128,123,112,100,101,96,94,104,98,94,97,91,67,66,67,68,62,45,42,52,43,47,44,35,25,39,22,29,18,21,21,17,22,18,8,9,10,6,10,6,3,2,1,3,3,1,0,0,0,0,0,0,7700,128,141,117,122,101,118,84,86,108,106,96,84,121,85,81,95,83,117,158,186,167,158,152,141,124,126,91,95,111,102,89,99,81,75,77,84,71,76,98,77,68,86,71,99,75,101,80,97,126,107,110,134,117,94,106,122,98,111,104,90,81,98,93,93,75,68,70,56,48,43,42,59,42,31,40,40,44,36,22,25,25,30,25,32,23,19,28,17,17,17,14,7,13,7,5,0,2,3,1,0,2,0,0,14705,7277,591,554,476,333,234,130,142,427,494,433,398,361,492,538,482,189,220,132,148,220,131,94,58,7428,606,502,467,290,204,139,142,410,513,415,400,395,507,556,523,179,260,137,146,212,165,128,132,740,468,1,0,0,0,0,0,0,0,0,0,0,0,0,0,0,0,0,0,0,0,1,0,0,0,0,1,1,0,0,0,0,0,451,202,199,0,0,0,61,138,0,0,0,0,0,3,0,0,0,0,0,0,249,217,0,0,0,32,15,0,6,0,0,11,16,15,0,0,0,0,0,0,0,0,0,0,0,15,0,0,0,0,0,0,1,0,0,0,0,1,1,0,0,0,0,0,272,8,0,0,0,0,0,0,0,0,0,0,0,0,0,0,0,0,0,0,0,8,2,0,0,0,6,3,0,0,0,0,3,231,28,28,0,0,0,7,21,0,0,0,0,0,0,0,0,0,0,0,0,203,188,0,0,0,15,5,7,2,0,0,1,33,31,0,0,0,0,0,0,0,0,0,0,0,31,0,0,0,0,0,0,2,0,0,0,0,2,0,0,2,0,0,0
"G0800050","2010","CO","4","8","Colorado","08","Arapahoe County","005",,,,,,,,,,,,,,,"19740","99999","216",,,,,,,,,,,,,,,,,"2067070049","19003734","Arapahoe County","A","+39.6446318","-104.3317329","06","1",,572003,280345,4007,4154,4275,4303,4233,4305,4251,4198,4100,4234,4127,4141,4069,4186,4036,4232,4254,4341,3916,3074,3277,3248,3376,3750,4056,4118,4215,4404,4303,4297,4405,4195,4162,4019,3949,4000,4064,4071,4190,4443,4429,3952,3912,3713,3751,4140,4149,4122,4160,4207,4364,4115,4108,4024,3874,3829,3651,3522,3363,3187,3126,3022,3093,2853,2121,2024,2010,1827,1611,1435,1348,1316,1133,1076,1036,1020,870,845,809,793,706,674,577,510,487,420,402,358,282,271,189,155,114,100,60,50,32,17,9,6,7,1,0,291658,3852,3953,3936,3989,3993,4026,4141,4145,3897,3998,3884,3930,3898,3855,4019,3949,4168,4245,3385,2837,3019,3082,3336,3870,4257,4186,4241,4415,4334,4304,4292,4114,4159,4078,4143,4264,3926,4146,4308,4423,4389,4161,3996,3953,3981,4165,4386,4508,4353,4653,4669,4447,4315,4307,4274,4176,4048,3957,3675,3550,3468,3310,3366,3241,2313,2330,2214,2083,1831,1721,1653,1578,1342,1285,1287,1227,1160,1146,1060,1062,1023,946,941,953,878,838,769,659,660,502,436,343,268,208,152,125,92,77,70,26,53,2,0,567083,277728,20966,21081,20527,12526,6796,3183,3143,10935,21084,20545,20611,19629,20642,20396,17493,6133,8037,4014,4854,5843,4258,2833,2199,289355,19712,20200,19545,12217,6199,2990,3066,11407,21404,20732,20995,20434,22006,21970,19372,6765,8902,4520,5605,7043,5491,4409,4371,4920,2617,346,328,3,0,0,0,3,0,0,325,15,39,271,0,0,0,0,0,0,0,18,0,0,0,0,18,12,0,0,0,5,1,1692,1318,1114,0,0,0,985,129,0,120,0,9,111,84,0,0,0,0,0,0,374,0,221,221,0,153,47,32,29,0,32,13,579,509,8,0,0,0,8,0,0,0,0,0,0,497,4,0,0,4,0,0,70,0,0,0,0,70,0,14,4,0,52,0,2303,204,179,0,0,0,0,0,0,0,179,1,170,8,0,0,0,0,0,0,0,25,0,0,0,0,25,8,0,0,0,17,0,538,397,290,0,0,0,155,135,0,10,0,10,0,97,0,0,0,0,0,0,141,0,46,46,0,95,19,18,31,0,23,4,1561,1333,0,0,0,0,0,0,0,0,0,0,0,1329,4,0,0,4,0,0,228,0,0,0,0,228,5,28,0,0,185,10
"G0800070","2010","CO","4","8","Colorado","08","Archuleta County","007",,,,,,,,,,,,,,,"99999","99999","999",,,,,,,,,,,,,,,,,"3496937899","13827529","Archuleta County","A","+37.2023952","-107.0508634","06","9",,12084,6103,70,59,77,72,47,76,62,55,68,62,94,62,72,82,91,83,73,61,68,50,69,47,27,40,56,50,48,57,69,53,54,64,57,63,50,61,55,64,45,68,61,66,67,62,53,77,81,81,112,106,102,106,113,117,98,104,131,109,118,137,142,133,134,142,103,89,88,87,88,90,52,69,53,51,33,44,46,28,32,39,22,26,28,22,16,16,12,10,6,8,2,7,0,2,0,0,0,1,0,0,0,0,0,5981,42,57,51,75,48,61,54,74,62,58,73,60,53,73,70,67,80,84,53,48,35,34,29,51,68,59,54,50,61,43,50,67,70,40,56,57,48,61,54,65,61,57,67,76,74,91,103,102,109,105,99,112,129,120,112,92,130,144,128,122,117,147,137,120,83,87,67,91,69,62,66,58,40,52,31,49,34,43,33,32,33,24,27,17,19,12,21,13,5,14,12,3,8,5,5,12,0,1,1,2,1,0,0,11955,6031,325,323,401,217,118,67,46,115,267,282,289,303,453,532,595,274,379,176,262,253,188,105,61,5924,273,309,329,231,100,33,34,146,266,283,285,334,509,571,616,263,339,151,221,244,181,110,96,129,72,0,0,0,0,0,0,0,0,0,0,0,0,0,0,0,0,0,0,0,0,0,0,0,0,0,0,0,0,0,0,0,0,50,31,25,0,0,0,25,0,0,0,0,0,0,6,0,0,0,0,0,0,19,0,0,0,0,19,9,3,0,0,7,0,22,11,0,0,0,0,0,0,0,0,0,0,0,11,0,0,0,0,0,0,11,0,0,0,0,11,0,7,0,0,4,0,57,0,0,0,0,0,0,0,0,0,0,0,0,0,0,0,0,0,0,0,0,0,0,0,0,0,0,0,0,0,0,0,0,11,5,1,0,0,0,1,0,0,0,0,0,0,4,0,0,0,0,0,0,6,0,0,0,0,6,0,3,0,0,3,0,46,31,0,0,0,0,0,0,0,0,0,0,0,31,0,0,0,0,0,0,15,0,0,0,0,15,0,10,0,0,5,0
"G0800090","2010","CO","4","8","Colorado","08","Baca County","009",,,,,,,,,,,,,,,"99999","99999","999",,,,,,,,,,,,,,,,,"6617333541","6142194","Baca County","A","+37.3031437","-102.5354566","06","9",,3788,1877,16,22,24,18,24,15,15,23,23,21,23,16,28,26,39,27,31,30,28,18,13,13,14,16,15,13,26,19,28,17,11,20,26,14,14,27,16,17,16,19,20,12,11,39,21,26,22,35,24,20,33,34,21,34,33,31,33,29,21,29,22,15,29,32,33,31,23,11,26,21,25,10,12,21,17,18,16,20,14,15,11,7,9,9,10,15,11,13,12,10,4,3,1,0,1,1,0,0,0,0,0,0,0,1911,20,24,25,22,18,25,15,18,22,26,19,20,31,23,19,23,22,21,26,15,5,7,10,19,21,17,22,20,20,17,19,14,15,16,13,16,18,21,15,12,24,13,25,17,17,23,27,23,30,28,31,23,30,28,26,31,29,35,24,34,22,28,28,24,26,26,19,22,27,20,21,19,25,23,13,21,19,16,19,13,20,26,19,16,15,20,16,19,9,6,10,7,8,5,3,4,3,1,3,0,1,0,0,3706,1847,104,97,132,88,46,13,13,43,103,85,95,98,126,155,143,37,92,54,57,82,82,42,60,1859,109,106,112,66,41,5,7,48,96,75,82,95,131,138,153,50,78,45,69,100,85,85,83,82,30,0,0,0,0,0,0,0,0,0,0,0,0,0,0,0,0,0,0,0,0,0,0,0,0,0,0,0,0,0,0,0,0,10,10,6,0,0,0,6,0,0,0,0,0,0,4,0,0,0,0,0,0,0,0,0,0,0,0,0,0,0,0,0,0,20,20,0,0,0,0,0,0,0,0,0,0,0,20,0,0,0,0,0,0,0,0,0,0,0,0,0,0,0,0,0,0,52,0,0,0,0,0,0,0,0,0,0,0,0,0,0,0,0,0,0,0,0,0,0,0,0,0,0,0,0,0,0,0,0,5,5,3,0,0,0,3,0,0,0,0,0,0,2,0,0,0,0,0,0,0,0,0,0,0,0,0,0,0,0,0,0,47,47,0,0,0,0,0,0,0,0,0,0,0,47,0,0,0,0,0,0,0,0,0,0,0,0,0,0,0,0,0,0
"G0800110","2010","CO","4","8","Colorado","08","Bent County","011",,,,,,,,,,,,,,,"99999","99999","999",,,,,,,,,,,,,,,,,"3918292377","73093771","Bent County","A","+37.9318907","-103.0775841","06","9",,6499,4270,26,30,28,33,25,30,26,27,28,37,27,40,31,36,28,46,30,25,21,21,46,72,75,91,83,114,101,86,89,102,94,67,80,75,74,88,81,65,66,98,84,84,67,81,73,75,87,84,79,64,61,59,65,68,61,50,60,51,44,49,62,52,40,58,38,38,22,38,32,20,25,29,17,19,13,15,16,14,10,23,8,16,11,8,15,12,5,5,4,5,1,6,0,1,2,1,1,0,0,0,0,0,0,2229,28,30,25,25,37,24,27,29,32,34,33,31,34,26,35,24,32,37,27,15,18,18,22,21,28,18,19,20,21,17,23,27,18,24,17,24,34,26,26,23,24,18,19,27,26,22,29,31,36,37,30,35,43,25,39,36,37,35,34,24,29,34,32,27,15,28,24,29,14,19,29,18,29,8,17,16,20,25,24,24,15,10,13,7,11,12,11,9,12,8,6,6,3,1,3,0,1,0,1,0,3,0,0,4291,2100,142,148,162,101,34,22,18,52,95,92,126,123,149,151,157,80,100,42,73,86,61,49,37,2191,145,146,159,93,42,18,17,71,93,109,133,113,154,172,165,62,74,51,61,98,103,51,61,2208,2170,0,0,0,0,0,0,0,0,0,0,0,0,0,0,0,0,0,0,0,0,0,0,0,0,0,0,0,0,0,0,0,0,2086,2046,2045,0,0,2020,25,0,0,0,0,0,0,1,0,0,0,0,0,0,40,0,0,0,0,40,0,17,7,0,16,0,84,67,48,0,0,46,2,0,0,0,0,0,0,19,0,0,0,0,0,0,17,0,0,0,0,17,0,6,0,0,11,0,38,0,0,0,0,0,0,0,0,0,0,0,0,0,0,0,0,0,0,0,0,0,0,0,0,0,0,0,0,0,0,0,0,7,7,5,0,0,1,4,0,0,0,0,0,0,2,0,0,0,0,0,0,0,0,0,0,0,0,0,0,0,0,0,0,31,29,0,0,0,0,0,0,0,0,0,0,0,29,0,0,0,0,0,0,2,0,0,0,0,2,0,2,0,0,0,0
"G0800130","2010","CO","4","8","Colorado","08","Boulder County","013",,,,,,,,,,,,,,,"14500","99999","216",,,,,,,,,,,,,,,,,"1881080439","36469028","Boulder County","A","+40.0948262","-105.3983824","06","1",,294567,147916,1623,1603,1659,1744,1800,1814,1840,1880,1907,1778,1863,1776,1821,1764,1797,1693,1788,1853,2674,3693,3749,3635,3333,2830,2398,2407,2062,2126,2054,2059,2115,1915,1927,1898,1880,2205,1827,1948,2063,2200,2383,2120,2032,1990,1902,2186,2097,2183,2205,2145,2365,2240,2149,2164,2117,2176,1987,2007,1979,1740,1844,1589,1604,1599,1146,1149,1027,1022,781,786,720,680,657,552,531,555,463,447,438,350,374,323,324,260,245,226,218,193,156,119,94,79,55,44,38,19,8,14,5,3,10,1,0,146651,1500,1523,1645,1728,1674,1776,1774,1758,1804,1769,1744,1730,1830,1667,1690,1654,1729,1756,2545,3564,3486,3239,2689,2027,1968,2022,1783,1853,1957,1885,2050,1820,1855,1894,1817,2006,1860,1923,2030,2115,2348,2132,1946,2015,1944,2272,2176,2280,2216,2325,2462,2221,2271,2291,2242,2217,2018,2022,1944,1776,1834,1605,1648,1633,1119,1197,1094,1168,934,848,806,735,735,653,656,591,522,540,518,519,496,452,457,421,442,371,367,343,309,258,240,204,166,124,102,82,82,35,31,23,31,3,0,285618,143542,8425,9216,9014,5310,3714,3453,3500,8389,10548,9628,10159,10326,10705,10926,9815,3404,4320,2161,2574,3106,2220,1465,1164,142076,8062,8879,8652,5114,3332,3041,3089,6592,9452,9408,9900,10353,11240,11451,9940,3420,4385,2282,2921,3548,2613,2121,2281,8949,4374,38,19,3,0,0,0,0,3,0,16,0,16,0,0,0,0,0,0,0,0,19,9,0,0,0,10,6,0,0,0,1,3,4060,553,444,0,0,0,376,68,0,1,0,1,0,92,16,16,0,0,0,0,3507,3093,0,0,0,414,124,19,10,0,7,254,276,257,3,0,0,0,3,0,0,0,0,0,0,248,6,6,0,0,0,0,19,0,0,0,0,19,2,0,0,0,10,7,4575,44,17,0,0,0,0,0,0,0,17,0,17,0,0,0,0,0,0,0,0,27,14,0,0,0,13,6,1,0,0,1,5,3742,152,56,0,0,0,47,9,0,1,0,1,0,82,13,13,0,0,0,0,3590,3414,0,0,0,176,45,30,2,0,16,83,789,742,0,0,0,0,0,0,0,0,0,0,0,740,2,2,0,0,0,0,47,0,0,0,0,47,0,5,0,0,42,0
"G0800140","2010","CO","4","8","Colorado","08","Broomfield County","014",,,,,,,,,,,,,,,"19740","99999","216",,,,,,,,,,,,,,,,,"85557538","1466175","Broomfield County","C","+39.9533825","-105.0521250","06","1",,55889,27729,370,376,396,425,431,439,425,454,487,427,435,416,413,376,364,401,397,386,361,265,326,301,286,384,365,390,394,399,361,378,423,383,392,424,416,422,454,417,479,521,514,451,457,419,389,439,472,436,440,420,423,436,410,424,368,389,363,306,311,294,283,264,254,287,178,188,190,191,149,141,124,116,123,122,108,86,80,82,72,82,67,68,60,45,49,50,28,39,17,12,12,16,4,9,6,3,1,0,0,3,0,0,0,28160,329,354,418,445,400,444,435,424,405,442,399,394,391,412,416,376,361,389,308,250,261,274,280,314,338,323,344,357,344,370,393,413,395,437,460,425,388,471,440,463,535,449,417,431,423,452,471,446,459,450,452,424,412,383,422,367,340,339,341,288,297,302,320,295,198,196,229,178,187,177,123,144,137,136,149,142,115,100,125,125,117,83,100,82,86,80,63,50,43,48,36,28,20,5,19,14,9,10,1,5,3,0,0,55607,27605,1998,2232,2004,1184,619,324,295,1030,1911,2028,2289,2224,2200,2056,1659,546,716,376,474,586,395,277,182,28002,1946,2150,2012,1126,557,260,270,928,1735,2096,2184,2255,2277,2091,1672,597,808,422,536,676,586,439,379,282,124,0,0,0,0,0,0,0,0,0,0,0,0,0,0,0,0,0,0,0,0,0,0,0,0,0,0,0,0,0,0,0,0,71,69,57,0,0,0,57,0,0,0,0,0,0,12,0,0,0,0,0,0,2,0,0,0,0,2,0,0,0,0,0,2,53,53,0,0,0,0,0,0,0,0,0,0,0,53,0,0,0,0,0,0,0,0,0,0,0,0,0,0,0,0,0,0,158,0,0,0,0,0,0,0,0,0,0,0,0,0,0,0,0,0,0,0,0,0,0,0,0,0,0,0,0,0,0,0,0,31,30,15,0,0,0,15,0,0,0,0,0,0,15,0,0,0,0,0,0,1,0,0,0,0,1,0,0,0,0,0,1,127,127,0,0,0,0,0,0,0,0,0,0,0,127,0,0,0,0,0,0,0,0,0,0,0,0,0,0,0,0,0,0
"G0800150","2010","CO","4","8","Colorado","08","Chaffee County","015",,,,,,,,,,,,,,,"99999","99999","999",,,,,,,,,,,,,,,,,"2624702242","4013482","Chaffee County","A","+38.7382457","-106.3169723","06","9",,17809,9453,82,76,82,78,83,81,77,78,98,75,74,78,72,86,83,89,105,120,86,86,88,100,93,137,98,122,139,141,136,149,140,128,116,116,112,124,110,112,125,143,130,124,118,123,121,137,153,124,141,165,161,147,154,141,155,147,176,144,171,158,159,160,128,150,118,115,127,131,122,112,105,82,72,79,95,85,76,57,54,67,48,59,42,30,19,26,26,19,20,14,13,6,13,10,3,1,0,1,1,0,0,0,0,8356,76,77,61,64,85,75,91,71,81,98,81,92,71,90,81,83,89,105,68,63,61,59,53,54,58,62,82,85,82,73,99,81,74,79,49,67,80,84,89,93,102,104,111,94,90,94,121,138,133,161,130,127,136,161,176,181,154,176,146,160,172,160,186,149,135,127,129,120,116,100,79,81,83,71,72,62,63,66,74,40,67,61,44,46,45,42,40,38,28,22,14,13,13,11,6,8,6,3,2,0,1,0,0,16373,8123,396,409,393,313,135,59,52,177,379,393,453,483,607,696,771,315,390,239,365,428,336,196,138,8250,362,416,415,277,130,60,58,157,377,374,411,498,647,728,815,331,470,256,335,385,300,250,198,1436,1330,6,1,1,0,0,1,0,0,0,0,0,0,0,0,0,0,0,0,0,0,5,0,0,0,0,5,0,0,0,0,5,0,1296,1279,1278,0,0,1225,53,0,0,0,0,0,0,1,0,0,0,0,0,0,17,0,0,0,0,17,0,6,0,0,9,2,28,28,4,0,0,4,0,0,0,0,0,0,0,24,0,0,0,0,0,0,0,0,0,0,0,0,0,0,0,0,0,0,106,1,0,0,0,0,0,0,0,0,0,0,0,0,0,0,0,0,0,0,0,1,0,0,0,0,1,0,0,0,0,1,0,36,18,15,0,0,5,10,0,0,0,0,0,0,3,0,0,0,0,0,0,18,0,0,0,0,18,0,3,0,0,9,6,69,63,0,0,0,0,0,0,0,0,0,0,0,63,0,0,0,0,0,0,6,0,0,0,0,6,0,6,0,0,0,0
"G0800170","2010","CO","4","8","Colorado","08","Cheyenne County","017",,,,,,,,,,,,,,,"99999","99999","999",,,,,,,,,,,,,,,,,"4605713068","8166204","Cheyenne County","A","+38.8353865","-102.6045852","06","9",,1836,910,8,14,10,19,20,6,8,10,13,9,10,20,11,6,12,25,11,16,12,5,8,11,5,7,9,12,7,10,8,19,10,8,16,8,10,6,11,4,15,13,12,11,14,12,8,18,12,16,14,16,14,17,8,13,15,16,18,10,17,17,11,12,16,10,7,6,7,7,4,10,8,4,8,12,3,6,6,3,3,5,5,4,4,5,0,3,3,2,3,2,3,1,2,1,1,1,0,1,1,0,0,0,0,926,12,13,13,9,12,16,10,15,18,12,10,9,11,15,8,12,11,16,15,5,2,7,8,6,14,7,8,9,16,11,11,10,9,9,7,10,11,9,4,10,10,6,10,11,3,10,11,16,20,16,15,16,12,11,17,18,12,12,22,10,17,12,5,12,8,8,5,9,8,9,9,10,6,5,8,1,9,7,5,7,13,6,6,3,12,3,5,6,6,9,4,2,4,0,2,4,0,2,1,0,0,0,0,1794,890,71,44,56,46,15,8,11,21,55,52,49,57,76,67,78,23,33,13,20,34,23,16,22,904,59,69,53,39,20,2,7,28,51,46,44,40,73,71,72,29,25,13,26,38,29,38,32,42,20,11,11,0,0,0,0,0,0,0,11,11,0,0,0,0,0,0,0,0,0,0,0,0,0,0,0,0,0,0,0,0,0,3,3,1,0,0,0,1,0,0,2,2,0,0,0,0,0,0,0,0,0,0,0,0,0,0,0,0,0,0,0,0,0,6,6,0,0,0,0,0,0,0,0,0,0,0,6,0,0,0,0,0,0,0,0,0,0,0,0,0,0,0,0,0,0,22,2,2,0,0,0,0,0,0,0,2,2,0,0,0,0,0,0,0,0,0,0,0,0,0,0,0,0,0,0,0,0,0,2,2,0,0,0,0,0,0,0,0,0,0,0,2,0,0,0,0,0,0,0,0,0,0,0,0,0,0,0,0,0,0,18,18,0,0,0,0,0,0,0,0,0,0,0,18,0,0,0,0,0,0,0,0,0,0,0,0,0,0,0,0,0,0
"G0800190","2010","CO","4","8","Colorado","08","Clear Creek County","019",,,,,,,,,,,,,,,"19740","99999","216",,,,,,,,,,,,,,,,,"1023632674","3280082","Clear Creek County","A","+39.6894025","-105.6707908","06","1",,9088,4735,39,48,36,48,59,49,43,43,38,37,40,49,42,36,31,40,63,65,45,32,28,33,29,35,34,60,48,33,48,40,54,48,61,60,62,71,65,68,63,77,84,69,64,75,55,85,76,96,79,86,98,103,131,108,93,102,97,91,128,108,78,100,104,83,62,59,60,58,49,48,44,31,31,20,22,20,19,15,15,17,10,9,7,9,5,6,9,2,0,4,3,1,1,2,1,0,1,1,1,0,0,0,0,4353,41,43,52,47,34,45,32,35,46,47,52,42,30,43,47,53,32,44,42,34,26,14,25,24,34,42,26,35,37,43,47,47,46,47,55,63,46,43,57,86,89,74,70,52,74,72,83,72,99,91,90,102,98,106,101,105,107,99,93,70,90,76,87,79,38,62,53,50,41,32,21,31,32,27,22,18,17,21,19,19,7,9,10,13,7,11,7,3,2,6,1,3,3,2,1,1,1,0,0,0,0,0,0,9004,4659,230,210,198,166,67,28,31,95,216,270,331,342,418,527,524,177,249,119,155,148,86,40,32,4345,217,205,214,128,76,26,14,83,183,242,294,357,415,496,473,166,204,115,123,133,94,46,41,84,76,2,1,0,0,0,0,0,0,0,1,0,0,1,0,0,0,0,0,0,0,1,1,0,0,0,0,0,0,0,0,0,0,74,72,62,0,0,0,62,0,0,10,0,0,10,0,0,0,0,0,0,0,2,2,0,0,0,0,0,0,0,0,0,0,0,0,0,0,0,0,0,0,0,0,0,0,0,0,0,0,0,0,0,0,0,0,0,0,0,0,0,0,0,0,0,0,8,1,1,0,0,0,0,0,0,0,1,0,0,1,0,0,0,0,0,0,0,0,0,0,0,0,0,0,0,0,0,0,0,7,4,4,0,0,0,4,0,0,0,0,0,0,0,0,0,0,0,0,0,3,3,0,0,0,0,0,0,0,0,0,0,0,0,0,0,0,0,0,0,0,0,0,0,0,0,0,0,0,0,0,0,0,0,0,0,0,0,0,0,0,0,0,0
"G0800210","2010","CO","4","8","Colorado","08","Conejos County","021",,,,,,,,,,,,,,,"99999","99999","999",,,,,,,,,,,,,,,,,"3334326097","9235297","Conejos County","A","+37.2134065","-106.1764473","06","9",,8256,4093,55,59,83,61,69,62,51,55,53,60,79,58,58,58,79,61,60,66,81,44,54,44,53,44,43,40,42,42,51,43,37,41,47,36,44,47,37,42,49,45,46,57,34,54,47,53,54,57,59,37,76,55,70,51,69,71,66,50,66,61,48,55,56,37,42,36,33,33,37,33,39,42,25,26,29,31,28,21,26,19,22,11,19,10,6,14,5,6,8,3,6,5,6,5,1,3,0,1,0,0,0,0,0,4163,80,52,58,60,73,71,65,55,70,73,69,65,86,57,63,66,75,71,66,52,44,46,52,36,23,42,38,50,37,51,38,40,40,44,35,40,43,44,35,40,46,49,45,44,48,47,53,69,67,61,61,54,53,50,67,53,58,68,53,55,47,49,59,53,44,39,46,33,27,41,31,35,37,21,25,39,27,31,25,22,21,27,21,15,6,10,11,15,16,11,9,10,5,1,4,1,1,0,2,0,0,0,0,8220,4061,327,281,332,185,123,54,43,134,214,198,213,237,258,321,314,103,135,69,103,161,125,68,63,4159,323,334,340,212,118,44,46,109,217,197,202,232,296,285,287,96,156,85,101,149,144,90,96,36,32,2,2,2,0,0,0,2,0,0,0,0,0,0,0,0,0,0,0,0,0,0,0,0,0,0,0,0,0,0,0,0,0,30,21,21,0,0,0,21,0,0,0,0,0,0,0,0,0,0,0,0,0,9,0,0,0,0,9,0,0,0,0,0,9,0,0,0,0,0,0,0,0,0,0,0,0,0,0,0,0,0,0,0,0,0,0,0,0,0,0,0,0,0,0,0,0,4,0,0,0,0,0,0,0,0,0,0,0,0,0,0,0,0,0,0,0,0,0,0,0,0,0,0,0,0,0,0,0,0,4,1,1,0,0,0,1,0,0,0,0,0,0,0,0,0,0,0,0,0,3,0,0,0,0,3,0,0,0,0,0,3,0,0,0,0,0,0,0,0,0,0,0,0,0,0,0,0,0,0,0,0,0,0,0,0,0,0,0,0,0,0,0,0
"G0800230","2010","CO","4","8","Colorado","08","Costilla County","023",,,,,,,,,,,,,,,"99999","99999","999",,,,,,,,,,,,,,,,,"3177789979","8828904","Costilla County","A","+37.2775474","-105.4289399","06","9",,3524,1822,18,14,16,19,32,22,19,15,24,22,22,20,17,20,28,29,29,37,18,23,15,19,9,15,8,14,11,13,14,19,17,15,14,9,18,10,14,15,12,21,21,21,27,14,13,31,23,20,24,32,31,23,35,29,31,36,31,22,37,25,29,28,45,36,29,47,27,37,22,30,23,20,25,15,26,18,20,16,5,10,13,11,11,7,2,4,5,2,0,1,4,0,0,0,1,1,0,0,0,0,0,0,0,1702,15,20,10,17,14,17,12,38,15,12,20,22,20,22,14,26,18,21,22,20,16,12,18,13,13,16,10,15,14,14,24,10,12,17,8,15,8,19,16,19,10,18,20,26,13,15,27,23,25,23,17,34,39,34,26,31,25,36,22,32,28,26,30,31,23,26,36,24,27,21,18,16,24,23,21,18,14,14,8,12,9,10,15,8,9,4,9,8,8,6,4,3,5,1,2,0,0,1,0,0,0,0,0,3524,1822,99,102,107,95,41,15,19,32,71,73,72,96,130,149,151,57,110,74,89,109,69,44,18,1702,76,94,98,65,42,16,12,44,69,71,77,87,113,150,146,54,84,62,72,102,66,51,51,0,0,0,0,0,0,0,0,0,0,0,0,0,0,0,0,0,0,0,0,0,0,0,0,0,0,0,0,0,0,0,0,0,0,0,0,0,0,0,0,0,0,0,0,0,0,0,0,0,0,0,0,0,0,0,0,0,0,0,0,0,0,0,0,0,0,0,0,0,0,0,0,0,0,0,0,0,0,0,0,0,0,0,0,0,0,0,0,0,0,0,0,0,0,0,0,0,0,0,0,0,0,0,0,0,0,0,0,0,0,0,0,0,0,0,0,0,0,0,0,0,0,0,0,0,0,0,0,0,0,0,0,0,0,0,0,0,0,0,0,0,0,0,0,0,0,0,0,0,0,0,0,0,0,0,0,0,0,0,0,0,0,0,0,0,0,0,0,0,0,0,0,0,0,0,0,0,0,0,0,0,0,0,0,0,0,0,0,0,0,0,0,0,0,0
"G0800250","2010","CO","4","8","Colorado","08","Crowley County","025",,,,,,,,,,,,,,,"99999","99999","999",,,,,,,,,,,,,,,,,"2039411297","33430434","Crowley County","A","+38.3219558","-103.7875617","06","9",,5823,4199,17,13,22,23,13,20,26,17,19,28,26,33,29,31,17,24,30,27,20,26,59,65,99,89,95,104,107,99,105,131,96,100,95,94,94,75,83,90,81,101,89,96,68,75,73,92,80,113,82,71,77,69,46,66,69,58,42,53,54,38,45,27,41,29,26,27,23,29,16,22,23,18,15,16,11,8,8,11,4,9,6,6,7,7,5,5,8,4,3,2,0,1,0,0,0,0,2,1,0,0,0,0,0,1624,20,22,20,17,15,23,24,22,19,12,20,27,22,17,18,20,24,32,27,20,13,11,13,14,13,15,17,14,13,10,20,14,15,22,12,13,11,15,20,21,16,16,21,17,19,22,18,27,32,24,34,26,24,21,23,32,23,28,30,24,19,18,21,35,20,20,17,30,19,13,11,12,15,6,8,11,16,16,8,10,20,13,11,7,3,5,5,5,8,6,3,0,7,4,3,4,1,0,0,0,0,0,0,3141,1546,88,110,136,80,34,13,14,38,68,78,70,71,115,128,139,46,66,35,56,69,38,30,24,1595,94,100,104,76,47,12,11,39,68,79,78,88,120,128,137,37,76,37,61,52,60,50,41,2682,2653,1,1,1,0,0,1,0,0,0,0,0,0,0,0,0,0,0,0,0,0,0,0,0,0,0,0,0,0,0,0,0,0,2607,2607,2605,0,0,2597,8,0,0,0,0,0,0,2,0,0,0,0,0,0,0,0,0,0,0,0,0,0,0,0,0,0,45,45,40,0,0,40,0,0,0,0,0,0,0,5,0,0,0,0,0,0,0,0,0,0,0,0,0,0,0,0,0,0,29,0,0,0,0,0,0,0,0,0,0,0,0,0,0,0,0,0,0,0,0,0,0,0,0,0,0,0,0,0,0,0,0,13,13,11,0,0,9,2,0,0,0,0,0,0,2,0,0,0,0,0,0,0,0,0,0,0,0,0,0,0,0,0,0,16,16,0,0,0,0,0,0,0,0,0,0,0,16,0,0,0,0,0,0,0,0,0,0,0,0,0,0,0,0,0,0
"G0800270","2010","CO","4","8","Colorado","08","Custer County","027",,,,,,,,,,,,,,,"99999","99999","999",,,,,,,,,,,,,,,,,"1913031045","3364771","Custer County","A","+38.1019939","-105.3735148","06","9",,4255,2195,9,11,19,12,11,23,12,22,16,22,24,16,24,23,26,29,28,28,17,10,16,10,5,9,12,17,16,21,15,13,23,13,27,14,18,18,21,22,18,26,25,25,21,20,21,14,19,33,32,38,52,43,35,50,26,42,40,51,56,57,56,60,67,47,41,49,43,44,39,42,35,38,17,21,26,23,26,19,11,6,12,10,9,10,4,7,5,2,4,3,2,0,0,1,0,0,0,0,0,0,0,0,0,2060,14,19,12,17,12,17,16,18,21,27,29,20,24,27,29,27,19,27,17,9,2,9,5,13,6,8,8,10,14,8,17,13,13,13,12,12,17,20,18,16,22,19,17,30,18,22,22,30,33,35,53,32,34,49,55,41,61,49,60,54,52,60,52,42,37,44,41,36,26,25,27,23,24,14,22,17,17,23,13,19,8,9,14,9,10,2,4,5,6,2,3,2,0,0,0,0,0,0,0,0,1,0,0,4105,2045,62,95,113,85,27,16,8,17,57,63,81,95,115,197,239,115,154,92,124,136,85,45,24,2060,74,99,129,73,26,2,9,24,48,68,83,106,142,223,265,112,131,85,87,110,89,50,25,150,150,0,0,0,0,0,0,0,0,0,0,0,0,0,0,0,0,0,0,0,0,0,0,0,0,0,0,0,0,0,0,0,0,148,148,148,0,0,0,148,0,0,0,0,0,0,0,0,0,0,0,0,0,0,0,0,0,0,0,0,0,0,0,0,0,2,2,2,0,0,0,2,0,0,0,0,0,0,0,0,0,0,0,0,0,0,0,0,0,0,0,0,0,0,0,0,0,0,0,0,0,0,0,0,0,0,0,0,0,0,0,0,0,0,0,0,0,0,0,0,0,0,0,0,0,0,0,0,0,0,0,0,0,0,0,0,0,0,0,0,0,0,0,0,0,0,0,0,0,0,0,0,0,0,0,0,0,0,0,0,0,0,0,0,0,0,0,0,0,0,0,0,0,0,0,0,0,0,0,0,0,0,0,0,0,0,0,0,0,0,0,0,0,0
"G0800290","2010","CO","4","8","Colorado","08","Delta County","029",,,,,,,,,,,,,,,"99999","99999","999",,,,,,,,,,,,,,,,,"2957896781","16960873","Delta County","A","+38.8617559","-107.8647570","06","9",,30952,15590,177,175,179,174,182,183,166,190,197,177,213,207,186,208,228,217,224,239,228,128,139,139,138,167,162,164,182,160,157,163,152,178,188,130,160,167,155,155,183,172,177,156,183,165,187,188,201,235,219,241,234,257,246,263,242,238,267,236,224,222,229,237,252,266,200,215,206,188,193,179,162,153,152,145,134,118,105,118,102,99,92,75,73,62,65,53,47,39,42,22,25,18,22,12,5,4,6,3,0,0,1,1,0,15362,160,158,182,161,204,185,206,187,150,202,182,159,213,182,183,222,193,200,157,120,135,127,127,122,139,131,116,178,155,150,139,122,168,153,144,128,162,118,159,179,183,174,164,151,173,161,189,230,215,264,258,214,234,249,252,262,268,261,247,245,233,257,260,247,210,201,200,189,194,179,170,189,158,134,135,128,126,130,117,113,103,84,78,89,75,91,77,53,61,45,28,34,31,22,21,15,8,10,3,6,6,0,0,30239,15021,887,913,1040,673,350,131,128,402,722,723,760,797,1030,1212,1174,465,713,419,558,746,536,357,285,15218,864,929,919,615,277,135,127,388,729,724,744,844,1058,1206,1279,489,715,401,558,782,598,407,430,713,569,9,9,0,0,0,0,0,0,0,9,0,9,0,0,0,0,0,0,0,0,0,0,0,0,0,0,0,0,0,0,0,0,525,509,506,0,0,459,47,0,0,0,0,0,0,3,0,0,0,0,0,0,16,0,0,0,0,16,0,5,0,0,11,0,35,29,0,0,0,0,0,0,0,0,0,0,0,29,0,0,0,0,0,0,6,0,0,0,0,6,0,6,0,0,0,0,144,2,0,0,0,0,0,0,0,0,0,0,0,0,0,0,0,0,0,0,0,2,0,0,0,0,2,0,0,0,0,0,2,15,7,1,0,0,0,1,0,0,0,0,0,0,6,0,0,0,0,0,0,8,0,0,0,0,8,0,1,0,0,3,4,127,96,0,0,0,0,0,0,0,0,0,0,0,96,0,0,0,0,0,0,31,0,0,0,0,31,0,28,0,0,3,0
"G0800310","2010","CO","4","8","Colorado","08","Denver County","031",,,,,,,,,,,,,,,"19740","99999","216",,,,,,,,,,,,,,,,,"396268588","4225359","Denver County","C","+39.7618487","-104.8806251","06","1",,600158,300089,4557,4622,4501,4436,4136,4076,3821,3874,3607,3516,3440,3124,2978,2879,2898,2869,2986,3065,3268,3923,3981,4039,4377,5154,5899,6375,6388,6811,6818,6635,6696,5856,5941,5550,5391,5679,5052,5129,5180,5253,5096,4691,4205,3960,3900,4029,3828,3865,3748,3730,3883,3583,3642,3529,3440,3574,3379,3338,3247,3158,3012,2857,2894,2722,2160,2005,1886,1756,1541,1453,1334,1238,1176,1121,1042,1009,962,933,872,854,785,793,744,623,605,528,514,429,379,312,247,218,147,97,69,65,35,28,16,9,12,2,0,300069,4537,4378,4232,4104,4012,3991,3783,3647,3528,3528,3290,3171,2965,2776,2844,2723,2897,2975,3398,4171,4018,4002,4617,5413,6188,6560,6674,6669,6515,6396,6197,5744,5577,5195,4842,4910,4500,4496,4469,4515,4352,3966,3558,3421,3431,3521,3461,3348,3522,3594,3627,3527,3544,3549,3506,3511,3431,3369,3286,3204,3249,3060,2991,3006,2295,2239,2086,2141,1902,1664,1646,1633,1520,1392,1378,1323,1185,1196,1238,1332,1260,1267,1151,1165,1062,1026,953,808,769,642,506,430,358,262,193,174,119,107,56,48,54,7,1,584177,290842,22182,18829,15247,8803,5790,3339,3747,14812,32247,28810,25671,21121,18363,17296,16109,5711,7602,3802,4665,5765,4525,3446,2960,293335,21214,18437,14997,8515,5846,3379,3750,15815,32385,27198,22528,18401,17102,17487,16594,6232,8210,4278,5629,7457,6151,5696,6034,15981,9247,324,155,8,0,0,0,8,0,0,139,9,93,37,0,8,8,0,0,0,0,169,9,0,0,0,160,78,0,7,0,0,75,8247,3111,2561,0,0,478,1559,524,0,15,0,15,0,468,67,26,41,0,0,0,5136,2241,0,0,0,2895,637,342,505,0,103,1308,676,525,20,0,0,9,9,2,0,0,0,0,0,505,0,0,0,0,0,0,151,0,0,0,0,151,27,5,10,0,8,101,6734,218,89,0,0,0,0,0,0,0,89,5,78,6,0,0,0,0,0,0,0,129,11,0,0,0,118,78,0,5,0,0,35,5468,1638,1235,0,0,875,246,114,0,17,2,15,0,367,19,17,2,0,0,0,3830,2679,0,0,0,1151,252,156,220,0,20,503,1048,1000,7,0,0,7,0,0,0,0,0,0,0,993,0,0,0,0,0,0,48,0,0,0,0,48,7,2,0,0,6,33
"G0800330","2010","CO","4","8","Colorado","08","Dolores County","033",,,,,,,,,,,,,,,"99999","99999","999",,,,,,,,,,,,,,,,,"2763650142","2716145","Dolores County","A","+37.7476020","-108.5303829","06","9",,2064,1063,6,20,9,12,11,15,11,15,17,5,10,13,13,21,14,17,11,12,8,6,6,5,9,8,10,16,6,8,13,10,14,13,6,17,11,11,20,16,9,10,10,17,12,16,16,11,15,12,11,17,24,19,18,12,20,19,13,11,17,24,18,19,26,8,15,13,13,18,13,17,12,10,16,8,8,12,4,6,8,3,5,2,10,7,2,1,3,2,0,1,2,0,0,0,2,0,1,0,0,0,0,0,0,1001,17,11,15,19,16,15,16,4,11,16,16,7,5,12,15,9,13,13,8,4,7,9,9,6,8,3,11,14,6,16,10,6,15,10,9,15,16,11,5,11,20,9,11,17,10,19,14,11,11,14,17,15,12,24,16,20,12,15,15,12,21,14,16,13,15,17,12,15,6,11,11,7,5,9,10,9,8,6,3,5,6,2,8,3,7,3,3,2,4,4,3,3,2,0,0,0,1,1,3,0,0,0,0,2064,1063,58,63,71,40,14,6,5,27,53,61,66,71,66,93,84,37,49,26,48,54,33,26,12,1001,78,62,55,35,12,7,9,23,50,50,58,67,69,84,74,35,44,29,32,42,31,26,29,0,0,0,0,0,0,0,0,0,0,0,0,0,0,0,0,0,0,0,0,0,0,0,0,0,0,0,0,0,0,0,0,0,0,0,0,0,0,0,0,0,0,0,0,0,0,0,0,0,0,0,0,0,0,0,0,0,0,0,0,0,0,0,0,0,0,0,0,0,0,0,0,0,0,0,0,0,0,0,0,0,0,0,0,0,0,0,0,0,0,0,0,0,0,0,0,0,0,0,0,0,0,0,0,0,0,0,0,0,0,0,0,0,0,0,0,0,0,0,0,0,0,0,0,0,0,0,0,0,0,0,0,0,0,0,0,0,0,0,0,0,0,0,0,0,0,0,0,0,0,0,0,0,0,0,0,0,0,0,0,0,0,0,0,0,0,0,0,0,0,0,0,0,0,0,0,0,0,0,0,0,0,0,0,0,0,0,0,0,0,0,0,0,0,0
"G0800350","2010","CO","4","8","Colorado","08","Douglas County","035",,,,,,,,,,,,,,,"19740","99999","216",,,,,,,,,,,,,,,,,"2176232357","6789381","Douglas County","A","+39.3264348","-104.9261993","06","1",,285465,141253,1953,2143,2194,2499,2489,2561,2778,2742,2703,2803,2750,2551,2447,2458,2458,2470,2283,2160,1810,1121,957,874,923,1111,1130,1125,1292,1362,1374,1563,1661,1719,1842,1865,1794,2198,2183,2333,2570,2907,2955,2690,2544,2490,2470,2555,2592,2536,2456,2509,2295,2269,2242,1998,2020,1782,1670,1743,1568,1533,1426,1381,1465,1366,975,897,990,944,732,643,602,514,444,414,382,356,287,263,307,242,230,203,170,175,145,142,108,85,79,58,44,35,35,16,9,7,2,1,3,1,2,0,0,144212,1822,1974,2125,2326,2375,2548,2636,2620,2591,2682,2621,2423,2466,2429,2315,2323,2124,2170,1510,934,894,878,990,1111,1169,1212,1429,1474,1687,1666,1882,1900,2079,2048,2150,2245,2330,2532,2673,2947,2876,2872,2681,2534,2598,2687,2574,2631,2591,2455,2490,2193,2205,2094,2003,1892,1738,1756,1693,1572,1585,1506,1477,1407,1016,1025,908,911,762,630,593,584,461,461,429,363,361,319,317,266,277,265,264,239,216,203,164,145,125,123,94,72,49,39,33,25,13,16,7,3,14,0,0,284814,140872,11275,13585,12652,6896,2912,943,867,3131,6665,8839,12156,13119,12617,10805,8293,2806,3799,1884,2315,2347,1446,912,608,143942,10620,13076,12253,6615,2440,893,876,3268,7459,10057,12721,13552,12932,10973,8648,3090,3896,1933,2300,2506,1603,1227,1004,651,381,34,28,0,0,0,0,0,0,0,28,0,28,0,0,0,0,0,0,0,0,6,0,0,0,0,6,0,0,0,0,1,5,292,265,253,0,0,0,253,0,0,4,0,4,0,8,0,0,0,0,0,0,27,0,0,0,0,27,9,6,2,0,10,0,55,39,0,0,0,0,0,0,0,0,0,0,0,39,0,0,0,0,0,0,16,0,0,0,0,16,2,0,0,0,9,5,270,6,1,0,0,0,0,0,0,0,1,0,1,0,0,0,0,0,0,0,0,5,0,0,0,0,5,0,0,0,0,1,4,61,34,29,0,0,0,29,0,0,0,0,0,0,5,0,0,0,0,0,0,27,0,0,0,0,27,5,0,3,0,9,10,203,146,0,0,0,0,0,0,0,0,0,0,0,146,0,0,0,0,0,0,57,0,0,0,0,57,0,0,0,0,55,2
"G0800370","2010","CO","4","8","Colorado","08","Eagle County","037",,,,,,,,,,,,,,,"20780","99999","999",,,,,,,,,,,,,,,,,"4362911978","18806424","Eagle County","A","+39.6306381","-106.6929439","06","2",,52197,27820,370,418,393,400,409,365,391,443,361,371,371,331,304,311,358,300,312,333,303,232,318,306,404,451,521,579,551,535,551,591,571,454,539,503,495,513,473,492,533,537,560,471,468,451,407,465,402,387,378,385,380,430,367,417,401,356,350,345,292,293,288,275,241,280,205,166,179,181,150,110,98,85,74,73,68,53,42,34,39,32,26,24,18,16,20,8,10,7,7,1,9,0,2,0,0,0,1,0,0,0,0,0,0,24377,377,387,380,381,389,398,381,362,345,353,351,334,339,316,300,282,289,295,270,161,180,217,272,396,390,415,411,467,482,481,461,414,439,421,423,449,423,333,432,494,441,380,391,421,389,395,347,390,381,386,332,355,373,346,325,304,324,285,273,232,256,261,242,276,177,169,153,160,133,100,85,68,68,51,55,47,52,34,39,24,29,27,10,17,9,17,11,15,5,8,4,3,4,4,0,3,1,0,0,0,0,0,0,52142,27769,1990,1931,1675,945,533,316,305,1367,2792,2554,2543,2357,2010,1994,1636,563,725,345,441,398,200,104,45,24373,1914,1839,1640,866,431,180,217,1058,2256,2158,2131,2021,1897,1730,1418,517,695,322,393,327,196,92,75,55,51,0,0,0,0,0,0,0,0,0,0,0,0,0,0,0,0,0,0,0,0,0,0,0,0,0,0,0,0,0,0,0,0,51,50,50,0,0,0,50,0,0,0,0,0,0,0,0,0,0,0,0,0,1,0,0,0,0,1,0,0,0,0,1,0,0,0,0,0,0,0,0,0,0,0,0,0,0,0,0,0,0,0,0,0,0,0,0,0,0,0,0,0,0,0,0,0,4,0,0,0,0,0,0,0,0,0,0,0,0,0,0,0,0,0,0,0,0,0,0,0,0,0,0,0,0,0,0,0,0,4,4,4,0,0,0,4,0,0,0,0,0,0,0,0,0,0,0,0,0,0,0,0,0,0,0,0,0,0,0,0,0,0,0,0,0,0,0,0,0,0,0,0,0,0,0,0,0,0,0,0,0,0,0,0,0,0,0,0,0,0,0,0,0
"G0800390","2010","CO","4","8","Colorado","08","Elbert County","039",,,,,,,,,,,,,,,"19740","99999","216",,,,,,,,,,,,,,,,,"4793671177","442165","Elbert County","A","+39.3108167","-104.1179275","06","1",,23086,11553,103,120,98,138,135,141,152,153,157,187,170,199,201,173,233,193,215,203,187,109,99,83,72,76,74,66,68,69,75,83,86,68,96,87,115,90,109,117,138,160,160,165,179,229,203,233,231,236,246,287,235,269,264,248,236,234,217,209,218,188,164,168,175,183,134,147,115,111,77,91,69,74,53,57,47,36,36,36,29,27,24,22,11,19,9,11,9,6,10,5,4,5,1,0,0,3,0,0,0,0,0,0,0,11533,94,124,102,108,135,135,162,160,186,178,181,167,167,186,216,206,185,191,156,93,83,83,75,63,67,58,73,72,88,76,87,92,103,93,97,117,126,143,147,171,181,214,187,188,223,243,262,276,246,268,274,266,278,248,235,208,229,220,206,189,182,168,163,171,113,97,91,90,81,62,51,54,54,46,34,42,38,29,31,18,24,29,23,23,20,12,19,7,13,14,4,9,10,8,4,4,4,0,2,2,0,0,0,23013,11512,594,790,976,611,293,99,83,218,358,446,611,931,1230,1249,1065,332,491,261,278,299,163,83,51,11501,563,821,917,582,249,83,83,205,367,470,703,992,1295,1301,1052,350,447,188,233,238,152,116,94,73,41,0,0,0,0,0,0,0,0,0,0,0,0,0,0,0,0,0,0,0,0,0,0,0,0,0,0,0,0,0,0,0,0,32,32,32,0,0,0,32,0,0,0,0,0,0,0,0,0,0,0,0,0,0,0,0,0,0,0,0,0,0,0,0,0,9,9,0,0,0,0,0,0,0,0,0,0,0,9,0,0,0,0,0,0,0,0,0,0,0,0,0,0,0,0,0,0,32,0,0,0,0,0,0,0,0,0,0,0,0,0,0,0,0,0,0,0,0,0,0,0,0,0,0,0,0,0,0,0,0,4,4,3,0,0,0,3,0,0,0,0,0,0,1,0,0,0,0,0,0,0,0,0,0,0,0,0,0,0,0,0,0,28,20,0,0,0,0,0,0,0,0,0,0,0,20,0,0,0,0,0,0,8,0,0,0,0,8,0,0,0,0,8,0
"G0800410","2010","CO","4","8","Colorado","08","El Paso County","041",,,,,,,,,,,,,,,"17820","99999","999",,,,,,,,,,,,,,,,,"5508389808","7111582","El Paso County","A","+38.8273831","-104.5274718","06","1",,622263,310162,4479,4588,4716,4760,4609,4557,4667,4572,4578,4676,4647,4621,4607,4715,4662,4710,4697,4690,5016,5401,5512,5363,5462,5152,5094,4909,4777,4862,4673,4731,4579,4122,4083,3875,3868,3970,3777,3867,4178,4433,4179,4080,4044,4007,4002,4513,4573,4644,4663,4775,4813,4460,4432,4236,4101,3867,3719,3690,3478,3241,3138,3099,3096,3051,2117,2137,2207,2022,1809,1583,1475,1356,1319,1236,1156,1088,1072,1035,952,927,829,774,634,523,443,451,371,293,257,237,213,157,110,74,63,31,27,11,10,2,5,0,0,312101,4290,4272,4524,4420,4554,4375,4447,4399,4362,4446,4481,4536,4273,4287,4406,4434,4266,4353,4337,4271,4454,4349,4418,4506,4690,4579,4500,4606,4531,4489,4381,4143,4110,3836,3833,3891,3811,3970,4113,4524,4158,4219,4021,4119,4261,4669,4941,4882,4913,4992,4931,4672,4633,4567,4416,4325,4012,3916,3587,3569,3429,3259,3280,3234,2467,2386,2376,2268,2028,1883,1753,1697,1603,1605,1475,1427,1309,1349,1176,1205,998,1013,955,882,883,791,736,651,611,454,407,290,234,192,162,91,92,80,29,36,34,1,0,603122,295926,23125,23035,23211,13903,7685,3539,3567,12725,22399,19833,19748,19910,22772,21773,17801,6180,8208,4330,5373,6476,5019,3135,2179,307196,22044,22012,21948,12946,7348,3785,3866,13150,22464,20192,20206,20699,24307,23156,19343,6663,8945,4739,6130,8045,6335,4514,4359,19141,14236,277,146,2,0,0,0,2,0,0,144,9,112,23,0,0,0,0,0,0,0,131,3,5,5,0,123,36,0,0,0,64,23,13582,2456,2208,0,0,0,1086,1122,0,51,5,26,20,197,0,0,0,0,0,0,11126,1242,9073,9073,0,811,220,39,52,0,62,438,377,342,6,0,0,0,6,0,0,0,0,0,0,336,0,0,0,0,0,0,35,0,0,0,0,35,2,7,2,0,0,24,4905,175,51,0,0,0,0,0,0,0,51,4,47,0,0,0,0,0,0,0,0,124,6,1,1,0,117,26,0,0,0,68,23,3690,460,305,0,0,0,197,108,0,7,1,6,0,148,0,0,0,0,0,0,3230,1326,1599,1599,0,305,94,23,31,0,51,106,1040,976,0,0,0,0,0,0,0,0,0,0,0,976,0,0,0,0,0,0,64,0,0,0,0,64,1,15,0,0,10,38
"G0800430","2010","CO","4","8","Colorado","08","Fremont County","043",,,,,,,,,,,,,,,"15860","99999","999",,,,,,,,,,,,,,,,,"3970627343","2235395","Fremont County","A","+38.4556576","-105.4214383","06","2",,46824,27032,171,193,238,245,222,197,223,217,221,224,221,244,221,238,292,259,297,275,253,205,263,311,289,352,364,445,406,451,522,529,511,451,463,437,386,455,435,432,439,473,449,410,456,398,418,475,439,484,443,435,470,419,409,393,416,394,366,398,333,363,370,337,373,375,214,280,294,305,249,224,197,211,192,170,188,179,149,141,144,127,135,113,81,102,92,69,51,53,46,39,36,11,7,18,5,4,5,2,3,1,2,0,0,19792,194,223,200,208,226,213,218,220,218,237,247,226,215,255,216,233,231,233,219,201,169,174,184,174,160,169,169,207,174,180,193,172,176,169,156,149,179,183,196,229,235,214,226,241,237,264,273,294,321,348,370,285,317,290,340,335,334,339,326,322,309,336,318,324,280,264,308,250,236,236,230,232,172,180,168,176,152,149,153,142,138,170,122,129,99,83,80,78,81,58,58,45,22,28,24,14,14,12,6,1,9,0,0,38120,18626,1069,1082,1199,782,414,189,200,470,894,852,989,1100,1331,1443,1525,611,853,526,722,909,695,478,293,19494,1051,1106,1154,682,414,169,174,514,896,861,932,1149,1492,1591,1645,639,917,570,714,961,738,617,508,8704,8406,66,66,2,0,0,2,0,0,0,64,0,64,0,0,0,0,0,0,0,0,0,0,0,0,0,0,0,0,0,0,0,0,8038,8012,7945,0,3023,4772,150,0,0,13,0,13,0,54,0,0,0,0,0,0,26,3,0,0,0,23,11,9,0,0,0,3,302,301,149,0,62,87,0,0,0,0,0,0,0,152,0,0,0,0,0,0,1,0,0,0,0,1,0,0,0,0,1,0,298,20,20,0,0,0,0,0,0,0,20,0,20,0,0,0,0,0,0,0,0,0,0,0,0,0,0,0,0,0,0,0,0,67,63,26,0,0,0,26,0,0,1,0,1,0,36,0,0,0,0,0,0,4,0,0,0,0,4,1,3,0,0,0,0,211,202,0,0,0,0,0,0,0,0,0,0,0,202,0,0,0,0,0,0,9,0,0,0,0,9,0,0,0,0,9,0
"G0800450","2010","CO","4","8","Colorado","08","Garfield County","045",,,,,,,,,,,,,,,"99999","99999","999",,,,,,,,,,,,,,,,,"7634153703","21430621","Garfield County","A","+39.5993517","-107.9097801","06","9",,56389,29107,477,468,461,450,444,441,464,487,431,464,396,412,414,467,381,433,393,434,371,345,331,307,347,426,446,478,438,443,485,432,487,455,429,418,438,474,400,420,459,452,449,439,380,359,402,449,417,420,424,459,463,446,432,382,423,433,397,438,368,311,335,309,301,286,197,212,177,166,153,133,131,117,112,96,111,70,71,64,73,63,51,79,53,42,32,38,29,21,19,13,17,12,11,3,7,2,4,2,3,2,1,0,0,27282,420,447,439,458,426,414,415,404,381,451,438,396,361,403,329,379,368,370,322,289,302,290,284,338,335,414,403,403,415,424,441,416,422,412,403,445,368,371,404,393,422,412,395,365,382,354,375,425,417,439,420,423,411,380,411,368,405,408,322,328,302,256,274,276,192,161,187,175,121,129,113,126,110,111,97,90,94,87,92,76,65,75,74,68,68,63,65,39,51,40,26,32,15,22,13,6,11,8,3,9,5,0,0,55505,28522,2300,2287,2065,1224,651,300,290,1157,2192,2175,2165,1994,2146,2118,1931,637,781,385,450,562,326,237,149,26983,2188,2065,1921,1094,559,277,280,949,2047,2092,1978,1974,2009,2044,1827,557,736,346,424,545,419,322,330,884,585,41,7,0,0,0,0,0,0,0,0,0,0,0,0,7,7,0,0,0,0,34,0,0,0,0,34,0,0,0,0,32,2,463,300,287,0,0,190,97,0,0,0,0,0,0,13,0,0,0,0,0,0,163,82,0,0,0,81,8,8,24,0,27,14,81,77,0,0,0,0,0,0,0,0,0,0,0,77,0,0,0,0,0,0,4,0,0,0,0,4,0,0,0,0,3,1,299,31,1,0,0,0,0,0,0,0,0,0,0,0,0,1,1,0,0,0,0,30,0,0,0,0,30,1,0,0,0,26,3,127,17,7,0,0,1,6,0,0,0,0,0,0,10,0,0,0,0,0,0,110,97,0,0,0,13,0,7,0,0,2,4,141,126,0,0,0,0,0,0,0,0,0,0,0,126,0,0,0,0,0,0,15,0,0,0,0,15,0,0,0,0,13,2
"G0800470","2010","CO","4","8","Colorado","08","Gilpin County","047",,,,,,,,,,,,,,,"19740","99999","216",,,,,,,,,,,,,,,,,"388229109","941918","Gilpin County","A","+39.8610823","-105.5289473","06","1",,5441,2883,33,29,24,32,30,29,26,28,24,31,33,27,24,16,17,44,20,24,32,16,14,20,15,23,26,22,20,27,21,28,33,20,31,40,45,48,41,60,46,53,51,48,39,33,52,60,64,55,59,71,87,54,53,59,68,77,56,71,63,63,56,48,67,47,34,36,28,33,32,16,16,10,14,9,14,10,5,5,5,11,9,10,2,3,1,2,1,0,2,1,1,0,0,0,0,0,0,0,0,0,0,0,0,2558,22,36,22,30,23,25,37,25,26,37,22,27,22,26,24,15,23,26,13,12,9,15,11,15,17,18,21,22,23,20,43,29,34,40,35,49,38,38,43,36,47,45,43,37,40,47,47,56,51,58,51,54,76,54,65,56,47,68,60,60,49,40,42,57,21,33,20,27,22,22,12,13,10,9,11,7,7,7,2,5,3,4,4,2,4,3,3,2,1,2,2,0,0,0,0,1,0,0,0,0,0,0,0,5392,2848,148,138,116,88,48,12,17,60,112,166,242,221,305,317,330,104,148,64,81,63,36,25,7,2544,133,150,121,64,24,9,15,40,102,177,203,212,258,300,289,89,120,53,71,55,28,17,14,49,35,1,0,0,0,0,0,0,0,0,0,0,0,0,0,0,0,0,0,0,0,1,0,0,0,0,1,0,0,0,0,0,1,34,27,27,0,0,0,27,0,0,0,0,0,0,0,0,0,0,0,0,0,7,0,0,0,0,7,0,0,0,0,0,7,0,0,0,0,0,0,0,0,0,0,0,0,0,0,0,0,0,0,0,0,0,0,0,0,0,0,0,0,0,0,0,0,14,0,0,0,0,0,0,0,0,0,0,0,0,0,0,0,0,0,0,0,0,0,0,0,0,0,0,0,0,0,0,0,0,14,4,4,0,0,0,4,0,0,0,0,0,0,0,0,0,0,0,0,0,10,0,0,0,0,10,0,0,0,0,0,10,0,0,0,0,0,0,0,0,0,0,0,0,0,0,0,0,0,0,0,0,0,0,0,0,0,0,0,0,0,0,0,0
"G0800490","2010","CO","4","8","Colorado","08","Grand County","049",,,,,,,,,,,,,,,"99999","99999","999",,,,,,,,,,,,,,,,,"4781971576","60250184","Grand County","A","+40.1232891","-106.0958757","06","9",,14843,7929,74,79,94,85,84,71,88,82,80,100,115,83,78,72,83,101,73,87,91,89,52,82,64,93,120,116,116,108,124,96,145,102,112,92,105,106,110,92,120,155,149,100,99,108,114,111,131,124,120,133,143,139,153,167,177,142,151,137,146,143,132,128,116,135,81,63,87,83,70,62,39,47,43,31,44,35,26,36,30,30,16,20,17,11,12,8,7,4,3,2,0,0,1,0,2,0,1,0,1,0,0,0,0,6914,80,102,82,76,82,87,96,87,78,73,87,99,79,79,68,90,76,68,54,57,53,59,66,72,91,85,87,84,98,99,98,100,94,81,92,87,79,85,101,90,104,117,95,101,91,112,136,133,132,131,129,142,156,134,143,134,145,124,97,106,113,105,103,76,66,63,74,59,54,42,46,43,25,29,20,22,30,27,27,14,15,11,20,9,9,8,11,4,5,5,2,5,3,2,1,1,0,1,1,0,0,0,0,14621,7796,414,421,431,261,158,47,75,254,541,545,574,557,612,778,714,259,332,147,213,204,156,75,28,6825,419,419,412,234,95,45,50,220,442,459,440,502,640,700,603,216,244,137,155,163,120,63,47,222,133,2,0,0,0,0,0,0,0,0,0,0,0,0,0,0,0,0,0,0,0,2,0,0,0,0,2,0,0,0,0,1,1,123,27,26,0,0,0,26,0,0,0,0,0,0,1,0,0,0,0,0,0,96,0,0,0,0,96,0,4,0,0,67,25,8,3,3,0,0,0,3,0,0,0,0,0,0,0,0,0,0,0,0,0,5,0,0,0,0,5,0,0,0,0,5,0,89,5,0,0,0,0,0,0,0,0,0,0,0,0,0,0,0,0,0,0,0,5,0,0,0,0,5,0,0,0,0,1,4,81,4,4,0,0,0,4,0,0,0,0,0,0,0,0,0,0,0,0,0,77,0,0,0,0,77,0,2,0,0,53,22,3,3,0,0,0,0,0,0,0,0,0,0,0,0,3,0,3,0,0,0,0,0,0,0,0,0,0,0,0,0,0,0
"G0800510","2010","CO","4","8","Colorado","08","Gunnison County","051",,,,,,,,,,,,,,,"99999","99999","999",,,,,,,,,,,,,,,,,"8389228965","53172021","Gunnison County","A","+38.6696792","-107.0781080","06","9",,15324,8306,83,90,97,81,86,89,83,77,63,97,58,79,84,83,75,81,60,74,129,276,288,261,264,199,180,166,148,136,146,131,137,108,109,130,120,119,112,111,134,128,139,115,102,101,128,93,80,85,104,96,108,115,114,94,126,129,119,103,106,118,117,91,99,96,65,67,89,62,50,50,44,31,26,37,29,22,13,26,20,10,19,18,15,6,12,6,6,5,8,7,4,2,1,1,1,1,1,0,1,1,0,0,0,7018,73,66,57,54,92,67,97,93,92,86,85,63,51,72,77,70,73,72,125,181,168,177,143,149,106,117,111,89,125,113,96,105,105,105,93,85,88,88,118,114,114,93,83,82,82,102,121,90,100,121,98,104,114,101,93,99,116,96,99,107,86,66,97,86,67,61,57,67,40,45,29,37,27,24,25,21,18,20,22,20,13,19,14,12,16,15,6,10,12,4,3,4,5,3,0,2,2,2,3,0,1,1,0,14474,7800,436,404,379,214,131,214,226,590,712,595,602,577,455,553,570,206,258,156,162,166,90,68,36,6674,341,434,346,213,129,128,144,373,548,495,492,452,533,506,513,148,249,118,151,142,96,68,55,850,506,7,0,0,0,0,0,0,0,0,0,0,0,0,0,0,0,0,0,0,0,7,0,0,0,0,7,0,0,0,0,3,4,486,4,3,0,0,0,3,0,0,0,0,0,0,1,0,0,0,0,0,0,482,447,0,0,0,35,0,0,0,0,20,15,13,13,0,0,0,0,0,0,0,0,0,0,0,13,0,0,0,0,0,0,0,0,0,0,0,0,0,0,0,0,0,0,344,6,0,0,0,0,0,0,0,0,0,0,0,0,0,0,0,0,0,0,0,6,0,0,0,0,6,0,0,0,0,2,4,308,1,0,0,0,0,0,0,0,0,0,0,0,1,0,0,0,0,0,0,307,278,0,0,0,29,0,0,0,0,11,18,30,30,0,0,0,0,0,0,0,0,0,0,0,30,0,0,0,0,0,0,0,0,0,0,0,0,0,0,0,0,0,0
"G0800530","2010","CO","4","8","Colorado","08","Hinsdale County","053",,,,,,,,,,,,,,,"99999","99999","999",,,,,,,,,,,,,,,,,"2893667726","15324669","Hinsdale County","A","+37.8116248","-107.3834054","06","9",,843,443,9,2,4,8,7,6,6,6,3,4,10,3,8,4,5,4,2,4,2,3,8,1,3,9,5,3,5,4,3,1,5,3,2,5,6,6,3,2,0,3,7,4,4,7,7,6,8,8,7,5,5,6,5,6,10,14,10,7,6,7,10,12,7,10,5,6,10,4,8,6,6,7,4,3,1,5,1,1,6,1,2,1,0,2,0,0,4,1,1,0,0,0,0,0,0,2,0,1,0,0,0,0,0,400,4,3,13,3,7,3,6,4,5,3,4,7,2,3,4,1,1,0,1,0,2,4,7,6,9,5,5,4,6,3,2,3,5,5,4,5,3,5,7,5,1,2,1,7,8,3,9,3,7,10,2,10,6,14,9,6,6,10,5,8,6,6,11,11,6,7,7,5,2,9,3,4,5,0,1,3,0,4,1,2,1,3,1,1,1,1,1,0,1,0,1,0,0,0,0,0,0,0,0,0,0,0,0,787,415,28,19,30,10,3,4,1,13,14,17,14,27,32,32,44,22,22,16,18,21,14,5,9,372,24,18,19,2,1,1,4,14,19,16,24,18,32,41,35,12,28,14,16,13,10,7,4,56,28,8,0,0,0,0,0,0,0,0,0,0,0,0,0,0,0,0,0,0,0,8,0,0,0,0,8,0,0,0,0,0,8,20,0,0,0,0,0,0,0,0,0,0,0,0,0,0,0,0,0,0,0,20,0,0,0,0,20,0,0,0,0,0,20,0,0,0,0,0,0,0,0,0,0,0,0,0,0,0,0,0,0,0,0,0,0,0,0,0,0,0,0,0,0,0,0,28,10,0,0,0,0,0,0,0,0,0,0,0,0,0,0,0,0,0,0,0,10,0,0,0,0,10,0,0,0,0,0,10,18,0,0,0,0,0,0,0,0,0,0,0,0,0,0,0,0,0,0,0,18,0,0,0,0,18,0,0,0,0,0,18,0,0,0,0,0,0,0,0,0,0,0,0,0,0,0,0,0,0,0,0,0,0,0,0,0,0,0,0,0,0,0,0
"G0800550","2010","CO","4","8","Colorado","08","Huerfano County","055",,,,,,,,,,,,,,,"99999","99999","999",,,,,,,,,,,,,,,,,"4120672901","5792112","Huerfano County","A","+37.6878154","-104.9599278","06","9",,6711,3332,29,33,32,23,27,37,34,35,39,34,31,26,36,16,38,37,52,47,43,34,21,18,16,26,14,28,25,26,20,31,27,29,22,24,26,25,25,30,25,34,23,43,36,38,28,43,55,36,56,60,66,62,40,51,45,49,69,53,88,65,72,69,82,55,54,52,51,66,53,56,47,43,46,40,36,21,33,28,29,26,21,19,16,18,13,18,17,16,16,8,10,8,7,1,3,1,0,0,0,0,0,0,0,3379,29,22,30,35,14,24,30,34,31,29,41,34,40,37,34,32,44,42,36,36,23,21,38,22,21,25,17,16,18,23,31,29,26,24,24,20,19,34,24,26,30,39,27,32,35,30,41,60,53,58,65,47,68,62,77,61,79,65,62,54,66,73,54,72,64,47,52,67,50,51,50,40,41,27,41,36,28,22,28,19,29,21,23,25,27,24,24,13,11,22,12,8,6,6,6,6,3,1,2,1,1,0,0,6546,3229,144,179,147,136,76,19,18,54,127,121,139,167,244,258,321,139,191,103,173,207,123,70,73,3317,130,148,186,118,72,21,21,81,95,131,123,163,240,316,321,139,190,99,168,198,131,117,109,165,103,0,0,0,0,0,0,0,0,0,0,0,0,0,0,0,0,0,0,0,0,0,0,0,0,0,0,0,0,0,0,0,0,33,19,11,0,0,0,11,0,0,0,0,0,0,8,0,0,0,0,0,0,14,0,0,0,0,14,0,0,0,0,14,0,70,70,0,0,0,0,0,0,0,0,0,0,0,70,0,0,0,0,0,0,0,0,0,0,0,0,0,0,0,0,0,0,62,0,0,0,0,0,0,0,0,0,0,0,0,0,0,0,0,0,0,0,0,0,0,0,0,0,0,0,0,0,0,0,0,14,6,4,0,0,0,4,0,0,0,0,0,0,2,0,0,0,0,0,0,8,0,0,0,0,8,0,0,0,0,8,0,48,48,0,0,0,0,0,0,0,0,0,0,0,48,0,0,0,0,0,0,0,0,0,0,0,0,0,0,0,0,0,0
"G0800570","2010","CO","4","8","Colorado","08","Jackson County","057",,,,,,,,,,,,,,,"99999","99999","999",,,,,,,,,,,,,,,,,"4179523206","18749970","Jackson County","A","+40.6634319","-106.3292476","06","9",,1394,736,4,6,8,13,8,7,5,4,8,1,5,14,6,6,14,5,7,6,11,6,9,7,9,4,11,7,12,8,7,5,5,11,10,9,6,5,2,10,7,11,0,10,10,18,5,14,7,16,23,8,7,17,19,12,25,15,18,16,10,9,13,11,13,13,5,12,12,12,6,4,5,4,8,2,3,5,9,4,5,4,5,2,3,8,1,3,0,1,1,0,1,1,1,0,1,0,0,0,0,0,0,0,0,658,3,5,5,7,3,6,11,11,16,7,9,6,13,2,8,10,3,8,12,1,7,3,3,6,5,7,4,4,7,5,8,3,6,6,6,13,7,7,6,8,9,9,6,6,13,7,9,7,13,17,16,11,8,17,11,11,13,15,7,11,12,9,5,8,7,13,13,10,9,8,8,8,7,4,5,5,4,7,6,3,4,4,4,2,2,2,2,1,1,0,0,1,0,0,0,0,0,0,0,1,0,0,0,1392,735,39,25,45,18,17,9,7,24,38,41,35,43,68,80,68,24,31,24,22,22,27,19,9,657,23,51,38,21,13,7,3,14,27,29,41,43,53,62,57,21,20,26,27,32,25,16,8,2,1,0,0,0,0,0,0,0,0,0,0,0,0,0,0,0,0,0,0,0,0,0,0,0,0,0,0,0,0,0,0,0,0,1,1,1,0,0,0,1,0,0,0,0,0,0,0,0,0,0,0,0,0,0,0,0,0,0,0,0,0,0,0,0,0,0,0,0,0,0,0,0,0,0,0,0,0,0,0,0,0,0,0,0,0,0,0,0,0,0,0,0,0,0,0,0,0,1,0,0,0,0,0,0,0,0,0,0,0,0,0,0,0,0,0,0,0,0,0,0,0,0,0,0,0,0,0,0,0,0,1,0,0,0,0,0,0,0,0,0,0,0,0,0,0,0,0,0,0,0,1,0,0,0,0,1,0,0,0,0,1,0,0,0,0,0,0,0,0,0,0,0,0,0,0,0,0,0,0,0,0,0,0,0,0,0,0,0,0,0,0,0,0,0
"G0800590","2010","CO","4","8","Colorado","08","Jefferson County","059",,,,,,,,,,,,,,,"19740","99999","216",,,,,,,,,,,,,,,,,"1979289991","25446228","Jefferson County","A","+39.5864595","-105.2456005","06","1",,534543,265317,2950,3008,3083,3233,3262,3319,3365,3413,3385,3384,3531,3429,3492,3465,3560,3731,3750,3792,3778,3556,3354,3211,3340,3326,3477,3519,3337,3479,3487,3421,3535,3179,3400,3245,3173,3377,3332,3196,3612,3848,4013,3790,3576,3593,3698,4065,4124,4314,4631,4563,4699,4615,4571,4554,4440,4267,4097,4069,3967,3650,3554,3379,3491,3322,2425,2396,2209,2178,1925,1693,1592,1499,1440,1329,1281,1166,1107,1058,1041,991,950,807,751,678,590,541,475,403,329,258,226,201,114,101,66,40,28,23,10,7,12,1,0,269226,2856,2942,3008,3030,3039,3110,3241,3216,3184,3222,3356,3243,3273,3373,3260,3446,3564,3575,3275,2845,2839,2715,2904,3140,3109,3229,3253,3244,3226,3212,3368,3144,3220,3089,3041,3238,3083,3239,3514,3901,3932,3786,3698,3664,3885,4382,4401,4730,4699,4975,4966,4720,4669,4615,4451,4441,4427,4224,4117,3830,3702,3513,3508,3580,2650,2512,2515,2461,2244,1936,1855,1767,1659,1608,1486,1471,1341,1327,1310,1276,1179,1173,1094,971,950,881,823,718,705,605,451,394,295,240,177,139,102,91,45,41,50,3,0,527116,260543,15526,16852,17416,11041,6501,3168,3066,9841,16787,16095,16996,18299,21358,22649,19879,6896,9183,4567,5765,7069,5300,3653,2636,266573,14870,15966,16485,10514,5681,2727,2653,9054,16088,15804,16926,18905,23119,23366,20994,7199,9703,5007,6602,8294,6575,5090,4951,7427,4774,317,291,0,0,0,0,0,0,0,291,8,88,195,0,0,0,0,0,0,0,26,2,0,0,0,24,11,0,0,0,1,12,3931,2740,2370,159,938,147,928,198,0,121,0,25,96,213,36,0,0,36,0,0,1191,954,0,0,0,237,28,107,58,0,10,34,526,503,35,0,28,2,5,0,0,0,0,0,0,458,10,0,0,10,0,0,23,0,0,0,0,23,0,7,0,0,16,0,2653,103,81,0,0,0,0,0,0,0,81,7,35,39,0,0,0,0,0,0,0,22,4,0,0,0,18,9,1,0,0,3,5,1174,367,198,1,2,1,120,74,0,27,7,3,17,129,13,0,0,13,0,0,807,597,0,0,0,210,28,58,59,0,19,46,1376,1294,0,0,0,0,0,0,0,0,0,0,0,1279,15,0,0,15,0,0,82,0,0,0,0,82,1,27,0,0,51,3
"G0800610","2010","CO","4","8","Colorado","08","Kiowa County","061",,,,,,,,,,,,,,,"99999","99999","999",,,,,,,,,,,,,,,,,"4578495505","47033007","Kiowa County","A","+38.3884664","-102.7562096","06","9",,1398,687,2,7,7,7,2,10,11,8,12,6,12,14,8,9,3,16,14,12,11,2,6,1,5,2,8,7,17,7,8,6,5,4,7,12,4,5,6,5,8,7,4,12,4,6,5,5,9,14,13,7,15,14,13,9,9,8,11,21,15,14,10,11,13,8,2,6,7,10,9,5,9,3,10,2,10,5,5,4,4,3,4,6,6,2,5,2,2,5,2,3,1,0,1,0,1,0,0,0,0,0,0,0,0,711,8,12,9,9,7,3,3,9,12,10,12,6,3,9,13,10,12,7,9,5,7,6,3,2,8,2,6,5,5,7,9,4,3,10,5,5,13,8,11,5,5,2,8,7,5,9,13,10,19,10,16,9,9,16,13,9,8,11,14,11,13,12,8,5,9,13,5,6,8,4,9,15,8,5,10,6,4,4,3,2,1,4,6,5,8,4,4,4,4,6,3,2,3,3,4,3,0,2,0,0,0,0,0,1384,684,25,47,46,42,13,6,1,15,45,32,31,31,48,60,69,21,23,13,23,34,21,22,16,700,45,37,43,29,14,7,6,13,25,31,42,27,61,63,52,25,22,18,18,47,19,24,32,14,3,0,0,0,0,0,0,0,0,0,0,0,0,0,0,0,0,0,0,0,0,0,0,0,0,0,0,0,0,0,0,0,0,0,0,0,0,0,0,0,0,0,0,0,0,0,0,0,0,0,0,0,0,0,0,0,0,0,0,0,0,0,0,0,0,3,3,0,0,0,0,0,0,0,0,0,0,0,3,0,0,0,0,0,0,0,0,0,0,0,0,0,0,0,0,0,0,11,0,0,0,0,0,0,0,0,0,0,0,0,0,0,0,0,0,0,0,0,0,0,0,0,0,0,0,0,0,0,0,0,1,1,0,0,0,0,0,0,0,0,0,0,0,1,0,0,0,0,0,0,0,0,0,0,0,0,0,0,0,0,0,0,10,10,0,0,0,0,0,0,0,0,0,0,0,10,0,0,0,0,0,0,0,0,0,0,0,0,0,0,0,0,0,0
"G0800630","2010","CO","4","8","Colorado","08","Kit Carson County","063",,,,,,,,,,,,,,,"99999","99999","999",,,,,,,,,,,,,,,,,"5596502129","2251930","Kit Carson County","A","+39.3053399","-102.6030226","06","9",,8270,4638,53,49,50,51,59,48,53,45,42,56,51,50,54,43,51,50,64,60,59,46,39,33,48,79,70,89,87,104,76,66,76,62,85,62,70,87,56,69,72,58,57,64,71,63,77,65,92,73,75,89,68,74,90,66,72,50,57,58,59,60,51,37,50,53,44,39,24,39,40,33,43,30,33,34,22,25,29,24,14,23,20,15,18,13,17,10,12,8,9,12,5,5,1,3,1,0,0,0,0,0,0,0,0,3632,58,48,60,64,58,39,44,37,45,55,48,56,45,36,58,49,50,60,42,30,38,35,34,35,36,40,34,34,34,43,44,40,33,38,43,48,43,25,44,33,49,44,36,35,39,46,59,53,50,53,65,53,51,55,53,50,46,46,52,50,44,38,35,39,34,38,42,50,42,44,32,33,22,38,26,24,21,31,21,19,17,16,27,34,15,10,20,8,16,15,9,16,8,5,5,6,3,6,0,0,2,0,0,7195,3604,262,244,249,174,101,23,16,119,239,197,192,197,256,299,245,80,137,57,107,153,114,81,62,3591,288,220,243,159,72,38,35,105,185,198,192,203,257,277,240,82,106,80,136,149,116,107,103,1075,1034,0,0,0,0,0,0,0,0,0,0,0,0,0,0,0,0,0,0,0,0,0,0,0,0,0,0,0,0,0,0,0,0,1007,1000,998,0,0,978,20,0,0,0,0,0,0,2,0,0,0,0,0,0,7,0,0,0,0,7,0,7,0,0,0,0,27,25,19,0,0,19,0,0,0,0,0,0,0,6,0,0,0,0,0,0,2,0,0,0,0,2,0,0,0,0,2,0,41,0,0,0,0,0,0,0,0,0,0,0,0,0,0,0,0,0,0,0,0,0,0,0,0,0,0,0,0,0,0,0,0,11,3,0,0,0,0,0,0,0,0,0,0,0,3,0,0,0,0,0,0,8,0,0,0,0,8,0,8,0,0,0,0,30,26,0,0,0,0,0,0,0,0,0,0,0,26,0,0,0,0,0,0,4,0,0,0,0,4,0,0,0,0,4,0
"G0800650","2010","CO","4","8","Colorado","08","Lake County","065",,,,,,,,,,,,,,,"20780","99999","999",,,,,,,,,,,,,,,,,"976194289","18124336","Lake County","A","+39.2043161","-106.3496959","06","2",,7310,3913,60,43,71,56,55,51,46,52,53,36,58,48,43,60,38,54,42,50,59,42,86,57,63,50,67,62,75,62,73,54,60,50,68,68,69,71,54,58,63,73,54,47,58,49,38,52,60,51,53,44,56,63,57,53,57,57,61,51,67,58,61,58,35,42,24,23,17,27,24,26,20,22,17,19,19,10,11,10,11,9,7,2,4,8,3,3,1,4,2,1,1,0,3,0,0,1,1,0,0,0,1,0,0,3397,58,51,60,55,53,52,64,39,48,35,62,45,48,52,40,34,58,52,53,39,34,29,35,49,54,48,39,46,54,46,50,50,47,46,45,52,58,61,44,51,57,41,51,40,39,47,39,60,40,55,39,43,46,50,48,53,47,59,59,41,38,41,34,31,23,33,32,22,22,14,21,25,16,13,4,12,12,13,12,13,7,7,8,12,7,2,10,3,4,4,3,1,1,0,2,0,3,1,1,0,0,0,0,7177,3818,285,238,246,146,81,66,49,168,317,308,318,244,256,282,293,118,100,40,77,96,51,24,15,3359,275,235,246,144,86,31,29,134,230,237,265,228,241,224,259,79,88,65,58,78,62,39,26,133,95,1,0,0,0,0,0,0,0,0,0,0,0,0,0,0,0,0,0,0,0,1,0,0,0,0,1,0,0,0,0,0,1,90,12,11,0,0,0,11,0,0,0,0,0,0,1,0,0,0,0,0,0,78,55,0,0,0,23,0,0,0,0,7,16,4,4,0,0,0,0,0,0,0,0,0,0,0,4,0,0,0,0,0,0,0,0,0,0,0,0,0,0,0,0,0,0,38,6,0,0,0,0,0,0,0,0,0,0,0,0,0,0,0,0,0,0,0,6,0,0,0,0,6,0,0,0,0,0,6,20,1,0,0,0,0,0,0,0,0,0,0,0,1,0,0,0,0,0,0,19,14,0,0,0,5,0,0,0,0,2,3,12,12,0,0,0,0,0,0,0,0,0,0,0,12,0,0,0,0,0,0,0,0,0,0,0,0,0,0,0,0,0,0
"G0800670","2010","CO","4","8","Colorado","08","La Plata County","067",,,,,,,,,,,,,,,"20420","99999","999",,,,,,,,,,,,,,,,,"4382462547","19760255","La Plata County","A","+37.2873673","-107.8397178","06","2",,51334,26138,296,276,329,301,309,307,327,306,278,288,296,273,308,307,240,328,318,344,438,575,440,460,444,423,445,391,384,388,417,370,360,309,376,286,358,366,326,341,331,382,328,319,309,278,318,330,325,355,397,404,421,412,390,419,438,414,418,403,418,385,360,390,347,376,261,264,251,242,192,184,167,140,152,157,127,122,104,80,78,86,80,66,67,53,46,47,30,27,34,23,22,11,10,8,2,3,2,0,2,0,1,1,1,25196,265,275,304,281,262,283,306,270,287,278,264,262,287,286,284,306,292,289,393,462,395,436,404,356,401,327,311,355,353,343,335,314,302,290,333,314,298,280,319,333,339,285,321,325,303,353,373,370,389,409,449,441,441,422,418,497,476,400,404,372,355,357,324,312,229,246,249,233,181,152,144,132,153,120,146,115,100,88,77,88,97,90,86,58,74,73,57,69,52,48,29,34,23,14,20,22,9,5,7,2,4,0,0,49619,25209,1511,1506,1420,956,597,364,375,1208,1887,1658,1712,1547,1796,2062,2030,746,982,514,613,738,467,309,211,24410,1386,1424,1382,876,488,284,377,1076,1657,1556,1535,1566,1890,2165,2144,712,865,492,564,690,461,395,425,1715,929,38,17,0,0,0,0,0,0,0,17,0,0,17,0,0,0,0,0,0,0,21,1,0,0,0,20,0,0,0,0,19,1,861,199,185,0,0,0,137,48,0,5,0,0,5,9,0,0,0,0,0,0,662,632,0,0,0,30,7,0,0,0,12,11,30,30,0,0,0,0,0,0,0,0,0,0,0,30,0,0,0,0,0,0,0,0,0,0,0,0,0,0,0,0,0,0,786,13,3,0,0,0,0,0,0,0,3,0,0,3,0,0,0,0,0,0,0,10,2,0,0,0,8,0,0,0,0,7,1,703,33,20,0,0,0,17,3,0,2,0,0,2,11,0,0,0,0,0,0,670,641,0,0,0,29,6,0,0,0,11,12,70,70,0,0,0,0,0,0,0,0,0,0,0,70,0,0,0,0,0,0,0,0,0,0,0,0,0,0,0,0,0,0
"G0800690","2010","CO","4","8","Colorado","08","Larimer County","069",,,,,,,,,,,,,,,"22660","99999","999",,,,,,,,,,,,,,,,,"6723613486","98295250","Larimer County","A","+40.6630912","-105.4821309","06","1",,299630,148637,1758,1770,1814,1838,1854,1801,1911,1758,1815,1833,1814,1791,1751,1796,1865,1820,1880,1855,2408,3323,3310,3259,3187,2898,2687,2422,2445,2350,2171,2235,2190,2147,1995,2007,1890,1970,1889,1899,1948,2073,1848,1856,1717,1680,1672,1935,1927,1990,1997,2087,2180,2062,2177,2195,2062,2085,2125,2035,1909,1774,1851,1705,1701,1742,1155,1273,1221,1251,990,893,904,789,785,722,619,568,558,561,528,519,430,409,423,341,331,291,260,244,219,147,118,106,57,60,41,37,18,12,8,3,6,0,1,150993,1684,1644,1633,1785,1774,1805,1798,1766,1698,1833,1727,1646,1710,1684,1766,1762,1782,1836,2615,3473,3436,3306,3014,2541,2337,2296,2109,2056,2119,2131,2141,1907,1995,1840,1685,1800,1718,1706,1889,1950,1929,1757,1723,1742,1799,1945,1982,2138,2297,2211,2267,2242,2336,2243,2294,2221,2150,2111,2001,1890,1999,1779,1769,1695,1278,1311,1296,1390,1128,1032,921,913,858,778,740,744,678,686,595,680,601,584,588,524,550,473,454,399,385,291,271,179,204,144,94,70,87,46,31,33,38,2,0,291100,144505,9019,9103,9003,5464,3746,2971,3083,8552,11393,10067,9626,8653,9803,10577,9856,3531,4576,2478,3123,3786,2699,1873,1523,146595,8507,8893,8518,5306,3666,3063,3145,7754,10618,9508,9021,8910,10532,11341,10338,3757,4726,2594,3529,4166,3298,2683,2722,8530,4132,135,31,1,0,0,0,1,0,0,30,0,30,0,0,0,0,0,0,0,0,104,3,0,0,0,101,11,0,2,0,68,20,3736,803,742,0,0,0,506,236,0,8,0,8,0,53,0,0,0,0,0,0,2933,2380,0,0,0,553,112,90,90,0,81,180,261,230,6,0,0,0,6,0,0,0,0,0,0,224,0,0,0,0,0,0,31,0,0,0,0,31,0,14,0,0,2,15,4398,109,15,0,0,0,0,0,0,0,15,0,9,6,0,0,0,0,0,0,0,94,8,0,0,0,86,5,0,1,0,61,19,3483,192,128,0,0,0,78,50,0,3,0,1,2,61,0,0,0,0,0,0,3291,2912,0,0,0,379,33,54,39,0,97,156,806,727,0,0,0,0,0,0,0,0,0,0,0,725,2,0,0,2,0,0,79,0,0,0,0,79,0,32,0,0,7,40
"G0800710","2010","CO","4","8","Colorado","08","Las Animas County","071",,,,,,,,,,,,,,,"99999","99999","999",,,,,,,,,,,,,,,,,"12361162110","6929979","Las Animas County","A","+37.3188308","-104.0441103","06","9",,15507,7948,93,92,104,80,96,86,88,82,93,83,81,85,85,80,96,97,108,93,109,142,129,99,100,92,123,93,78,98,100,102,108,80,80,79,68,86,71,97,95,109,97,76,89,89,98,107,116,110,111,132,115,157,128,129,128,144,136,118,138,112,134,113,130,117,131,76,87,97,77,82,75,90,56,65,43,49,42,26,32,33,46,38,37,36,30,18,24,15,14,11,4,10,7,5,0,1,2,3,0,1,1,0,0,7559,57,80,82,87,98,90,105,67,81,107,110,91,83,84,96,91,104,106,117,104,67,67,84,81,78,76,77,66,100,60,75,62,85,51,74,78,71,73,69,82,108,80,84,66,82,86,95,120,118,119,104,133,133,127,103,134,124,137,120,115,111,112,106,132,79,96,69,103,76,93,66,68,70,55,75,63,41,45,50,53,55,40,39,51,37,38,32,21,30,33,19,22,17,20,6,8,9,3,6,2,4,0,0,14649,7231,465,432,427,298,182,90,74,226,357,340,373,392,521,612,622,243,371,161,253,322,180,181,109,7418,403,448,463,297,186,56,67,241,376,345,371,418,537,596,624,222,317,163,269,329,245,211,234,858,717,0,0,0,0,0,0,0,0,0,0,0,0,0,0,0,0,0,0,0,0,0,0,0,0,0,0,0,0,0,0,0,0,690,513,503,0,0,478,25,0,0,0,0,0,0,10,0,0,0,0,0,0,177,126,0,0,0,51,2,11,0,0,4,34,27,21,3,0,0,0,3,0,0,0,0,0,0,18,0,0,0,0,0,0,6,0,0,0,0,6,0,1,0,0,3,2,141,8,0,0,0,0,0,0,0,0,0,0,0,0,0,0,0,0,0,0,0,8,1,0,0,0,7,1,0,0,0,1,5,69,6,4,0,0,1,3,0,0,0,0,0,0,2,0,0,0,0,0,0,63,46,0,0,0,17,0,9,0,0,0,8,64,61,0,0,0,0,0,0,0,0,0,0,0,61,0,0,0,0,0,0,3,0,0,0,0,3,0,1,0,0,2,0
"G0800730","2010","CO","4","8","Colorado","08","Lincoln County","073",,,,,,,,,,,,,,,"99999","99999","999",,,,,,,,,,,,,,,,,"6676021407","22780586","Lincoln County","A","+38.9937401","-103.5075545","06","9",,5467,3163,36,33,31,38,34,28,30,18,28,34,17,21,34,30,34,45,40,41,36,13,26,41,45,47,60,66,63,53,65,49,65,58,60,54,34,52,38,31,35,53,53,55,34,46,42,36,63,56,52,60,61,64,50,59,40,39,52,31,37,30,30,32,39,23,25,28,27,29,27,34,20,19,16,23,14,16,14,25,16,15,9,15,8,14,12,9,8,5,8,4,2,9,1,2,1,4,2,0,1,0,1,0,0,2304,25,24,33,30,20,29,30,33,25,30,25,34,38,30,29,24,36,53,27,20,30,17,16,30,21,23,24,27,17,24,33,19,19,28,25,14,12,20,25,27,31,21,21,34,44,38,37,32,27,34,37,44,30,41,36,34,28,25,30,27,24,18,24,35,26,22,25,22,15,25,18,18,20,23,23,16,20,18,22,13,13,14,17,15,11,11,16,9,9,7,10,7,8,7,4,6,8,3,2,3,0,0,0,4437,2173,172,138,136,121,47,17,22,70,112,100,93,131,168,184,145,47,65,48,85,86,84,52,50,2264,132,147,156,112,47,28,17,65,112,123,97,150,168,187,144,42,85,47,62,101,85,64,93,1030,990,5,5,0,0,0,0,0,0,0,0,0,0,0,0,5,0,0,5,0,0,0,0,0,0,0,0,0,0,0,0,0,0,952,952,946,0,0,923,23,0,0,0,0,0,0,1,5,0,0,5,0,0,0,0,0,0,0,0,0,0,0,0,0,0,33,33,15,0,0,15,0,0,0,0,0,0,0,8,10,0,0,10,0,0,0,0,0,0,0,0,0,0,0,0,0,0,40,1,1,0,0,0,0,0,0,0,0,0,0,0,0,1,0,0,1,0,0,0,0,0,0,0,0,0,0,0,0,0,0,11,11,7,0,0,1,6,0,0,0,0,0,0,1,3,0,0,3,0,0,0,0,0,0,0,0,0,0,0,0,0,0,28,28,0,0,0,0,0,0,0,0,0,0,0,23,5,0,0,5,0,0,0,0,0,0,0,0,0,0,0,0,0,0
"G0800750","2010","CO","4","8","Colorado","08","Logan County","075",,,,,,,,,,,,,,,"44540","99999","999",,,,,,,,,,,,,,,,,"4761813494","16363561","Logan County","A","+40.7280911","-103.0904639","06","2",,22709,12924,122,112,105,120,130,129,129,144,112,125,145,143,139,123,141,141,142,168,256,287,247,218,205,193,215,217,229,233,235,273,233,189,191,192,200,197,168,207,182,208,189,195,170,181,179,189,183,203,188,213,210,201,227,181,195,188,142,165,166,149,154,120,146,120,98,98,84,93,84,86,74,83,67,58,60,49,61,58,52,42,53,44,39,42,34,29,37,28,18,17,9,12,3,2,1,0,1,3,3,2,0,1,0,9785,102,135,120,118,114,117,114,116,110,128,126,120,130,121,138,112,114,137,157,181,175,115,104,95,103,95,136,104,109,119,114,106,102,98,91,99,99,97,107,115,96,99,97,89,122,121,140,156,140,156,146,129,159,165,136,156,142,142,126,117,127,122,103,128,84,98,95,82,84,89,92,73,71,78,70,69,58,101,74,62,50,56,56,62,47,55,70,43,59,42,28,23,38,15,17,14,12,4,2,4,1,0,0,18805,9313,589,639,685,406,240,139,123,325,568,507,509,561,646,774,679,241,328,167,244,326,257,206,154,9492,589,585,632,351,223,124,105,297,559,511,514,501,708,732,680,249,315,192,255,379,358,261,372,3904,3611,51,50,34,0,0,34,0,0,0,16,0,12,4,0,0,0,0,0,0,0,1,0,0,0,0,1,0,1,0,0,0,0,3487,3229,3195,0,0,3134,0,61,0,26,0,5,21,8,0,0,0,0,0,0,258,219,0,0,0,39,0,38,0,0,0,1,73,73,48,0,0,48,0,0,0,0,0,0,0,25,0,0,0,0,0,0,0,0,0,0,0,0,0,0,0,0,0,0,293,15,14,0,0,0,0,0,0,0,14,0,14,0,0,0,0,0,0,0,0,1,0,0,0,0,1,0,0,0,0,0,1,201,16,9,0,0,8,0,1,0,3,0,3,0,4,0,0,0,0,0,0,185,172,0,0,0,13,0,12,0,0,0,1,77,77,0,0,0,0,0,0,0,0,0,0,0,77,0,0,0,0,0,0,0,0,0,0,0,0,0,0,0,0,0,0
"G0800770","2010","CO","4","8","Colorado","08","Mesa County","077",,,,,,,,,,,,,,,"24300","99999","999",,,,,,,,,,,,,,,,,"8622002815","31466745","Mesa County","A","+39.0194924","-108.4618366","06","1",,146723,72866,1046,979,1046,983,931,995,1009,991,982,967,956,943,919,952,941,984,982,1000,1112,1206,1039,974,991,1076,1063,1084,1072,1059,1001,1020,1066,963,885,907,884,868,825,848,945,872,878,833,815,826,826,920,935,911,1030,1026,1131,1055,1082,1081,1132,1067,1013,991,1026,966,930,886,891,844,656,694,690,650,578,537,498,510,417,484,425,395,385,371,340,354,315,274,278,224,232,200,195,154,136,105,59,75,62,40,27,12,11,8,8,1,5,0,0,73857,947,948,1018,1049,1012,943,928,886,915,917,925,907,887,842,970,863,955,999,1038,1120,1101,956,994,966,928,979,936,992,981,971,968,889,869,843,807,782,798,776,831,845,867,835,769,797,839,910,1028,1012,1112,1102,1143,1071,1107,1113,1097,1152,1126,1034,966,984,1006,876,947,903,657,725,741,666,613,577,594,533,525,533,463,468,454,416,420,408,428,404,409,362,337,320,286,245,218,202,172,136,104,106,74,62,29,28,26,16,21,2,0,143092,70785,4983,4942,4702,2864,1733,858,883,2987,5089,4608,4260,4085,4716,5372,4979,1805,2372,1374,1743,2306,1818,1282,1024,72307,4970,4582,4513,2767,1659,937,910,2840,4816,4342,4000,4070,5125,5495,5238,1872,2493,1462,1845,2613,2117,1845,1796,3631,2081,115,70,1,0,0,0,1,0,0,69,0,22,47,0,0,0,0,0,0,0,45,2,0,0,0,43,0,0,0,0,39,4,1764,576,529,0,0,0,382,147,0,12,0,4,8,31,4,2,2,0,0,0,1188,685,0,0,0,503,16,63,54,0,173,197,202,182,3,0,0,0,3,0,0,0,0,0,0,168,11,3,0,8,0,0,20,0,0,0,0,20,0,7,3,0,5,5,1550,79,27,0,0,0,0,0,0,0,27,0,17,10,0,0,0,0,0,0,0,52,3,0,0,0,49,0,0,0,0,32,17,1026,141,96,0,0,0,61,35,0,3,0,2,1,42,0,0,0,0,0,0,885,663,0,0,0,222,6,39,24,0,82,71,445,426,0,0,0,0,0,0,0,0,0,0,0,422,4,0,0,4,0,0,19,0,0,0,0,19,0,13,2,0,0,4
"G0800790","2010","CO","4","8","Colorado","08","Mineral County","079",,,,,,,,,,,,,,,"99999","99999","999",,,,,,,,,,,,,,,,,"2267965576","5222183","Mineral County","A","+37.6514782","-106.9322997","06","9",,712,362,0,2,2,1,3,4,1,8,5,4,3,3,1,1,6,5,9,3,6,3,2,2,2,1,6,1,3,0,8,5,1,1,4,1,3,6,3,2,0,5,2,5,2,2,0,1,4,11,6,4,11,7,5,7,3,8,12,10,10,10,9,8,10,8,6,10,6,2,9,5,5,4,3,4,0,5,0,2,3,6,2,2,2,0,1,2,1,1,0,0,0,0,0,0,0,0,0,0,0,0,0,0,0,350,9,2,0,0,1,1,6,3,1,1,3,3,1,4,1,1,1,2,3,0,0,1,4,2,1,2,10,2,5,1,3,2,5,3,1,2,3,2,9,1,4,1,1,1,2,9,8,3,12,3,5,11,7,6,4,7,9,8,3,7,13,6,5,15,9,7,8,8,4,10,6,3,5,5,3,3,2,5,2,3,0,4,2,0,0,0,4,0,1,1,1,1,0,1,0,0,0,0,0,0,0,0,0,712,362,8,22,14,17,9,2,2,9,17,10,16,11,26,33,50,17,24,16,16,16,16,7,4,350,12,12,12,4,3,0,1,7,20,14,17,9,35,33,34,19,29,15,22,22,15,6,9,0,0,0,0,0,0,0,0,0,0,0,0,0,0,0,0,0,0,0,0,0,0,0,0,0,0,0,0,0,0,0,0,0,0,0,0,0,0,0,0,0,0,0,0,0,0,0,0,0,0,0,0,0,0,0,0,0,0,0,0,0,0,0,0,0,0,0,0,0,0,0,0,0,0,0,0,0,0,0,0,0,0,0,0,0,0,0,0,0,0,0,0,0,0,0,0,0,0,0,0,0,0,0,0,0,0,0,0,0,0,0,0,0,0,0,0,0,0,0,0,0,0,0,0,0,0,0,0,0,0,0,0,0,0,0,0,0,0,0,0,0,0,0,0,0,0,0,0,0,0,0,0,0,0,0,0,0,0,0,0,0,0,0,0,0,0,0,0,0,0,0,0,0,0,0,0,0,0,0,0,0,0,0,0,0,0,0,0,0,0,0,0,0,0,0
"G0800810","2010","CO","4","8","Colorado","08","Moffat County","081",,,,,,,,,,,,,,,"99999","99999","999",,,,,,,,,,,,,,,,,"12285064917","19741780","Moffat County","A","+40.5739839","-108.2045214","06","9",,13795,7047,110,118,105,139,131,106,104,90,112,132,124,90,105,98,97,92,91,111,99,76,80,76,77,81,101,77,94,94,104,92,115,102,88,105,89,85,99,79,75,76,89,84,91,81,89,103,113,96,122,100,105,103,107,116,117,106,131,118,106,96,77,79,91,77,59,60,54,58,53,41,54,33,33,35,24,26,16,17,32,22,19,18,11,9,9,8,11,7,5,5,3,4,0,0,3,1,0,1,0,0,0,0,0,6748,86,89,112,93,97,108,108,104,111,127,93,97,105,83,88,79,101,97,85,86,78,77,94,67,73,115,85,98,98,89,93,76,81,87,85,91,60,95,75,92,97,73,74,80,88,94,98,118,100,118,95,110,104,135,114,102,105,94,93,89,83,73,79,64,28,70,46,50,54,39,36,31,29,26,28,25,42,25,27,27,22,21,30,18,21,14,18,18,20,5,7,10,5,2,6,3,3,1,1,0,2,0,0,13693,6994,603,544,514,294,175,78,74,249,455,496,407,431,532,545,556,155,221,113,152,176,112,65,47,6699,477,558,466,277,171,78,77,230,484,421,413,412,528,555,478,154,169,116,142,147,140,106,100,102,53,0,0,0,0,0,0,0,0,0,0,0,0,0,0,0,0,0,0,0,0,0,0,0,0,0,0,0,0,0,0,0,0,46,31,30,0,0,0,0,30,0,0,0,0,0,1,0,0,0,0,0,0,15,0,0,0,0,15,0,4,0,0,11,0,7,7,0,0,0,0,0,0,0,0,0,0,0,7,0,0,0,0,0,0,0,0,0,0,0,0,0,0,0,0,0,0,49,0,0,0,0,0,0,0,0,0,0,0,0,0,0,0,0,0,0,0,0,0,0,0,0,0,0,0,0,0,0,0,0,18,14,5,0,0,0,0,5,0,0,0,0,0,9,0,0,0,0,0,0,4,0,0,0,0,4,0,0,0,0,4,0,31,31,0,0,0,0,0,0,0,0,0,0,0,31,0,0,0,0,0,0,0,0,0,0,0,0,0,0,0,0,0,0
"G0800830","2010","CO","4","8","Colorado","08","Montezuma County","083",,,,,,,,,,,,,,,"99999","99999","999",,,,,,,,,,,,,,,,,"5256450876","27516854","Montezuma County","A","+37.3380246","-108.5957863","06","9",,25535,12605,169,162,177,195,150,179,153,165,179,192,177,164,177,175,163,166,177,208,141,112,133,116,123,146,141,125,140,149,125,133,130,142,104,125,151,122,119,146,147,158,149,186,129,117,168,139,161,156,174,213,207,194,196,200,183,211,206,208,195,232,191,182,211,178,170,140,152,128,117,118,114,118,107,91,84,65,86,66,83,67,69,51,38,44,52,31,29,28,22,28,20,18,11,4,6,1,4,1,0,0,0,0,0,12930,147,155,142,175,141,147,160,168,177,155,164,149,164,151,152,171,161,192,145,113,120,102,136,119,124,137,114,145,125,134,162,131,141,134,123,132,143,150,140,133,173,159,166,144,169,160,172,184,204,193,222,206,250,215,202,235,235,237,196,181,219,198,224,199,137,159,134,161,128,124,102,102,108,87,89,70,88,85,64,91,74,69,67,64,49,49,47,54,27,31,34,18,24,20,11,16,7,4,5,5,8,1,0,25298,12504,852,868,852,550,251,132,115,406,661,649,686,742,829,974,1041,372,556,292,362,509,364,248,193,12794,760,805,779,524,257,118,102,379,652,686,698,807,908,1092,1081,415,560,291,413,479,387,309,292,237,101,6,0,0,0,0,0,0,0,0,0,0,0,0,0,0,0,0,0,0,0,6,0,0,0,0,6,0,0,0,0,0,6,70,36,21,0,0,0,0,21,0,0,0,0,0,15,0,0,0,0,0,0,34,0,0,0,0,34,10,2,4,0,1,17,25,21,0,0,0,0,0,0,0,0,0,0,0,21,0,0,0,0,0,0,4,0,0,0,0,4,1,3,0,0,0,0,136,3,0,0,0,0,0,0,0,0,0,0,0,0,0,0,0,0,0,0,0,3,0,0,0,0,3,0,0,0,0,0,3,28,12,3,0,0,0,0,3,0,0,0,0,0,9,0,0,0,0,0,0,16,0,0,0,0,16,1,4,0,0,0,11,105,101,0,0,0,0,0,0,0,0,0,0,0,101,0,0,0,0,0,0,4,0,0,0,0,4,0,0,0,0,3,1
"G0800850","2010","CO","4","8","Colorado","08","Montrose County","085",,,,,,,,,,,,,,,"33940","99999","999",,,,,,,,,,,,,,,,,"5803373218","4923280","Montrose County","A","+38.4134267","-108.2630424","06","2",,41276,20310,266,258,276,284,273,281,299,283,321,286,287,279,327,318,287,314,303,297,259,178,155,187,185,201,217,207,246,241,253,238,228,192,227,191,192,232,246,182,266,237,229,249,245,250,230,263,268,271,288,313,324,305,326,309,297,300,303,281,266,284,266,293,296,301,211,224,238,223,224,169,195,173,211,178,151,143,103,124,109,117,103,86,80,70,72,57,38,58,46,37,31,23,21,17,11,3,3,4,0,0,1,0,0,20966,241,238,271,269,264,244,268,269,282,301,266,292,300,302,285,292,303,253,221,174,181,150,189,169,197,204,222,266,225,232,246,219,202,207,239,230,231,257,219,251,286,221,217,225,286,291,283,265,311,328,318,340,304,337,285,333,320,315,315,303,289,283,309,301,224,244,230,228,245,187,206,214,200,155,147,151,139,136,142,139,103,105,121,113,93,80,113,101,88,65,48,53,36,33,28,20,13,11,4,6,9,0,0,40734,20077,1352,1468,1496,914,435,151,183,579,1162,1017,1142,1193,1392,1544,1427,559,804,459,611,901,583,394,311,20657,1278,1362,1444,848,391,181,148,550,1141,1109,1180,1232,1471,1580,1586,570,830,471,652,912,690,491,540,542,233,9,5,0,0,0,0,0,0,0,5,0,0,5,0,0,0,0,0,0,0,4,0,0,0,0,4,0,0,0,0,1,3,140,106,98,0,0,0,98,0,0,0,0,0,0,8,0,0,0,0,0,0,34,0,0,0,0,34,0,13,0,0,4,17,84,49,2,0,0,0,2,0,0,0,0,0,0,47,0,0,0,0,0,0,35,0,0,0,0,35,0,25,0,0,10,0,309,8,7,0,0,0,0,0,0,0,7,0,0,7,0,0,0,0,0,0,0,1,0,0,0,0,1,0,0,0,0,0,1,51,29,15,0,0,0,15,0,0,6,0,0,6,8,0,0,0,0,0,0,22,0,0,0,0,22,0,12,0,0,2,8,250,141,0,0,0,0,0,0,0,0,0,0,0,141,0,0,0,0,0,0,109,0,0,0,0,109,0,75,0,0,33,1
"G0800870","2010","CO","4","8","Colorado","08","Morgan County","087",,,,,,,,,,,,,,,"22820","99999","999",,,,,,,,,,,,,,,,,"3316304952","34473998","Morgan County","A","+40.2623535","-103.8070921","06","2",,28159,13898,221,208,225,195,224,222,221,213,231,241,230,232,218,235,214,207,225,227,196,184,175,168,141,155,181,172,189,187,177,193,201,160,171,137,155,146,162,149,147,191,186,180,193,173,176,197,176,232,216,210,225,180,213,191,210,173,173,176,138,154,142,126,141,150,100,123,125,92,98,81,99,95,79,100,84,73,64,66,57,62,55,57,52,40,38,40,41,22,23,15,8,7,13,10,1,7,1,6,5,0,2,0,0,14261,225,258,223,200,185,221,199,230,207,203,225,215,206,200,209,225,224,231,180,163,164,172,166,190,226,175,169,187,168,174,177,167,175,140,162,173,153,181,178,179,161,178,175,174,181,181,189,182,185,219,196,193,199,189,200,167,168,192,172,148,141,141,142,132,127,139,109,115,106,98,117,99,82,80,96,80,79,90,77,71,96,70,68,67,67,54,51,43,31,35,36,26,36,22,21,16,17,6,10,5,8,1,0,27595,13718,1073,1128,1129,659,370,170,166,468,901,813,788,892,1018,1007,808,266,386,246,267,450,313,231,169,13877,1091,1060,1055,680,340,160,166,557,824,781,828,834,938,965,839,282,399,246,314,467,379,344,328,564,180,0,0,0,0,0,0,0,0,0,0,0,0,0,0,0,0,0,0,0,0,0,0,0,0,0,0,0,0,0,0,0,0,115,102,86,0,0,0,86,0,0,0,0,0,0,16,0,0,0,0,0,0,13,0,0,0,0,13,7,6,0,0,0,0,65,65,0,0,0,0,0,0,0,0,0,0,0,65,0,0,0,0,0,0,0,0,0,0,0,0,0,0,0,0,0,0,384,0,0,0,0,0,0,0,0,0,0,0,0,0,0,0,0,0,0,0,0,0,0,0,0,0,0,0,0,0,0,0,0,238,236,226,0,0,214,12,0,0,0,0,0,0,10,0,0,0,0,0,0,2,0,0,0,0,2,2,0,0,0,0,0,146,146,0,0,0,0,0,0,0,0,0,0,0,146,0,0,0,0,0,0,0,0,0,0,0,0,0,0,0,0,0,0
"G0800890","2010","CO","4","8","Colorado","08","Otero County","089",,,,,,,,,,,,,,,"99999","99999","999",,,,,,,,,,,,,,,,,"3268465106","20052451","Otero County","A","+37.8841698","-103.7212597","06","9",,18831,9221,103,127,131,117,116,159,143,143,149,116,134,136,133,161,133,147,145,151,140,166,135,96,101,86,101,108,84,86,88,89,99,87,98,93,98,85,96,83,100,102,105,112,87,92,97,133,125,134,103,119,140,125,133,162,119,134,140,143,134,133,140,123,121,104,88,101,95,98,87,76,77,82,77,76,72,75,66,76,56,57,52,41,49,33,23,29,20,19,18,11,10,10,7,3,0,6,5,0,1,1,1,0,0,9610,116,103,129,121,116,142,115,140,122,131,111,129,109,103,105,141,139,144,140,139,125,102,96,91,106,110,108,105,106,113,103,99,91,101,104,114,74,98,95,108,124,87,102,113,101,142,117,139,124,142,141,125,140,114,148,132,140,137,142,117,124,123,129,118,97,98,98,97,93,106,97,102,99,80,63,93,82,81,61,79,79,56,49,71,40,48,48,42,36,22,29,19,20,10,12,8,15,4,3,3,2,3,0,18398,8981,594,710,677,426,243,103,84,280,448,471,461,487,614,673,678,262,312,196,254,375,324,189,120,9417,585,650,557,424,221,101,99,283,540,498,488,526,664,667,666,246,342,195,290,434,390,282,269,433,240,37,36,0,0,0,0,0,0,0,36,0,36,0,0,0,0,0,0,0,0,1,1,0,0,0,0,0,0,0,0,0,0,151,23,0,0,0,0,0,0,0,2,0,2,0,21,0,0,0,0,0,0,128,114,0,0,0,14,0,14,0,0,0,0,52,50,0,0,0,0,0,0,0,0,0,0,0,50,0,0,0,0,0,0,2,0,0,0,0,2,0,2,0,0,0,0,193,0,0,0,0,0,0,0,0,0,0,0,0,0,0,0,0,0,0,0,0,0,0,0,0,0,0,0,0,0,0,0,0,105,4,0,0,0,0,0,0,0,0,0,0,0,4,0,0,0,0,0,0,101,92,0,0,0,9,0,9,0,0,0,0,88,88,0,0,0,0,0,0,0,0,0,0,0,88,0,0,0,0,0,0,0,0,0,0,0,0,0,0,0,0,0,0
"G0800910","2010","CO","4","8","Colorado","08","Ouray County","091",,,,,,,,,,,,,,,"99999","99999","999",,,,,,,,,,,,,,,,,"1402718909","1599543","Ouray County","A","+38.1505999","-107.7671334","06","9",,4436,2224,13,22,18,25,19,17,22,21,21,25,27,19,19,27,29,26,26,29,34,16,9,7,8,9,7,9,10,23,16,13,14,21,14,23,26,27,19,36,32,35,31,21,18,33,28,32,32,39,33,45,33,37,55,42,40,50,49,50,53,42,55,53,53,41,44,45,26,48,31,25,24,37,21,22,16,11,14,11,7,13,7,5,9,2,11,4,3,1,2,1,2,0,1,1,1,0,0,0,0,1,0,0,0,2212,20,10,18,9,28,14,28,14,32,20,27,26,29,28,15,25,27,22,19,6,8,8,8,5,11,13,20,18,20,14,14,13,12,23,20,27,30,25,26,29,23,33,24,31,37,28,32,34,40,51,44,58,34,67,40,52,52,46,49,61,47,39,62,52,40,41,40,39,33,27,20,13,22,16,11,5,6,15,9,12,7,10,7,5,10,4,5,5,2,4,1,3,1,2,0,0,0,0,0,0,0,0,0,4436,2224,97,106,121,81,50,9,7,24,71,98,149,131,181,207,244,108,138,71,104,120,56,34,17,2212,85,108,125,74,25,8,8,24,85,82,137,148,185,243,260,86,154,81,99,82,47,39,27,0,0,0,0,0,0,0,0,0,0,0,0,0,0,0,0,0,0,0,0,0,0,0,0,0,0,0,0,0,0,0,0,0,0,0,0,0,0,0,0,0,0,0,0,0,0,0,0,0,0,0,0,0,0,0,0,0,0,0,0,0,0,0,0,0,0,0,0,0,0,0,0,0,0,0,0,0,0,0,0,0,0,0,0,0,0,0,0,0,0,0,0,0,0,0,0,0,0,0,0,0,0,0,0,0,0,0,0,0,0,0,0,0,0,0,0,0,0,0,0,0,0,0,0,0,0,0,0,0,0,0,0,0,0,0,0,0,0,0,0,0,0,0,0,0,0,0,0,0,0,0,0,0,0,0,0,0,0,0,0,0,0,0,0,0,0,0,0,0,0,0,0,0,0,0,0,0,0,0,0,0,0,0,0,0,0,0,0,0,0,0,0,0,0,0
"G0800930","2010","CO","4","8","Colorado","08","Park County","093",,,,,,,,,,,,,,,"19740","99999","216",,,,,,,,,,,,,,,,,"5682034441","43530574","Park County","A","+39.1189141","-105.7176479","06","1",,16206,8504,73,83,76,86,100,83,91,79,75,85,102,98,94,93,106,103,80,107,95,68,52,52,48,59,51,48,59,72,80,82,79,84,79,82,77,116,119,99,106,127,127,121,109,106,134,153,150,163,176,198,207,206,197,189,203,198,207,170,174,175,177,147,184,139,126,125,100,114,90,86,84,57,45,46,39,43,27,24,20,25,12,16,11,11,7,5,8,10,5,0,5,1,1,2,0,1,0,0,0,0,0,0,0,7702,78,75,59,92,73,76,83,82,92,79,86,76,79,89,88,76,107,104,68,52,42,40,35,49,46,39,43,60,78,83,70,68,65,81,66,92,89,111,87,119,129,133,106,132,97,142,156,142,181,163,174,211,203,192,175,192,170,164,159,155,173,142,142,136,95,108,90,84,71,81,58,37,33,27,28,33,26,18,25,14,15,18,19,9,13,12,8,11,5,3,1,4,1,1,5,0,1,0,1,0,1,0,0,16114,8429,418,412,492,284,160,51,46,149,327,393,563,593,834,996,919,324,448,225,290,271,139,57,38,7685,377,411,417,287,117,42,39,129,301,347,497,597,783,954,839,314,373,198,236,183,116,74,54,92,75,8,8,0,0,0,0,0,0,0,8,8,0,0,0,0,0,0,0,0,0,0,0,0,0,0,0,0,0,0,0,0,0,67,66,65,0,0,0,65,0,0,1,1,0,0,0,0,0,0,0,0,0,1,0,0,0,0,1,0,1,0,0,0,0,0,0,0,0,0,0,0,0,0,0,0,0,0,0,0,0,0,0,0,0,0,0,0,0,0,0,0,0,0,0,0,0,17,2,2,0,0,0,0,0,0,0,2,2,0,0,0,0,0,0,0,0,0,0,0,0,0,0,0,0,0,0,0,0,0,15,10,9,0,0,0,9,0,0,1,1,0,0,0,0,0,0,0,0,0,5,0,0,0,0,5,0,5,0,0,0,0,0,0,0,0,0,0,0,0,0,0,0,0,0,0,0,0,0,0,0,0,0,0,0,0,0,0,0,0,0,0,0,0
"G0800950","2010","CO","4","8","Colorado","08","Phillips County","095",,,,,,,,,,,,,,,"99999","99999","999",,,,,,,,,,,,,,,,,"1781724987","301808","Phillips County","A","+40.5947117","-102.3451047","06","9",,4442,2172,21,25,25,34,35,34,39,21,31,32,29,36,32,34,26,31,34,28,39,12,19,16,21,17,30,22,25,21,23,23,29,16,22,22,20,18,30,19,18,26,21,30,28,27,38,35,30,26,30,32,39,25,39,33,26,42,34,24,29,30,27,29,24,32,16,22,25,17,19,19,20,13,20,23,13,15,17,9,23,21,9,12,13,10,12,8,2,9,11,8,4,1,4,3,0,4,1,1,1,0,2,0,0,2270,26,28,29,31,26,33,27,37,39,27,32,27,33,34,32,33,35,46,29,10,21,13,16,19,22,17,23,26,19,17,27,23,22,27,18,18,27,18,25,30,27,25,25,26,18,27,31,27,34,31,39,31,42,32,33,29,28,24,26,25,28,27,30,20,15,15,23,29,19,27,13,14,21,25,21,27,16,23,19,24,20,16,17,15,12,17,17,9,21,13,8,4,11,8,4,8,6,3,2,0,1,0,0,4382,2151,140,157,157,93,51,19,16,68,114,109,111,144,153,162,158,55,72,47,54,89,82,53,47,2231,140,163,158,114,39,21,13,57,102,117,118,121,150,177,132,55,65,38,75,92,105,73,106,60,21,0,0,0,0,0,0,0,0,0,0,0,0,0,0,0,0,0,0,0,0,0,0,0,0,0,0,0,0,0,0,0,0,2,2,0,0,0,0,0,0,0,0,0,0,0,2,0,0,0,0,0,0,0,0,0,0,0,0,0,0,0,0,0,0,19,19,0,0,0,0,0,0,0,0,0,0,0,11,8,0,8,0,0,0,0,0,0,0,0,0,0,0,0,0,0,0,39,0,0,0,0,0,0,0,0,0,0,0,0,0,0,0,0,0,0,0,0,0,0,0,0,0,0,0,0,0,0,0,0,0,0,0,0,0,0,0,0,0,0,0,0,0,0,0,0,0,0,0,0,0,0,0,0,0,0,0,0,0,0,0,0,39,39,0,0,0,0,0,0,0,0,0,0,0,29,10,0,10,0,0,0,0,0,0,0,0,0,0,0,0,0,0,0
"G0800970","2010","CO","4","8","Colorado","08","Pitkin County","097",,,,,,,,,,,,,,,"99999","99999","999",,,,,,,,,,,,,,,,,"2514094239","6469384","Pitkin County","A","+39.2175333","-106.9159433","06","9",,17148,9095,76,72,90,67,90,97,75,91,96,89,89,72,83,82,72,99,103,95,89,50,61,70,67,106,107,155,194,153,143,166,142,134,103,116,99,145,146,151,155,173,173,142,180,134,150,151,143,133,112,151,156,145,181,170,148,167,154,170,146,149,141,154,123,154,111,115,107,116,94,69,70,49,51,53,41,53,31,37,31,25,32,24,16,13,13,15,5,6,5,8,3,5,2,4,0,1,0,0,0,0,0,0,0,8053,76,65,67,80,75,51,96,89,69,88,91,79,98,104,83,74,88,88,59,27,36,46,62,120,112,133,138,126,138,131,99,113,117,126,96,113,122,98,127,125,130,130,126,124,125,126,141,151,128,144,160,171,134,178,141,136,140,153,142,143,141,106,133,130,125,100,87,87,71,64,53,43,31,44,37,20,25,25,20,21,22,10,19,21,13,8,9,10,5,9,2,6,0,3,2,0,0,0,1,2,0,0,0,17076,9038,393,448,396,297,138,59,68,278,806,589,768,773,684,797,779,294,385,222,277,262,175,98,52,8038,362,393,455,250,86,36,46,293,662,546,584,634,690,782,714,247,388,187,222,208,111,85,57,72,57,4,0,0,0,0,0,0,0,0,0,0,0,0,0,0,0,0,0,0,0,4,0,0,0,0,4,0,0,0,0,2,2,45,17,17,0,0,0,17,0,0,0,0,0,0,0,0,0,0,0,0,0,28,1,0,0,0,27,4,1,0,0,6,16,8,0,0,0,0,0,0,0,0,0,0,0,0,0,0,0,0,0,0,0,8,0,0,0,0,8,0,0,0,0,0,8,15,1,0,0,0,0,0,0,0,0,0,0,0,0,0,0,0,0,0,0,0,1,0,0,0,0,1,0,0,0,0,1,0,14,0,0,0,0,0,0,0,0,0,0,0,0,0,0,0,0,0,0,0,14,3,0,0,0,11,0,0,0,0,10,1,0,0,0,0,0,0,0,0,0,0,0,0,0,0,0,0,0,0,0,0,0,0,0,0,0,0,0,0,0,0,0,0
"G0800990","2010","CO","4","8","Colorado","08","Prowers County","099",,,,,,,,,,,,,,,"99999","99999","999",,,,,,,,,,,,,,,,,"4243422095","15352661","Prowers County","A","+37.9581814","-102.3921613","06","9",,12551,6203,105,112,89,108,96,96,110,95,79,101,108,108,82,106,92,102,97,108,101,103,82,82,74,63,68,73,69,75,76,63,97,76,68,62,68,66,69,74,69,83,76,52,66,68,67,60,70,75,92,94,95,86,83,102,88,90,94,86,77,68,72,75,93,61,65,55,55,60,47,32,51,42,47,27,39,28,27,26,26,28,22,21,29,20,16,13,14,17,9,9,10,10,7,2,4,0,0,0,0,0,0,0,0,6348,86,95,88,91,97,89,100,95,104,86,75,92,96,79,88,99,83,67,98,108,77,72,85,71,73,71,93,66,71,81,73,88,85,59,66,85,59,56,73,65,81,69,56,61,69,72,74,75,100,115,90,102,70,96,81,91,84,85,95,87,76,81,91,64,56,50,43,70,52,52,54,50,43,30,48,49,40,40,39,37,38,34,24,42,22,26,25,17,19,17,10,20,13,9,6,5,8,3,2,1,2,2,0,12236,6038,510,481,496,306,156,56,67,196,344,368,354,324,389,447,410,147,218,109,137,203,131,107,82,6198,457,474,430,247,151,62,68,221,381,370,338,333,434,435,441,156,211,93,173,223,197,146,157,315,165,1,0,0,0,0,0,0,0,0,0,0,0,0,0,0,0,0,0,0,0,1,1,0,0,0,0,0,0,0,0,0,0,140,38,32,0,0,0,32,0,0,0,0,0,0,6,0,0,0,0,0,0,102,86,0,0,0,16,0,16,0,0,0,0,24,24,0,0,0,0,0,0,0,0,0,0,0,24,0,0,0,0,0,0,0,0,0,0,0,0,0,0,0,0,0,0,150,2,0,0,0,0,0,0,0,0,0,0,0,0,0,0,0,0,0,0,0,2,2,0,0,0,0,0,0,0,0,0,0,95,7,3,0,0,0,3,0,0,0,0,0,0,4,0,0,0,0,0,0,88,78,0,0,0,10,0,10,0,0,0,0,53,53,0,0,0,0,0,0,0,0,0,0,0,53,0,0,0,0,0,0,0,0,0,0,0,0,0,0,0,0,0,0
"G0801010","2010","CO","4","8","Colorado","08","Pueblo County","101",,,,,,,,,,,,,,,"39380","99999","999",,,,,,,,,,,,,,,,,"6179980907","30279808","Pueblo County","A","+38.1706581","-104.4898925","06","1",,159063,78201,1086,1074,1120,1099,1049,1114,1121,1111,1129,1128,1109,1127,1127,1047,1170,1122,1153,1225,1246,1321,1163,991,929,956,1019,963,909,963,910,983,1051,941,904,863,893,945,866,856,1002,1015,982,977,913,939,954,1005,1026,1117,1092,1110,1065,1085,1146,1082,1125,1085,1111,1039,1000,1030,1038,989,1050,964,775,717,707,684,622,546,574,567,576,463,463,435,421,411,423,367,378,322,313,283,253,245,190,158,139,120,97,60,47,36,23,20,19,12,7,1,3,0,0,80862,943,1023,1025,1091,1036,982,1030,1071,1071,1114,1113,1034,1018,1004,1059,1044,1093,1053,1160,1177,1063,942,1058,943,973,915,964,962,954,1057,977,994,935,929,875,921,852,897,949,1054,1034,965,865,927,980,1069,1072,1126,1140,1166,1183,1206,1137,1212,1189,1167,1200,1138,1131,1061,993,1025,1019,1058,800,758,787,765,704,662,649,605,614,569,532,524,509,507,522,515,502,432,430,424,375,328,338,262,260,220,162,171,144,96,76,47,49,32,24,25,23,2,0,154742,75724,5416,5598,5550,3429,2171,1008,899,2752,4511,4445,4515,4597,5187,5371,5148,1998,2731,1396,1813,2608,2008,1483,1090,79018,5112,5267,5220,3171,2069,1014,924,2900,4719,4595,4570,4668,5478,5858,5650,2001,2844,1531,2112,2922,2498,2024,1871,4321,2477,118,98,34,0,0,34,0,0,0,64,0,37,27,0,0,0,0,0,0,0,20,0,0,0,0,20,18,0,0,0,0,2,2055,1417,1011,0,0,159,438,414,0,19,0,9,10,385,2,0,2,0,0,0,638,358,0,0,0,280,38,114,30,0,10,88,304,277,2,0,0,0,0,2,0,0,0,0,0,275,0,0,0,0,0,0,27,0,0,0,0,27,0,14,0,0,2,11,1844,34,25,0,0,0,0,0,0,0,25,0,22,3,0,0,0,0,0,0,0,9,1,0,0,0,8,8,0,0,0,0,0,1124,650,514,0,0,10,81,423,0,5,0,5,0,128,3,0,3,0,0,0,474,297,0,0,0,177,27,56,16,0,7,71,686,659,0,0,0,0,0,0,0,0,0,0,0,659,0,0,0,0,0,0,27,0,0,0,0,27,0,8,0,0,0,19
"G0801030","2010","CO","4","8","Colorado","08","Rio Blanco County","103",,,,,,,,,,,,,,,"99999","99999","999",,,,,,,,,,,,,,,,,"8342179365","4868121","Rio Blanco County","A","+39.9726062","-108.2006849","06","9",,6666,3432,62,41,53,49,47,39,57,41,41,54,42,43,51,56,42,45,44,37,60,54,53,38,40,47,38,64,50,46,48,49,45,38,43,27,35,55,42,31,35,50,47,36,37,44,41,50,38,52,54,56,70,58,57,63,58,55,62,41,50,33,49,38,37,48,30,29,29,21,29,37,22,22,19,20,11,13,16,12,11,14,11,9,11,7,12,4,10,8,3,3,3,2,1,4,0,0,0,0,1,2,0,0,0,3234,40,47,46,58,48,41,38,34,51,37,37,43,31,54,46,53,34,39,49,52,53,35,39,37,40,47,41,43,38,47,41,43,30,44,40,35,27,26,42,48,41,40,33,28,37,41,49,45,61,66,51,70,56,50,73,36,46,32,39,47,43,32,39,40,34,22,24,17,28,26,30,19,33,16,16,22,10,10,17,13,15,11,13,10,6,15,8,5,7,5,6,6,5,2,3,5,3,2,1,0,0,0,0,6431,3318,252,232,234,126,75,27,32,115,247,184,211,202,250,306,241,87,114,58,86,94,64,49,32,3113,239,201,211,126,52,33,28,108,209,197,178,177,261,300,198,75,113,46,71,112,71,49,58,235,114,0,0,0,0,0,0,0,0,0,0,0,0,0,0,0,0,0,0,0,0,0,0,0,0,0,0,0,0,0,0,0,0,101,12,11,0,0,0,11,0,0,0,0,0,0,1,0,0,0,0,0,0,89,85,0,0,0,4,0,0,0,0,4,0,13,13,0,0,0,0,0,0,0,0,0,0,0,13,0,0,0,0,0,0,0,0,0,0,0,0,0,0,0,0,0,0,121,0,0,0,0,0,0,0,0,0,0,0,0,0,0,0,0,0,0,0,0,0,0,0,0,0,0,0,0,0,0,0,0,97,4,1,0,0,0,1,0,0,0,0,0,0,3,0,0,0,0,0,0,93,92,0,0,0,1,0,0,0,0,1,0,24,24,0,0,0,0,0,0,0,0,0,0,0,22,2,0,2,0,0,0,0,0,0,0,0,0,0,0,0,0,0,0
"G0801050","2010","CO","4","8","Colorado","08","Rio Grande County","105",,,,,,,,,,,,,,,"99999","99999","999",,,,,,,,,,,,,,,,,"2361959921","983955","Rio Grande County","A","+37.4857631","-106.4532135","06","9",,11982,5957,85,67,74,92,88,75,116,106,87,85,76,82,87,78,86,84,86,91,81,55,52,61,67,63,76,60,68,66,49,61,69,49,61,59,60,75,70,74,72,49,58,72,58,65,77,86,66,66,89,86,99,91,93,73,107,120,107,106,75,102,86,91,81,75,46,65,58,73,55,70,57,50,44,40,29,34,27,34,26,33,32,35,23,23,18,26,16,19,8,13,7,6,4,2,4,4,2,3,0,0,0,0,0,6025,86,76,66,73,85,87,73,80,71,93,116,79,69,89,63,77,94,103,71,58,70,62,62,72,59,65,56,60,53,61,69,62,98,61,59,64,70,61,63,72,82,60,82,63,66,86,74,93,86,100,94,101,92,101,104,96,101,94,87,72,95,68,89,74,52,72,60,70,62,58,59,25,47,37,34,43,34,31,32,48,31,38,28,21,18,26,15,11,25,14,21,10,7,6,3,5,3,4,0,2,5,0,0,11784,5839,406,469,409,260,134,52,61,200,296,294,330,325,387,456,504,175,195,121,193,211,149,119,93,5945,386,404,416,274,129,70,62,191,293,346,330,352,434,489,447,163,215,130,186,199,181,123,125,198,118,1,1,1,0,0,0,1,0,0,0,0,0,0,0,0,0,0,0,0,0,0,0,0,0,0,0,0,0,0,0,0,0,63,50,27,0,0,0,27,0,0,0,0,0,0,23,0,0,0,0,0,0,13,0,0,0,0,13,0,4,0,0,0,9,54,52,0,0,0,0,0,0,0,0,0,0,0,52,0,0,0,0,0,0,2,0,0,0,0,2,0,2,0,0,0,0,80,0,0,0,0,0,0,0,0,0,0,0,0,0,0,0,0,0,0,0,0,0,0,0,0,0,0,0,0,0,0,0,0,19,10,3,0,0,0,3,0,0,0,0,0,0,7,0,0,0,0,0,0,9,0,0,0,0,9,2,6,0,0,0,1,61,59,0,0,0,0,0,0,0,0,0,0,0,59,0,0,0,0,0,0,2,0,0,0,0,2,0,2,0,0,0,0
"G0801070","2010","CO","4","8","Colorado","08","Routt County","107",,,,,,,,,,,,,,,"99999","99999","999",,,,,,,,,,,,,,,,,"6117619255","15825586","Routt County","A","+40.4831597","-106.9852885","06","9",,23509,12497,116,124,125,146,150,134,132,134,158,156,142,134,128,169,116,156,145,160,141,171,143,143,124,170,238,211,199,180,201,204,181,175,185,227,200,185,178,205,220,220,204,223,181,135,162,192,206,165,176,207,225,234,219,224,225,207,232,233,231,190,177,169,178,159,118,132,97,82,86,72,66,55,63,41,32,38,36,30,26,25,15,21,18,7,7,5,12,5,3,7,3,1,3,2,4,1,1,0,0,0,3,0,0,11012,131,138,131,137,106,132,147,128,141,116,145,129,117,148,148,110,154,126,117,93,87,73,100,137,163,145,178,177,172,175,176,166,129,140,169,107,163,158,172,192,221,169,183,127,150,192,170,173,183,191,266,212,208,210,189,218,223,199,161,150,172,171,152,138,101,95,78,70,70,60,55,61,41,29,28,27,25,17,26,24,21,18,12,22,16,12,13,11,9,10,8,10,5,13,7,4,5,4,2,2,0,0,0,23174,12296,660,714,687,453,215,115,127,520,986,963,1005,903,943,1125,1092,346,454,228,240,256,153,66,45,10878,643,664,685,377,167,81,71,394,838,778,792,849,906,1083,950,343,391,173,200,211,117,82,83,335,201,11,0,0,0,0,0,0,0,0,0,0,0,0,0,0,0,0,0,0,0,11,0,0,0,0,11,0,0,0,0,11,0,179,9,9,0,0,0,0,9,0,0,0,0,0,0,0,0,0,0,0,0,170,143,0,0,0,27,0,1,2,0,24,0,11,0,0,0,0,0,0,0,0,0,0,0,0,0,0,0,0,0,0,0,11,0,0,0,0,11,0,0,11,0,0,0,134,15,0,0,0,0,0,0,0,0,0,0,0,0,0,0,0,0,0,0,0,15,1,0,0,0,14,0,0,0,0,14,0,75,5,5,0,0,0,0,5,0,0,0,0,0,0,0,0,0,0,0,0,70,51,0,0,0,19,0,4,1,0,14,0,44,0,0,0,0,0,0,0,0,0,0,0,0,0,0,0,0,0,0,0,44,0,0,0,0,44,0,0,44,0,0,0
"G0801090","2010","CO","4","8","Colorado","08","Saguache County","109",,,,,,,,,,,,,,,"99999","99999","999",,,,,,,,,,,,,,,,,"8206440775","4454555","Saguache County","A","+38.0339518","-106.2466749","06","9",,6108,3121,28,35,46,60,40,29,39,44,41,39,30,54,31,34,32,42,34,36,52,42,38,35,29,35,31,30,40,36,33,30,28,27,29,37,40,32,41,23,38,26,39,26,35,37,39,58,36,35,41,38,49,40,55,60,50,54,67,56,68,62,60,53,62,67,33,44,32,40,45,33,23,27,25,20,25,19,18,15,11,14,14,7,9,4,4,8,1,1,6,3,1,2,1,0,2,0,1,0,0,0,0,0,0,2987,45,47,42,39,38,48,30,55,42,37,40,40,32,32,25,39,44,47,43,34,25,27,23,35,34,41,36,21,29,30,38,31,28,30,23,33,28,30,32,26,24,24,32,46,39,54,42,45,57,38,47,55,50,38,39,51,63,70,49,42,69,43,51,55,27,46,37,21,32,40,28,21,20,21,16,17,16,11,10,14,11,11,6,9,8,5,11,5,9,2,2,3,2,2,0,1,0,1,0,0,0,0,0,6090,3104,209,192,181,112,94,38,34,91,164,159,159,174,207,253,307,113,162,76,118,120,77,38,26,2986,211,212,169,130,77,25,27,92,156,150,149,165,236,229,275,112,133,83,93,106,68,45,43,18,17,0,0,0,0,0,0,0,0,0,0,0,0,0,0,0,0,0,0,0,0,0,0,0,0,0,0,0,0,0,0,0,0,17,17,17,0,0,0,17,0,0,0,0,0,0,0,0,0,0,0,0,0,0,0,0,0,0,0,0,0,0,0,0,0,0,0,0,0,0,0,0,0,0,0,0,0,0,0,0,0,0,0,0,0,0,0,0,0,0,0,0,0,0,0,0,0,1,0,0,0,0,0,0,0,0,0,0,0,0,0,0,0,0,0,0,0,0,0,0,0,0,0,0,0,0,0,0,0,0,1,1,1,0,0,0,1,0,0,0,0,0,0,0,0,0,0,0,0,0,0,0,0,0,0,0,0,0,0,0,0,0,0,0,0,0,0,0,0,0,0,0,0,0,0,0,0,0,0,0,0,0,0,0,0,0,0,0,0,0,0,0,0,0
"G0801110","2010","CO","4","8","Colorado","08","San Juan County","111",,,,,,,,,,,,,,,"99999","99999","999",,,,,,,,,,,,,,,,,"1003588157","2035933","San Juan County","A","+37.7810745","-107.6702566","06","9",,699,392,6,3,3,7,4,3,7,4,5,3,5,9,6,2,9,3,2,3,0,2,4,1,4,5,0,4,11,2,8,4,4,7,2,7,2,6,2,6,7,8,4,4,7,3,5,11,3,10,2,6,6,6,8,8,9,8,3,8,7,9,4,4,7,16,1,5,9,8,6,4,2,2,0,1,5,2,1,1,0,2,0,0,1,0,0,1,1,0,1,0,0,0,0,0,1,0,0,0,0,0,0,0,0,307,4,2,5,0,2,4,4,0,3,2,3,1,3,1,2,3,0,5,2,0,0,1,3,5,3,9,5,4,9,6,1,6,7,3,2,5,12,5,3,2,5,5,5,0,3,7,3,5,8,4,1,5,6,5,8,9,6,7,3,8,4,8,7,14,1,4,1,6,4,2,2,1,1,1,1,2,2,0,1,0,0,0,1,1,0,1,0,0,0,0,0,1,0,1,0,0,0,0,0,0,0,0,0,699,392,23,22,31,8,2,4,1,9,29,22,29,23,32,37,35,8,24,14,18,10,6,1,4,307,13,13,10,8,2,0,1,11,33,19,27,18,27,25,33,12,22,5,12,6,5,2,3,0,0,0,0,0,0,0,0,0,0,0,0,0,0,0,0,0,0,0,0,0,0,0,0,0,0,0,0,0,0,0,0,0,0,0,0,0,0,0,0,0,0,0,0,0,0,0,0,0,0,0,0,0,0,0,0,0,0,0,0,0,0,0,0,0,0,0,0,0,0,0,0,0,0,0,0,0,0,0,0,0,0,0,0,0,0,0,0,0,0,0,0,0,0,0,0,0,0,0,0,0,0,0,0,0,0,0,0,0,0,0,0,0,0,0,0,0,0,0,0,0,0,0,0,0,0,0,0,0,0,0,0,0,0,0,0,0,0,0,0,0,0,0,0,0,0,0,0,0,0,0,0,0,0,0,0,0,0,0,0,0,0,0,0,0,0,0,0,0,0,0,0,0,0,0,0,0,0,0,0,0,0,0,0,0,0,0,0,0,0,0,0,0,0,0
"G0801130","2010","CO","4","8","Colorado","08","San Miguel County","113",,,,,,,,,,,,,,,"99999","99999","999",,,,,,,,,,,,,,,,,"3332308274","5213876","San Miguel County","A","+38.0093735","-108.4273260","06","9",,7359,3996,39,59,54,54,37,35,46,39,44,47,35,42,36,30,51,29,27,43,26,14,31,27,37,40,66,86,74,86,76,70,82,70,65,54,64,67,66,85,58,82,59,82,65,68,69,78,58,60,74,73,82,66,66,64,62,57,58,85,76,53,84,36,53,66,39,44,40,31,27,35,10,14,10,7,10,11,8,5,6,5,3,3,7,2,3,3,2,0,3,0,0,0,0,0,0,1,0,0,0,0,0,0,0,3363,32,46,42,54,40,43,44,37,46,31,39,39,38,37,40,45,28,19,21,16,15,17,32,54,44,59,43,54,52,64,55,54,47,51,57,60,39,48,58,81,82,55,63,58,58,59,69,54,46,58,58,54,70,74,63,39,62,59,57,69,60,38,39,36,35,39,24,26,21,11,14,9,10,6,11,6,4,3,6,10,5,4,3,2,2,1,3,0,2,1,0,2,0,0,0,1,0,1,0,0,0,0,0,7350,3989,243,211,194,99,40,31,27,142,391,334,357,341,343,339,329,120,158,84,93,51,35,18,9,3361,214,201,193,92,37,15,17,129,272,264,286,315,286,319,286,98,110,63,58,50,29,16,11,9,7,0,0,0,0,0,0,0,0,0,0,0,0,0,0,0,0,0,0,0,0,0,0,0,0,0,0,0,0,0,0,0,0,7,7,7,0,0,0,7,0,0,0,0,0,0,0,0,0,0,0,0,0,0,0,0,0,0,0,0,0,0,0,0,0,0,0,0,0,0,0,0,0,0,0,0,0,0,0,0,0,0,0,0,0,0,0,0,0,0,0,0,0,0,0,0,0,2,0,0,0,0,0,0,0,0,0,0,0,0,0,0,0,0,0,0,0,0,0,0,0,0,0,0,0,0,0,0,0,0,2,2,2,0,0,0,2,0,0,0,0,0,0,0,0,0,0,0,0,0,0,0,0,0,0,0,0,0,0,0,0,0,0,0,0,0,0,0,0,0,0,0,0,0,0,0,0,0,0,0,0,0,0,0,0,0,0,0,0,0,0,0,0,0
"G0801150","2010","CO","4","8","Colorado","08","Sedgwick County","115",,,,,,,,,,,,,,,"99999","99999","999",,,,,,,,,,,,,,,,,"1419419181","3530734","Sedgwick County","A","+40.8715679","-102.3553579","06","9",,2379,1174,12,12,14,9,14,11,10,11,17,7,9,19,22,15,10,16,15,10,18,12,7,4,9,13,14,12,12,12,15,10,7,20,6,11,12,10,11,8,16,15,10,14,16,9,16,13,15,8,19,16,11,24,27,28,24,28,18,19,8,25,16,20,20,31,11,13,7,14,19,9,8,14,13,19,5,5,11,12,3,15,13,9,11,5,4,9,6,4,5,0,3,2,1,0,1,0,0,0,1,0,0,0,0,1205,11,16,8,16,10,18,9,16,9,11,14,13,10,13,11,12,16,14,15,5,7,10,12,7,16,10,13,8,8,12,12,9,8,14,14,12,12,7,9,11,12,14,7,13,12,9,11,23,17,23,19,18,15,20,22,24,22,15,24,17,23,12,16,14,17,17,9,20,12,12,22,14,13,12,13,8,15,12,17,14,7,14,11,6,12,11,7,5,7,4,9,6,1,3,4,3,2,3,3,0,0,0,0,2344,1163,61,56,75,41,30,7,3,35,61,56,60,65,70,112,96,36,62,20,42,59,46,41,29,1181,61,63,61,42,20,7,9,35,51,56,50,57,81,94,102,35,47,26,43,73,65,48,55,35,11,0,0,0,0,0,0,0,0,0,0,0,0,0,0,0,0,0,0,0,0,0,0,0,0,0,0,0,0,0,0,0,0,7,3,0,0,0,0,0,0,0,0,0,0,0,3,0,0,0,0,0,0,4,0,0,0,0,4,0,4,0,0,0,0,4,4,0,0,0,0,0,0,0,0,0,0,0,4,0,0,0,0,0,0,0,0,0,0,0,0,0,0,0,0,0,0,24,0,0,0,0,0,0,0,0,0,0,0,0,0,0,0,0,0,0,0,0,0,0,0,0,0,0,0,0,0,0,0,0,6,2,0,0,0,0,0,0,0,0,0,0,0,2,0,0,0,0,0,0,4,0,0,0,0,4,0,4,0,0,0,0,18,18,0,0,0,0,0,0,0,0,0,0,0,18,0,0,0,0,0,0,0,0,0,0,0,0,0,0,0,0,0,0
"G0801170","2010","CO","4","8","Colorado","08","Summit County","117",,,,,,,,,,,,,,,"43540","99999","999",,,,,,,,,,,,,,,,,"1575639358","28282990","Summit County","A","+39.6210227","-106.1375545","06","2",,27994,15378,137,176,184,135,166,150,149,154,136,118,129,120,107,127,133,129,130,131,125,149,203,175,209,369,415,394,339,385,305,325,351,283,306,272,293,303,259,279,267,283,305,223,253,210,244,232,226,210,198,242,252,236,219,231,229,198,217,231,212,168,162,177,212,180,127,126,119,159,90,96,90,76,65,50,39,33,41,32,35,28,27,16,16,12,8,6,7,3,2,2,3,0,0,1,1,0,0,1,0,0,0,0,0,12616,149,150,164,155,135,141,119,128,151,137,132,113,130,105,103,114,122,125,97,83,103,132,179,264,288,261,252,248,268,246,243,251,201,196,201,190,208,203,234,228,206,192,184,175,220,216,195,200,179,210,203,191,221,217,177,188,188,200,191,192,153,147,170,142,136,124,94,135,94,74,68,65,44,42,44,30,21,25,20,16,17,11,9,8,8,6,4,4,5,3,0,0,3,0,0,0,0,0,0,0,0,0,0,27721,15189,798,707,616,390,263,191,160,946,1702,1485,1383,1227,1101,1161,1022,337,519,243,345,319,169,79,26,12532,752,676,583,360,177,100,129,710,1249,1083,1058,973,997,1007,959,300,448,217,302,263,111,53,25,273,189,0,0,0,0,0,0,0,0,0,0,0,0,0,0,0,0,0,0,0,0,0,0,0,0,0,0,0,0,0,0,0,0,186,45,45,0,0,0,45,0,0,0,0,0,0,0,0,0,0,0,0,0,141,2,0,0,0,139,23,0,0,0,116,0,3,0,0,0,0,0,0,0,0,0,0,0,0,0,0,0,0,0,0,0,3,0,0,0,0,3,3,0,0,0,0,0,84,2,0,0,0,0,0,0,0,0,0,0,0,0,0,0,0,0,0,0,0,2,0,0,0,0,2,0,1,0,0,1,0,79,4,4,0,0,0,4,0,0,0,0,0,0,0,0,0,0,0,0,0,75,0,0,0,0,75,14,1,0,0,60,0,3,0,0,0,0,0,0,0,0,0,0,0,0,0,0,0,0,0,0,0,3,0,0,0,0,3,3,0,0,0,0,0
"G0801190","2010","CO","4","8","Colorado","08","Teller County","119",,,,,,,,,,,,,,,"17820","99999","999",,,,,,,,,,,,,,,,,"1442767059","4944570","Teller County","A","+38.8719937","-105.1825519","06","1",,23350,11885,92,102,107,127,132,135,121,128,166,134,160,134,146,165,151,181,190,158,144,114,108,104,74,96,77,102,98,77,106,95,93,104,92,100,82,112,106,96,139,167,174,162,131,141,161,200,232,204,240,245,230,227,238,279,261,279,247,243,260,214,228,226,253,243,178,165,169,167,129,126,111,85,86,70,64,53,39,53,57,34,25,22,15,25,19,17,4,6,9,12,6,1,1,3,1,0,0,0,0,0,0,0,0,11465,102,103,101,112,116,101,111,117,101,122,132,131,143,160,149,155,143,152,123,111,91,69,60,82,94,64,88,88,77,92,105,94,97,85,109,98,112,133,150,142,144,171,162,174,180,199,194,267,242,255,251,249,273,275,249,271,267,238,258,226,240,224,219,224,149,138,134,159,116,107,75,68,76,60,49,71,42,43,41,53,27,28,34,23,20,15,20,8,16,10,5,3,4,1,1,0,1,1,0,0,0,0,0,23218,11787,560,684,756,529,256,105,99,237,464,465,617,764,1110,1224,1234,453,668,333,422,412,234,104,57,11431,534,552,715,450,233,91,68,232,402,489,633,830,1155,1295,1255,463,592,272,381,328,249,130,82,132,98,0,0,0,0,0,0,0,0,0,0,0,0,0,0,0,0,0,0,0,0,0,0,0,0,0,0,0,0,0,0,0,0,86,86,64,0,0,64,0,0,0,0,0,0,0,22,0,0,0,0,0,0,0,0,0,0,0,0,0,0,0,0,0,0,12,12,0,0,0,0,0,0,0,0,0,0,0,12,0,0,0,0,0,0,0,0,0,0,0,0,0,0,0,0,0,0,34,0,0,0,0,0,0,0,0,0,0,0,0,0,0,0,0,0,0,0,0,0,0,0,0,0,0,0,0,0,0,0,0,27,27,15,0,0,15,0,0,0,0,0,0,0,12,0,0,0,0,0,0,0,0,0,0,0,0,0,0,0,0,0,0,7,7,0,0,0,0,0,0,0,0,0,0,0,7,0,0,0,0,0,0,0,0,0,0,0,0,0,0,0,0,0,0
"G0801210","2010","CO","4","8","Colorado","08","Washington County","121",,,,,,,,,,,,,,,"99999","99999","999",,,,,,,,,,,,,,,,,"6521670287","15207421","Washington County","A","+39.9654130","-103.2096046","06","9",,4814,2458,30,32,26,30,27,28,30,25,31,35,40,36,33,28,24,38,34,45,32,15,18,22,34,23,18,27,31,25,32,33,40,21,18,24,31,26,32,19,16,23,33,34,32,38,30,33,50,37,40,38,45,33,38,41,33,41,41,37,39,44,40,29,26,32,27,23,19,26,24,30,22,22,27,19,13,14,17,19,10,9,17,12,12,18,18,11,5,5,9,3,3,3,1,2,0,2,0,0,0,0,0,0,0,2356,26,26,23,28,26,21,36,30,13,38,39,29,37,32,31,39,29,50,25,17,22,23,19,14,20,12,19,24,17,29,25,18,16,27,17,23,21,24,21,25,28,30,23,38,19,22,38,36,36,35,41,43,52,47,48,28,38,30,31,32,35,32,29,22,19,27,27,30,27,36,14,19,22,17,25,14,12,18,17,15,25,19,25,15,21,16,12,4,11,7,7,8,4,3,5,4,6,1,0,0,0,0,0,4630,2309,145,149,161,117,45,17,19,60,123,113,102,146,175,178,199,68,85,42,79,103,69,73,41,2321,129,138,168,118,42,22,19,52,99,99,109,136,165,231,159,67,70,54,93,96,76,102,77,184,149,0,0,0,0,0,0,0,0,0,0,0,0,0,0,0,0,0,0,0,0,0,0,0,0,0,0,0,0,0,0,0,0,141,141,141,0,0,0,141,0,0,0,0,0,0,0,0,0,0,0,0,0,0,0,0,0,0,0,0,0,0,0,0,0,8,8,0,0,0,0,0,0,0,0,0,0,0,8,0,0,0,0,0,0,0,0,0,0,0,0,0,0,0,0,0,0,35,0,0,0,0,0,0,0,0,0,0,0,0,0,0,0,0,0,0,0,0,0,0,0,0,0,0,0,0,0,0,0,0,20,20,19,0,0,0,19,0,0,0,0,0,0,1,0,0,0,0,0,0,0,0,0,0,0,0,0,0,0,0,0,0,15,15,0,0,0,0,0,0,0,0,0,0,0,15,0,0,0,0,0,0,0,0,0,0,0,0,0,0,0,0,0,0
"G0801230","2010","CO","4","8","Colorado","08","Weld County","123",,,,,,,,,,,,,,,"24540","99999","216",,,,,,,,,,,,,,,,,"10326898753","76554163","Weld County","A","+40.5557944","-104.3836487","06","1",,252825,126487,1951,2022,2106,2056,2163,2197,2177,2004,1963,2106,2043,1949,1934,1902,1804,1935,1931,1878,2045,2167,2028,2026,1867,1720,1670,1717,1726,1771,1718,1803,1823,1798,1733,1801,1805,1790,1699,1778,1821,1929,1860,1827,1717,1639,1594,1667,1777,1759,1812,1743,1807,1667,1727,1739,1549,1556,1483,1512,1403,1347,1291,1197,1241,1218,950,924,911,777,702,679,653,607,583,535,513,440,395,345,336,366,326,301,249,201,204,189,183,153,125,97,73,44,45,18,32,19,8,3,3,3,6,1,0,126338,1910,1810,1917,2055,2011,2124,2018,2040,1971,1987,1975,1936,1788,1822,1642,1737,1774,1763,2222,2431,2274,2071,1849,1652,1697,1687,1646,1705,1712,1716,1812,1696,1739,1739,1768,1710,1666,1723,1815,1802,1836,1722,1645,1593,1544,1673,1755,1665,1652,1713,1724,1749,1630,1639,1617,1578,1632,1503,1503,1334,1333,1207,1315,1254,924,936,953,881,784,662,678,634,611,548,543,526,468,438,447,431,394,390,353,346,311,281,236,229,219,173,152,132,91,78,78,58,43,20,15,15,30,2,0,246930,123177,10291,10447,9611,5620,3301,1801,1881,5043,8405,8749,8805,8447,8557,8342,7206,2462,3376,1814,2142,2867,1856,1236,918,123753,9694,10139,9156,5235,3259,2023,1943,5109,8414,8727,8691,8317,8442,8341,7533,2533,3477,1885,2315,2990,2248,1714,1568,5895,3310,152,140,3,0,0,0,3,0,0,137,0,22,115,0,0,0,0,0,0,0,12,4,0,0,0,8,8,0,0,0,0,0,2942,1618,1485,0,0,841,474,170,0,88,0,7,81,45,0,0,0,0,0,0,1324,1203,0,0,0,121,19,41,21,0,0,40,216,210,27,0,0,27,0,0,0,0,0,0,0,183,0,0,0,0,0,0,6,0,0,0,0,6,0,2,0,0,4,0,2585,56,34,0,0,0,0,0,0,0,34,0,0,34,0,0,0,0,0,0,0,22,9,0,0,0,13,8,0,0,0,0,5,2063,155,99,0,0,3,72,24,0,14,0,1,13,42,0,0,0,0,0,0,1908,1839,0,0,0,69,22,23,9,0,1,14,466,460,0,0,0,0,0,0,0,0,0,0,0,460,0,0,0,0,0,0,6,0,0,0,0,6,0,0,0,0,6,0
"G0801250","2010","CO","4","8","Colorado","08","Yuma County","125",,,,,,,,,,,,,,,"99999","99999","999",,,,,,,,,,,,,,,,,"6123779829","11134777","Yuma County","A","+40.0006314","-102.4226490","06","9",,10043,4980,54,72,87,70,57,77,77,84,64,75,52,71,69,90,67,70,73,83,84,53,35,47,59,70,56,61,62,67,72,72,72,72,69,56,55,55,56,65,59,75,65,56,61,65,66,67,60,79,70,63,86,55,77,73,84,68,54,62,62,64,48,63,56,58,38,45,30,63,44,42,27,46,39,30,25,30,38,33,21,30,24,21,19,17,12,12,11,9,11,12,9,4,3,1,4,2,1,0,0,0,0,0,1,5063,66,91,92,89,91,76,76,68,54,91,64,66,57,66,78,74,66,90,62,40,34,51,39,48,64,59,55,67,74,49,70,49,43,42,49,63,67,54,48,72,51,65,65,55,59,47,74,58,76,75,72,67,75,60,70,65,61,75,63,68,63,54,61,76,47,47,62,43,39,48,42,38,33,41,31,30,39,31,38,24,30,40,28,22,30,21,24,14,15,8,18,13,17,9,12,6,5,1,1,4,2,1,0,9847,4867,340,377,349,226,134,35,43,170,315,313,302,307,332,371,306,111,150,75,148,166,147,86,64,4980,429,365,331,230,101,34,51,147,303,250,301,293,329,344,332,117,184,109,129,182,156,139,124,196,113,0,0,0,0,0,0,0,0,0,0,0,0,0,0,0,0,0,0,0,0,0,0,0,0,0,0,0,0,0,0,0,0,83,83,77,0,0,61,16,0,0,0,0,0,0,6,0,0,0,0,0,0,0,0,0,0,0,0,0,0,0,0,0,0,30,30,0,0,0,0,0,0,0,0,0,0,0,30,0,0,0,0,0,0,0,0,0,0,0,0,0,0,0,0,0,0,83,0,0,0,0,0,0,0,0,0,0,0,0,0,0,0,0,0,0,0,0,0,0,0,0,0,0,0,0,0,0,0,0,15,15,14,0,0,14,0,0,0,0,0,0,0,1,0,0,0,0,0,0,0,0,0,0,0,0,0,0,0,0,0,0,68,68,0,0,0,0,0,0,0,0,0,0,0,68,0,0,0,0,0,0,0,0,0,0,0,0,0,0,0,0,0,0
"G0900010","2010","CT","1","1","Connecticut","09","Fairfield County","001",,,,,,,,,,,,,,,"14860","99999","408",,,,,,,,,,,,,,,,,"1618456437","549162331","Fairfield County","N","+41.2281028","-073.3667574","06","1",,916829,445601,5398,5619,5937,6126,6146,6210,6464,6341,6554,6596,6732,6871,6768,7012,6829,6750,6939,6998,5867,5262,5127,4827,5100,5331,5499,5351,5290,5189,5329,5286,5515,4999,5317,5247,5429,5606,5380,5656,6002,6540,7017,6522,6652,6938,7120,7595,7527,7444,7284,7387,7454,7195,7090,6754,6591,6554,6028,5688,5263,5088,4849,4655,4846,4850,3769,3732,3655,3715,3059,2779,2583,2401,2263,2122,2097,2075,1894,1825,1856,1855,1705,1592,1504,1471,1244,1228,1096,916,757,588,550,349,318,241,160,122,92,65,47,12,29,5,0,471228,5150,5316,5464,5884,5859,6064,6099,6158,6111,6310,6452,6438,6461,6509,6534,6700,6666,6554,5624,4832,4896,4753,4843,5129,5011,4951,4973,5233,5295,5354,5616,5376,5334,5501,5478,5766,5714,6033,6425,6999,7382,6909,7266,7516,7803,8101,8216,7797,8098,7913,7878,7521,7358,7140,6943,6757,6317,5930,5722,5267,5307,5140,5390,5489,4130,4118,4088,4223,3709,3227,3179,3074,2885,2762,2670,2634,2508,2511,2447,2542,2571,2336,2416,2250,2036,2069,1801,1640,1506,1288,1075,969,820,666,518,440,326,249,185,130,184,21,0,897661,437089,29167,32134,34152,20623,9619,4399,4303,15339,25897,26104,28774,33776,36641,34612,28250,9375,13331,7298,9438,11314,9264,7209,6070,460572,27640,30711,32342,19867,8311,4002,4221,14558,25464,26925,30623,36516,39761,36560,29766,10367,14877,8117,11037,14307,12228,10923,11449,19168,8512,214,72,0,0,0,0,0,0,0,56,45,7,4,0,16,0,0,0,0,16,142,13,0,0,0,129,59,0,0,0,17,53,6889,2168,1711,0,8,1504,0,199,0,10,9,1,0,436,11,9,2,0,0,0,4721,2931,0,0,0,1790,366,457,211,0,106,650,1409,1264,10,0,0,10,0,0,0,0,0,0,0,1237,17,16,0,1,0,0,145,0,0,0,0,145,6,39,2,0,24,74,10656,169,58,0,0,0,0,0,0,0,48,26,15,7,0,10,0,0,0,0,10,111,3,0,0,0,108,71,1,0,0,9,27,6475,1798,1375,0,1319,4,0,52,0,12,10,2,0,404,7,6,1,0,0,0,4677,3863,0,0,0,814,145,302,57,0,79,231,4012,3792,12,0,12,0,0,0,0,0,0,0,0,3762,18,17,0,1,0,0,220,0,0,0,0,220,1,34,0,0,73,112
"G0900030","2010","CT","1","1","Connecticut","09","Hartford County","003",,,,,,,,,,,,,,,"25540","99999","278",,,,,,,,,,,,,,,,,"1903891914","40213499","Hartford County","N","+41.8060534","-072.7329157","06","1",,894014,432013,4918,4975,5020,5292,5408,5561,5632,5566,5813,5860,5925,6225,6010,6195,6085,6351,6565,6729,6262,6005,5782,5496,5772,5674,5634,5859,5653,5676,5662,5505,5690,5189,5241,5019,5088,5272,4906,5173,5638,6048,6138,5912,5910,6328,6664,6946,6890,6794,6801,7020,7124,6801,6843,6740,6472,6364,5863,5841,5420,5173,5059,4927,5071,5019,3931,3772,3701,3779,3063,2785,2534,2464,2435,2271,2179,2013,1901,1910,1846,1874,1800,1662,1639,1411,1319,1327,1118,998,894,676,612,391,377,280,150,151,98,61,41,24,32,0,0,462001,4834,4969,5000,5111,5161,5297,5385,5271,5499,5572,5746,5785,5822,5935,6006,6011,6191,6318,5726,5526,5385,5268,5552,5473,5666,5544,5811,5610,5750,5620,5720,5292,5346,5196,5214,5262,5349,5513,5846,6379,6562,6291,6349,6385,6871,7393,7317,7261,7347,7477,7360,7324,7250,7001,7093,6795,6485,6279,5882,5686,5726,5515,5843,5635,4382,4228,4156,4404,3682,3263,3154,3167,2997,2929,2790,2912,2646,2782,2676,2691,2636,2600,2609,2402,2300,2225,2119,1896,1766,1513,1318,1012,907,720,537,435,344,223,125,134,213,20,0,865787,415434,25565,28391,30332,19512,10272,4675,4611,15765,26793,24919,25861,29710,33212,32979,27927,9740,13732,7305,9406,11595,9220,7454,6458,450353,25026,26976,29205,18391,9078,4415,4542,16234,28158,26626,28199,32246,36481,35741,30819,11125,15648,8247,11131,14655,13153,11635,12622,28227,16579,330,209,1,0,0,0,1,0,0,189,99,35,55,0,19,0,7,0,0,12,121,11,0,0,0,110,47,0,0,0,39,24,14099,7666,6747,0,0,5452,1082,213,0,30,26,4,0,779,110,0,100,0,0,10,6433,3849,0,0,0,2584,510,854,321,0,128,771,2150,1890,62,0,0,52,10,0,0,0,0,0,0,1792,36,7,17,12,0,0,260,0,0,0,0,260,7,87,6,0,7,153,11648,315,190,0,0,0,0,0,0,0,174,74,63,37,0,16,0,14,0,0,2,125,8,0,0,0,117,45,2,0,0,52,18,6245,747,32,0,0,7,2,23,0,35,25,5,5,628,52,2,44,0,0,6,5498,4232,0,0,0,1266,118,388,161,0,114,485,5088,4681,0,0,0,0,0,0,0,0,0,0,0,4635,46,14,13,19,0,0,407,0,0,0,0,407,2,37,0,0,15,353
"G0900050","2010","CT","1","1","Connecticut","09","Litchfield County","005",,,,,,,,,,,,,,,"45860","99999","408",,,,,,,,,,,,,,,,,"2384238980","62165569","Litchfield County","N","+41.7918967","-073.2354279","06","2",,189927,93338,889,890,962,992,1058,1048,1098,1131,1175,1232,1269,1250,1261,1339,1309,1412,1431,1426,1216,931,904,868,908,944,927,930,864,829,920,884,878,847,862,868,880,897,947,994,1135,1320,1417,1383,1334,1462,1569,1656,1628,1643,1640,1745,1720,1737,1838,1705,1638,1630,1672,1489,1505,1305,1348,1373,1351,1396,1010,962,1008,1026,822,744,655,659,582,560,577,487,472,442,450,456,401,374,402,302,289,245,270,225,199,146,129,87,73,44,51,25,18,14,13,3,6,1,0,96589,742,804,865,925,951,1070,1067,976,1105,1154,1203,1220,1158,1268,1304,1285,1386,1297,986,827,780,797,887,906,887,833,837,865,801,926,854,911,908,942,910,983,933,1101,1220,1367,1479,1418,1433,1492,1570,1709,1777,1668,1735,1775,1855,1793,1776,1745,1758,1658,1556,1543,1520,1380,1400,1330,1331,1458,1066,1019,1091,1092,858,791,772,768,748,606,604,614,545,579,552,607,551,513,522,516,484,462,444,414,382,326,259,236,216,140,97,89,80,55,25,26,39,1,0,187123,92153,4767,5673,6415,4234,2079,895,857,2741,4339,4274,5212,7077,8213,8563,7536,2692,3727,1956,2570,2989,2253,1688,1403,94970,4270,5355,6143,3931,1785,775,790,2655,4194,4478,5546,7345,8616,8848,7594,2704,3816,2090,2712,3430,2791,2373,2729,2804,1185,83,33,0,0,0,0,0,0,0,33,21,4,8,0,0,0,0,0,0,0,50,0,0,0,0,50,1,1,0,0,47,1,742,140,26,0,0,0,0,26,0,4,3,0,1,100,10,0,0,0,0,10,602,83,0,0,0,519,34,169,76,0,192,48,360,330,0,0,0,0,0,0,0,0,0,0,0,330,0,0,0,0,0,0,30,0,0,0,0,30,0,12,0,0,16,2,1619,81,32,0,0,0,0,0,0,0,32,6,26,0,0,0,0,0,0,0,0,49,6,0,0,0,43,4,0,0,0,39,0,540,120,2,0,0,0,0,2,0,6,5,1,0,104,8,0,0,0,0,8,420,65,0,0,0,355,10,133,41,0,134,37,998,911,0,0,0,0,0,0,0,0,0,0,0,911,0,0,0,0,0,0,87,0,0,0,0,87,0,20,0,0,48,19
"G0900070","2010","CT","1","1","Connecticut","09","Middlesex County","007",,,,,,,,,,,,,,,"25540","99999","278",,,,,,,,,,,,,,,,,"956486234","180684001","Middlesex County","N","+41.4345251","-072.5242267","06","1",,165676,80908,777,823,878,805,913,970,996,988,999,1012,1009,1108,1090,1093,1086,1189,1208,1145,1044,1039,940,978,910,829,887,839,876,847,877,862,932,783,865,826,820,884,870,937,1054,1177,1243,1184,1215,1278,1328,1392,1379,1376,1430,1403,1434,1472,1383,1321,1410,1333,1265,1236,1218,1085,1120,1038,1172,1109,897,823,812,842,659,647,534,588,507,442,455,384,381,393,380,357,361,329,294,307,239,202,209,171,145,140,114,98,66,39,35,24,12,10,11,2,10,0,0,84768,748,774,787,842,861,898,867,934,1020,977,1004,1057,1042,1023,995,1065,1086,1029,903,995,859,895,894,824,829,799,811,871,928,915,871,867,871,809,945,901,920,1025,1115,1240,1260,1236,1300,1316,1385,1458,1429,1462,1400,1577,1507,1456,1475,1388,1373,1371,1314,1341,1303,1167,1179,1083,1232,1218,843,862,957,955,728,719,634,581,610,546,495,513,483,473,489,464,509,487,426,456,388,391,365,314,306,321,252,185,152,135,103,84,54,51,35,29,44,3,0,160591,78300,4196,4959,5347,3438,1583,645,687,2399,4210,4162,4864,6165,6845,6889,6013,2126,3121,1618,2106,2466,1831,1474,1156,82291,4011,4694,5104,3143,1332,564,661,2421,4293,4342,5174,6460,7277,7135,6440,2248,3258,1793,2378,2804,2339,2131,2289,5085,2608,149,120,0,0,0,0,0,0,0,77,4,73,0,0,43,0,43,0,0,0,29,4,0,0,0,25,3,2,0,0,18,2,2088,451,14,0,0,0,0,14,0,9,7,2,0,157,271,243,15,0,0,13,1637,1237,0,0,0,400,31,155,15,0,26,173,371,325,0,0,0,0,0,0,0,0,0,0,0,296,29,26,0,3,0,0,46,0,0,0,0,46,0,25,0,0,0,21,2477,57,52,0,0,0,0,0,0,0,22,8,14,0,0,30,0,30,0,0,0,5,4,0,0,0,1,0,0,0,0,0,1,1555,151,0,0,0,0,0,0,0,2,1,1,0,87,62,43,7,0,0,12,1404,1192,0,0,0,212,4,150,14,0,6,38,865,782,0,0,0,0,0,0,0,0,0,0,0,769,13,7,0,6,0,0,83,0,0,0,0,83,0,47,12,0,0,24
"G0900090","2010","CT","1","1","Connecticut","09","New Haven County","009",,,,,,,,,,,,,,,"35300","99999","408",,,,,,,,,,,,,,,,,"1565663096","667053119","New Haven County","N","+41.3497173","-072.9002037","06","1",,862477,415090,4729,4859,5084,5038,5220,5223,5107,5324,5199,5401,5678,5732,5639,5926,5856,6060,6115,6380,6534,6500,6403,5983,5846,5666,5665,5662,5610,5637,5396,5297,5462,5074,5018,4899,4857,4987,4674,4989,5333,5610,6052,5684,5832,5962,6148,6406,6430,6363,6408,6760,6698,6486,6536,6248,6086,5857,5605,5470,5195,4961,4815,4736,4937,4887,3619,3615,3675,3749,2949,2567,2525,2403,2213,2021,2036,2041,1839,1740,1731,1776,1629,1622,1537,1447,1232,1136,1078,964,806,743,528,431,374,267,169,147,78,57,39,29,41,3,0,447387,4491,4529,4930,4884,4899,4952,5103,5098,5154,5198,5436,5410,5516,5592,5572,5831,5842,5967,6425,6594,6332,6064,6004,5821,5855,5877,5610,5670,5815,5406,5675,5314,5323,5186,5103,5130,5006,5227,5588,6321,6375,6216,6024,6281,6568,6789,6733,6922,6747,6967,7060,6873,6895,6562,6654,6344,6075,5876,5665,5391,5340,5366,5525,5454,4200,4040,4062,4260,3599,3104,3114,2795,2862,2530,2615,2621,2494,2550,2440,2498,2440,2463,2406,2320,2299,2153,2074,1826,1661,1400,1293,1059,918,742,590,435,352,246,170,129,163,12,0,833279,400292,24883,26197,28767,18238,9807,4628,4803,15960,26706,24616,24985,29077,31688,31399,26547,9372,13231,7167,9108,10983,8831,7107,6192,432987,23685,25476,27467,17550,8930,4449,4706,16872,28134,26447,27147,31283,33952,33810,29098,10603,15027,8019,10817,13626,12168,11127,12594,29198,14798,485,349,0,0,0,0,0,0,0,347,52,69,226,0,2,0,0,0,0,2,136,3,0,0,0,133,64,4,3,0,32,30,12464,3624,2555,0,0,2274,0,281,0,400,14,4,382,529,140,54,43,13,0,30,8840,6350,0,0,0,2490,280,858,399,0,120,833,1849,1632,4,0,0,4,0,0,0,0,0,0,0,1606,22,5,11,6,0,0,217,0,0,0,0,217,0,117,1,0,12,87,14400,226,80,0,0,0,0,0,0,0,80,41,38,1,0,0,0,0,0,0,0,146,8,0,0,0,138,65,1,1,0,33,38,9790,507,44,0,0,7,0,37,0,12,6,4,2,424,27,13,4,0,0,10,9283,8136,0,0,0,1147,163,480,152,0,105,247,4384,4121,0,0,0,0,0,0,0,0,0,0,0,4120,1,1,0,0,0,0,263,0,0,0,0,263,0,97,5,0,49,112
"G0900110","2010","CT","1","1","Connecticut","09","New London County","011",,,,,,,,,,,,,,,"35980","99999","999",,,,,,,,,,,,,,,,,"1722025951","276665774","New London County","N","+41.4786303","-072.1034515","06","1",,274055,136803,1544,1464,1591,1635,1580,1551,1618,1658,1712,1696,1691,1734,1680,1723,1860,1825,1968,1884,1897,2190,2263,2283,2317,2182,2025,1969,1790,1786,1749,1738,1817,1644,1527,1511,1455,1534,1518,1499,1691,2001,1941,1816,1844,1900,2112,2225,2263,2221,2188,2224,2350,2191,2342,2107,2095,2124,2005,1960,1779,1623,1741,1556,1604,1683,1203,1270,1275,1338,1109,879,832,803,742,696,670,682,559,599,610,595,538,528,519,390,394,340,310,247,264,184,138,114,97,56,46,33,18,12,9,6,3,1,0,137252,1348,1359,1445,1530,1517,1548,1639,1576,1564,1594,1679,1684,1611,1796,1729,1825,1885,1856,1640,1712,1711,1662,1657,1566,1730,1637,1500,1705,1617,1519,1597,1495,1597,1434,1553,1424,1475,1694,1711,1935,2008,1924,2011,1984,2201,2204,2235,2241,2269,2393,2409,2217,2311,2216,2061,2074,2024,1975,1764,1747,1775,1625,1719,1755,1265,1328,1372,1380,1106,1043,954,942,932,867,827,832,776,781,770,749,743,717,707,651,649,634,519,482,477,380,359,269,227,131,139,105,78,48,36,29,47,3,0,261273,128339,7799,8224,8665,5645,2985,1354,1354,4888,7938,7298,7776,9254,10821,10831,9355,3258,4445,2519,3290,3680,2966,2289,1705,132934,7193,7911,8491,5543,2630,1307,1299,4601,7737,7483,8052,9903,11157,11106,9514,3371,4704,2683,3499,4455,3768,3249,3278,12782,8464,81,59,0,0,0,0,0,0,0,59,34,25,0,0,0,0,0,0,0,0,22,0,0,0,0,22,15,0,0,0,1,6,7926,2591,2475,0,0,2371,0,26,78,10,9,1,0,106,0,0,0,0,0,0,5335,977,3671,2697,974,687,75,291,156,0,6,159,457,419,10,0,0,10,0,0,0,0,0,0,0,409,0,0,0,0,0,0,38,0,0,0,0,38,0,20,0,0,0,18,4318,47,34,4,0,0,4,0,0,0,30,19,11,0,0,0,0,0,0,0,0,13,1,0,0,0,12,11,0,0,0,0,1,3114,1243,1136,0,0,1124,0,1,11,8,8,0,0,99,0,0,0,0,0,0,1871,1305,306,286,20,260,29,130,58,0,3,40,1157,1136,0,0,0,0,0,0,0,0,0,0,0,1136,0,0,0,0,0,0,21,0,0,0,0,21,0,18,0,0,0,3
"G0900130","2010","CT","1","1","Connecticut","09","Tolland County","013",,,,,,,,,,,,,,,"25540","99999","278",,,,,,,,,,,,,,,,,"1062448385","17698315","Tolland County","N","+41.8580762","-072.3409774","06","1",,152691,77163,646,694,698,737,795,814,830,906,879,936,945,936,941,1068,1033,1011,1027,938,1642,2397,2462,2379,1773,1141,1058,932,884,874,796,824,852,764,768,837,738,837,782,833,976,1080,1095,1052,1068,1043,1165,1217,1354,1270,1296,1290,1282,1261,1295,1308,1184,1113,1058,1026,1069,863,863,857,853,884,660,677,679,735,560,475,435,391,400,367,329,291,270,285,278,221,252,198,206,203,175,153,126,102,105,66,83,70,26,40,25,17,16,7,4,3,4,0,0,75528,628,632,671,751,747,768,774,825,851,852,909,950,875,996,974,968,948,931,1634,2384,2353,2218,1481,921,789,730,734,788,739,679,725,691,712,741,703,769,751,806,939,1040,1081,1051,1047,1074,1174,1229,1237,1225,1243,1247,1284,1288,1249,1230,1192,1179,1038,973,1006,916,909,880,900,886,667,637,648,716,603,486,438,446,409,414,404,365,355,314,353,274,310,279,290,294,257,253,204,211,178,168,124,137,101,77,51,42,36,25,11,13,22,0,1,136574,67662,3570,4361,4914,2966,1470,899,1234,3044,3610,3386,4040,4973,6043,6064,4972,1685,2356,1332,1742,1892,1319,994,796,68912,3429,4070,4698,2824,1277,759,1155,2693,3602,3554,4284,5416,6157,6215,5088,1781,2440,1277,1793,2086,1606,1362,1346,16117,9501,23,14,0,0,0,0,0,0,0,14,13,1,0,0,0,0,0,0,0,0,9,7,0,0,0,2,0,0,2,0,0,0,9279,3317,3298,0,0,3298,0,0,0,3,3,0,0,16,0,0,0,0,0,0,5962,5753,0,0,0,209,18,142,17,0,7,25,199,184,58,0,0,58,0,0,0,0,0,0,0,126,0,0,0,0,0,0,15,0,0,0,0,15,0,13,0,0,0,2,6616,29,20,0,0,0,0,0,0,0,20,8,12,0,0,0,0,0,0,0,0,9,8,0,0,0,1,0,0,1,0,0,0,6111,33,0,0,0,0,0,0,0,4,4,0,0,29,0,0,0,0,0,0,6078,5962,0,0,0,116,7,92,8,0,0,9,476,460,0,0,0,0,0,0,0,0,0,0,0,460,0,0,0,0,0,0,16,0,0,0,0,16,0,14,2,0,0,0
"G0900150","2010","CT","1","1","Connecticut","09","Windham County","015",,,,,,,,,,,,,,,"48740","99999","278",,,,,,,,,,,,,,,,,"1328430430","22092290","Windham County","N","+41.8249987","-071.9907017","06","2",,118428,58698,583,659,680,684,729,705,757,719,747,735,804,779,805,781,847,930,922,831,1023,1106,984,930,845,769,806,706,702,701,661,744,781,713,653,702,671,708,682,715,834,918,831,844,841,822,889,935,952,944,1006,1025,1020,1002,974,919,855,867,814,782,777,731,724,655,754,638,480,539,564,472,402,344,386,324,301,272,277,285,183,217,235,220,193,185,177,154,145,127,107,92,76,75,65,41,21,29,12,16,12,7,3,5,3,0,0,59730,587,633,665,659,679,643,711,727,712,685,784,721,673,714,758,735,809,854,996,1042,958,934,817,682,692,692,674,685,643,712,730,645,671,688,650,770,641,759,832,855,853,823,850,827,887,967,997,950,964,1046,1052,998,962,878,979,897,886,841,770,744,747,718,663,721,544,509,560,540,456,404,395,356,363,375,323,344,303,276,301,280,249,290,260,237,227,218,211,196,163,152,125,113,114,75,61,47,46,16,29,16,18,1,0,113657,56305,3322,3650,3957,2561,1531,719,761,2247,3350,3416,3733,4118,4768,4681,3933,1368,1851,1098,1206,1537,1112,799,587,57352,3217,3466,3636,2380,1306,663,715,2061,3358,3366,3816,4213,4897,4838,4123,1457,1917,1054,1378,1763,1431,1137,1160,4771,2393,207,154,0,0,0,0,0,0,0,41,6,35,0,0,113,0,0,0,0,113,53,23,0,0,0,30,3,0,0,0,26,1,1959,501,457,0,0,455,0,2,0,12,0,12,0,31,1,0,0,0,0,1,1458,1141,0,0,0,317,32,100,67,0,49,69,227,199,2,0,0,2,0,0,0,0,0,0,0,197,0,0,0,0,0,0,28,0,0,0,0,28,2,0,0,0,0,26,2378,50,21,0,0,0,0,0,0,0,19,6,13,0,0,2,0,0,0,0,2,29,1,0,0,0,28,6,0,0,0,22,0,1602,61,24,0,0,1,0,23,0,9,1,8,0,27,1,0,1,0,0,0,1541,1361,0,0,0,180,9,63,22,0,49,37,726,629,0,0,0,0,0,0,0,0,0,0,0,629,0,0,0,0,0,0,97,0,0,0,0,97,1,9,0,0,6,81
"G1200010","2010","FL","3","5","Florida","12","Alachua County","001",,,,,,,,,,,,,,,"23540","99999","999",,,,,,,,,,,,,,,,,"2266291505","242910527","Alachua County","A","+29.6757403","-082.3572210","06","1",,247336,119786,1443,1385,1381,1292,1202,1228,1160,1146,1169,1210,1206,1194,1174,1196,1222,1214,1340,1389,2571,4428,4605,4704,4264,3450,2956,2593,2399,2348,2084,1941,1848,1661,1516,1438,1454,1324,1321,1219,1289,1413,1232,1244,1221,1197,1197,1359,1313,1321,1415,1421,1399,1393,1500,1379,1363,1527,1404,1382,1407,1316,1314,1253,1207,1203,926,938,915,894,762,647,591,597,488,520,427,436,433,386,375,386,344,312,282,282,256,241,206,151,142,134,102,62,54,41,36,23,23,10,11,3,3,3,0,127550,1304,1277,1277,1298,1209,1205,1166,1132,1141,1182,1195,1100,1182,1127,1073,1133,1354,1379,3177,5604,5783,5430,4369,3263,2691,2521,2080,2034,1969,1755,1680,1485,1468,1375,1331,1290,1272,1256,1292,1367,1341,1280,1202,1210,1341,1395,1508,1509,1462,1559,1624,1554,1710,1668,1618,1536,1605,1599,1527,1497,1443,1376,1338,1290,1021,989,961,913,827,747,728,714,664,618,640,538,499,569,500,467,489,481,479,455,406,378,350,311,284,250,177,151,141,117,77,57,55,29,19,11,15,5,0,233416,112406,6670,5901,5974,3860,4375,3697,4246,10170,10900,7478,6258,5802,6504,6757,6795,2516,3269,1827,2269,2577,1967,1427,1167,121010,6355,5824,5658,3784,5388,4713,4895,10010,10251,7253,6422,6314,7365,8085,7698,2790,3619,1930,2457,3313,2509,2194,2183,13920,7380,146,45,13,0,0,0,13,0,0,32,3,0,29,0,0,0,0,0,0,0,101,14,0,0,0,87,23,1,0,0,23,40,6952,1862,1738,0,0,911,824,3,0,4,1,0,3,120,0,0,0,0,0,0,5090,3990,0,0,0,1100,39,113,460,0,194,294,282,238,3,0,0,0,3,0,0,0,0,0,0,235,0,0,0,0,0,0,44,0,0,0,0,44,2,5,31,0,0,6,6540,113,27,0,0,0,0,0,0,0,27,4,19,4,0,0,0,0,0,0,0,86,20,0,0,0,66,19,0,0,0,31,16,5902,240,135,0,0,1,134,0,0,8,3,4,1,97,0,0,0,0,0,0,5662,5234,0,0,0,428,24,54,141,0,113,96,525,487,0,0,0,0,0,0,0,0,0,0,0,487,0,0,0,0,0,0,38,3,0,0,0,35,0,4,31,0,0,0
"G1200030","2010","FL","3","5","Florida","12","Baker County","003",,,,,,,,,,,,,,,"27260","99999","999",,,,,,,,,,,,,,,,,"1515741200","9686121","Baker County","A","+30.3244416","-082.3022838","06","1",,27115,14160,167,211,194,221,211,199,186,207,205,201,222,218,198,172,196,194,238,210,198,166,183,179,186,202,216,215,223,208,191,200,211,193,217,176,201,213,201,185,189,243,226,196,237,199,204,246,242,223,208,231,208,208,177,199,183,180,169,180,181,143,178,146,148,135,106,124,132,110,83,89,90,99,71,65,59,56,60,39,39,31,28,33,30,32,22,13,10,13,8,7,5,3,3,2,1,2,0,0,2,0,0,0,0,12955,184,191,179,193,182,201,198,203,182,209,187,226,178,183,182,164,175,180,184,168,145,176,157,160,162,173,162,168,175,178,142,153,170,162,157,135,177,168,182,160,184,186,162,162,175,180,185,168,211,194,213,169,181,194,198,153,195,142,192,157,155,156,162,151,124,118,114,105,97,91,98,75,70,74,65,76,75,61,39,44,41,48,42,50,42,22,24,23,17,17,19,6,2,7,10,7,4,4,3,2,3,0,0,24771,12179,1004,997,1001,639,351,166,154,439,690,698,787,857,905,821,758,286,355,241,261,366,213,133,57,12592,929,993,953,517,351,141,175,463,832,771,803,840,912,924,797,299,420,223,285,365,273,190,136,2344,1981,9,0,0,0,0,0,0,0,0,0,0,0,0,0,0,0,0,0,0,0,9,0,0,0,0,9,0,0,0,0,9,0,1882,1880,1598,232,0,1366,0,0,0,0,0,0,0,118,164,0,164,0,0,0,2,0,0,0,0,2,0,0,0,0,2,0,90,90,10,0,0,10,0,0,0,0,0,0,0,74,6,0,6,0,0,0,0,0,0,0,0,0,0,0,0,0,0,0,363,5,0,0,0,0,0,0,0,0,0,0,0,0,0,0,0,0,0,0,0,5,0,0,0,0,5,0,0,0,0,5,0,235,231,38,38,0,0,0,0,0,0,0,0,0,134,59,0,59,0,0,0,4,0,0,0,0,4,0,0,0,0,4,0,123,123,0,0,0,0,0,0,0,0,0,0,0,123,0,0,0,0,0,0,0,0,0,0,0,0,0,0,0,0,0,0
"G1200050","2010","FL","3","5","Florida","12","Bay County","005",,,,,,,,,,,,,,,"37460","99999","999",,,,,,,,,,,,,,,,,"1964400618","711453131","Bay County","A","+30.2375633","-085.6313477","06","1",,168852,83656,1087,1151,1043,1100,1070,1052,1008,974,958,979,1036,1038,1009,1005,1033,1074,1105,1130,1152,1143,1103,1131,1198,1292,1233,1228,1291,1154,1230,1190,1215,1076,1041,1033,1006,997,939,939,1081,1202,1213,1092,1127,1146,1182,1384,1264,1354,1378,1429,1357,1279,1254,1159,1178,1223,1146,1018,996,882,1031,1010,1074,1032,772,800,779,793,665,657,616,580,567,480,472,489,452,369,383,374,337,324,270,252,220,169,157,131,97,87,76,45,31,26,24,8,14,5,2,3,187,9,0,85196,1070,1028,993,1040,1051,1021,1009,1002,991,1020,996,920,1001,984,971,986,1068,1073,1062,1096,1082,1133,1138,1115,1199,1217,1140,1154,1009,1141,1083,993,1007,976,966,969,963,1002,1074,1156,1122,1045,1084,1134,1114,1335,1403,1322,1308,1402,1394,1407,1336,1280,1285,1247,1198,1070,1084,1061,1105,1005,1093,1079,775,865,821,851,756,744,706,667,677,593,589,561,515,540,453,481,488,425,386,388,340,289,267,229,210,177,141,111,78,55,49,45,31,31,12,15,18,5,0,165035,80890,5449,4966,5112,3280,2137,984,1010,3399,5766,5084,4913,5549,6609,6094,5189,2016,2857,1557,2104,2677,2014,1335,789,84145,5176,5040,4866,3111,2137,1061,1117,3402,5608,4981,5127,5455,6733,6682,5625,2102,2921,1672,2321,3169,2462,1875,1502,3817,2766,45,23,13,0,0,0,13,0,0,10,0,3,7,0,0,0,0,0,0,0,22,0,0,0,0,22,21,0,0,0,0,1,2247,1577,1514,0,0,786,661,67,0,3,0,3,0,60,0,0,0,0,0,0,670,0,456,456,0,214,99,43,22,0,0,50,474,462,199,0,0,193,6,0,0,0,0,0,0,263,0,0,0,0,0,0,12,0,0,0,0,12,0,3,4,0,0,5,1051,31,12,1,0,0,0,1,0,0,11,0,6,5,0,0,0,0,0,0,0,19,0,0,0,0,19,16,0,2,0,0,1,412,229,173,0,0,0,173,0,0,1,0,1,0,55,0,0,0,0,0,0,183,0,57,57,0,126,26,43,31,0,0,26,608,595,0,0,0,0,0,0,0,0,0,0,0,595,0,0,0,0,0,0,13,0,0,0,0,13,0,8,5,0,0,0
"G1200070","2010","FL","3","5","Florida","12","Bradford County","007",,,,,,,,,,,,,,,"99999","99999","999",,,,,,,,,,,,,,,,,"761356806","16904947","Bradford County","A","+29.9469338","-082.1667955","06","9",,28520,16010,191,179,157,175,174,158,166,141,158,163,162,152,161,144,139,151,170,157,178,189,196,177,244,260,294,282,307,327,329,303,302,276,263,255,251,227,246,263,254,235,266,223,230,255,231,282,287,274,274,273,276,263,227,232,242,211,229,193,196,182,169,175,159,171,125,140,153,142,117,113,99,106,91,87,84,77,67,61,51,59,49,59,41,40,27,32,16,20,21,12,14,7,12,4,1,3,0,2,1,1,0,0,0,12510,159,166,175,142,152,166,172,146,147,154,151,148,158,148,134,114,165,140,164,143,161,147,125,135,138,150,162,143,169,162,153,134,132,129,120,145,124,142,148,133,140,140,150,140,129,161,196,190,163,200,191,189,196,222,201,181,187,160,162,173,161,179,187,169,143,136,132,141,143,145,110,102,95,93,94,99,79,85,110,92,53,65,66,69,54,70,48,45,29,43,24,22,7,14,6,11,6,7,2,3,4,0,0,24028,11725,876,786,758,477,348,153,119,392,737,653,645,671,877,906,855,312,440,279,357,454,298,204,128,12303,794,785,739,419,306,159,145,396,779,665,690,696,909,994,861,335,490,265,423,480,438,272,263,4492,4285,1,1,1,0,0,0,1,0,0,0,0,0,0,0,0,0,0,0,0,0,0,0,0,0,0,0,0,0,0,0,0,0,4195,4174,4161,0,0,4079,82,0,0,0,0,0,0,13,0,0,0,0,0,0,21,0,0,0,0,21,0,14,0,0,7,0,89,85,33,0,0,33,0,0,0,0,0,0,0,52,0,0,0,0,0,0,4,0,0,0,0,4,0,0,0,0,4,0,207,0,0,0,0,0,0,0,0,0,0,0,0,0,0,0,0,0,0,0,0,0,0,0,0,0,0,0,0,0,0,0,0,44,42,24,0,0,10,14,0,0,0,0,0,0,18,0,0,0,0,0,0,2,0,0,0,0,2,0,2,0,0,0,0,163,148,0,0,0,0,0,0,0,0,0,0,0,148,0,0,0,0,0,0,15,0,0,0,0,15,0,5,0,0,10,0
"G1200090","2010","FL","3","5","Florida","12","Brevard County","009",,,,,,,,,,,,,,,"37340","99999","999",,,,,,,,,,,,,,,,,"2630557912","1402040884","Brevard County","A","+28.2982755","-080.7003842","06","1",,543376,266242,2653,2586,2949,2910,2816,2833,2852,2902,2930,3094,3159,3122,3209,3259,3237,3448,3559,3769,3694,3722,3563,3094,3029,2991,3008,3112,2836,2859,2794,2817,2895,2649,2545,2546,2422,2546,2569,2620,2873,3256,3213,3113,3106,3300,3640,4081,4216,4323,4547,4642,4804,4536,4457,4412,4202,4095,4002,3784,3565,3432,3411,3510,3630,3732,2854,2901,3148,3230,2798,2557,2659,2521,2553,2310,2285,2334,1976,2146,1953,1956,1819,1575,1413,1342,1124,1018,913,722,675,528,397,340,240,160,116,87,44,26,24,3,12,2,1,277134,2443,2515,2609,2610,2718,2803,2745,2712,2807,2885,3089,2976,3041,2996,3181,3324,3408,3537,3242,2788,2793,2710,2566,2787,2794,2907,2760,2859,2891,2789,2831,2656,2636,2489,2502,2661,2698,2919,2986,3393,3378,3295,3279,3492,3811,4269,4592,4536,4793,4883,4849,4656,4649,4661,4494,4384,4195,3890,3756,3565,3749,3788,4027,4086,3197,3170,3375,3722,3239,3098,2907,2869,2837,2801,2706,2613,2380,2389,2232,2259,2036,2024,1939,1780,1635,1542,1396,1184,1011,809,634,537,413,351,294,205,125,83,82,43,76,8,0,535641,261133,13898,14596,15938,10555,6429,2885,2739,8417,14021,12836,13682,16220,21613,22228,18749,6885,10170,6026,8547,12248,10254,7110,5087,274508,12878,13946,15260,10196,5814,2693,2659,8074,14138,13061,14611,17211,23006,23243,19727,7514,11274,6519,10006,14018,11665,9064,7931,7735,5109,300,261,103,0,0,64,39,0,0,87,24,5,58,0,71,71,0,0,0,0,39,8,0,0,0,31,5,0,1,0,3,22,4173,2754,2280,0,0,956,1324,0,0,333,0,1,332,126,15,0,15,0,0,0,1419,844,165,55,110,410,45,99,68,7,17,174,636,599,7,0,0,0,7,0,0,0,0,0,0,592,0,0,0,0,0,0,37,0,0,0,0,37,0,17,1,0,8,11,2626,119,88,4,0,0,0,4,0,0,43,22,0,21,0,41,41,0,0,0,0,31,1,0,0,0,30,10,0,2,0,2,16,906,356,231,0,0,0,231,0,0,9,0,0,9,113,3,0,3,0,0,0,550,317,17,13,4,216,27,58,43,0,7,81,1601,1533,0,0,0,0,0,0,0,0,0,0,0,1526,7,0,5,2,0,0,68,0,0,0,0,68,0,51,1,0,12,4
"G1200110","2010","FL","3","5","Florida","12","Broward County","011",,,,,,,,,,,,,,,"33100","22744","999",,,,,,,,,,,,,,,,,"3133329108","292869341","Broward County","A","+26.1935200","-080.4766578","06","1",,1748066,846571,10217,10231,10627,10792,10788,10593,10183,10426,10612,11124,11331,11286,11463,11836,11884,12042,12366,12408,11671,10435,10516,10119,10288,10645,10934,11047,10997,10960,11135,11133,11244,10280,10696,10589,10622,11111,10769,11580,11861,12715,12907,12084,12517,12782,13304,14222,14192,14176,14114,13997,14232,13224,13130,12693,12230,11959,11072,10844,10173,10115,9651,9319,9638,9301,7387,7461,7214,7213,6100,5721,5377,5219,4882,4465,4259,4154,3838,3712,3594,3531,3436,3202,2999,2791,2519,2253,2073,1797,1709,1478,1120,857,738,557,434,325,255,180,117,68,97,4,3,901495,9857,9853,10278,10311,10302,10072,9999,10015,10313,10734,10772,10819,10760,10990,11066,11542,11675,11782,10764,9515,10131,9731,10364,11036,11019,11517,11432,11852,11754,11772,12139,11155,11559,11341,11255,11810,11713,12164,12762,13661,13717,13188,13231,13425,14124,14830,14865,14504,14287,14550,14297,13827,13702,13169,12799,12700,11917,11739,11315,10861,10370,10155,10213,10106,8346,8096,8007,8144,7104,6609,6482,6040,5979,5543,5438,5463,5010,5026,4921,5125,5098,4736,4674,4341,4375,4018,3764,3460,3020,2684,2246,1849,1532,1224,952,834,588,445,288,213,327,15,2,1731174,836411,52577,52895,57694,36601,21544,10227,9848,31001,54092,52573,57251,62797,69808,64689,53548,18824,26135,14569,18913,23993,18587,14646,13599,894763,50529,51084,54332,34923,19953,9970,9578,31987,57853,57104,61777,67288,72697,67505,58274,20432,28533,16025,21750,29258,25232,22686,25993,16892,10160,442,291,30,0,1,0,29,0,0,261,80,72,109,0,0,0,0,0,0,0,151,2,0,0,0,149,119,3,6,0,1,20,8273,5245,4760,0,573,230,3700,257,0,49,12,0,37,383,53,27,7,19,0,0,3028,461,0,0,0,2567,670,501,632,24,219,521,1445,1133,40,0,6,1,31,2,0,0,0,0,0,1033,60,13,0,47,0,0,312,0,0,0,0,312,23,140,15,7,92,35,6732,272,115,2,0,0,2,0,0,0,113,83,28,2,0,0,0,0,0,0,0,157,6,0,0,0,151,111,1,7,0,3,29,3732,1888,1553,0,115,937,500,1,0,14,14,0,0,294,27,6,4,17,0,0,1844,683,0,0,0,1161,336,299,255,2,112,157,2728,2259,5,0,0,4,1,0,0,0,0,0,0,2185,69,14,0,55,0,0,469,0,0,0,0,469,8,295,19,1,136,10
"G1200130","2010","FL","3","5","Florida","12","Calhoun County","013",,,,,,,,,,,,,,,"99999","99999","999",,,,,,,,,,,,,,,,,"1469389276","18074798","Calhoun County","A","+30.3888013","-085.1979155","06","9",,14625,7955,91,96,83,87,93,90,93,78,82,72,96,96,105,72,83,83,91,81,90,97,94,82,95,120,120,125,142,122,138,103,121,140,120,118,116,125,111,120,151,129,115,126,134,119,124,125,143,111,125,125,130,128,110,127,114,95,108,96,91,110,79,99,90,71,66,86,58,64,73,67,76,55,64,50,68,40,33,32,31,45,36,26,28,25,16,13,13,9,6,8,9,0,7,2,0,1,0,0,1,0,1,0,0,6670,92,86,87,92,102,86,81,69,74,89,84,90,99,85,76,88,83,97,80,79,75,74,87,83,65,84,75,77,59,75,90,65,72,71,79,81,63,62,80,82,76,71,74,85,101,87,112,91,76,94,107,106,99,80,106,99,88,85,96,85,83,90,86,80,80,87,85,75,67,70,55,56,55,48,61,41,56,46,47,42,29,32,31,28,29,26,28,18,21,19,17,9,7,10,6,3,0,6,3,1,1,0,0,12734,6217,450,415,452,255,180,90,70,204,337,343,391,405,422,472,407,155,211,135,189,299,167,115,53,6517,459,399,434,268,159,75,72,235,364,375,367,402,457,489,452,170,239,170,203,267,215,126,120,1891,1738,0,0,0,0,0,0,0,0,0,0,0,0,0,0,0,0,0,0,0,0,0,0,0,0,0,0,0,0,0,0,0,0,1653,1653,1630,0,0,1605,25,0,0,0,0,0,0,20,3,0,0,3,0,0,0,0,0,0,0,0,0,0,0,0,0,0,85,85,15,0,0,15,0,0,0,0,0,0,0,65,5,0,0,5,0,0,0,0,0,0,0,0,0,0,0,0,0,0,153,0,0,0,0,0,0,0,0,0,0,0,0,0,0,0,0,0,0,0,0,0,0,0,0,0,0,0,0,0,0,0,0,39,39,20,0,0,6,14,0,0,0,0,0,0,16,3,0,0,3,0,0,0,0,0,0,0,0,0,0,0,0,0,0,114,114,0,0,0,0,0,0,0,0,0,0,0,106,8,0,0,8,0,0,0,0,0,0,0,0,0,0,0,0,0,0
"G1200150","2010","FL","3","5","Florida","12","Charlotte County","015",,,,,,,,,,,,,,,"39460","99999","494",,,,,,,,,,,,,,,,,"1761913582","461075444","Charlotte County","A","+26.8688259","-081.9408583","06","1",,159978,77762,490,587,580,605,591,634,575,576,647,629,667,677,673,736,776,761,751,803,767,725,696,635,617,581,577,587,607,574,600,584,608,570,596,565,561,527,599,599,685,752,777,729,748,791,853,901,939,966,1005,1070,1051,998,1037,1027,1067,1040,981,1128,1158,1134,1227,1285,1587,1600,1320,1353,1573,1730,1503,1328,1391,1357,1345,1226,1232,1216,1129,1061,1054,1011,914,765,776,702,567,533,470,380,337,281,220,132,120,71,69,37,39,23,14,8,5,1,0,82216,520,555,566,514,537,575,566,598,593,638,627,655,625,642,695,731,734,749,723,592,559,519,537,510,574,560,550,539,575,528,542,511,491,520,518,526,595,611,669,755,751,754,734,779,861,896,1011,1024,1083,1157,1120,1220,1237,1189,1234,1269,1284,1400,1399,1399,1462,1584,1712,1936,1471,1549,1695,1719,1609,1491,1422,1399,1387,1323,1313,1176,1042,1018,1043,1073,978,916,859,823,761,675,576,534,440,375,335,264,228,156,118,95,71,55,37,26,42,3,0,156966,75655,2851,3060,3516,2291,1393,642,563,1585,2663,2665,2969,3723,4734,5084,5380,2496,4485,2911,4532,6518,5405,3623,2566,81311,2692,2968,3242,2213,1305,556,511,1598,2714,2561,3142,3859,5147,5980,6736,3039,5100,3230,4796,6795,5279,4216,3632,3012,2107,40,27,2,0,0,1,1,0,0,24,5,0,19,0,1,0,1,0,0,0,13,0,0,0,0,13,6,0,3,0,1,3,1649,1539,1483,0,0,1059,424,0,0,6,0,0,6,43,7,0,7,0,0,0,110,0,0,0,0,110,30,23,4,0,18,35,418,407,9,0,0,6,3,0,0,0,0,0,0,393,5,0,5,0,0,0,11,0,0,0,0,11,0,2,0,0,9,0,905,5,1,0,0,0,0,0,0,0,0,0,0,0,0,1,0,1,0,0,0,4,0,0,0,0,4,2,0,0,0,2,0,222,152,109,0,0,1,108,0,0,0,0,0,0,37,6,0,6,0,0,0,70,0,0,0,0,70,9,29,10,0,13,9,678,660,0,0,0,0,0,0,0,0,0,0,0,654,6,0,3,3,0,0,18,0,0,0,0,18,0,8,0,0,9,1
"G1200170","2010","FL","3","5","Florida","12","Citrus County","017",,,,,,,,,,,,,,,"26140","99999","999",,,,,,,,,,,,,,,,,"1506586255","496236304","Citrus County","A","+28.8436275","-082.5247964","06","2",,141236,68359,538,528,584,582,551,564,571,590,572,629,624,631,711,668,727,736,804,811,771,645,608,577,539,512,565,537,498,527,494,476,523,440,522,470,452,568,491,605,579,666,648,645,661,695,739,810,903,867,951,939,933,897,980,976,932,993,892,1013,963,993,1028,1096,1288,1308,1121,1189,1243,1452,1290,1201,1225,1229,1164,1066,1036,1000,856,924,858,808,656,684,628,531,492,390,350,331,240,203,144,122,99,54,48,31,27,14,7,3,6,0,1,72877,487,541,601,559,566,553,526,557,568,594,618,614,613,690,706,694,754,732,665,583,540,503,487,532,494,510,489,531,463,482,525,482,507,455,482,532,525,599,652,728,724,718,713,726,865,874,932,926,1015,971,1090,1096,1069,1078,1096,1090,1163,1185,1215,1159,1277,1390,1464,1609,1254,1349,1418,1551,1322,1250,1291,1151,1170,1037,963,962,894,881,880,803,713,738,644,652,562,555,495,450,363,323,237,174,154,111,91,76,62,46,17,25,28,1,0,138985,67122,2774,2923,3354,2289,1339,584,558,1545,2418,2318,2829,3317,4385,4666,4811,2110,3691,2423,3923,5653,4366,2905,1941,71863,2752,2797,3233,2133,1227,535,496,1505,2449,2431,3019,3717,4696,5396,5782,2655,4302,2756,4094,5550,4320,3172,2846,2251,1237,81,63,4,0,0,0,4,0,0,57,0,0,57,0,2,0,2,0,0,0,18,0,0,0,0,18,5,0,0,0,2,11,765,570,458,0,0,0,458,0,0,38,0,0,38,49,25,0,25,0,0,0,195,77,0,0,0,118,29,38,0,0,39,12,391,384,6,0,0,0,6,0,0,0,0,0,0,324,54,0,52,2,0,0,7,1,0,0,0,6,2,2,0,0,1,1,1014,58,52,0,0,0,0,0,0,0,51,0,51,0,0,1,0,1,0,0,0,6,1,0,0,0,5,0,0,0,0,3,2,255,144,53,0,0,0,53,0,0,8,0,8,0,42,41,0,41,0,0,0,111,38,0,0,0,73,16,30,0,0,7,20,701,683,0,0,0,0,0,0,0,0,0,0,0,630,53,0,52,1,0,0,18,0,0,0,0,18,1,9,0,0,4,4
"G1200190","2010","FL","3","5","Florida","12","Clay County","019",,,,,,,,,,,,,,,"27260","99999","999",,,,,,,,,,,,,,,,,"1565286048","101496213","Clay County","A","+29.9871155","-081.8581472","06","1",,190865,93491,1106,1189,1265,1221,1298,1372,1348,1361,1456,1488,1479,1513,1549,1601,1501,1589,1675,1634,1540,1371,1171,1125,1071,1118,1033,1062,1013,1107,1035,1066,1024,997,1076,1034,1066,1135,1149,1232,1281,1413,1414,1320,1339,1437,1384,1490,1618,1616,1580,1536,1481,1433,1370,1294,1283,1262,1146,1130,1157,1114,1078,1032,1149,1118,872,856,833,794,680,612,596,567,538,479,462,400,374,354,338,308,288,239,227,186,188,135,106,114,115,80,50,42,27,27,18,10,10,6,6,2,7,0,0,97374,1069,1087,1125,1263,1246,1258,1333,1265,1319,1425,1478,1446,1482,1448,1505,1514,1579,1683,1375,1101,1144,1002,1017,1088,1066,1048,1041,1133,1092,1135,1114,1141,1125,1173,1211,1203,1273,1398,1466,1572,1593,1365,1460,1411,1530,1693,1649,1574,1583,1615,1525,1503,1435,1415,1396,1346,1364,1240,1195,1164,1177,1190,1241,1170,879,841,932,861,833,699,713,629,554,537,488,443,428,431,414,383,346,314,343,270,271,243,223,223,192,153,121,90,56,55,42,38,20,19,3,5,5,0,0,189614,92778,6075,7023,7638,4874,2848,1136,1096,3168,5216,5138,6178,6855,7808,6826,5780,2097,3126,1675,2073,2617,1748,1088,695,96836,5781,6591,7355,4771,2467,1139,1000,3159,5430,5746,6899,7347,8102,7259,6293,2362,3274,1764,2372,2888,2059,1486,1292,1251,713,35,35,8,0,0,0,8,0,0,27,25,2,0,0,0,0,0,0,0,0,0,0,0,0,0,0,0,0,0,0,0,0,500,465,385,0,0,0,385,0,0,22,22,0,0,56,2,0,0,2,0,0,35,0,0,0,0,35,0,28,5,0,0,2,178,155,5,0,0,0,5,0,0,0,0,0,0,149,1,0,0,1,0,0,23,0,0,0,0,23,0,23,0,0,0,0,538,27,26,0,0,0,0,0,0,0,26,3,23,0,0,0,0,0,0,0,0,1,0,0,0,0,1,0,0,1,0,0,0,154,130,70,0,0,0,70,0,0,5,2,3,0,55,0,0,0,0,0,0,24,0,0,0,0,24,0,23,0,0,0,1,357,336,0,0,0,0,0,0,0,0,0,0,0,336,0,0,0,0,0,0,21,0,0,0,0,21,0,21,0,0,0,0
"G1200210","2010","FL","3","5","Florida","12","Collier County","021",,,,,,,,,,,,,,,"34940","99999","999",,,,,,,,,,,,,,,,,"5175636190","794325489","Collier County","A","+26.1187125","-081.4008838","06","1",,321520,158494,1642,1629,1683,1741,1796,1757,1769,1763,1841,1741,1812,1783,1812,1779,1817,1871,1926,1922,1855,1644,1610,1626,1597,1724,1823,1836,1641,1747,1700,1702,1880,1657,1544,1588,1639,1672,1605,1602,1735,1826,1892,1776,1834,1890,1953,2126,2053,2035,1975,2060,2015,1947,1992,1813,1797,1871,1804,1764,1812,1791,1929,1893,2221,2363,1963,2157,2295,2525,2355,2163,2168,2217,2143,2061,1911,1854,1695,1601,1718,1537,1392,1430,1227,1091,945,826,740,597,496,393,293,230,158,125,76,66,37,32,14,7,13,0,0,163026,1631,1547,1710,1779,1678,1596,1683,1683,1773,1671,1664,1687,1751,1647,1699,1805,1758,1801,1644,1387,1338,1422,1456,1437,1483,1584,1517,1607,1574,1596,1646,1465,1591,1550,1486,1609,1541,1614,1759,1929,1895,1858,1808,1894,1865,2153,2109,2126,2007,2119,2163,2074,2088,2142,2035,2233,2028,2182,2156,2216,2347,2498,2596,2961,2312,2559,2729,3008,2532,2378,2317,2324,2136,2139,2037,1903,1700,1663,1561,1625,1524,1392,1272,1122,1038,932,829,732,612,523,418,336,260,197,148,128,91,78,42,31,46,1,0,316974,155575,8415,8820,8959,5640,3278,1480,1499,4808,8259,8010,8233,9156,10089,9458,8947,3796,6494,4441,7019,10461,8362,6013,3938,161399,8276,8352,8422,5339,2890,1265,1353,4255,7771,7660,8388,9261,10467,10466,10782,4831,7853,5277,7902,10923,8407,6234,5025,4546,2919,250,70,7,0,0,0,7,0,0,60,8,0,52,0,3,0,3,0,0,0,180,2,0,0,0,178,18,1,0,0,130,29,2315,828,753,0,0,0,738,15,0,4,0,0,4,26,45,38,4,3,0,0,1487,281,0,0,0,1206,112,12,11,0,693,378,354,323,8,0,0,0,8,0,0,0,0,0,0,306,9,0,0,9,0,0,31,0,0,0,0,31,0,4,0,0,21,6,1627,174,14,1,0,0,0,0,1,0,13,10,0,3,0,0,0,0,0,0,0,160,1,0,0,0,159,18,0,0,0,118,23,858,171,128,0,0,0,122,6,0,1,0,0,1,21,21,21,0,0,0,0,687,323,0,0,0,364,58,8,5,0,219,74,595,574,0,0,0,0,0,0,0,0,0,0,0,569,5,3,0,2,0,0,21,0,0,0,0,21,0,3,0,0,15,3
"G1200230","2010","FL","3","5","Florida","12","Columbia County","023",,,,,,,,,,,,,,,"29380","99999","999",,,,,,,,,,,,,,,,,"2065707648","9722658","Columbia County","A","+30.2213046","-082.6231271","06","2",,67531,34951,410,434,422,431,460,426,401,461,419,442,448,487,412,409,434,444,439,477,452,657,691,679,516,437,469,463,485,452,457,453,479,445,423,421,405,404,371,368,447,498,438,441,455,448,489,495,523,514,529,496,561,487,530,527,516,492,468,453,443,445,385,432,465,414,365,356,369,358,297,320,283,269,233,253,194,206,206,185,160,157,144,129,123,95,80,84,79,61,44,30,21,25,13,13,15,3,0,5,0,1,1,0,0,32580,410,418,417,413,417,414,410,371,394,418,413,437,412,378,375,404,390,446,407,398,420,359,372,387,395,389,390,411,384,387,363,364,330,371,328,323,300,350,390,382,423,379,377,392,400,469,469,495,479,466,491,532,534,568,529,479,501,436,423,407,436,464,470,493,353,375,388,380,310,327,283,277,271,252,248,262,196,193,198,174,169,152,165,150,109,103,108,77,116,71,44,42,35,36,18,13,9,10,5,7,4,1,0,62925,30719,2156,2147,2187,1349,852,373,346,1028,1812,1703,1688,1861,2196,2394,2160,787,1183,704,941,1183,853,507,309,32206,2075,2005,2010,1236,804,418,359,1145,1950,1745,1735,1954,2363,2639,2235,894,1306,757,1013,1309,981,697,576,4606,4232,17,7,3,0,0,0,3,0,0,4,0,4,0,0,0,0,0,0,0,0,10,0,0,0,0,10,7,0,0,0,1,2,3900,3802,2806,0,0,2490,202,114,0,883,0,0,883,113,0,0,0,0,0,0,98,0,0,0,0,98,23,12,8,0,19,36,315,295,22,0,0,21,1,0,0,0,0,0,0,273,0,0,0,0,0,0,20,0,0,0,0,20,9,0,0,0,0,11,374,11,2,0,0,0,0,0,0,0,2,0,2,0,0,0,0,0,0,0,0,9,0,0,0,0,9,6,0,0,0,3,0,118,76,35,0,0,0,35,0,0,0,0,0,0,41,0,0,0,0,0,0,42,0,0,0,0,42,5,8,6,0,16,7,245,243,0,0,0,0,0,0,0,0,0,0,0,243,0,0,0,0,0,0,2,0,0,0,0,2,0,0,0,0,0,2
"G1200270","2010","FL","3","5","Florida","12","DeSoto County","027",,,,,,,,,,,,,,,"11580","99999","999",,,,,,,,,,,,,,,,,"1649975818","6274597","DeSoto County","A","+27.1905809","-081.8062531","06","2",,34862,19718,223,233,218,238,253,216,230,215,227,231,225,223,205,205,194,248,248,313,356,310,361,384,376,360,332,338,310,299,326,304,336,267,283,274,216,266,248,255,242,289,280,243,228,242,272,255,248,230,270,248,242,254,251,243,230,250,220,198,230,201,205,201,196,212,188,188,189,184,180,185,183,196,176,142,127,141,122,109,129,110,89,95,72,84,62,45,51,28,28,30,24,13,7,3,6,3,1,2,0,0,0,0,0,15144,231,239,207,203,233,189,225,176,212,182,197,184,185,209,200,198,199,221,192,171,170,164,192,176,163,191,157,156,165,161,224,134,194,133,139,149,160,174,168,169,168,139,159,147,175,202,160,181,191,190,193,197,169,195,199,199,163,204,170,167,186,188,192,212,182,175,212,234,209,178,180,189,132,164,144,142,128,126,100,117,111,93,76,85,64,53,52,50,49,33,32,32,19,14,11,3,7,2,4,0,3,1,0,31064,16140,1152,1111,1038,659,505,234,204,708,1114,982,958,911,908,923,912,366,550,351,534,795,602,394,229,14924,1105,977,965,561,347,169,163,526,820,808,805,783,912,941,898,373,583,384,620,804,609,423,348,3798,3578,185,154,1,0,0,0,1,0,0,153,0,0,153,0,0,0,0,0,0,0,31,0,0,0,0,31,0,1,0,0,5,25,3294,2702,2662,0,0,2481,153,28,0,36,0,0,36,4,0,0,0,0,0,0,592,0,0,0,0,592,0,34,0,0,383,175,99,79,56,0,0,56,0,0,0,0,0,0,0,20,3,0,0,3,0,0,20,0,0,0,0,20,0,0,0,0,3,17,220,82,61,0,0,0,0,0,0,0,61,0,0,61,0,0,0,0,0,0,0,21,0,0,0,0,21,0,0,0,0,3,18,102,30,16,0,0,0,13,3,0,14,0,0,14,0,0,0,0,0,0,0,72,0,0,0,0,72,0,7,0,0,11,54,36,27,1,0,0,0,0,1,0,0,0,0,0,23,3,0,0,3,0,0,9,0,0,0,0,9,0,2,0,0,3,4
"G1200290","2010","FL","3","5","Florida","12","Dixie County","029",,,,,,,,,,,,,,,"99999","99999","999",,,,,,,,,,,,,,,,,"1826078949","410763739","Dixie County","A","+29.5808994","-083.1956656","06","9",,16422,8842,80,92,84,95,88,93,95,84,90,97,99,97,78,76,80,95,107,100,97,70,70,87,93,115,125,119,107,100,118,100,130,137,83,108,107,104,102,92,117,105,102,124,131,117,130,121,123,169,127,166,130,139,150,151,153,125,122,134,120,137,117,127,148,141,116,126,125,122,107,99,120,114,67,83,79,70,76,53,62,51,43,33,30,24,18,28,17,21,5,7,11,4,2,2,2,3,0,0,0,1,1,0,0,7580,93,111,71,69,82,81,79,77,91,98,86,86,87,79,91,75,65,93,94,84,83,82,60,82,75,77,68,88,71,81,88,78,57,65,70,46,60,78,86,66,82,90,75,100,107,109,98,99,134,107,118,113,128,126,113,124,122,126,130,103,148,133,122,137,119,117,123,124,90,99,82,92,76,91,61,71,63,48,44,38,49,41,53,30,26,22,27,16,18,12,13,8,7,8,2,5,5,1,1,1,0,0,0,14992,7455,439,459,430,299,156,65,58,201,331,382,310,407,548,581,590,235,393,245,320,455,311,145,95,7537,426,426,429,233,178,83,82,216,383,357,330,454,546,597,602,281,377,240,313,400,262,187,135,1430,1387,3,3,3,0,0,0,3,0,0,0,0,0,0,0,0,0,0,0,0,0,0,0,0,0,0,0,0,0,0,0,0,0,1349,1345,1341,0,0,1271,70,0,0,0,0,0,0,4,0,0,0,0,0,0,4,0,0,0,0,4,0,4,0,0,0,0,35,35,13,0,0,12,1,0,0,0,0,0,0,22,0,0,0,0,0,0,0,0,0,0,0,0,0,0,0,0,0,0,43,0,0,0,0,0,0,0,0,0,0,0,0,0,0,0,0,0,0,0,0,0,0,0,0,0,0,0,0,0,0,0,0,16,16,11,0,0,0,11,0,0,0,0,0,0,5,0,0,0,0,0,0,0,0,0,0,0,0,0,0,0,0,0,0,27,27,0,0,0,0,0,0,0,0,0,0,0,27,0,0,0,0,0,0,0,0,0,0,0,0,0,0,0,0,0,0
"G1200310","2010","FL","3","5","Florida","12","Duval County","031",,,,,,,,,,,,,,,"27260","99999","999",,,,,,,,,,,,,,,,,"1974068274","404712512","Duval County","C","+30.3352449","-081.6481132","06","1",,864263,419425,5971,6004,6185,6163,6063,5803,5723,5564,5463,5633,5637,5700,5439,5513,5519,5432,5678,5987,5980,6403,6503,6595,6515,6898,6975,7152,6943,6788,6579,6680,6650,6065,5722,5697,5405,5749,5397,5606,5941,6095,6164,5664,5654,5556,5830,6161,6327,6330,6278,6644,6388,6156,6017,6065,5664,5508,5434,5171,4869,4714,4538,4455,4566,4428,3284,3118,3051,2972,2531,2346,2121,2141,2031,1795,1719,1561,1462,1323,1409,1288,1165,1071,985,961,800,717,649,576,480,373,279,243,178,129,77,68,49,28,19,10,16,4,0,444838,5880,5895,5985,5777,5578,5545,5417,5330,5375,5502,5627,5336,5471,5391,5439,5321,5513,5655,5916,6302,6186,6250,6644,6622,6855,7224,6841,6883,6896,6870,6673,6234,6177,5588,5788,5667,5518,5833,6148,6369,6293,5833,5775,5887,5969,6625,6704,6647,6714,6864,6668,6620,6570,6441,6485,6391,5890,5674,5470,5404,5140,5101,5109,4973,3646,3692,3687,3541,3244,2899,2804,2544,2418,2402,2207,2053,2003,2026,1893,1859,1768,1706,1687,1601,1515,1391,1274,1131,1092,871,772,535,431,325,288,221,188,121,76,50,101,5,3,844278,406102,30345,28147,27751,16779,10641,5405,5529,18310,32583,28484,28094,28195,31018,29627,25241,8878,12159,6108,7760,9668,6868,4810,3702,438176,29075,27144,27223,16420,10745,5645,5908,19694,34437,30291,29365,29580,33371,32565,28685,10187,13635,7315,9570,12156,9547,7842,7776,19985,13323,455,321,117,0,0,0,117,0,0,192,31,39,122,0,12,8,4,0,0,0,134,45,1,1,0,88,79,3,2,0,1,3,12039,4222,3880,0,0,132,3600,148,0,21,8,3,10,290,31,31,0,0,0,0,7817,1845,4246,1859,2387,1726,624,314,234,0,36,518,829,726,20,0,0,1,19,0,0,0,0,0,0,701,5,5,0,0,0,0,103,0,0,0,0,103,9,19,2,0,55,18,6662,175,75,6,0,0,0,6,0,0,62,31,16,15,0,7,4,3,0,0,0,100,5,0,0,0,95,86,0,2,0,4,3,4269,887,606,0,0,1,590,15,0,7,5,0,2,244,30,25,0,5,0,0,3382,2206,415,248,167,761,272,189,131,0,43,126,2218,2070,0,0,0,0,0,0,0,0,0,0,0,2063,7,5,0,2,0,0,148,0,0,0,0,148,7,16,3,0,119,3
"G1200330","2010","FL","3","5","Florida","12","Escambia County","033",,,,,,,,,,,,,,,"37860","99999","999",,,,,,,,,,,,,,,,,"1700226567","565247441","Escambia County","A","+30.6116644","-087.3390400","06","1",,297619,147119,1913,1859,1865,1961,1878,1858,1730,1707,1773,1725,1804,1714,1678,1748,1720,1774,1982,2004,2909,3823,3121,2783,2661,2687,2586,2390,2229,2176,2086,2015,1949,1797,1662,1665,1663,1666,1495,1644,1764,1874,1749,1694,1625,1730,1852,1970,1957,2209,2178,2240,2261,2134,2284,2050,2050,2011,1836,1847,1809,1721,1667,1661,1753,1754,1301,1313,1357,1294,1090,1045,1028,985,936,887,837,817,672,666,696,632,611,503,480,429,354,317,298,235,251,195,118,116,94,62,39,38,11,14,8,5,5,0,0,150500,1869,1807,1892,1916,1827,1737,1710,1634,1660,1676,1681,1641,1687,1669,1750,1669,1798,1838,2478,2941,2796,2638,2473,2379,2278,2135,2015,2033,1942,1954,1826,1658,1734,1623,1564,1530,1467,1579,1774,1839,1774,1709,1691,1690,1866,2032,2056,2116,2188,2248,2352,2209,2271,2170,2219,2235,2098,1917,2017,1888,1943,1921,1968,1940,1374,1567,1518,1499,1343,1250,1206,1177,1098,1043,1011,1047,931,918,908,810,779,771,730,703,659,606,521,443,429,357,288,218,170,128,117,61,60,43,29,26,24,3,0,279660,134496,9476,8784,8634,5635,3619,1825,1852,6345,9751,7913,7722,8031,9752,10277,8858,3269,4728,2630,3396,4612,3413,2300,1674,145164,9300,8405,8411,5258,3721,2068,2031,6405,9898,8352,8150,8685,10589,11169,10107,3850,5240,3067,4054,5453,4477,3434,3040,17959,12623,164,105,0,0,0,0,0,0,0,105,57,10,38,0,0,0,0,0,0,0,59,26,5,5,0,28,20,0,0,0,5,3,12046,4043,3875,0,627,1610,1550,82,6,8,6,0,2,158,2,0,0,2,0,0,8003,2015,5355,5355,0,633,112,79,162,0,15,265,413,353,50,0,28,20,0,2,0,0,0,0,0,300,3,0,0,3,0,0,60,0,0,0,0,60,5,42,2,0,3,8,5336,87,30,0,0,0,0,0,0,0,30,14,6,10,0,0,0,0,0,0,0,57,16,5,5,0,36,30,0,0,0,3,3,4283,149,11,0,5,6,0,0,0,4,4,0,0,134,0,0,0,0,0,0,4134,2775,1134,1134,0,225,80,42,70,0,0,33,966,829,0,0,0,0,0,0,0,0,0,0,0,822,7,0,0,7,0,0,137,0,0,0,0,137,1,121,0,0,15,0
"G1200350","2010","FL","3","5","Florida","12","Flagler County","035",,,,,,,,,,,,,,,"37380","99999","422",,,,,,,,,,,,,,,,,"1257337716","221090860","Flagler County","A","+29.4748942","-081.2863619","06","1",,95696,46016,431,480,512,528,483,519,491,520,523,545,557,593,582,576,610,597,562,635,549,525,457,376,374,387,389,366,404,422,441,426,461,455,405,498,478,419,451,482,529,577,528,527,537,559,537,535,583,567,570,609,600,605,592,574,586,617,616,594,628,603,681,694,754,837,685,702,766,814,721,657,615,673,637,551,565,457,447,422,435,344,346,346,268,247,224,209,176,124,113,95,63,45,40,30,19,10,8,5,2,2,4,1,0,49680,434,430,456,541,471,481,491,526,532,525,567,516,523,522,525,584,592,576,502,450,419,415,352,406,384,436,441,448,441,475,478,444,516,493,483,472,539,503,572,599,564,544,578,630,616,663,617,636,674,688,698,707,720,753,694,729,759,763,799,756,837,867,922,935,749,734,805,834,751,744,676,651,589,578,530,490,455,445,444,388,368,351,324,329,275,267,256,155,155,152,87,82,82,61,48,38,32,17,12,7,8,1,1,95012,45627,2429,2597,2918,1793,1043,447,362,1121,2018,2261,2435,2644,2839,2930,3045,1371,2271,1467,2185,3030,2095,1409,917,49385,2330,2555,2652,1752,944,419,411,1136,2233,2401,2673,2918,3248,3557,3802,1701,2606,1538,2326,3007,2210,1605,1361,684,389,7,1,1,0,0,0,1,0,0,0,0,0,0,0,0,0,0,0,0,0,6,0,0,0,0,6,4,0,0,0,0,2,302,233,215,0,0,64,151,0,0,0,0,0,0,18,0,0,0,0,0,0,69,0,0,0,0,69,7,14,3,0,45,0,80,75,0,0,0,0,0,0,0,0,0,0,0,75,0,0,0,0,0,0,5,0,0,0,0,5,0,2,1,0,2,0,295,3,0,0,0,0,0,0,0,0,0,0,0,0,0,0,0,0,0,0,0,3,0,0,0,0,3,2,0,0,0,0,1,117,91,86,0,0,74,12,0,0,0,0,0,0,5,0,0,0,0,0,0,26,0,0,0,0,26,7,12,0,0,1,6,175,162,0,0,0,0,0,0,0,0,0,0,0,162,0,0,0,0,0,0,13,0,0,0,0,13,1,7,0,0,5,0
"G1200370","2010","FL","3","5","Florida","12","Franklin County","037",,,,,,,,,,,,,,,"99999","99999","999",,,,,,,,,,,,,,,,,"1384930964","1273675839","Franklin County","A","+29.8101756","-084.7991735","06","9",,11549,6656,60,68,54,52,65,62,54,51,62,51,66,66,49,55,45,48,55,56,60,46,51,53,108,117,126,141,126,130,162,137,140,134,105,113,92,106,100,98,86,112,111,75,90,80,105,118,107,113,72,110,97,87,98,85,73,89,72,82,103,85,85,90,92,97,55,70,78,103,77,64,77,65,43,43,53,54,31,37,31,24,28,32,17,16,12,18,13,13,6,3,4,4,1,2,1,1,0,2,0,0,0,0,0,4893,60,58,69,60,47,51,55,45,51,43,61,52,59,38,48,46,43,65,46,49,42,46,42,44,63,53,51,40,49,63,62,50,53,46,52,40,42,62,52,51,74,48,43,55,56,69,76,58,73,84,84,77,78,75,82,74,91,69,83,96,75,100,82,75,75,96,64,64,50,62,60,58,57,48,49,32,35,29,35,22,26,20,22,21,20,24,14,20,10,5,12,8,8,6,3,1,5,3,2,1,0,0,0,9721,4854,299,280,281,157,99,46,39,135,239,232,256,279,348,359,396,165,237,142,242,278,173,104,68,4867,294,245,258,153,95,41,45,148,254,262,247,274,358,396,413,175,232,160,176,268,153,107,113,1828,1802,2,1,1,0,0,0,1,0,0,0,0,0,0,0,0,0,0,0,0,0,1,0,0,0,0,1,0,0,0,0,1,0,1784,1744,1739,0,0,1691,48,0,0,0,0,0,0,5,0,0,0,0,0,0,40,0,0,0,0,40,0,0,0,0,39,1,16,16,10,0,0,9,1,0,0,0,0,0,0,6,0,0,0,0,0,0,0,0,0,0,0,0,0,0,0,0,0,0,26,1,1,1,0,0,0,1,0,0,0,0,0,0,0,0,0,0,0,0,0,0,0,0,0,0,0,0,0,0,0,0,0,10,10,10,0,0,0,10,0,0,0,0,0,0,0,0,0,0,0,0,0,0,0,0,0,0,0,0,0,0,0,0,0,15,13,0,0,0,0,0,0,0,0,0,0,0,13,0,0,0,0,0,0,2,0,0,0,0,2,0,0,0,0,0,2
"G1200390","2010","FL","3","5","Florida","12","Gadsden County","039",,,,,,,,,,,,,,,"45220","99999","999",,,,,,,,,,,,,,,,,"1337293000","31587832","Gadsden County","A","+30.5791695","-084.6127832","06","1",,46389,22647,310,319,337,316,326,349,294,347,289,290,310,295,338,298,269,292,299,362,333,300,304,269,271,289,271,297,294,291,300,311,317,264,285,264,285,267,262,283,303,277,344,275,281,275,292,316,288,346,327,328,363,348,382,342,404,374,350,353,309,330,273,323,282,260,204,222,209,191,181,147,198,148,120,139,138,119,98,101,113,75,67,93,47,42,50,46,27,23,20,33,19,8,6,7,2,2,2,5,1,0,2,0,0,23742,329,330,289,345,312,336,291,317,274,322,314,273,301,278,293,293,326,342,333,288,277,250,239,234,287,259,296,341,297,309,281,259,284,293,273,327,277,290,306,314,298,317,288,273,307,316,309,382,365,347,354,372,338,386,353,366,388,374,339,319,340,274,305,292,239,263,253,218,215,195,178,176,182,165,164,150,138,142,111,137,116,103,86,80,80,76,64,49,52,44,37,35,12,31,20,18,10,9,1,5,7,0,0,44228,20830,1608,1569,1510,952,609,276,232,708,1244,1225,1263,1289,1438,1539,1523,551,699,402,495,720,491,294,193,23398,1605,1540,1459,961,613,273,246,747,1474,1367,1490,1442,1691,1761,1763,607,823,509,621,855,667,451,433,2161,1817,1,1,1,0,0,0,0,1,0,0,0,0,0,0,0,0,0,0,0,0,0,0,0,0,0,0,0,0,0,0,0,0,1710,1163,1155,0,0,891,144,120,0,0,0,0,0,8,0,0,0,0,0,0,547,0,0,0,0,547,0,1,546,0,0,0,106,84,55,0,0,52,2,1,0,0,0,0,0,29,0,0,0,0,0,0,22,0,0,0,0,22,0,0,22,0,0,0,344,0,0,0,0,0,0,0,0,0,0,0,0,0,0,0,0,0,0,0,0,0,0,0,0,0,0,0,0,0,0,0,0,258,72,65,0,0,38,12,15,0,0,0,0,0,7,0,0,0,0,0,0,186,0,0,0,0,186,0,2,184,0,0,0,86,81,11,0,0,11,0,0,0,0,0,0,0,70,0,0,0,0,0,0,5,0,0,0,0,5,0,0,5,0,0,0
"G1200410","2010","FL","3","5","Florida","12","Gilchrist County","041",,,,,,,,,,,,,,,"23540","99999","999",,,,,,,,,,,,,,,,,"905658580","14405662","Gilchrist County","A","+29.7234556","-082.7958011","06","1",,16939,8836,101,99,74,86,89,78,93,99,108,102,105,105,124,109,106,119,126,113,165,338,393,326,158,104,86,95,78,88,92,81,88,82,66,72,74,92,70,82,92,95,121,97,99,92,124,120,134,120,117,107,135,123,139,107,132,117,120,111,102,109,96,115,123,112,95,92,124,110,84,98,69,72,73,59,61,49,43,51,41,45,38,46,24,20,18,26,16,11,6,6,8,9,7,2,4,2,1,0,0,1,0,0,0,8103,80,101,88,85,106,85,85,100,92,113,114,102,100,100,120,104,105,115,109,87,87,82,71,76,97,69,79,90,91,69,63,95,89,84,68,62,81,93,122,111,118,94,103,78,118,122,115,119,101,128,124,126,136,98,137,129,138,120,100,111,104,140,121,135,78,97,104,113,84,90,78,62,69,67,64,69,46,60,38,53,48,39,43,34,33,34,24,30,29,17,23,19,22,8,11,8,9,7,3,3,2,0,0,15811,7874,449,480,549,348,219,94,102,255,426,381,429,529,596,634,558,209,329,215,290,330,223,144,85,7937,460,475,536,324,196,86,82,244,398,399,469,511,585,621,597,243,332,200,286,327,244,171,151,1128,962,10,10,0,0,0,0,0,0,0,10,0,0,10,0,0,0,0,0,0,0,0,0,0,0,0,0,0,0,0,0,0,0,923,917,29,0,0,0,0,29,0,885,0,0,885,3,0,0,0,0,0,0,6,0,0,0,0,6,0,6,0,0,0,0,29,29,0,0,0,0,0,0,0,0,0,0,0,29,0,0,0,0,0,0,0,0,0,0,0,0,0,0,0,0,0,0,166,0,0,0,0,0,0,0,0,0,0,0,0,0,0,0,0,0,0,0,0,0,0,0,0,0,0,0,0,0,0,0,0,5,5,1,0,0,0,0,1,0,0,0,0,0,4,0,0,0,0,0,0,0,0,0,0,0,0,0,0,0,0,0,0,161,161,0,0,0,0,0,0,0,0,0,0,0,161,0,0,0,0,0,0,0,0,0,0,0,0,0,0,0,0,0,0
"G1200430","2010","FL","3","5","Florida","12","Glades County","043",,,,,,,,,,,,,,,"99999","99999","999",,,,,,,,,,,,,,,,,"2087553927","468370788","Glades County","A","+26.9548102","-081.1908197","06","9",,12884,7443,65,61,59,79,93,65,59,67,75,64,69,58,91,57,79,74,65,82,74,102,88,93,104,96,73,108,135,164,106,86,107,87,143,86,102,130,122,110,107,86,129,102,93,94,107,138,131,92,67,112,83,109,118,98,74,102,103,95,74,75,73,113,82,93,75,92,104,105,76,81,119,84,84,71,75,59,52,65,55,55,47,44,39,29,21,20,20,12,8,7,5,5,3,3,0,0,0,0,0,0,0,0,0,5441,68,76,87,61,69,67,61,50,69,68,59,59,69,64,56,49,60,63,55,63,61,57,45,54,47,71,43,48,64,71,48,47,56,55,47,47,40,51,53,60,79,55,66,63,68,73,57,61,57,71,54,63,66,72,73,88,79,76,65,97,82,82,81,72,76,99,97,86,85,82,85,82,74,71,76,54,56,49,45,30,37,42,28,24,22,23,18,10,11,10,11,2,4,4,3,4,1,0,2,0,0,0,0,11401,6022,357,330,354,221,159,78,77,211,347,322,312,308,376,353,378,166,249,180,262,433,286,180,83,5379,361,315,307,172,116,61,56,141,288,240,242,323,312,324,404,163,229,196,253,388,232,153,103,1483,1421,0,0,0,0,0,0,0,0,0,0,0,0,0,0,0,0,0,0,0,0,0,0,0,0,0,0,0,0,0,0,0,0,1405,1405,1405,0,0,957,448,0,0,0,0,0,0,0,0,0,0,0,0,0,0,0,0,0,0,0,0,0,0,0,0,0,16,16,16,0,0,16,0,0,0,0,0,0,0,0,0,0,0,0,0,0,0,0,0,0,0,0,0,0,0,0,0,0,62,0,0,0,0,0,0,0,0,0,0,0,0,0,0,0,0,0,0,0,0,0,0,0,0,0,0,0,0,0,0,0,0,60,60,60,0,0,2,58,0,0,0,0,0,0,0,0,0,0,0,0,0,0,0,0,0,0,0,0,0,0,0,0,0,2,2,0,0,0,0,0,0,0,0,0,0,0,2,0,0,0,0,0,0,0,0,0,0,0,0,0,0,0,0,0,0
"G1200450","2010","FL","3","5","Florida","12","Gulf County","045",,,,,,,,,,,,,,,"99999","99999","999",,,,,,,,,,,,,,,,,"1460784877","496109237","Gulf County","A","+29.9072571","-085.2565366","06","9",,15863,9484,53,71,67,57,64,68,54,56,72,74,85,83,73,103,82,63,84,92,84,80,69,86,145,169,183,174,191,183,193,191,186,146,164,188,147,145,143,185,158,154,152,174,147,174,181,177,175,175,161,198,159,138,142,155,121,120,140,127,117,115,99,125,131,104,93,106,95,89,84,70,66,67,66,40,60,59,43,62,43,37,23,34,35,31,26,14,15,10,15,5,8,5,5,1,5,0,0,0,0,0,0,0,0,6379,66,77,60,75,59,82,54,60,58,71,87,73,76,76,70,71,82,76,69,51,75,53,58,41,47,50,57,54,52,61,74,61,65,54,69,62,67,63,69,79,82,84,95,84,68,92,98,102,77,103,103,98,111,72,116,96,94,106,114,110,112,103,102,113,72,92,82,79,78,79,88,67,72,65,61,51,45,43,52,53,54,34,44,36,32,27,27,19,23,9,14,10,5,9,8,5,0,1,0,1,3,0,0,12413,6117,312,324,426,239,155,58,60,185,289,297,308,390,493,452,487,194,293,189,228,284,231,147,76,6296,337,325,382,229,120,75,53,146,274,323,340,413,472,499,517,215,285,173,233,344,231,182,128,3450,3367,0,0,0,0,0,0,0,0,0,0,0,0,0,0,0,0,0,0,0,0,0,0,0,0,0,0,0,0,0,0,0,0,3303,3298,3292,0,0,3251,41,0,0,0,0,0,0,6,0,0,0,0,0,0,5,0,0,0,0,5,0,5,0,0,0,0,64,61,36,0,0,36,0,0,0,0,0,0,0,25,0,0,0,0,0,0,3,0,0,0,0,3,0,3,0,0,0,0,83,0,0,0,0,0,0,0,0,0,0,0,0,0,0,0,0,0,0,0,0,0,0,0,0,0,0,0,0,0,0,0,0,6,6,0,0,0,0,0,0,0,0,0,0,0,6,0,0,0,0,0,0,0,0,0,0,0,0,0,0,0,0,0,0,77,77,0,0,0,0,0,0,0,0,0,0,0,77,0,0,0,0,0,0,0,0,0,0,0,0,0,0,0,0,0,0
"G1200470","2010","FL","3","5","Florida","12","Hamilton County","047",,,,,,,,,,,,,,,"99999","99999","999",,,,,,,,,,,,,,,,,"1330711074","13638327","Hamilton County","A","+30.4911024","-082.9510488","06","9",,14799,8721,81,82,73,67,75,81,78,83,88,89,99,83,67,86,97,101,103,100,116,158,245,288,241,208,180,160,159,151,125,157,120,127,132,109,126,111,120,117,134,114,136,123,89,133,109,155,137,131,122,99,149,142,146,130,101,103,116,113,108,90,103,99,87,97,68,72,82,80,63,70,55,41,42,41,35,46,34,46,27,26,40,21,14,10,10,5,3,12,7,2,1,8,3,2,2,1,2,1,0,0,0,0,0,6078,64,89,71,90,84,73,74,83,66,66,86,74,81,78,71,57,88,85,93,70,72,78,71,69,67,68,71,56,43,61,54,64,64,65,50,74,69,57,83,73,76,82,68,71,75,66,79,91,89,81,98,82,95,81,104,108,103,79,100,89,92,73,107,114,81,79,58,75,62,64,57,60,50,55,40,39,38,30,46,29,18,20,33,28,24,20,17,26,12,13,11,10,6,3,2,3,5,3,4,1,1,0,0,11735,5722,378,419,420,273,162,85,70,175,282,272,307,328,393,471,419,177,224,142,205,205,174,95,46,6013,398,362,390,230,162,71,78,207,295,295,356,371,406,460,478,165,301,136,197,255,176,114,110,3064,2999,43,43,3,0,0,0,3,0,0,40,0,0,40,0,0,0,0,0,0,0,0,0,0,0,0,0,0,0,0,0,0,0,2919,2910,2899,0,0,2848,51,0,0,8,0,0,8,3,0,0,0,0,0,0,9,0,0,0,0,9,0,8,0,0,1,0,37,33,29,0,0,29,0,0,0,0,0,0,0,4,0,0,0,0,0,0,4,0,0,0,0,4,0,4,0,0,0,0,65,0,0,0,0,0,0,0,0,0,0,0,0,0,0,0,0,0,0,0,0,0,0,0,0,0,0,0,0,0,0,0,0,11,6,6,0,0,0,6,0,0,0,0,0,0,0,0,0,0,0,0,0,5,0,0,0,0,5,0,3,0,0,2,0,54,52,0,0,0,0,0,0,0,0,0,0,0,52,0,0,0,0,0,0,2,0,0,0,0,2,0,2,0,0,0,0
"G1200490","2010","FL","3","5","Florida","12","Hardee County","049",,,,,,,,,,,,,,,"48100","99999","999",,,,,,,,,,,,,,,,,"1651849564","1439672","Hardee County","A","+27.4928458","-081.8215798","06","2",,27731,14868,215,240,228,260,209,226,203,215,219,213,211,217,225,202,204,238,206,221,313,278,227,261,308,275,272,268,250,219,304,221,188,175,159,194,164,158,195,242,195,195,212,191,161,201,183,155,172,171,212,184,242,173,150,159,146,239,140,152,124,126,150,145,121,123,121,118,112,122,117,101,108,95,86,77,91,82,76,46,54,45,42,58,44,44,44,21,28,18,19,16,13,8,3,8,2,2,0,2,0,0,0,0,0,12863,195,201,218,233,228,223,226,207,198,243,186,225,195,198,178,170,205,194,180,173,169,163,174,188,165,184,159,178,177,146,162,139,182,147,154,175,155,139,164,157,174,124,131,134,176,169,171,177,184,162,146,138,161,131,151,146,131,150,135,119,142,134,115,141,95,135,113,105,139,90,90,93,91,106,82,83,73,62,61,57,55,76,41,39,36,41,38,32,33,25,30,7,8,6,8,9,3,4,0,1,1,0,0,25747,13310,1152,1076,1054,659,461,200,204,623,927,818,850,808,800,724,688,290,359,223,302,444,296,225,127,12437,1075,1097,982,543,351,166,159,470,786,752,784,734,771,715,669,268,348,247,306,443,326,228,217,1984,1558,11,11,1,0,0,1,0,0,0,10,0,10,0,0,0,0,0,0,0,0,0,0,0,0,0,0,0,0,0,0,0,0,1462,1347,1331,0,0,1331,0,0,0,2,2,0,0,14,0,0,0,0,0,0,115,0,0,0,0,115,0,18,61,0,36,0,85,77,27,0,0,27,0,0,0,0,0,0,0,50,0,0,0,0,0,0,8,0,0,0,0,8,0,0,4,0,3,1,426,26,26,24,0,0,24,0,0,0,2,2,0,0,0,0,0,0,0,0,0,0,0,0,0,0,0,0,0,0,0,0,0,294,225,206,0,0,206,0,0,0,5,1,4,0,14,0,0,0,0,0,0,69,0,0,0,0,69,0,11,41,0,17,0,106,99,27,0,0,27,0,0,0,0,0,0,0,72,0,0,0,0,0,0,7,0,0,0,0,7,0,0,2,0,3,2
"G1200510","2010","FL","3","5","Florida","12","Hendry County","051",,,,,,,,,,,,,,,"17500","99999","999",,,,,,,,,,,,,,,,,"2985609243","96465484","Hendry County","A","+26.5393400","-081.1515844","06","2",,39140,21198,332,324,315,300,347,309,283,282,340,308,305,316,294,302,263,344,316,329,325,358,357,361,376,333,343,369,345,345,369,342,343,297,335,303,302,269,302,288,304,318,297,279,280,282,275,331,298,273,275,252,288,229,281,248,263,231,223,198,162,174,185,172,190,182,148,166,175,144,151,121,138,127,135,102,110,115,89,81,73,70,73,71,52,53,42,48,38,19,15,26,8,11,7,13,1,5,3,3,2,0,1,1,0,17942,287,298,318,298,312,282,279,278,301,303,287,285,296,263,252,282,333,323,308,270,252,251,254,238,239,227,206,229,235,246,228,206,205,222,222,244,230,237,228,275,205,237,235,234,247,256,255,221,236,213,207,214,233,212,223,213,178,197,157,169,170,173,183,197,146,161,142,151,130,118,135,119,106,97,80,94,69,88,83,70,73,81,49,47,36,56,39,37,23,21,18,13,19,14,7,6,3,4,5,5,3,0,0,37198,19390,1618,1522,1479,986,655,329,325,883,1416,1287,1216,1210,1260,1209,927,341,508,334,408,598,416,282,181,17808,1513,1443,1383,936,578,251,247,728,1139,1079,1210,1154,1176,1087,910,339,520,302,394,529,393,270,227,1942,1808,4,0,0,0,0,0,0,0,0,0,0,0,0,0,0,0,0,0,0,0,4,0,0,0,0,4,0,0,0,0,4,0,1734,1438,1403,0,0,0,163,1240,0,0,0,0,0,35,0,0,0,0,0,0,296,0,0,0,0,296,0,11,0,0,284,1,70,69,7,0,0,0,2,5,0,0,0,0,0,62,0,0,0,0,0,0,1,0,0,0,0,1,0,0,0,0,0,1,134,2,2,2,0,0,0,0,2,0,0,0,0,0,0,0,0,0,0,0,0,0,0,0,0,0,0,0,0,0,0,0,0,45,44,24,0,0,0,22,2,0,0,0,0,0,20,0,0,0,0,0,0,1,0,0,0,0,1,0,1,0,0,0,0,87,82,0,0,0,0,0,0,0,0,0,0,0,82,0,0,0,0,0,0,5,0,0,0,0,5,0,0,0,0,0,5
"G1200530","2010","FL","3","5","Florida","12","Hernando County","053",,,,,,,,,,,,,,,"45300","99999","999",,,,,,,,,,,,,,,,,"1223869127","301688560","Hernando County","A","+28.5679113","-082.4648352","06","1",,172778,82534,820,797,872,929,899,879,896,867,905,983,1022,1025,1014,995,1086,1063,1130,1048,979,840,874,769,775,747,712,704,739,769,791,704,766,729,705,784,723,769,763,817,884,966,1015,935,975,1005,966,1074,1107,1149,1162,1149,1162,1034,1133,1163,1146,1081,1010,1035,1058,1077,1098,1162,1284,1343,1098,1136,1211,1331,1149,1150,986,1096,1050,994,956,916,848,864,817,772,702,709,624,563,491,410,374,309,304,245,171,114,89,73,39,34,17,9,7,8,6,0,0,90244,758,823,824,871,911,980,883,898,984,965,942,1033,1006,968,1004,989,1027,1062,952,867,897,764,775,781,729,787,743,767,795,782,830,860,785,808,788,815,862,889,1093,1056,1096,1047,1011,1035,1094,1249,1211,1154,1252,1265,1250,1220,1286,1306,1241,1272,1270,1217,1297,1203,1361,1345,1455,1559,1246,1313,1391,1497,1308,1194,1128,1146,1100,1049,1048,974,888,951,916,890,797,870,766,761,661,596,556,427,415,308,242,208,145,131,81,64,43,29,19,10,25,2,0,170950,81723,4317,4530,5128,3191,1785,849,750,2166,3610,3625,4142,4853,5595,5597,5225,2249,3707,2339,3617,5052,4188,3046,2162,89227,4187,4710,4950,3068,1794,834,712,2217,3797,4013,4647,5234,6064,6260,6237,2696,4248,2697,3982,5439,4562,3772,3107,1828,811,64,61,3,0,0,0,3,0,0,58,0,13,45,0,0,0,0,0,0,0,3,0,0,0,0,3,3,0,0,0,0,0,577,469,428,0,0,1,425,2,0,3,0,0,3,38,0,0,0,0,0,0,108,0,0,0,0,108,13,68,6,0,11,10,170,127,2,0,0,0,2,0,0,0,0,0,0,112,13,0,0,13,0,0,43,0,0,0,0,43,0,41,0,0,2,0,1017,13,7,0,0,0,0,0,0,0,7,0,7,0,0,0,0,0,0,0,0,6,0,0,0,0,6,5,1,0,0,0,0,614,553,515,0,0,423,90,2,0,0,0,0,0,36,2,0,0,2,0,0,61,0,0,0,0,61,8,38,10,0,2,3,390,313,0,0,0,0,0,0,0,0,0,0,0,306,7,0,0,7,0,0,77,0,0,0,0,77,0,68,0,0,9,0
"G1200550","2010","FL","3","5","Florida","12","Highlands County","055",,,,,,,,,,,,,,,"42700","99999","999",,,,,,,,,,,,,,,,,"2633020110","231596328","Highlands County","A","+27.3426272","-081.3409213","06","2",,98786,48273,513,490,551,512,517,504,478,480,515,486,519,488,512,530,509,514,559,603,565,500,508,469,494,444,478,477,469,485,428,431,476,396,439,395,419,414,377,405,448,442,472,460,458,476,511,534,540,515,547,573,609,556,578,611,607,570,517,601,560,569,601,602,666,746,612,765,769,838,828,776,749,816,819,780,698,672,608,651,593,553,558,556,431,417,400,282,282,237,213,201,119,105,78,46,42,22,18,12,4,2,3,0,0,50513,459,469,526,482,469,487,477,433,473,525,467,447,510,489,486,466,517,510,508,469,445,399,387,408,419,414,428,444,424,415,449,380,417,422,404,389,411,415,439,470,496,401,457,446,469,530,592,605,587,618,599,591,654,640,623,630,631,669,653,683,720,782,879,901,730,815,894,984,904,914,880,807,808,806,717,736,657,733,591,599,560,552,525,484,418,388,387,337,312,258,195,125,140,90,87,45,48,33,14,13,22,1,0,97053,47218,2575,2459,2555,1665,1004,471,442,1325,2180,2012,1991,2307,2624,2906,2770,1195,2017,1529,2438,3838,3041,2304,1570,49835,2403,2394,2396,1486,949,437,393,1200,2113,2056,2111,2256,2911,3088,3247,1497,2494,1704,2791,3993,3268,2449,2199,1733,1055,26,8,8,0,0,0,8,0,0,0,0,0,0,0,0,0,0,0,0,0,18,0,0,0,0,18,7,1,0,0,6,4,806,354,318,0,0,0,313,5,0,0,0,0,0,36,0,0,0,0,0,0,452,28,0,0,0,424,16,59,27,0,300,22,223,213,2,0,0,0,2,0,0,0,0,0,0,211,0,0,0,0,0,0,10,0,0,0,0,10,0,5,0,0,0,5,678,13,5,2,0,0,0,2,0,0,3,3,0,0,0,0,0,0,0,0,0,8,0,0,0,0,8,4,0,0,0,3,1,190,100,58,0,0,0,58,0,0,0,0,0,0,42,0,0,0,0,0,0,90,27,0,0,0,63,9,24,15,0,3,12,475,447,0,0,0,0,0,0,0,0,0,0,0,447,0,0,0,0,0,0,28,0,0,0,0,28,0,10,1,0,17,0
"G1200570","2010","FL","3","5","Florida","12","Hillsborough County","057",,,,,,,,,,,,,,,"45300","99999","999",,,,,,,,,,,,,,,,,"2642341101","635973296","Hillsborough County","A","+27.9065898","-082.3495681","06","1",,1229226,599084,8136,8026,8517,8399,8142,8087,8169,8088,8035,8340,8541,8600,8496,8293,8477,8703,8843,8902,9086,9314,9289,8765,8867,8786,8798,9013,8801,8907,8772,8515,8920,8236,8343,7877,7963,7989,7954,8374,8945,9164,9396,8475,8440,8580,8809,9424,9206,9207,9014,8966,8872,8494,8250,8011,7836,7639,7058,6786,6646,6314,6307,6169,6188,6318,4683,4832,4552,4559,3789,3610,3426,3149,3110,2858,2749,2623,2390,2339,2197,2058,1961,1786,1628,1466,1260,1177,1035,866,758,612,462,375,267,195,146,101,71,44,30,16,23,4,0,630142,7674,7714,8099,8050,7702,7774,7453,7716,7980,8095,8143,8102,7870,8130,8183,8087,8279,8363,8928,9662,9976,9543,9402,9183,9244,9301,9012,9329,9298,9075,9171,8506,8396,8116,8326,8383,8128,8575,9051,9535,9399,8655,8758,8547,9185,9541,9644,9414,9322,9361,9281,8672,8748,8501,8294,8156,7831,7571,7430,6854,7053,6960,6846,6721,5131,5344,5285,5125,4577,4128,4201,3825,3725,3503,3425,3199,2982,2972,2888,2905,2669,2553,2579,2299,2146,2036,1772,1557,1456,1178,964,814,691,523,388,309,214,161,88,80,139,13,0,1207161,586875,41015,40593,42251,25889,15833,8316,8135,25412,43052,40694,41872,43108,45141,40851,34038,12304,17019,9289,11853,15115,11416,7865,5814,620286,39086,38928,40313,24592,15635,8932,8941,27301,45690,42255,43450,44324,47054,43292,37668,13916,18619,10550,13728,18491,14635,11744,11142,22065,12209,1046,597,75,0,0,0,75,0,0,520,110,25,385,0,2,0,0,0,0,2,449,15,0,0,0,434,51,2,0,7,338,36,9991,3153,2762,0,0,0,2736,26,0,78,15,5,58,292,21,0,21,0,0,0,6838,3629,200,200,0,3009,396,548,225,63,1182,595,1172,933,18,0,0,0,18,0,0,0,0,0,0,876,39,0,39,0,0,0,239,0,0,0,0,239,11,55,3,13,100,57,9856,495,163,3,0,0,0,3,0,0,160,140,3,17,0,0,0,0,0,0,0,332,23,0,0,0,309,47,3,0,1,238,20,6938,948,691,0,0,283,405,3,0,13,11,2,0,211,33,0,33,0,0,0,5990,4850,46,46,0,1094,138,255,133,2,453,113,2423,2135,3,0,0,2,1,0,0,0,0,0,0,2101,31,0,30,1,0,0,288,0,0,0,0,288,4,127,2,3,141,11
"G1200590","2010","FL","3","5","Florida","12","Holmes County","059",,,,,,,,,,,,,,,"99999","99999","999",,,,,,,,,,,,,,,,,"1240027821","26598676","Holmes County","A","+30.8662220","-085.8129589","06","9",,19927,10594,116,111,141,120,107,141,114,125,109,99,125,117,131,119,137,147,153,166,126,130,130,170,194,147,163,153,148,172,138,148,133,120,132,111,138,131,130,138,143,133,159,155,130,156,156,156,136,154,166,186,139,166,147,148,136,129,158,124,123,144,150,125,130,129,107,88,123,124,102,92,84,104,90,84,78,76,61,74,59,47,41,37,30,37,33,21,24,20,16,6,4,6,3,4,4,1,2,1,2,0,1,0,0,9333,121,96,103,101,120,111,103,109,107,112,135,94,92,119,117,134,114,116,118,106,103,109,84,84,96,95,104,97,97,103,99,97,85,91,85,85,117,117,119,107,117,124,123,115,132,123,134,130,113,132,162,145,147,159,117,126,141,155,110,133,134,143,117,129,124,115,121,123,105,109,97,94,79,104,105,74,66,72,64,45,66,54,53,37,37,38,38,30,26,12,11,15,6,9,14,7,11,1,4,1,3,0,0,18195,9003,595,588,622,402,231,92,92,289,489,436,508,602,630,650,634,260,350,204,312,436,309,167,105,9192,541,542,557,364,224,102,108,257,491,453,541,608,629,725,660,273,368,233,332,467,307,221,189,1732,1591,71,31,1,0,0,0,1,0,0,30,0,0,30,0,0,0,0,0,0,0,40,0,0,0,0,40,0,0,0,0,40,0,1474,1461,1432,0,0,1372,60,0,0,4,0,0,4,21,4,0,4,0,0,0,13,0,0,0,0,13,0,3,0,0,10,0,46,46,9,0,0,9,0,0,0,0,0,0,0,35,2,0,2,0,0,0,0,0,0,0,0,0,0,0,0,0,0,0,141,0,0,0,0,0,0,0,0,0,0,0,0,0,0,0,0,0,0,0,0,0,0,0,0,0,0,0,0,0,0,0,0,44,39,22,0,0,0,22,0,0,0,0,0,0,14,3,0,3,0,0,0,5,0,0,0,0,5,0,2,0,0,3,0,97,97,0,0,0,0,0,0,0,0,0,0,0,89,8,0,8,0,0,0,0,0,0,0,0,0,0,0,0,0,0,0
"G1200610","2010","FL","3","5","Florida","12","Indian River County","061",,,,,,,,,,,,,,,"42680","99999","442",,,,,,,,,,,,,,,,,"1302431761","295606459","Indian River County","A","+27.7006382","-080.5748033","06","1",,138028,66748,600,604,675,665,710,667,723,680,767,773,716,760,744,817,776,818,824,974,1046,721,610,651,631,635,629,684,626,654,677,704,699,578,586,553,580,628,558,589,685,785,700,762,708,720,801,884,818,881,878,953,954,893,937,916,944,936,876,860,915,878,911,872,997,1063,792,857,893,1002,919,798,823,796,789,783,746,707,718,657,735,718,652,555,582,513,495,467,377,351,257,226,150,164,129,83,51,39,22,15,13,6,9,0,0,71280,591,619,676,687,681,683,699,648,713,671,710,705,774,721,740,826,750,765,704,584,555,539,575,607,605,598,626,633,614,605,675,589,608,603,563,559,664,640,709,734,772,781,789,810,821,875,932,963,940,1044,1046,979,1044,1063,1033,962,1041,1008,1026,1079,1135,1065,1243,1182,992,1064,1059,1105,966,988,897,963,918,845,825,814,807,785,785,809,807,711,692,654,594,517,470,442,401,332,276,199,177,126,112,85,52,37,32,24,37,0,0,136234,65464,3242,3592,3804,2416,1420,589,630,1815,3192,2911,3197,3634,4363,4604,4429,1780,2842,1747,2715,3926,3526,2780,2310,70770,3235,3399,3638,2327,1277,548,531,1761,3050,3015,3293,3956,4734,5155,5105,2189,3408,2113,3052,4438,3984,3418,3144,1794,1284,239,204,0,0,0,0,0,0,0,204,16,0,188,0,0,0,0,0,0,0,35,0,0,0,0,35,24,0,0,0,3,8,952,694,375,0,0,0,375,0,0,318,0,0,318,1,0,0,0,0,0,0,258,88,0,0,0,170,7,8,0,0,86,69,93,86,9,0,0,0,9,0,0,0,0,0,0,62,15,15,0,0,0,0,7,0,0,0,0,7,0,0,0,0,0,7,510,60,25,0,0,0,0,0,0,0,25,25,0,0,0,0,0,0,0,0,0,35,0,0,0,0,35,27,0,0,0,0,8,192,101,96,0,0,0,96,0,0,1,0,0,1,4,0,0,0,0,0,0,91,1,0,0,0,90,24,7,3,0,3,53,258,236,0,0,0,0,0,0,0,0,0,0,0,188,48,48,0,0,0,0,22,0,0,0,0,22,0,0,1,0,3,18
"G1200630","2010","FL","3","5","Florida","12","Jackson County","063",,,,,,,,,,,,,,,"99999","99999","999",,,,,,,,,,,,,,,,,"2376987362","95322401","Jackson County","A","+30.7878120","-085.2103738","06","9",,49746,27252,246,280,265,256,290,318,281,260,285,310,292,274,270,260,279,271,313,351,399,316,391,410,359,400,433,340,395,379,414,384,387,426,410,378,387,443,555,415,446,463,481,390,443,363,436,455,401,424,486,451,401,398,432,416,426,413,313,436,320,363,288,321,349,321,305,273,268,247,202,187,192,183,172,152,164,129,141,106,125,112,104,85,77,91,74,57,51,48,23,34,24,17,17,15,6,4,3,3,0,0,3,0,0,22494,252,238,243,279,261,238,259,272,249,297,269,289,270,264,230,282,296,318,323,301,271,261,244,222,246,235,237,261,244,259,251,238,236,250,233,247,261,277,262,267,266,250,277,258,287,284,328,299,314,341,337,332,314,352,346,324,329,315,313,335,270,286,314,315,264,275,302,268,227,229,226,222,200,186,180,169,175,159,167,145,147,132,113,118,108,90,78,106,75,61,46,53,34,24,19,21,18,13,4,5,17,0,0,41752,20075,1337,1454,1373,855,558,260,210,670,1079,1043,1159,1140,1388,1529,1499,551,809,487,605,826,592,389,262,21677,1273,1315,1318,854,535,237,243,696,1192,1167,1258,1295,1520,1639,1600,547,878,566,712,989,769,552,522,7994,7177,82,82,2,0,0,0,2,0,0,80,0,0,80,0,0,0,0,0,0,0,0,0,0,0,0,0,0,0,0,0,0,0,6867,6723,6660,0,1179,5284,197,0,0,27,0,0,27,36,0,0,0,0,0,0,144,127,0,0,0,17,0,11,5,0,0,1,228,225,88,0,16,72,0,0,0,0,0,0,0,135,2,0,2,0,0,0,3,0,0,0,0,3,0,2,0,0,0,1,817,46,45,0,0,0,0,0,0,0,45,0,0,45,0,0,0,0,0,0,0,1,1,0,0,0,0,0,0,0,0,0,0,469,348,308,0,274,6,28,0,0,17,0,0,17,23,0,0,0,0,0,0,121,118,0,0,0,3,0,0,2,0,0,1,302,296,8,0,8,0,0,0,0,0,0,0,0,281,7,0,5,2,0,0,6,0,0,0,0,6,0,5,0,0,0,1
"G1200650","2010","FL","3","5","Florida","12","Jefferson County","065",,,,,,,,,,,,,,,"45220","99999","999",,,,,,,,,,,,,,,,,"1549059034","99559135","Jefferson County","A","+30.4245579","-083.8908594","06","1",,14761,7727,84,85,79,76,82,76,71,85,77,83,72,78,83,82,76,70,77,77,82,81,76,94,76,77,110,100,103,109,96,101,129,101,115,116,109,95,106,104,95,125,109,113,110,114,120,123,135,145,129,113,139,130,147,138,105,124,120,112,109,114,148,106,108,108,107,91,104,96,65,60,67,53,55,48,52,41,23,39,29,31,31,38,33,20,16,19,11,7,15,11,7,8,2,6,2,1,2,2,2,1,0,0,0,7034,69,76,79,84,63,87,64,63,79,81,99,74,56,64,72,74,78,73,82,71,92,78,75,82,50,56,66,59,59,78,85,79,75,63,70,73,59,76,74,98,80,78,103,100,88,98,106,93,90,120,133,116,111,136,120,125,142,143,131,113,99,109,109,124,88,106,106,90,67,64,62,68,58,54,47,41,49,41,37,56,53,47,39,27,33,29,27,35,19,11,12,11,15,12,9,9,2,2,2,3,1,0,0,13422,6476,406,392,391,224,155,69,81,190,336,363,345,365,497,543,529,245,311,186,214,261,152,135,86,6946,371,374,365,225,152,92,78,207,318,371,379,448,507,616,649,207,320,210,218,283,211,180,165,1339,1251,0,0,0,0,0,0,0,0,0,0,0,0,0,0,0,0,0,0,0,0,0,0,0,0,0,0,0,0,0,0,0,0,1197,1197,1185,0,0,1145,40,0,0,0,0,0,0,12,0,0,0,0,0,0,0,0,0,0,0,0,0,0,0,0,0,0,54,54,12,0,0,12,0,0,0,0,0,0,0,42,0,0,0,0,0,0,0,0,0,0,0,0,0,0,0,0,0,0,88,0,0,0,0,0,0,0,0,0,0,0,0,0,0,0,0,0,0,0,0,0,0,0,0,0,0,0,0,0,0,0,0,11,11,4,0,0,0,4,0,0,0,0,0,0,7,0,0,0,0,0,0,0,0,0,0,0,0,0,0,0,0,0,0,77,77,0,0,0,0,0,0,0,0,0,0,0,77,0,0,0,0,0,0,0,0,0,0,0,0,0,0,0,0,0,0
"G1200670","2010","FL","3","5","Florida","12","Lafayette County","067",,,,,,,,,,,,,,,"99999","99999","999",,,,,,,,,,,,,,,,,"1407428266","11646289","Lafayette County","A","+29.9900661","-083.1785097","06","9",,8870,5481,43,49,46,51,60,58,58,53,54,45,36,60,41,53,42,57,52,46,71,95,150,145,116,112,113,120,96,113,100,107,103,113,85,93,110,90,104,99,107,108,103,95,78,81,82,86,95,92,81,81,78,80,62,65,55,63,52,49,63,46,56,47,41,55,32,49,33,29,33,35,24,31,29,31,20,26,23,25,13,21,18,8,13,6,6,12,6,3,2,2,5,2,2,0,2,0,0,0,0,0,0,0,0,3389,52,52,43,42,49,54,44,54,62,59,54,44,54,39,43,46,40,50,37,47,34,32,51,24,36,27,35,45,45,44,46,42,35,28,37,42,39,48,56,40,41,33,41,38,38,49,58,42,41,40,51,42,52,26,49,38,48,42,46,50,35,32,42,48,41,34,32,45,35,32,33,38,28,32,18,23,16,21,18,22,14,17,12,14,15,15,12,12,4,7,7,5,5,1,1,1,2,2,2,0,0,0,0,6776,3425,249,268,232,155,97,42,32,104,196,211,251,203,232,232,223,89,115,80,96,132,105,50,31,3351,238,273,234,136,84,34,32,111,195,188,225,191,229,220,224,67,127,66,111,145,94,64,63,2094,2056,0,0,0,0,0,0,0,0,0,0,0,0,0,0,0,0,0,0,0,0,0,0,0,0,0,0,0,0,0,0,0,0,2041,2035,2033,0,0,2015,18,0,0,0,0,0,0,2,0,0,0,0,0,0,6,0,0,0,0,6,3,3,0,0,0,0,15,15,3,0,0,3,0,0,0,0,0,0,0,12,0,0,0,0,0,0,0,0,0,0,0,0,0,0,0,0,0,0,38,0,0,0,0,0,0,0,0,0,0,0,0,0,0,0,0,0,0,0,0,0,0,0,0,0,0,0,0,0,0,0,0,6,4,0,0,0,0,0,0,0,0,0,0,0,4,0,0,0,0,0,0,2,0,0,0,0,2,2,0,0,0,0,0,32,32,0,0,0,0,0,0,0,0,0,0,0,32,0,0,0,0,0,0,0,0,0,0,0,0,0,0,0,0,0,0
"G1200690","2010","FL","3","5","Florida","12","Lake County","069",,,,,,,,,,,,,,,"36740","99999","422",,,,,,,,,,,,,,,,,"2430396019","566126522","Lake County","A","+28.7641128","-081.7122822","06","1",,297052,143937,1548,1549,1683,1777,1747,1654,1750,1712,1790,1795,1883,1838,1768,1784,1804,1806,1851,1880,1729,1566,1519,1317,1319,1344,1351,1298,1300,1478,1462,1399,1456,1413,1406,1419,1446,1464,1493,1582,1721,1854,1941,1865,1743,1752,1871,2080,2019,1998,1955,2074,1912,1895,1967,1873,1712,1774,1798,1609,1790,1687,1713,1831,2020,2207,1701,1923,1968,2095,1895,1932,1794,1838,1666,1703,1683,1644,1373,1336,1321,1205,1184,961,894,868,706,641,577,437,394,292,245,179,114,119,86,47,27,16,13,9,6,4,0,153115,1475,1503,1658,1619,1674,1672,1678,1647,1677,1740,1756,1643,1689,1658,1752,1771,1775,1735,1614,1497,1371,1344,1277,1297,1360,1461,1468,1432,1484,1486,1529,1443,1533,1531,1468,1616,1614,1673,1873,1951,1908,1837,1840,1888,1820,2039,2089,2019,1985,2063,2022,2019,2004,2020,2006,2004,1994,2017,1995,1972,2165,2278,2396,2575,2086,2147,2383,2442,2190,2145,2005,1955,1906,1748,1694,1733,1469,1401,1300,1320,1233,1240,1148,1031,963,910,758,645,591,469,404,296,272,220,180,135,79,72,48,39,57,2,0,293065,141254,8295,8696,9049,5465,3186,1452,1251,3832,6650,6863,7873,8893,9843,9147,8543,3507,5882,3882,5885,8638,6814,4528,3080,151811,7925,8409,8488,5255,3085,1349,1324,3896,7279,7472,8700,9258,10158,10043,9959,4431,7033,4508,6744,9236,7101,5440,4718,3987,2683,114,91,13,0,0,0,13,0,0,78,40,38,0,0,0,0,0,0,0,0,23,0,0,0,0,23,3,0,12,0,1,7,2201,1956,1860,0,0,1125,735,0,0,38,3,35,0,58,0,0,0,0,0,0,245,4,0,0,0,241,39,15,150,0,9,28,368,364,15,0,0,10,5,0,0,0,0,0,0,349,0,0,0,0,0,0,4,0,0,0,0,4,2,0,0,0,2,0,1304,45,28,0,0,0,0,0,0,0,28,8,20,0,0,0,0,0,0,0,0,17,0,0,0,0,17,0,0,9,0,1,7,376,205,144,0,0,3,141,0,0,18,6,12,0,41,2,0,0,2,0,0,171,5,0,0,0,166,39,28,55,0,10,34,883,850,1,0,0,0,1,0,0,0,0,0,0,845,4,0,0,4,0,0,33,0,0,0,0,33,9,7,0,0,5,12
"G1200710","2010","FL","3","5","Florida","12","Lee County","071",,,,,,,,,,,,,,,"15980","99999","999",,,,,,,,,,,,,,,,,"2031879249","1108380339","Lee County","A","+26.5521343","-081.8922499","06","1",,618754,303600,3341,3190,3468,3423,3368,3410,3359,3427,3460,3500,3441,3429,3524,3452,3410,3525,3595,3545,3650,3672,3531,3440,3279,3109,3348,3477,3205,3426,3558,3450,3515,3300,3241,3216,3140,3304,3131,3315,3576,3853,3808,3642,3523,3524,3701,4057,4084,3924,3974,3971,4123,3953,3978,3805,3734,3800,3731,3765,3807,3685,3967,4161,4583,4979,3850,4281,4476,4804,4270,3947,3761,3746,3661,3353,3216,3048,2661,2622,2569,2334,2202,2037,1952,1759,1520,1364,1129,926,822,712,451,348,272,208,141,114,60,52,16,13,17,4,0,315154,3136,3091,3208,3336,3305,3196,3087,3168,3328,3395,3495,3230,3367,3359,3288,3243,3312,3458,3487,3674,3371,3240,3266,3248,3161,3342,3216,3236,3375,3285,3260,3128,3215,3166,3127,3242,3142,3341,3581,3750,3717,3516,3469,3604,3737,3985,4073,4097,4303,4264,4235,4320,4280,4266,4331,4222,4305,4542,4367,4441,4709,4887,5442,5520,4429,4536,4848,5144,4649,4069,4036,3862,3521,3473,3257,2982,2814,2859,2588,2654,2535,2281,2257,2040,1881,1718,1539,1288,1128,934,778,604,529,366,313,242,167,120,82,49,87,8,0,610266,299089,16756,17142,17231,10608,6620,3293,3223,9453,16723,16032,16811,17824,19699,19397,18613,8091,13369,8725,12972,17667,13136,9339,6365,311177,16050,16159,16713,9984,6157,3017,3066,9479,16308,15799,16966,17939,20654,21361,21828,9577,15356,9357,13823,18057,13706,10686,9135,8488,4511,130,81,0,0,0,0,0,0,0,81,38,3,40,0,0,0,0,0,0,0,49,0,0,0,0,49,13,2,0,0,4,30,3717,1711,1581,0,0,115,1461,5,0,3,2,0,1,120,7,0,0,7,0,0,2006,1146,5,5,0,855,129,138,184,0,170,234,664,611,0,0,0,0,0,0,0,0,0,0,0,608,3,0,0,3,0,0,53,0,0,0,0,53,7,18,1,0,2,25,3977,96,39,1,0,0,0,1,0,0,37,26,3,8,0,1,0,0,1,0,0,57,2,0,0,0,55,17,0,1,0,12,25,2407,407,282,0,0,2,280,0,0,16,15,1,0,98,11,0,0,11,0,0,2000,1529,4,4,0,467,51,92,85,0,149,90,1474,1410,0,0,0,0,0,0,0,0,0,0,0,1399,11,0,0,11,0,0,64,0,0,0,0,64,5,52,2,0,3,2
"G1200730","2010","FL","3","5","Florida","12","Leon County","073",,,,,,,,,,,,,,,"45220","99999","999",,,,,,,,,,,,,,,,,"1727138746","90486851","Leon County","A","+30.4593104","-084.2778004","06","1",,275487,131134,1545,1584,1606,1579,1535,1531,1478,1486,1465,1536,1577,1518,1451,1525,1487,1443,1537,1633,2973,4923,4888,5008,4407,3607,3100,2763,2412,2304,2170,1938,1902,1672,1583,1443,1408,1492,1367,1412,1463,1580,1560,1508,1439,1326,1411,1466,1521,1571,1534,1558,1693,1587,1585,1549,1531,1496,1592,1515,1424,1448,1475,1366,1341,1372,994,973,911,845,727,676,602,574,498,477,432,392,386,399,345,301,324,296,267,260,234,182,157,135,115,116,93,61,54,33,27,19,8,8,7,2,5,0,0,144353,1472,1506,1504,1519,1500,1468,1438,1504,1392,1579,1407,1492,1397,1412,1424,1487,1446,1510,3953,6326,5834,5724,4583,3643,2928,2719,2515,2266,2134,2060,1969,1772,1668,1689,1567,1590,1566,1519,1640,1721,1626,1577,1534,1519,1510,1676,1732,1760,1739,1880,1944,1770,1861,1839,1797,1732,1739,1798,1645,1703,1604,1475,1484,1455,1072,1071,957,1025,795,807,770,706,609,577,601,590,498,496,492,430,475,472,444,438,391,385,348,293,281,200,187,153,157,97,77,73,44,28,30,15,26,1,0,260493,124723,7831,7479,7531,4543,4909,4299,4690,10695,11294,7820,7076,7019,7384,7686,7300,2786,3663,1869,2224,2553,1789,1337,946,135770,7484,7372,7103,4376,5724,4919,5149,10715,11409,8420,7816,7564,8602,9087,8532,3056,3987,2015,2609,3220,2439,2082,2090,14994,6411,132,74,6,0,0,0,6,0,0,67,19,22,26,0,1,0,0,0,0,1,58,9,0,0,0,49,38,3,1,0,3,4,6056,1226,967,65,5,87,810,0,0,6,0,5,1,79,174,19,4,4,0,147,4830,3920,0,0,0,910,663,126,45,0,10,66,223,196,3,0,0,0,3,0,0,0,0,0,0,193,0,0,0,0,0,0,27,0,0,0,0,27,19,6,2,0,0,0,8583,122,64,2,0,0,0,2,0,0,61,41,7,13,0,1,0,0,0,0,1,58,18,0,0,0,40,39,0,0,0,0,1,7877,1365,1077,1,959,0,117,0,0,3,1,0,2,70,215,6,5,0,0,204,6512,6177,0,0,0,335,252,42,14,0,14,13,584,580,9,0,8,0,1,0,0,0,0,0,0,564,7,0,0,7,0,0,4,0,0,0,0,4,0,1,0,0,0,3
"G1200750","2010","FL","3","5","Florida","12","Levy County","075",,,,,,,,,,,,,,,"99999","99999","999",,,,,,,,,,,,,,,,,"2896139279","762981297","Levy County","A","+29.2844092","-082.7834825","06","9",,40801,20078,236,213,264,248,240,248,219,257,242,230,247,260,256,249,261,276,236,307,293,223,237,205,198,211,193,203,166,208,192,216,201,189,193,199,205,192,201,208,227,244,211,219,219,245,218,287,314,264,275,309,323,286,283,295,300,331,302,283,299,281,286,308,340,321,244,289,283,302,259,250,251,242,211,202,186,177,158,155,124,120,108,99,105,97,58,46,46,38,33,24,22,19,9,10,8,3,3,2,0,1,2,0,0,20723,229,216,218,234,201,236,198,209,224,237,256,235,216,217,229,247,267,271,267,204,204,219,213,211,195,207,228,209,235,202,228,211,219,198,188,205,240,222,227,257,275,225,253,241,265,299,291,344,321,351,347,309,311,322,359,304,334,344,350,323,335,326,323,379,291,288,264,274,272,236,232,196,187,203,183,159,140,133,142,105,111,116,128,101,95,83,66,51,53,28,30,32,15,9,13,7,4,4,5,6,1,0,0,40166,19808,1200,1196,1273,818,505,232,199,582,952,952,1048,1091,1431,1471,1478,589,899,569,806,1080,723,459,255,20358,1098,1104,1153,785,469,204,219,583,1024,974,1099,1224,1574,1635,1649,660,986,552,777,989,668,545,387,635,270,2,1,1,0,0,0,1,0,0,0,0,0,0,0,0,0,0,0,0,0,1,0,0,0,0,1,1,0,0,0,0,0,218,182,161,0,0,1,160,0,0,0,0,0,0,20,1,0,1,0,0,0,36,0,0,0,0,36,23,12,0,0,1,0,50,49,2,0,0,0,2,0,0,0,0,0,0,41,6,0,0,6,0,0,1,0,0,0,0,1,0,1,0,0,0,0,365,0,0,0,0,0,0,0,0,0,0,0,0,0,0,0,0,0,0,0,0,0,0,0,0,0,0,0,0,0,0,0,0,311,274,260,0,0,226,34,0,0,0,0,0,0,10,4,0,4,0,0,0,37,0,0,0,0,37,19,17,0,0,1,0,54,50,0,0,0,0,0,0,0,0,0,0,0,45,5,0,1,4,0,0,4,0,0,0,0,4,0,4,0,0,0,0
"G1200770","2010","FL","3","5","Florida","12","Liberty County","077",,,,,,,,,,,,,,,"99999","99999","999",,,,,,,,,,,,,,,,,"2164095370","19582542","Liberty County","A","+30.2598494","-084.8685805","06","9",,8365,5092,42,40,56,48,54,45,45,53,61,55,56,62,58,65,55,61,43,76,62,48,63,50,74,75,93,102,107,95,100,106,82,91,86,105,100,105,94,91,77,87,86,81,85,77,98,94,87,94,83,103,93,78,78,79,70,65,64,57,50,54,47,46,40,48,43,36,39,17,24,35,27,22,38,19,23,20,18,17,12,14,10,8,11,4,7,8,4,5,2,1,0,1,1,0,0,0,0,0,1,0,0,0,0,3273,44,43,38,49,48,43,56,39,47,49,60,46,48,37,30,36,49,40,38,40,32,49,28,32,52,38,40,44,43,40,41,47,43,39,38,43,36,36,47,60,44,51,26,41,46,55,51,42,67,45,47,54,47,49,52,41,48,47,36,41,34,33,36,34,34,32,29,34,30,27,24,26,14,21,22,34,9,17,20,14,14,14,16,12,13,6,6,7,5,1,6,4,2,1,0,1,2,0,0,1,0,0,0,6483,3262,240,259,276,145,94,52,28,98,187,193,205,200,227,249,220,82,108,66,64,126,81,39,23,3221,222,234,219,123,77,31,48,109,202,206,218,203,255,245,207,67,102,61,87,105,92,67,41,1882,1830,55,55,0,0,0,0,0,0,0,55,0,32,23,0,0,0,0,0,0,0,0,0,0,0,0,0,0,0,0,0,0,0,1750,1742,1720,0,0,1682,38,0,0,6,0,3,3,16,0,0,0,0,0,0,8,0,0,0,0,8,0,8,0,0,0,0,25,23,20,0,0,20,0,0,0,0,0,0,0,3,0,0,0,0,0,0,2,0,0,0,0,2,0,2,0,0,0,0,52,4,4,0,0,0,0,0,0,0,4,0,4,0,0,0,0,0,0,0,0,0,0,0,0,0,0,0,0,0,0,0,0,37,24,23,0,0,0,23,0,0,0,0,0,0,1,0,0,0,0,0,0,13,0,0,0,0,13,0,13,0,0,0,0,11,0,0,0,0,0,0,0,0,0,0,0,0,0,0,0,0,0,0,0,11,0,0,0,0,11,0,11,0,0,0,0
"G1200790","2010","FL","3","5","Florida","12","Madison County","079",,,,,,,,,,,,,,,"99999","99999","999",,,,,,,,,,,,,,,,,"1802497924","51114171","Madison County","A","+30.4472282","-083.4704367","06","9",,19224,10035,104,125,128,134,117,111,107,115,115,96,116,104,118,113,111,116,147,179,157,138,124,131,155,137,146,165,153,153,152,145,115,127,142,154,94,126,138,122,133,133,133,136,135,124,128,166,143,152,150,182,149,153,131,131,147,133,134,117,146,130,154,139,131,146,113,101,106,97,82,84,78,63,85,75,61,58,53,48,36,37,45,30,45,29,23,15,14,18,6,10,10,6,7,7,2,0,0,0,2,1,2,0,0,9189,125,109,134,118,121,99,104,127,97,104,122,104,113,119,80,105,122,128,129,125,135,121,94,125,111,93,129,100,87,108,108,73,96,112,87,82,102,103,99,107,119,111,88,121,114,126,124,116,139,131,114,132,129,158,114,133,157,143,143,118,146,129,122,105,91,108,97,106,95,100,86,84,95,61,72,56,54,64,69,49,43,47,50,49,36,43,47,44,29,22,22,21,17,6,11,7,3,4,5,3,4,0,0,17291,8271,608,544,536,351,255,119,112,276,491,398,453,469,580,591,596,276,373,192,251,344,212,156,88,9020,607,531,530,334,251,134,121,329,514,475,490,552,630,646,688,271,311,201,294,377,282,208,244,1933,1764,117,117,0,0,0,0,0,0,0,117,0,117,0,0,0,0,0,0,0,0,0,0,0,0,0,0,0,0,0,0,0,0,1554,1546,1489,0,0,1422,67,0,0,29,0,29,0,28,0,0,0,0,0,0,8,0,0,0,0,8,0,8,0,0,0,0,93,89,25,0,0,25,0,0,0,0,0,0,0,64,0,0,0,0,0,0,4,0,0,0,0,4,0,4,0,0,0,0,169,29,29,0,0,0,0,0,0,0,29,0,0,29,0,0,0,0,0,0,0,0,0,0,0,0,0,0,0,0,0,0,0,37,27,10,0,0,0,10,0,0,1,0,0,1,16,0,0,0,0,0,0,10,0,0,0,0,10,0,10,0,0,0,0,103,97,0,0,0,0,0,0,0,0,0,0,0,97,0,0,0,0,0,0,6,0,0,0,0,6,0,6,0,0,0,0
"G1200810","2010","FL","3","5","Florida","12","Manatee County","081",,,,,,,,,,,,,,,"35840","99999","494",,,,,,,,,,,,,,,,,"1924182235","387844764","Manatee County","A","+27.4813860","-082.3657835","06","1",,322833,156115,1724,1924,1761,1955,1859,1839,1822,1848,1856,1916,1901,1876,1827,1876,1934,1860,1963,1913,1811,1692,1752,1579,1535,1599,1695,1689,1586,1652,1695,1628,1689,1529,1631,1663,1631,1592,1620,1679,1731,1946,2025,1841,1797,1817,1882,2105,2121,2127,2030,2179,2225,2125,2064,2149,2150,1948,2150,1980,1963,1938,2071,2079,2287,2511,1863,2075,2099,2230,1967,1805,1678,1707,1697,1608,1587,1516,1436,1342,1391,1268,1209,1029,1060,1008,865,781,651,530,461,365,310,217,129,122,85,65,40,37,7,19,14,0,0,166718,1795,1719,1854,1889,1842,1722,1741,1733,1830,1829,1843,1823,1759,1798,1890,1864,1833,1865,1726,1573,1527,1500,1466,1664,1714,1685,1618,1622,1697,1755,1629,1619,1654,1546,1535,1690,1649,1752,1788,2037,2049,1980,1993,1892,1967,2149,2201,2127,2326,2358,2318,2326,2349,2284,2335,2375,2351,2358,2313,2337,2312,2500,2766,2756,2222,2220,2380,2542,2263,2021,1919,1932,1819,1811,1625,1673,1549,1488,1511,1459,1455,1369,1341,1181,1046,1040,882,765,696,607,501,376,305,237,197,144,114,86,37,47,57,4,0,318016,153218,9125,9226,9309,5543,3352,1646,1490,4584,7969,7933,8378,9209,10374,10510,9836,4113,6618,4157,5969,8206,6897,5083,3691,164798,9028,8809,9046,5478,3251,1513,1482,4768,8241,7890,8825,9805,11091,11546,11698,4794,7706,4579,6780,9042,7603,6196,5627,4817,2897,451,229,14,0,0,0,14,0,0,215,32,47,136,0,0,0,0,0,0,0,222,14,0,0,0,208,20,0,0,0,150,38,2039,985,863,0,0,0,863,0,0,24,8,0,16,94,4,4,0,0,0,0,1054,161,0,0,0,893,212,45,0,0,571,65,407,362,9,0,0,0,9,0,0,0,0,0,0,344,9,2,0,7,0,0,45,0,0,0,0,45,10,7,0,0,17,11,1920,268,59,0,0,0,0,0,0,0,59,0,47,12,0,0,0,0,0,0,0,209,35,0,0,0,174,31,0,0,0,131,12,780,379,288,0,0,0,166,122,0,1,0,0,1,88,2,0,0,2,0,0,401,28,0,0,0,373,66,24,0,0,242,41,872,796,0,0,0,0,0,0,0,0,0,0,0,792,4,0,0,4,0,0,76,0,0,0,0,76,3,25,0,0,46,2
"G1200830","2010","FL","3","5","Florida","12","Marion County","083",,,,,,,,,,,,,,,"36100","99999","999",,,,,,,,,,,,,,,,,"4103955681","202185444","Marion County","A","+29.2028047","-082.0431004","06","1",,331298,158993,1728,1739,1756,1723,1806,1763,1798,1747,1834,1800,1854,1826,1863,1851,1866,1955,2022,2000,2006,1836,1758,1646,1613,1568,1579,1612,1602,1583,1606,1562,1612,1465,1539,1382,1446,1548,1453,1547,1740,1795,1851,1787,1786,1771,1900,2031,2046,2208,2044,2180,2167,2050,2143,1996,2046,1899,1969,1914,1922,1904,2127,2180,2380,2558,2011,2123,2399,2641,2417,2224,2221,2098,2134,1925,1967,1839,1617,1628,1577,1490,1378,1246,1181,977,897,777,649,523,454,375,282,193,155,87,74,52,40,22,13,8,9,2,0,172305,1657,1623,1658,1671,1751,1705,1619,1687,1706,1754,1763,1710,1683,1785,1828,1837,1868,1945,1873,1691,1742,1615,1572,1596,1647,1666,1683,1735,1721,1703,1663,1568,1601,1497,1564,1658,1658,1767,1779,1976,1992,1925,1898,2007,2017,2159,2324,2284,2287,2314,2468,2466,2361,2396,2421,2347,2283,2287,2363,2395,2461,2661,2786,3046,2508,2725,2831,2952,2652,2502,2478,2292,2319,2179,2015,1916,1727,1717,1632,1619,1460,1337,1324,1202,1058,961,852,766,649,559,436,377,321,178,170,124,88,70,53,28,51,3,1,323059,154839,8739,8935,9217,5863,3680,1665,1495,4398,7384,6957,7642,8711,10104,10143,9433,4263,6893,4493,7243,10302,8095,5592,3592,168220,8349,8463,8757,5604,3447,1650,1519,4542,8011,7427,8403,9403,10964,11845,11571,5100,8308,5535,8070,11237,8516,6215,5284,8239,4154,177,159,7,0,0,0,7,0,0,136,28,42,66,0,16,16,0,0,0,0,18,1,0,0,0,17,3,0,0,0,1,13,3600,3167,3088,0,0,1568,1362,158,0,12,0,0,12,56,11,0,11,0,0,0,433,123,0,0,0,310,55,56,128,0,17,54,377,367,46,0,0,22,24,0,0,0,0,0,0,313,8,0,4,4,0,0,10,0,0,0,0,10,3,2,0,0,1,4,4085,77,57,11,0,0,10,1,0,0,33,26,0,7,0,13,13,0,0,0,0,20,1,0,0,0,19,5,0,0,0,1,13,3241,3018,2962,0,0,2672,278,12,0,1,0,0,1,41,14,0,14,0,0,0,223,74,0,0,0,149,22,37,42,0,13,35,767,756,32,0,0,30,2,0,0,0,0,0,0,721,3,0,1,2,0,0,11,0,0,0,0,11,0,2,0,0,9,0
"G1200850","2010","FL","3","5","Florida","12","Martin County","085",,,,,,,,,,,,,,,"38940","99999","442",,,,,,,,,,,,,,,,,"1407565382","542252066","Martin County","A","+27.0799538","-080.3982112","06","1",,146318,72423,569,557,662,661,679,697,645,729,701,725,743,776,785,846,826,810,865,856,849,716,707,651,666,732,773,732,743,735,704,715,721,619,642,675,623,649,641,689,711,800,928,798,871,870,921,1009,1078,1117,1085,1071,1176,1113,1116,1180,1062,1082,959,986,936,988,980,1053,1082,1092,899,949,994,1099,978,872,877,898,884,829,814,795,708,721,755,755,710,611,629,571,457,456,425,341,310,226,171,133,125,85,60,45,18,19,8,9,9,0,0,73895,561,581,600,683,648,657,588,698,675,781,741,754,778,723,779,771,823,773,749,593,585,540,554,622,592,541,519,590,556,559,581,510,587,547,537,589,618,624,668,766,833,783,828,907,935,1049,1108,1055,1099,1104,1209,1155,1151,1185,1059,1145,1050,1132,1063,1103,1026,1083,1268,1287,1011,1099,1118,1259,1056,1093,992,975,879,880,930,940,805,819,816,836,786,766,711,683,614,628,533,484,407,341,249,209,177,147,102,81,64,37,45,21,42,2,0,142385,69473,3120,3489,3962,2493,1496,649,610,1977,3201,2884,3157,4040,5022,5409,4837,1997,3046,1927,2928,4272,3687,2923,2347,72912,3059,3388,3765,2341,1318,562,528,1741,2724,2725,3242,4257,5378,5730,5462,2104,3553,2207,3391,4616,4159,3458,3204,3933,2950,68,20,0,0,0,0,0,0,0,20,13,0,7,0,0,0,0,0,0,0,48,1,0,0,0,47,0,0,29,0,6,12,2620,2220,2185,0,0,1508,501,176,0,0,0,0,0,30,5,0,4,1,0,0,400,34,0,0,0,366,0,34,120,0,124,88,262,200,20,0,0,13,7,0,0,0,0,0,0,179,1,0,0,1,0,0,62,0,0,0,0,62,0,2,14,0,0,46,983,61,20,0,0,0,0,0,0,0,20,5,0,15,0,0,0,0,0,0,0,41,0,0,0,0,41,0,0,22,0,5,14,331,148,122,0,0,0,122,0,0,1,0,0,1,25,0,0,0,0,0,0,183,34,0,0,0,149,0,31,34,0,38,46,591,480,0,0,0,0,0,0,0,0,0,0,0,478,2,0,0,2,0,0,111,0,0,0,0,111,0,5,53,0,0,53
"G1200860","2010","FL","3","5","Florida","12","Miami-Dade County","086",,,,,,,,,,,,,,,"33100","33124","999",,,,,,,,,,,,,,,,,"4915061046","1381673402","Miami-Dade County","A","+25.6104937","-080.4990449","06","1",,2496435,1208364,15111,15248,15574,15444,15067,14996,14542,14572,14764,15444,15459,15439,15498,15717,15768,16097,16775,17412,17933,17877,18384,17927,17912,17330,17559,17706,17476,17279,16370,16198,17352,15833,16416,16447,16869,17446,17510,18755,19305,18977,19239,17794,18156,19211,19601,20670,20026,20091,18814,17985,17669,16057,16053,15538,15041,14904,14152,13740,13281,12804,12521,11561,11759,11343,10142,9937,9379,9282,8519,8415,8190,7675,7469,7251,6670,6183,5592,5526,5525,5343,5020,4534,4030,3718,3160,2840,2511,2074,1690,1342,1154,859,651,519,434,288,241,129,89,75,98,10,2,1288071,14826,14388,15051,14685,14543,14174,14212,14037,14030,14482,14852,14991,14857,14770,15190,15383,15924,16406,17027,17680,17890,17396,17532,17163,17730,17935,17608,17527,17140,16890,17266,16223,17344,17286,17302,17853,17834,18619,19561,18873,19146,17767,17973,19311,19466,20642,20559,20760,19575,19131,18805,17577,17601,17219,16804,16864,16209,15501,15154,15044,14709,13561,13519,13024,12081,11668,11431,11456,10439,10454,10631,10134,9769,9352,8855,8437,7808,7943,7314,7469,7171,6954,6410,5854,5180,4994,4279,3807,3323,2886,2462,1975,1683,1286,1111,839,625,504,387,261,400,36,2,2456378,1183850,76320,74255,77795,49823,33133,17007,16785,50822,82835,81051,90150,92086,95569,78644,67598,23676,32841,19054,25874,36723,27668,19926,14215,1272528,73282,70853,74578,47485,31984,16647,16451,51414,86590,85031,92325,93237,100212,87514,78311,28111,38444,22964,32115,48247,38270,30421,28042,40057,24514,734,416,138,0,0,45,90,3,0,276,47,77,152,0,2,2,0,0,0,0,318,40,0,0,0,278,125,5,3,0,91,54,20816,11956,10574,1453,1230,2862,2675,2354,0,52,40,8,4,997,333,255,67,11,0,0,8860,4927,54,18,36,3879,1123,875,419,0,607,855,2964,2151,219,23,82,56,30,28,0,0,0,0,0,1759,173,129,27,17,0,0,813,0,0,0,0,813,74,201,19,0,442,77,15543,603,141,3,0,0,0,2,1,0,137,37,55,45,0,1,1,0,0,0,0,462,59,0,0,0,403,208,10,1,0,94,90,9410,2009,1189,144,5,664,369,7,0,39,22,5,12,575,206,131,62,13,0,0,7401,5582,5,4,1,1814,413,489,167,0,489,256,5530,3967,4,3,0,1,0,0,0,0,0,0,0,3568,395,332,47,16,0,0,1563,0,0,0,0,1563,19,449,25,0,1024,46
"G1200870","2010","FL","3","5","Florida","12","Monroe County","087",,,,,,,,,,,,,,,"28580","99999","999",,,,,,,,,,,,,,,,,"2546689189","7133453992","Monroe County","A","+25.6010428","-081.2067767","06","2",,73090,38962,330,332,324,336,317,298,296,272,245,298,311,279,305,317,327,365,337,348,375,338,363,345,387,476,472,478,528,525,514,494,519,393,453,428,469,494,444,467,528,533,621,521,590,507,622,662,653,646,680,655,712,656,741,699,663,743,724,701,698,691,715,741,670,761,576,545,564,584,438,406,406,357,329,333,312,266,230,222,185,183,198,151,175,142,124,104,95,76,63,35,39,25,24,12,12,5,11,1,0,1,1,0,0,34128,304,290,333,332,291,294,273,298,267,317,303,255,291,258,291,312,323,332,292,238,290,275,373,383,394,442,448,409,425,424,433,354,401,400,348,425,367,409,435,476,525,493,452,473,505,582,572,551,614,596,682,615,596,636,665,647,633,658,632,617,598,557,636,571,402,475,438,453,393,321,282,312,278,249,221,198,185,193,189,173,191,170,140,158,136,89,90,102,84,79,44,39,32,32,17,19,8,8,6,4,7,0,0,71070,37462,1632,1402,1534,1036,667,315,292,1175,2349,2146,2356,2730,3143,3341,3424,1393,1964,1080,1414,1719,1076,784,490,33608,1546,1442,1396,964,514,279,260,1064,2097,1894,2079,2405,2874,3157,3155,1139,1597,909,1165,1332,924,779,637,2020,1500,33,4,1,0,0,0,1,0,0,3,3,0,0,0,0,0,0,0,0,0,29,0,0,0,0,29,8,2,0,0,9,10,1376,445,419,0,0,62,341,16,0,0,0,0,0,25,1,0,1,0,0,0,931,1,239,114,125,691,163,104,0,0,296,128,91,39,10,0,0,0,10,0,0,0,0,0,0,29,0,0,0,0,0,0,52,0,0,0,0,52,20,12,0,0,10,10,520,16,1,0,0,0,0,0,0,0,1,1,0,0,0,0,0,0,0,0,0,15,0,0,0,0,15,5,0,0,0,10,0,435,66,58,0,0,0,38,20,0,1,1,0,0,7,0,0,0,0,0,0,369,1,38,19,19,330,58,54,0,0,201,17,69,58,0,0,0,0,0,0,0,0,0,0,0,58,0,0,0,0,0,0,11,0,0,0,0,11,7,2,0,0,2,0
"G1200890","2010","FL","3","5","Florida","12","Nassau County","089",,,,,,,,,,,,,,,"27260","99999","999",,,,,,,,,,,,,,,,,"1679967676","200158743","Nassau County","A","+30.6059257","-081.7649287","06","1",,73314,36146,398,430,400,425,446,466,417,428,424,466,475,490,470,507,487,490,447,507,519,397,417,407,407,387,416,370,375,357,423,382,385,361,370,348,373,446,407,439,471,490,480,467,516,449,473,551,555,596,535,534,646,562,578,583,531,552,544,527,559,508,493,508,565,583,470,477,444,496,380,359,379,305,308,289,254,234,202,197,169,187,153,146,109,111,91,72,74,50,50,37,21,29,6,9,8,9,3,0,0,0,3,0,0,37168,399,371,349,371,394,421,431,405,423,444,486,463,445,505,488,459,457,435,487,430,406,393,335,382,345,363,397,393,353,390,422,361,402,381,407,416,440,440,544,487,520,487,485,468,565,625,595,586,581,552,600,603,586,581,583,621,617,575,553,558,567,582,609,647,455,485,481,438,415,380,333,326,318,258,271,262,213,221,204,228,193,159,150,128,122,107,77,100,65,70,46,44,35,30,24,25,15,11,3,3,7,0,0,72771,35861,2097,2200,2429,1444,906,414,400,1185,1878,1816,2233,2362,2753,2870,2669,998,1614,916,1225,1526,973,602,351,36910,1882,2124,2387,1349,914,405,393,1057,1889,1967,2317,2514,2927,2935,2910,1147,1699,962,1227,1489,1112,718,586,543,285,3,0,0,0,0,0,0,0,0,0,0,0,0,0,0,0,0,0,0,0,3,0,0,0,0,3,3,0,0,0,0,0,214,162,154,0,0,0,154,0,0,0,0,0,0,8,0,0,0,0,0,0,52,0,0,0,0,52,14,0,38,0,0,0,68,61,2,0,0,0,2,0,0,0,0,0,0,59,0,0,0,0,0,0,7,0,0,0,0,7,3,0,4,0,0,0,258,4,2,0,0,0,0,0,0,0,2,0,0,2,0,0,0,0,0,0,0,2,0,0,0,0,2,2,0,0,0,0,0,101,57,40,0,0,0,40,0,0,1,0,0,1,16,0,0,0,0,0,0,44,0,0,0,0,44,8,0,36,0,0,0,153,150,0,0,0,0,0,0,0,0,0,0,0,150,0,0,0,0,0,0,3,0,0,0,0,3,0,0,3,0,0,0
"G1200910","2010","FL","3","5","Florida","12","Okaloosa County","091",,,,,,,,,,,,,,,"18880","99999","999",,,,,,,,,,,,,,,,,"2409328778","393241055","Okaloosa County","A","+30.6658583","-086.5941941","06","1",,180822,90843,1201,1198,1205,1121,1169,1169,1076,1064,1069,1110,1113,1035,1095,1146,1134,1239,1280,1286,1247,1350,1448,1395,1495,1545,1666,1583,1470,1530,1374,1374,1341,1196,1213,1088,1037,1041,934,1012,1100,1153,1110,1058,1091,1132,1153,1464,1456,1567,1502,1555,1505,1431,1415,1271,1277,1259,1119,1056,1034,960,1015,987,1104,1050,757,787,815,789,657,614,607,553,612,570,496,559,501,483,457,467,358,334,286,210,154,179,144,134,112,82,73,52,46,33,13,6,7,9,7,2,3,2,0,89979,1195,1115,1179,1127,1098,1100,1081,1100,1054,1058,998,1046,1029,1054,1024,1158,1101,1161,1065,1055,1099,1146,1200,1336,1348,1312,1317,1320,1260,1232,1178,1092,1053,1003,1022,993,961,975,1077,1138,1117,1145,1079,1145,1261,1386,1405,1478,1472,1496,1478,1427,1442,1358,1363,1314,1236,1125,1099,1143,1097,1065,1109,1050,824,850,844,865,781,682,677,755,721,725,694,646,568,607,572,444,436,419,358,380,338,297,276,226,212,150,125,83,78,63,38,36,17,18,9,7,7,1,0,175939,86838,5894,5487,5514,3580,2146,1052,1042,4002,6870,5581,5025,5322,7321,6764,5332,1985,2887,1588,2042,2812,2439,1300,853,89101,5712,5392,5146,3397,2055,1043,1086,3796,6400,5327,5135,5733,7215,7049,5906,2151,2973,1687,2315,3536,2767,1814,1466,4883,4005,235,227,85,0,0,19,3,63,0,142,2,6,134,0,0,0,0,0,0,0,8,0,0,0,0,8,7,0,1,0,0,0,3591,1730,1649,0,0,1207,426,16,0,36,0,0,36,45,0,0,0,0,0,0,1861,0,1780,1780,0,81,41,22,6,0,2,10,179,178,19,0,0,19,0,0,0,0,0,0,0,150,9,0,0,9,0,0,1,0,0,0,0,1,0,1,0,0,0,0,878,31,28,6,0,0,6,0,0,0,7,2,5,0,0,15,15,0,0,0,0,3,0,0,0,0,3,3,0,0,0,0,0,427,120,75,0,0,2,73,0,0,0,0,0,0,41,4,2,0,2,0,0,307,0,273,273,0,34,7,10,16,0,1,0,420,420,0,0,0,0,0,0,0,0,0,0,0,405,15,0,0,15,0,0,0,0,0,0,0,0,0,0,0,0,0,0
"G1200930","2010","FL","3","5","Florida","12","Okeechobee County","093",,,,,,,,,,,,,,,"36380","99999","999",,,,,,,,,,,,,,,,,"1991462636","318565354","Okeechobee County","A","+27.3855924","-080.8873884","06","2",,39996,21430,285,240,320,273,293,262,239,267,268,235,263,262,256,288,285,272,336,376,346,266,271,257,313,323,297,311,271,314,310,306,332,263,296,276,262,283,245,275,260,304,303,267,315,280,291,290,307,288,285,303,296,249,300,288,299,259,236,225,245,251,202,231,234,237,190,210,206,219,201,201,210,172,197,148,168,191,134,124,125,121,117,94,98,93,65,74,54,24,36,15,14,9,7,13,3,3,3,3,5,0,1,0,0,18566,233,248,257,249,261,281,247,233,254,257,252,259,244,251,231,268,256,283,273,223,235,217,188,223,213,218,183,206,240,209,228,196,224,201,212,223,191,196,243,218,207,211,223,216,217,229,235,250,272,251,241,256,261,279,222,250,223,235,206,202,219,220,268,217,199,212,199,235,218,201,225,218,159,147,156,134,116,121,107,104,103,108,89,97,86,65,41,56,46,36,47,29,28,12,11,9,5,6,2,1,3,0,1,37493,19140,1405,1270,1331,805,505,252,234,776,1192,1167,1103,1191,1239,1229,1105,407,645,409,606,885,682,453,249,18353,1244,1268,1229,781,490,231,217,617,1043,1048,1067,1069,1234,1252,1113,438,684,409,652,901,576,458,332,2503,2290,209,199,46,0,0,44,2,0,0,153,16,0,137,0,0,0,0,0,0,0,10,0,0,0,0,10,0,0,0,0,1,9,2007,1879,1827,0,0,1636,191,0,0,48,5,0,43,4,0,0,0,0,0,0,128,0,0,0,0,128,0,0,100,0,9,19,74,68,23,0,0,23,0,0,0,0,0,0,0,40,5,0,0,5,0,0,6,0,0,0,0,6,0,0,0,0,0,6,213,42,38,1,0,0,0,1,0,0,37,22,0,15,0,0,0,0,0,0,0,4,0,0,0,0,4,0,0,0,0,1,3,66,42,38,0,0,0,38,0,0,4,3,0,1,0,0,0,0,0,0,0,24,0,0,0,0,24,0,0,5,0,1,18,105,105,0,0,0,0,0,0,0,0,0,0,0,105,0,0,0,0,0,0,0,0,0,0,0,0,0,0,0,0,0,0
"G1200950","2010","FL","3","5","Florida","12","Orange County","095",,,,,,,,,,,,,,,"36740","99999","422",,,,,,,,,,,,,,,,,"2339870128","258560561","Orange County","A","+28.5144350","-081.3232950","06","1",,1145956,564326,7417,7603,7695,7733,7682,7477,7456,7441,7480,7586,7828,7420,7601,7748,7624,7922,8023,8215,9589,11106,11536,11202,10595,9988,10220,9960,9353,9557,9318,8954,9011,8249,8412,8095,7966,8119,7760,7988,8374,8612,8680,8086,8058,8020,8151,8847,8415,8435,8282,8428,8121,7744,7426,7270,6869,6624,6314,5992,5739,5269,5177,5043,5121,4968,3894,3706,3660,3384,3102,2709,2680,2375,2398,2215,2109,1915,1863,1745,1661,1614,1476,1285,1152,1012,909,791,708,656,566,454,337,295,199,156,108,58,46,31,21,23,18,1,0,581630,7020,7064,7269,7491,7211,7244,7321,7076,7209,7464,7485,7461,7187,7285,7336,7710,7614,7749,9201,11238,11404,10763,10477,9778,9858,9820,9329,9154,9147,8967,8894,8475,8401,8200,7855,8146,8082,8152,8457,8879,8654,8117,8008,8080,8045,8876,8747,8444,8516,8302,8326,7990,8052,7655,7314,7246,6877,6491,6380,6097,5827,5691,5628,5590,4323,4283,4021,3999,3626,3315,3076,2963,2978,2815,2597,2575,2315,2301,2224,2202,2064,1922,1816,1729,1612,1474,1282,1212,1062,858,737,568,461,363,280,220,150,116,83,70,103,8,1,1112252,546392,38066,37386,38122,23898,16870,9491,9646,28653,45521,40724,40112,40091,41470,36656,29515,10094,13798,7279,9069,11566,8588,5615,4162,565860,35998,36258,36660,22945,15646,8716,8867,28131,45831,41632,41523,40705,42679,39135,32915,11452,15433,8230,10840,14250,11313,8727,7974,33704,17934,479,299,53,0,0,0,53,0,0,245,46,83,116,0,1,1,0,0,0,0,180,20,0,0,0,160,92,5,0,0,19,44,16296,5921,5496,0,0,2378,2990,128,0,30,14,1,15,373,22,20,0,2,0,0,10375,6349,0,0,0,4026,605,254,297,0,2197,673,1159,1017,18,0,0,0,18,0,0,0,0,0,0,998,1,1,0,0,0,0,142,0,0,0,0,142,58,12,2,0,25,45,15770,335,151,2,0,0,0,2,0,0,147,59,60,28,0,2,2,0,0,0,0,184,23,0,0,0,161,122,0,0,0,3,36,13288,804,461,0,0,0,433,28,0,18,14,4,0,315,10,9,0,1,0,0,12484,7180,0,0,0,5304,352,124,95,0,4526,207,2147,2022,1,0,0,0,1,0,0,0,0,0,0,2021,0,0,0,0,0,0,125,0,0,0,0,125,15,55,6,0,49,0
"G1200970","2010","FL","3","5","Florida","12","Osceola County","097",,,,,,,,,,,,,,,"36740","99999","422",,,,,,,,,,,,,,,,,"3438086444","462191583","Osceola County","A","+28.0590267","-081.1393116","06","1",,268685,131634,1738,1766,1854,1827,1831,1939,1806,1836,1980,2097,2059,2001,2005,2153,2241,2239,2286,2319,2214,2084,2001,1893,1779,1749,1731,1783,1687,1771,1778,1826,1779,1686,1692,1745,1767,1879,1674,1802,1959,2005,1917,1986,1950,1894,1960,2154,2088,1941,1944,1955,1855,1822,1748,1750,1628,1660,1484,1464,1358,1328,1339,1265,1287,1314,1038,1003,1017,1014,898,853,827,741,679,629,619,542,519,484,445,397,409,343,306,284,246,221,153,137,127,90,68,59,41,32,18,9,12,9,4,4,2,3,0,137051,1601,1698,1832,1856,1793,1746,1821,1842,1813,1935,1987,1982,2001,2060,2083,2091,2111,2187,2071,1840,1941,1762,1653,1731,1767,1720,1642,1745,1774,1743,1783,1726,1904,1857,1893,1926,1839,1970,2045,2284,2119,2024,2034,2086,2131,2141,2122,2127,2109,2005,2013,1927,1907,1843,1797,1700,1713,1628,1540,1515,1463,1466,1507,1502,1165,1175,1128,1144,1007,978,854,832,787,714,714,667,597,587,525,532,479,451,436,394,347,355,317,274,216,212,162,126,92,82,66,53,29,18,22,15,22,1,2,265423,129442,9001,9648,10439,6711,4166,1924,1816,5084,8565,8427,9134,9528,9927,8701,7226,2583,3607,2001,2741,3451,2332,1521,909,135981,8769,9149,10101,6382,3880,1918,1740,5106,8569,9133,10034,10353,10478,9441,8067,2922,4152,2287,3098,3848,2809,1968,1777,3262,2192,178,137,7,0,0,0,6,1,0,130,16,0,114,0,0,0,0,0,0,0,41,0,0,0,0,41,26,0,0,0,0,15,1725,1352,1270,0,0,0,977,293,0,27,0,0,27,55,0,0,0,0,0,0,373,101,0,0,0,272,5,26,118,0,12,111,289,279,9,0,0,0,9,0,0,0,0,0,0,270,0,0,0,0,0,0,10,0,0,0,0,10,0,1,2,0,2,5,1070,38,13,0,0,0,0,0,0,0,13,10,0,3,0,0,0,0,0,0,0,25,0,0,0,0,25,19,0,0,0,0,6,407,232,155,0,0,0,155,0,0,0,0,0,0,77,0,0,0,0,0,0,175,80,0,0,0,95,39,4,17,0,0,35,625,623,0,0,0,0,0,0,0,0,0,0,0,623,0,0,0,0,0,0,2,0,0,0,0,2,0,0,1,0,0,1
"G1200990","2010","FL","3","5","Florida","12","Palm Beach County","099",,,,,,,,,,,,,,,"33100","48424","999",,,,,,,,,,,,,,,,,"5101663125","1070302119","Palm Beach County","A","+26.6457628","-080.4486728","06","1",,1320134,638888,6968,7056,7382,7358,7261,7252,7417,7248,7527,7687,7875,7874,7750,7937,7885,8088,8318,8355,8249,7965,7885,7577,7746,7669,7845,7898,7492,7757,7631,7454,7513,6973,7165,7003,7214,7209,7157,7675,8151,8660,8751,8321,8307,8443,8765,9221,9452,9450,9399,9269,9638,9137,9037,8794,8484,8452,7941,7728,7431,7162,7231,7153,7513,7814,6275,6337,6394,7049,6166,5680,5486,5487,5416,5277,5107,5072,4778,4779,4738,4951,4790,4610,4630,4128,3896,3504,3076,2758,2432,1998,1577,1268,983,668,513,336,246,177,126,61,97,3,0,681246,6530,6905,7135,7195,7062,7077,7073,6992,7183,7391,7475,7383,7462,7553,7723,7858,7791,7858,7699,7389,7143,7000,6844,7120,7276,7217,7323,7341,7168,7414,7318,7083,7331,7080,7319,7524,7372,7913,8281,8860,9128,8441,8582,9047,8989,9670,9938,9755,9670,9908,9798,9441,9429,9599,9037,9143,8717,8607,8306,8342,8197,8314,9123,9331,7512,7725,7685,8735,7698,6996,7000,6812,6785,6302,6290,6204,5818,6038,6140,6361,6288,5998,5844,5394,5066,4624,4238,3830,3415,2872,2241,1880,1598,1239,935,780,550,387,285,195,280,30,3,1300162,626529,35978,37068,39231,24456,14880,7275,7114,22355,37009,34919,37921,41570,45874,44289,38181,14236,21422,12627,18762,26528,24039,21687,19108,673633,34760,35674,37542,23438,13705,6671,6727,20915,36248,36015,39830,44036,48752,47116,42936,16445,25853,15348,23299,32946,30166,27924,27287,19972,12359,505,362,118,0,0,6,110,2,0,205,65,26,114,0,39,1,0,0,0,38,143,9,0,0,0,134,39,12,1,0,0,82,10011,6119,5561,0,0,2874,2685,2,0,44,9,0,35,488,26,3,9,8,0,6,3892,1955,1,1,0,1936,205,458,505,0,80,688,1843,1672,51,0,0,32,19,0,0,0,0,0,0,1600,21,0,0,21,0,0,171,0,0,0,0,171,6,40,1,0,68,56,7613,232,88,3,0,0,0,3,0,0,41,23,11,7,0,44,0,0,0,0,44,144,15,0,0,0,129,37,2,2,0,4,84,3790,707,322,0,0,50,270,2,0,5,3,0,2,344,36,1,12,2,0,21,3083,2188,1,1,0,894,84,274,202,0,40,294,3591,3361,0,0,0,0,0,0,0,0,0,0,0,3332,29,0,7,22,0,0,230,0,0,0,0,230,1,41,0,0,165,23
"G1201010","2010","FL","3","5","Florida","12","Pasco County","101",,,,,,,,,,,,,,,"45300","99999","999",,,,,,,,,,,,,,,,,"1934425891","314858950","Pasco County","A","+28.3020241","-082.4557068","06","1",,464697,225886,2398,2636,2806,2722,2666,2767,2769,2646,2851,2909,2844,2886,2934,2899,3016,2942,3053,2878,2748,2615,2412,2354,2099,2056,2211,2119,2163,2296,2326,2489,2561,2444,2496,2543,2510,2718,2592,2758,3041,3436,3329,2998,3016,2987,3165,3428,3430,3428,3445,3351,3430,3143,3131,2955,2948,2953,2726,2696,2741,2731,2714,2946,3037,3224,2529,2587,2656,2905,2563,2413,2285,2274,2187,2114,2030,1922,1783,1703,1611,1603,1470,1441,1335,1151,1008,908,815,674,580,449,377,273,220,149,98,70,43,42,26,12,17,2,0,238811,2340,2425,2552,2546,2573,2608,2601,2640,2677,2810,2751,2789,2791,2712,2785,2733,2775,2843,2613,2437,2412,2237,2145,2045,2220,2213,2279,2430,2529,2575,2731,2577,2551,2690,2685,2784,2784,2983,3069,3405,3235,3076,3058,3144,3133,3438,3466,3353,3432,3550,3412,3331,3410,3263,3250,3255,3107,3110,3138,3148,3205,3295,3641,3706,2861,2957,3064,3302,2840,2647,2619,2491,2426,2288,2222,2172,1961,1990,1859,1921,1773,1711,1604,1474,1330,1283,1183,1002,938,779,621,446,433,308,227,171,148,84,65,39,69,2,0,459023,222580,13222,13936,14546,8816,5067,2242,2193,6125,11138,12322,14345,15274,16816,15422,13718,5608,8714,5202,7814,10781,8519,6262,4498,236443,12429,13326,13816,8313,4781,2249,2124,6314,11949,13183,14977,15589,17169,16616,15713,6482,10171,5993,8742,11972,9747,7689,7099,5674,3306,102,78,2,0,0,0,2,0,0,76,32,2,42,0,0,0,0,0,0,0,24,1,0,0,0,23,9,0,0,0,0,14,2484,1630,1522,0,0,548,974,0,0,3,0,0,3,105,0,0,0,0,0,0,854,500,0,0,0,354,49,74,19,0,58,154,720,685,112,0,0,102,10,0,0,0,0,0,0,569,4,0,0,4,0,0,35,0,0,0,0,35,7,7,0,0,5,16,2368,67,40,1,0,0,0,1,0,0,39,11,8,20,0,0,0,0,0,0,0,27,4,0,0,0,23,10,0,0,0,0,13,1094,373,261,0,0,0,261,0,0,4,0,0,4,108,0,0,0,0,0,0,721,545,0,0,0,176,20,55,10,0,30,61,1207,1166,0,0,0,0,0,0,0,0,0,0,0,1157,9,0,0,9,0,0,41,0,0,0,0,41,2,5,1,0,24,9
"G1201030","2010","FL","3","5","Florida","12","Pinellas County","103",,,,,,,,,,,,,,,"45300","99999","999",,,,,,,,,,,,,,,,,"709135878","865905939","Pinellas County","A","+27.9031220","-082.7395180","06","1",,916542,440009,4196,4224,4495,4432,4228,4376,4295,4354,4407,4575,4653,4803,4788,4895,4874,5100,5184,5461,5222,4875,4728,4655,4381,4641,4862,5097,4858,5134,5156,5057,5344,4632,4736,4645,4456,4991,4638,4833,5418,5874,6128,5713,5620,5736,6238,6888,6854,7195,7168,7420,7639,7144,7214,7180,6961,6943,6552,6493,6332,6223,6432,6366,6765,6789,5126,5125,5220,5427,4452,4342,4199,4042,3924,3792,3542,3316,3153,3199,3170,3043,2958,2652,2549,2343,2069,1829,1728,1481,1330,1051,882,624,510,437,298,216,142,102,63,49,54,3,1,476533,4097,4046,4197,4312,4122,4016,4269,4041,4257,4489,4534,4406,4515,4605,4696,4863,5020,5063,4979,4649,4758,4665,4617,4680,5111,5145,5027,5235,5342,5091,5328,4854,4927,4660,4655,4906,4669,5095,5620,5953,6147,5699,5847,6013,6225,7103,7429,7361,7521,7679,7977,7684,7698,7807,7669,7695,7207,7145,7137,6987,6900,6846,7320,7354,5787,5886,5856,6149,5505,5032,4907,4674,4532,4327,4361,4268,3925,4044,4079,3893,3941,3816,3680,3616,3256,3187,2865,2669,2331,2129,1667,1420,1111,908,761,603,466,314,193,151,241,18,1,896864,429477,21460,21930,23925,15524,9407,4348,4348,13372,24543,23145,25087,28688,34629,35238,31867,12539,18387,10200,14049,19177,15495,12129,9990,467387,20663,20992,22712,14844,8948,4426,4398,14055,25521,24109,25957,29630,36766,38500,35906,13647,20291,11656,16515,22492,19649,17385,18325,19678,10532,501,169,48,0,0,0,48,0,0,121,38,30,53,0,0,0,0,0,0,0,332,2,0,0,0,330,35,0,0,0,82,213,7754,3902,3044,0,0,170,2518,356,0,11,5,0,6,800,47,0,29,18,0,0,3852,889,74,7,67,2889,768,322,322,0,170,1307,2277,1877,15,0,0,0,15,0,0,0,0,0,0,1834,28,0,6,22,0,0,400,0,0,0,0,400,17,130,8,0,73,172,9146,337,81,2,0,0,0,2,0,0,79,55,7,17,0,0,0,0,0,0,0,256,5,0,0,0,251,31,10,0,0,20,190,4049,1321,700,0,0,0,544,156,0,9,7,2,0,583,29,0,22,7,0,0,2728,1186,4,1,3,1538,254,170,150,0,83,881,4760,4233,0,0,0,0,0,0,0,0,0,0,0,4199,34,0,3,31,0,0,527,0,0,0,0,527,2,330,5,0,159,31
"G1201050","2010","FL","3","5","Florida","12","Polk County","105",,,,,,,,,,,,,,,"29460","99999","999",,,,,,,,,,,,,,,,,"4656375819","550925774","Polk County","A","+27.9531147","-081.6927831","06","1",,602095,295313,3905,3774,4046,4133,3920,3917,4073,4029,4059,4055,4124,4065,4071,3872,3969,4072,4265,4320,4399,4125,3960,3634,3535,3552,3662,3581,3513,3583,3586,3658,3634,3515,3427,3429,3324,3492,3329,3673,3742,3878,3897,3644,3509,3761,3771,4002,4039,3914,4076,4040,4129,3825,3940,3758,3706,3704,3448,3489,3393,3398,3369,3514,3710,3709,3025,3138,3382,3289,3060,2868,2755,2782,2712,2509,2379,2226,1973,1926,1789,1658,1570,1464,1337,1233,1053,919,796,696,498,430,333,240,213,137,83,76,42,25,18,12,20,2,0,306782,3727,3607,3854,3919,3954,3657,3807,3926,3799,3994,3940,3834,3910,3792,3705,3804,3891,3947,3987,4037,3925,3729,3506,3492,3504,3600,3539,3738,3711,3726,3739,3423,3534,3552,3436,3495,3470,3665,3859,3997,3793,3514,3622,3660,3676,4037,4202,3981,3895,4232,4127,4020,4052,4082,4020,3877,4012,3829,3881,3898,3940,3775,4343,4427,3503,3623,3738,3846,3386,3178,2966,3087,2820,2648,2592,2510,2233,2178,2043,2001,1960,1781,1707,1521,1381,1265,1117,958,857,704,622,475,361,283,238,214,99,85,60,35,76,5,0,589834,287285,19748,20102,20061,12405,7728,3577,3294,10183,17135,16554,17449,17879,19296,18746,17088,6752,10355,6456,9147,13023,9438,6535,4334,302549,19040,19172,19136,11564,7170,3454,3439,10203,18126,17593,18368,18173,20211,20243,19440,7692,12220,7332,10359,13975,10792,8049,6798,12261,8028,353,285,34,0,0,0,34,0,0,195,31,25,139,0,56,0,0,0,0,56,68,7,0,0,0,61,18,0,0,0,22,21,6965,4946,4733,0,0,3141,1516,76,0,60,1,1,58,132,21,0,1,0,0,20,2019,1282,0,0,0,737,172,120,59,0,156,230,710,677,88,0,0,65,20,3,0,0,0,0,0,589,0,0,0,0,0,0,33,0,0,0,0,33,14,6,0,0,0,13,4233,155,97,0,0,0,0,0,0,0,77,68,0,9,0,20,0,0,0,0,20,58,12,0,0,0,46,28,0,0,0,6,12,2730,753,608,0,0,2,558,48,0,3,3,0,0,130,12,0,0,0,0,12,1977,1681,0,0,0,296,75,60,43,0,54,64,1348,1339,0,0,0,0,0,0,0,0,0,0,0,1339,0,0,0,0,0,0,9,0,0,0,0,9,4,0,3,0,0,2
"G1201070","2010","FL","3","5","Florida","12","Putnam County","107",,,,,,,,,,,,,,,"37260","99999","999",,,,,,,,,,,,,,,,,"1884532662","257184021","Putnam County","A","+29.6060059","-081.7408939","06","2",,74364,36884,440,480,509,481,479,454,458,449,442,489,488,498,440,480,500,497,486,555,564,529,463,424,396,397,397,400,392,396,396,397,407,397,405,382,351,355,358,371,414,403,424,397,401,414,448,493,500,507,542,529,594,523,544,552,587,519,523,527,519,552,541,533,533,571,399,467,450,446,420,373,399,381,344,307,302,276,273,291,243,224,200,177,182,148,142,122,91,92,60,59,27,24,19,16,10,14,3,5,3,2,1,0,0,37480,428,452,470,490,460,440,469,455,410,440,446,452,470,455,446,430,445,502,516,406,416,383,376,389,405,395,395,405,403,406,416,321,374,371,338,348,382,386,407,437,431,386,358,424,443,471,565,552,571,570,587,589,576,591,571,570,572,574,533,555,555,582,562,549,431,475,459,497,453,428,372,356,367,330,339,318,274,285,259,262,244,241,211,197,190,165,130,105,98,103,84,53,38,31,32,27,15,13,10,5,10,1,0,72957,35863,2384,2291,2370,1510,1055,443,392,1088,1813,1820,1797,2008,2487,2751,2601,1066,1489,910,1228,1717,1289,831,523,37094,2294,2211,2264,1375,911,412,380,1159,1987,1808,1950,2032,2721,2893,2791,1129,1534,929,1368,1744,1359,1040,803,1407,1021,70,57,3,0,0,0,3,0,0,54,54,0,0,0,0,0,0,0,0,0,13,0,0,0,0,13,1,0,0,0,5,7,856,720,705,0,0,447,258,0,0,0,0,0,0,15,0,0,0,0,0,0,136,0,0,0,0,136,12,45,3,0,58,18,95,81,5,0,0,2,3,0,0,0,0,0,0,76,0,0,0,0,0,0,14,0,0,0,0,14,4,4,0,0,2,4,386,16,5,0,0,0,0,0,0,0,5,5,0,0,0,0,0,0,0,0,0,11,0,0,0,0,11,4,0,0,0,0,7,136,71,47,0,0,0,47,0,0,1,1,0,0,23,0,0,0,0,0,0,65,0,0,0,0,65,10,32,4,0,8,11,234,229,0,0,0,0,0,0,0,0,0,0,0,227,2,0,0,2,0,0,5,0,0,0,0,5,0,5,0,0,0,0
"G1201090","2010","FL","3","5","Florida","12","St. Johns County","109",,,,,,,,,,,,,,,"27260","99999","999",,,,,,,,,,,,,,,,,"1555689678","572050772","St. Johns County","A","+29.8905926","-081.3839139","06","1",,190039,92425,897,955,1061,1045,1126,1213,1324,1226,1251,1332,1316,1328,1335,1334,1411,1434,1385,1444,1315,1152,1049,977,911,978,958,897,870,884,914,878,870,881,929,896,948,1023,1097,1045,1255,1340,1357,1281,1267,1436,1341,1454,1513,1468,1517,1524,1497,1481,1513,1405,1379,1352,1254,1318,1278,1305,1277,1300,1373,1361,1051,1014,977,1090,886,825,741,664,659,593,589,540,508,465,492,466,440,373,363,321,283,288,231,200,166,120,90,72,57,36,26,22,13,10,9,4,5,1,0,97614,901,911,1026,1046,1138,1152,1126,1162,1271,1314,1333,1259,1225,1312,1354,1310,1290,1304,1205,1105,1075,973,995,948,1007,987,921,925,951,960,997,917,1014,955,1009,1107,1069,1228,1308,1487,1461,1314,1355,1418,1512,1663,1605,1637,1637,1689,1618,1566,1605,1467,1536,1470,1513,1400,1355,1356,1362,1374,1465,1429,1076,1068,1140,1100,930,846,828,715,749,689,605,654,526,548,554,506,521,546,472,438,392,400,330,334,264,204,182,143,107,100,66,65,31,42,21,12,22,3,1,187241,90960,5076,6334,6699,4091,2156,963,926,2761,4364,4449,5690,6614,7402,7215,6450,2557,3774,1983,2782,3213,2440,1746,1275,96281,5017,6018,6477,3896,1909,980,905,2913,4714,4865,6179,7042,8206,7750,7072,2730,3963,2201,2864,3558,2735,2274,2013,2798,1465,217,186,6,0,0,0,6,0,0,180,24,0,156,0,0,0,0,0,0,0,31,1,0,0,0,30,7,0,0,0,5,18,1048,421,370,0,0,0,370,0,0,31,2,0,29,20,0,0,0,0,0,0,627,327,0,0,0,300,31,58,0,0,108,103,200,185,3,0,0,0,3,0,0,0,0,0,0,182,0,0,0,0,0,0,15,0,0,0,0,15,6,2,0,0,0,7,1333,26,4,0,0,0,0,0,0,0,4,0,0,4,0,0,0,0,0,0,0,22,1,0,0,0,21,11,0,0,0,1,9,798,109,88,0,0,0,88,0,0,0,0,0,0,21,0,0,0,0,0,0,689,549,0,0,0,140,15,69,0,0,3,53,509,477,0,0,0,0,0,0,0,0,0,0,0,477,0,0,0,0,0,0,32,0,0,0,0,32,0,3,0,0,0,29
"G1201110","2010","FL","3","5","Florida","12","St. Lucie County","111",,,,,,,,,,,,,,,"38940","99999","442",,,,,,,,,,,,,,,,,"1481280881","300907268","St. Lucie County","A","+27.3807748","-080.4433638","06","1",,277789,135859,1491,1625,1727,1806,1754,1775,1734,1720,1710,1834,1810,1744,1764,1834,1846,1805,1905,1873,1833,1713,1556,1417,1482,1447,1535,1491,1458,1459,1463,1441,1587,1478,1511,1471,1465,1599,1473,1610,1666,1748,1770,1769,1780,1814,1761,1972,1964,1933,2013,1940,1974,1927,1949,1853,1733,1815,1647,1666,1605,1506,1585,1655,1758,1852,1458,1448,1509,1707,1425,1291,1495,1304,1251,1246,1197,1160,1033,1090,968,992,951,839,721,710,576,536,453,364,325,236,198,141,121,58,54,34,23,13,11,10,9,1,0,141930,1520,1562,1664,1649,1620,1679,1614,1620,1606,1672,1721,1757,1823,1771,1687,1733,1770,1783,1671,1570,1534,1406,1415,1418,1470,1393,1516,1538,1510,1543,1607,1498,1585,1558,1538,1602,1645,1758,1815,1833,1796,1722,1797,1797,1862,1968,2031,2026,1995,2043,2076,1996,2025,1977,1870,1995,1900,1756,1717,1764,1750,1927,2006,1993,1589,1688,1735,1836,1693,1533,1551,1441,1426,1368,1251,1274,1134,1169,1195,1120,981,956,901,858,756,737,631,509,438,391,275,275,199,150,111,98,72,34,30,23,34,5,0,274736,133876,8403,8771,8986,5516,3424,1494,1354,4264,7023,7332,7937,8746,9653,9320,8159,3217,5045,2941,4399,6448,5205,3739,2500,140860,8013,8189,8754,5271,3221,1515,1390,4237,7414,7733,8603,8932,10016,9895,9097,3659,5568,3406,5043,7004,5819,4359,3722,3053,1983,81,73,61,0,0,0,61,0,0,12,2,10,0,0,0,0,0,0,0,0,8,0,0,0,0,8,6,2,0,0,0,0,1634,1301,1254,0,0,0,1165,89,0,2,1,1,0,45,0,0,0,0,0,0,333,5,0,0,0,328,26,136,78,0,51,37,268,219,8,0,0,0,8,0,0,0,0,0,0,209,2,0,0,2,0,0,49,0,0,0,0,49,2,17,27,0,3,0,1070,24,12,6,0,0,0,6,0,0,6,3,3,0,0,0,0,0,0,0,0,12,0,0,0,0,12,7,5,0,0,0,0,521,340,262,0,0,0,259,3,0,0,0,0,0,78,0,0,0,0,0,0,181,3,0,0,0,178,13,75,47,0,38,5,525,432,0,0,0,0,0,0,0,0,0,0,0,432,0,0,0,0,0,0,93,0,0,0,0,93,5,24,64,0,0,0
"G1201130","2010","FL","3","5","Florida","12","Santa Rosa County","113",,,,,,,,,,,,,,,"37860","99999","999",,,,,,,,,,,,,,,,,"2620043744","420025582","Santa Rosa County","A","+30.7036328","-087.0142549","06","1",,151372,76422,858,932,936,976,971,998,961,1013,1016,997,1056,1120,1059,1103,1115,1120,1121,1192,1122,970,908,893,857,1069,1139,1090,1008,1045,1044,970,1016,936,955,898,891,928,963,982,1019,1058,1138,1094,1031,1125,1160,1243,1345,1238,1379,1322,1316,1155,1202,1099,1133,1024,994,955,973,884,910,870,902,951,679,673,737,714,585,557,550,549,512,483,434,394,337,335,314,287,222,213,204,184,152,111,104,98,56,72,33,19,17,13,12,8,4,2,4,2,4,0,0,74950,884,851,926,961,902,958,925,904,979,1019,1048,1005,1063,999,1052,1044,1065,1080,1019,817,792,781,752,814,870,869,861,891,874,855,914,854,889,862,869,886,851,933,1093,1151,1078,1055,1079,1124,1145,1265,1305,1322,1325,1281,1335,1207,1129,1109,1125,1088,1066,978,998,912,953,896,958,929,661,752,753,751,697,639,578,571,524,520,464,443,394,346,341,332,288,278,280,263,194,189,172,129,115,113,86,70,43,37,27,28,10,17,6,6,7,2,0,147128,72744,4672,4983,5435,3380,1958,801,784,2672,4472,4156,4477,5176,6225,5686,4729,1754,2508,1395,1846,2509,1653,951,522,74384,4524,4784,5156,3118,1819,789,777,2417,4320,4359,4890,5459,6477,5885,5031,1843,2543,1500,2074,2633,1819,1235,932,4244,3678,74,69,12,0,0,8,4,0,0,57,1,0,56,0,0,0,0,0,0,0,5,0,0,0,0,5,0,0,0,0,5,0,3485,3324,3252,0,0,2896,356,0,0,12,0,0,12,12,48,48,0,0,0,0,161,0,25,25,0,136,0,21,39,0,30,46,119,111,23,0,0,17,6,0,0,0,0,0,0,86,2,2,0,0,0,0,8,0,0,0,0,8,0,6,0,0,2,0,566,83,53,0,0,0,0,0,0,0,53,5,0,48,0,0,0,0,0,0,0,30,0,0,0,0,30,0,0,0,0,30,0,211,119,64,0,0,2,62,0,0,18,0,0,18,12,25,25,0,0,0,0,92,0,3,3,0,89,0,8,12,0,12,57,272,268,0,0,0,0,0,0,0,0,0,0,0,264,4,4,0,0,0,0,4,0,0,0,0,4,0,2,0,0,2,0
"G1201150","2010","FL","3","5","Florida","12","Sarasota County","115",,,,,,,,,,,,,,,"35840","99999","494",,,,,,,,,,,,,,,,,"1439690708","438941172","Sarasota County","A","+27.1843855","-082.3658351","06","1",,379448,181041,1420,1506,1532,1554,1476,1539,1630,1583,1659,1690,1720,1797,1781,1866,1929,1952,1991,1955,1893,1732,1679,1514,1518,1550,1497,1654,1581,1613,1673,1569,1699,1528,1560,1475,1526,1575,1575,1641,1749,2045,2042,1914,1906,2019,2122,2388,2325,2370,2440,2429,2638,2501,2579,2428,2480,2462,2539,2499,2488,2492,2569,2595,2993,3324,2564,2734,2948,3185,2912,2658,2708,2673,2597,2397,2381,2301,2147,2200,2114,2031,1932,1827,1739,1590,1433,1270,1154,956,803,724,549,414,327,272,198,111,78,56,39,20,29,2,0,198407,1371,1340,1474,1518,1433,1505,1556,1603,1528,1609,1762,1710,1685,1810,1754,1829,1801,1867,1717,1626,1619,1456,1493,1515,1412,1509,1457,1516,1598,1646,1534,1477,1549,1492,1526,1625,1642,1792,1811,2194,2067,1976,2086,2112,2223,2452,2548,2653,2546,2724,2906,2763,2793,2807,2862,2923,2995,3029,2956,3001,3125,3303,3603,3845,3030,3304,3573,3700,3265,3083,2918,2947,2914,2718,2708,2619,2315,2429,2305,2372,2328,2331,2068,1982,1815,1743,1532,1370,1266,1096,857,720,582,456,378,291,201,186,115,77,148,5,1,373826,178463,7470,8093,9087,5888,3338,1520,1397,4364,7876,7634,8481,9878,11812,12472,12369,5132,8835,5656,8722,12685,10699,8380,6675,195363,7113,7788,8713,5487,2980,1398,1319,4291,7641,7535,9013,10416,12857,14073,14862,6411,10442,6859,10005,14118,11872,10236,9934,5622,2578,42,16,6,0,0,0,6,0,0,8,3,5,0,0,2,2,0,0,0,0,26,0,0,0,0,26,23,0,0,0,0,3,1844,855,682,0,0,0,682,0,0,0,0,0,0,160,13,12,0,1,0,0,989,553,0,0,0,436,223,53,114,0,2,44,692,645,6,0,0,0,6,0,0,0,0,0,0,637,2,0,0,2,0,0,47,0,0,0,0,47,7,10,0,0,22,8,3044,54,18,0,0,0,0,0,0,0,15,7,8,0,0,3,3,0,0,0,0,36,1,0,0,0,35,35,0,0,0,0,0,1296,283,143,0,0,0,143,0,0,6,0,6,0,125,9,9,0,0,0,0,1013,777,0,0,0,236,149,22,44,0,3,18,1694,1625,0,0,0,0,0,0,0,0,0,0,0,1617,8,2,0,6,0,0,69,0,0,0,0,69,0,13,0,0,52,4
"G1201170","2010","FL","3","5","Florida","12","Seminole County","117",,,,,,,,,,,,,,,"36740","99999","422",,,,,,,,,,,,,,,,,"800879349","93428200","Seminole County","A","+28.6900793","-081.1319797","06","1",,422718,204799,2272,2338,2355,2427,2448,2509,2495,2615,2599,2764,2867,2935,2901,3077,3142,3196,3244,3283,3057,3016,3303,3387,3132,2994,3046,2953,2874,2761,2764,2777,2843,2568,2608,2545,2433,2495,2475,2595,2740,2932,3164,2959,2954,2899,3035,3331,3364,3330,3384,3376,3283,3201,3086,3007,2950,2789,2714,2588,2379,2401,2348,2284,2338,2501,1756,1723,1629,1649,1425,1248,1165,1023,1023,955,862,846,772,778,768,726,661,555,606,505,436,406,387,323,267,234,180,133,96,62,38,49,28,17,10,8,19,1,0,217919,2155,2202,2366,2337,2463,2368,2590,2560,2486,2736,2766,2737,2855,2779,2939,3121,3081,3173,2900,2806,3183,3123,2997,2833,2890,2835,2825,2935,2729,2878,2916,2688,2658,2632,2586,2688,2704,2827,2981,3220,3309,3184,3223,3163,3312,3558,3594,3643,3576,3591,3640,3512,3501,3203,3180,3222,2986,2903,2934,2661,2617,2652,2647,2592,1904,1927,1817,1876,1546,1550,1335,1341,1211,1173,1155,1203,1060,1052,981,1081,880,849,850,795,742,723,655,579,542,459,392,306,219,200,151,116,94,64,46,26,58,10,0,419203,202981,11823,12964,14889,9650,5968,3251,3344,9063,13943,12849,13131,14886,16650,15400,12779,4606,6559,3333,4293,4984,3817,2692,2107,216222,11500,12726,14055,9332,5659,3170,3101,8676,14153,13445,14372,16144,17895,16991,14660,5254,7119,3722,4937,6154,5226,3909,4022,3515,1818,141,79,7,0,0,0,7,0,0,72,27,16,29,0,0,0,0,0,0,0,62,10,0,0,0,52,36,0,0,0,2,14,1290,785,640,0,0,0,640,0,0,4,1,1,2,117,24,14,10,0,0,0,505,11,0,0,0,494,123,67,229,0,9,66,387,341,0,0,0,0,0,0,0,0,0,0,0,341,0,0,0,0,0,0,46,0,0,0,0,46,6,10,3,0,0,27,1697,101,58,0,0,0,0,0,0,0,58,35,13,10,0,0,0,0,0,0,0,43,0,0,0,0,43,28,0,0,0,3,12,502,250,110,0,0,0,110,0,0,5,4,1,0,117,18,10,8,0,0,0,252,28,0,0,0,224,75,22,58,0,7,62,1094,1022,0,0,0,0,0,0,0,0,0,0,0,1022,0,0,0,0,0,0,72,0,0,0,0,72,6,49,2,0,4,11
"G1201190","2010","FL","3","5","Florida","12","Sumter County","119",,,,,,,,,,,,,,,"45540","99999","422",,,,,,,,,,,,,,,,,"1416548738","85192294","Sumter County","A","+28.7142938","-082.0747152","06","2",,93420,48611,220,210,241,222,232,251,245,241,209,247,250,231,249,259,263,251,253,279,270,270,281,306,306,288,298,342,342,383,372,452,448,479,533,494,489,541,491,539,528,542,474,465,453,473,469,485,505,484,490,502,446,439,453,442,387,482,501,516,601,693,777,855,1165,1384,1090,1206,1443,1504,1474,1402,1330,1322,1180,1164,1113,955,804,756,674,679,572,490,410,352,293,277,187,163,130,106,71,49,36,34,18,13,8,9,4,1,3,1,0,44809,218,214,226,244,216,240,237,223,221,234,221,219,216,211,241,274,264,240,246,195,204,200,175,197,198,214,219,192,209,207,223,213,202,220,219,230,216,232,268,237,264,221,272,274,284,306,340,327,341,358,404,417,467,438,543,656,612,733,800,887,1093,1241,1409,1621,1329,1413,1659,1735,1509,1443,1369,1278,1166,1036,987,893,734,659,623,601,446,387,404,319,324,228,204,202,137,138,97,75,42,47,38,30,24,20,13,5,10,2,0,84468,40378,1125,1193,1252,774,492,204,184,512,953,950,1101,1190,1532,1526,2379,1532,3520,2589,4313,6050,3838,2092,1077,44090,1118,1153,1106,778,435,200,194,540,983,1004,1105,1238,1583,2215,3650,2321,4335,3067,4673,5814,3485,1852,1241,8952,8233,9,9,9,0,0,8,1,0,0,0,0,0,0,0,0,0,0,0,0,0,0,0,0,0,0,0,0,0,0,0,0,0,7950,7895,7883,0,5759,1922,202,0,0,0,0,0,0,12,0,0,0,0,0,0,55,0,0,0,0,55,13,18,17,0,0,7,274,268,172,0,150,22,0,0,0,0,0,0,0,93,3,0,0,3,0,0,6,0,0,0,0,6,0,2,0,0,1,3,719,4,0,0,0,0,0,0,0,0,0,0,0,0,0,0,0,0,0,0,0,4,0,0,0,0,4,1,0,0,0,2,1,550,539,530,0,474,4,52,0,0,0,0,0,0,9,0,0,0,0,0,0,11,0,0,0,0,11,0,6,0,0,3,2,165,159,12,0,12,0,0,0,0,0,0,0,0,143,4,0,0,4,0,0,6,0,0,0,0,6,1,1,0,0,4,0
"G1201210","2010","FL","3","5","Florida","12","Suwannee County","121",,,,,,,,,,,,,,,"99999","99999","999",,,,,,,,,,,,,,,,,"1783341092","9594285","Suwannee County","A","+30.1892438","-082.9927542","06","9",,41551,20945,237,296,287,266,252,258,250,264,294,277,261,269,281,270,234,280,293,312,308,245,249,259,269,254,252,298,262,257,249,235,300,222,258,228,217,229,223,256,275,268,263,218,231,275,263,293,297,266,313,298,299,281,320,289,278,285,245,283,255,250,292,259,303,311,230,251,257,272,227,191,229,195,183,166,175,159,145,107,143,111,102,82,83,77,73,66,65,38,43,33,22,21,10,9,7,2,5,0,4,1,0,0,0,20606,263,229,255,255,234,265,234,235,239,279,279,255,288,224,251,240,258,285,221,212,230,191,191,174,198,231,228,207,233,229,205,233,193,205,190,214,192,208,240,234,242,224,222,275,278,255,303,273,268,307,289,288,313,309,336,288,267,298,292,298,286,300,311,321,240,266,252,302,224,254,216,209,198,179,202,161,142,160,150,140,148,134,133,125,97,87,106,85,69,48,43,39,34,17,15,19,11,12,8,5,6,0,0,40158,19826,1336,1341,1315,882,541,243,226,643,1034,1037,1123,1163,1387,1421,1297,546,835,503,685,935,634,400,299,20332,1235,1251,1297,782,433,228,191,561,1119,1023,1084,1237,1401,1531,1438,583,868,514,764,983,724,589,496,1393,1119,7,3,3,0,0,0,3,0,0,0,0,0,0,0,0,0,0,0,0,0,4,0,0,0,0,4,0,0,0,0,4,0,1014,988,972,0,0,861,111,0,0,0,0,0,0,16,0,0,0,0,0,0,26,0,0,0,0,26,0,8,0,0,15,3,98,97,1,0,0,0,1,0,0,0,0,0,0,96,0,0,0,0,0,0,1,0,0,0,0,1,0,1,0,0,0,0,274,3,1,1,0,0,0,1,0,0,0,0,0,0,0,0,0,0,0,0,0,2,0,0,0,0,2,0,0,0,0,2,0,45,31,21,0,0,0,21,0,0,0,0,0,0,10,0,0,0,0,0,0,14,0,0,0,0,14,0,8,0,0,4,2,226,225,0,0,0,0,0,0,0,0,0,0,0,225,0,0,0,0,0,0,1,0,0,0,0,1,0,1,0,0,0,0
"G1201230","2010","FL","3","5","Florida","12","Taylor County","123",,,,,,,,,,,,,,,"99999","99999","999",,,,,,,,,,,,,,,,,"2702147548","489238369","Taylor County","A","+30.0169434","-083.6164167","06","9",,22570,12554,126,138,120,121,147,106,127,121,129,133,129,138,101,117,124,121,110,133,142,127,122,149,208,215,204,218,202,226,242,244,200,182,186,150,162,196,173,185,184,198,194,189,187,181,205,228,196,192,221,196,201,189,197,178,180,191,173,192,170,157,152,143,155,181,122,134,125,142,113,88,92,97,92,71,92,74,67,44,47,48,44,51,37,32,31,23,35,15,8,5,7,7,2,0,0,1,0,0,0,0,3,1,0,10016,152,127,128,128,102,118,124,102,120,113,129,105,126,116,113,131,134,136,119,103,139,101,91,123,106,122,125,101,96,102,95,84,85,99,92,124,116,113,112,123,118,106,94,126,121,131,143,136,165,148,150,143,161,165,152,148,166,147,134,152,123,163,159,164,126,111,150,115,122,103,109,100,100,88,108,90,72,62,76,66,50,49,60,56,39,26,23,26,25,15,11,17,9,4,4,5,3,2,1,0,3,0,0,19316,9384,652,616,609,364,257,114,107,314,485,433,510,538,656,705,750,270,428,243,333,435,277,187,101,9932,637,577,589,401,221,139,101,320,540,455,585,563,720,770,743,284,446,258,334,495,359,242,153,3254,3170,0,0,0,0,0,0,0,0,0,0,0,0,0,0,0,0,0,0,0,0,0,0,0,0,0,0,0,0,0,0,0,0,3118,3114,3094,0,0,3020,67,7,0,0,0,0,0,20,0,0,0,0,0,0,4,0,0,0,0,4,0,4,0,0,0,0,52,52,35,0,0,35,0,0,0,0,0,0,0,17,0,0,0,0,0,0,0,0,0,0,0,0,0,0,0,0,0,0,84,0,0,0,0,0,0,0,0,0,0,0,0,0,0,0,0,0,0,0,0,0,0,0,0,0,0,0,0,0,0,0,0,25,25,12,0,0,0,12,0,0,0,0,0,0,13,0,0,0,0,0,0,0,0,0,0,0,0,0,0,0,0,0,0,59,59,0,0,0,0,0,0,0,0,0,0,0,59,0,0,0,0,0,0,0,0,0,0,0,0,0,0,0,0,0,0
"G1201250","2010","FL","3","5","Florida","12","Union County","125",,,,,,,,,,,,,,,"99999","99999","999",,,,,,,,,,,,,,,,,"630806354","16049937","Union County","A","+30.0542796","-082.3669180","06","9",,15535,10045,83,73,92,83,99,76,75,83,85,71,78,84,98,94,89,91,86,100,107,122,146,158,119,165,166,175,175,192,176,179,147,164,151,172,164,152,159,150,144,156,159,136,155,131,137,168,155,168,160,179,168,180,201,166,187,200,223,205,181,167,170,152,154,150,119,105,87,90,79,53,56,38,54,53,37,34,31,33,22,25,17,16,12,14,7,5,1,7,5,5,4,2,1,1,0,1,0,0,0,0,0,0,0,5490,69,63,105,80,80,65,76,78,78,82,101,96,80,78,82,80,96,81,72,61,76,50,67,65,63,57,78,92,82,70,62,66,73,76,64,62,79,74,71,76,63,59,65,66,76,86,100,85,73,92,101,72,72,87,85,80,73,65,58,73,52,58,61,67,56,47,47,41,44,45,25,32,40,27,32,32,22,23,26,26,20,18,14,19,11,8,11,7,12,10,4,8,3,1,0,3,1,0,0,0,0,0,0,10757,5278,430,390,436,253,142,75,74,191,322,295,366,310,405,373,343,125,191,89,125,158,108,47,30,5479,397,379,437,257,131,76,50,192,379,339,362,329,433,417,348,110,184,94,130,156,129,82,68,4778,4767,31,31,13,0,0,13,0,0,0,18,0,0,18,0,0,0,0,0,0,0,0,0,0,0,0,0,0,0,0,0,0,0,4398,4398,4392,0,0,4374,18,0,0,6,0,0,6,0,0,0,0,0,0,0,0,0,0,0,0,0,0,0,0,0,0,0,338,338,338,0,0,338,0,0,0,0,0,0,0,0,0,0,0,0,0,0,0,0,0,0,0,0,0,0,0,0,0,0,11,0,0,0,0,0,0,0,0,0,0,0,0,0,0,0,0,0,0,0,0,0,0,0,0,0,0,0,0,0,0,0,0,11,11,11,0,0,10,1,0,0,0,0,0,0,0,0,0,0,0,0,0,0,0,0,0,0,0,0,0,0,0,0,0,0,0,0,0,0,0,0,0,0,0,0,0,0,0,0,0,0,0,0,0,0,0,0,0,0,0,0,0,0,0,0,0
"G1201270","2010","FL","3","5","Florida","12","Volusia County","127",,,,,,,,,,,,,,,"19660","99999","422",,,,,,,,,,,,,,,,,"2851658690","858331481","Volusia County","A","+29.0576172","-081.1618129","06","1",,494593,241715,2342,2533,2560,2472,2491,2496,2525,2446,2536,2722,2663,2699,2840,2714,2773,2858,3028,3074,3464,3889,3753,3513,3281,2845,2931,2750,2581,2595,2650,2552,2681,2535,2458,2444,2397,2566,2448,2631,2780,3053,3144,2809,2843,2970,3115,3355,3537,3526,3589,3829,3716,3641,3746,3602,3558,3599,3421,3320,3297,3212,3312,3447,3583,3716,2736,3009,2858,3038,2692,2481,2513,2432,2247,2054,2035,1937,1812,1844,1758,1694,1536,1465,1331,1309,1177,1017,852,700,720,517,407,286,217,197,143,84,63,38,28,10,22,0,0,252878,2306,2353,2400,2437,2443,2378,2373,2397,2391,2555,2604,2564,2658,2686,2722,2700,2663,2871,3196,3352,3222,3156,2923,2662,2512,2629,2539,2518,2581,2557,2631,2413,2461,2437,2433,2562,2491,2574,2800,2933,2987,2844,2907,2994,3160,3596,3453,3689,3909,3925,3914,3846,4066,3893,3803,3805,3798,3714,3697,3566,3745,3777,3951,3985,3005,3139,3250,3436,3030,2828,2664,2571,2614,2482,2394,2332,2055,2189,2092,2097,2031,1903,1932,1737,1641,1530,1354,1163,1066,938,740,595,506,385,321,234,173,137,75,45,76,11,0,481784,233883,12370,12698,13630,8813,5840,3100,3039,8513,12571,12019,12984,14355,17320,17849,16564,6674,9937,5813,8141,11168,8918,6592,4975,247901,11894,12070,13192,8184,5426,2739,2789,7830,12706,12292,13269,14812,18466,19428,18490,7483,10887,6353,9213,12585,10568,8863,8362,12809,7832,261,151,17,0,0,0,16,1,0,134,34,20,80,0,0,0,0,0,0,0,110,14,0,0,0,96,60,1,1,0,26,8,6655,3127,2848,0,0,1542,1101,205,0,10,0,3,7,264,5,0,0,0,0,5,3528,2725,2,2,0,801,137,248,137,0,51,228,916,852,40,0,0,28,11,1,0,0,0,0,0,803,9,0,0,9,0,0,64,0,0,0,0,64,0,20,0,0,18,26,4977,161,53,2,0,0,0,0,2,0,51,37,6,8,0,0,0,0,0,0,0,108,9,0,0,0,99,56,1,0,0,24,18,2994,418,226,0,0,0,213,13,0,1,0,0,1,185,6,0,0,0,0,6,2576,2122,2,2,0,452,101,180,44,0,39,88,1822,1736,0,0,0,0,0,0,0,0,0,0,0,1729,7,0,0,7,0,0,86,0,0,0,0,86,3,55,0,0,21,7
"G1201290","2010","FL","3","5","Florida","12","Wakulla County","129",,,,,,,,,,,,,,,"45220","99999","999",,,,,,,,,,,,,,,,,"1570616974","334904032","Wakulla County","A","+30.1403780","-084.3751361","06","1",,30776,16992,163,167,177,184,213,222,220,193,208,231,207,239,192,200,212,183,223,213,186,160,167,173,198,233,228,245,232,277,257,271,293,269,237,258,269,255,248,283,302,300,336,303,277,256,267,328,342,282,266,317,277,285,311,252,242,225,208,239,223,202,209,188,206,188,157,162,119,146,127,92,93,91,88,86,63,61,64,53,58,47,55,40,23,26,19,28,21,16,17,3,4,8,1,3,1,0,2,0,1,0,0,0,0,13784,157,175,172,155,177,179,190,163,186,208,183,188,172,164,194,175,212,228,172,153,151,169,135,165,151,167,136,169,153,192,176,173,173,169,160,186,179,211,205,215,214,179,180,172,210,236,220,254,207,229,236,225,223,232,203,202,229,188,192,164,166,179,185,175,125,129,141,133,115,92,98,102,86,81,79,62,69,55,56,55,42,62,30,36,45,26,11,27,23,17,17,14,4,3,1,3,1,1,5,0,0,0,0,27348,13571,904,1074,1050,619,339,161,147,429,734,755,903,989,1047,1052,919,356,522,262,350,413,279,162,105,13777,836,926,901,615,325,151,169,450,814,851,995,955,1145,1118,975,345,485,270,340,446,297,215,153,3428,3421,0,0,0,0,0,0,0,0,0,0,0,0,0,0,0,0,0,0,0,0,0,0,0,0,0,0,0,0,0,0,0,0,3374,3357,3357,0,0,3236,121,0,0,0,0,0,0,0,0,0,0,0,0,0,17,0,0,0,0,17,16,0,0,0,1,0,47,45,45,0,0,44,1,0,0,0,0,0,0,0,0,0,0,0,0,0,2,0,0,0,0,2,2,0,0,0,0,0,7,0,0,0,0,0,0,0,0,0,0,0,0,0,0,0,0,0,0,0,0,0,0,0,0,0,0,0,0,0,0,0,0,7,4,4,0,0,4,0,0,0,0,0,0,0,0,0,0,0,0,0,0,3,0,0,0,0,3,0,0,0,0,3,0,0,0,0,0,0,0,0,0,0,0,0,0,0,0,0,0,0,0,0,0,0,0,0,0,0,0,0,0,0,0,0,0
"G1201310","2010","FL","3","5","Florida","12","Walton County","131",,,,,,,,,,,,,,,"99999","99999","999",,,,,,,,,,,,,,,,,"2687435898","523099633","Walton County","A","+30.6312106","-086.1766139","06","9",,55043,28177,361,365,340,344,361,299,281,319,334,323,319,274,297,321,310,355,332,372,297,330,303,275,295,335,359,409,388,381,424,375,437,346,367,359,342,377,363,361,400,434,402,393,356,365,369,445,413,410,447,472,475,442,433,432,425,404,390,395,378,389,405,344,409,412,324,364,350,312,284,269,247,218,241,209,187,186,165,145,126,127,135,114,92,59,49,63,50,52,33,35,13,13,19,8,5,6,1,2,2,0,3,0,0,26866,291,345,326,304,318,345,322,300,319,317,290,287,283,263,272,278,297,266,303,294,273,228,260,300,317,309,329,298,323,320,334,315,309,283,290,311,292,344,346,346,304,322,301,349,381,384,467,392,398,466,470,441,387,458,457,426,426,401,367,391,379,388,444,408,353,329,355,352,273,266,234,271,237,235,225,189,170,152,144,163,157,123,119,123,92,110,100,69,66,44,28,28,32,20,16,10,10,11,2,1,3,0,0,52978,26325,1771,1556,1518,1030,606,290,246,832,1636,1566,1700,1676,1972,2072,1892,734,1117,702,860,1086,735,437,291,26653,1584,1603,1395,841,597,272,228,873,1570,1521,1634,1649,2101,2204,2007,764,1195,679,887,1187,798,579,485,2065,1852,32,32,0,0,0,0,0,0,0,32,0,0,32,0,0,0,0,0,0,0,0,0,0,0,0,0,0,0,0,0,0,0,1747,1715,1702,0,0,1501,201,0,0,2,0,0,2,11,0,0,0,0,0,0,32,0,0,0,0,32,0,3,24,0,0,5,73,72,20,0,0,20,0,0,0,0,0,0,0,52,0,0,0,0,0,0,1,0,0,0,0,1,0,1,0,0,0,0,213,0,0,0,0,0,0,0,0,0,0,0,0,0,0,0,0,0,0,0,0,0,0,0,0,0,0,0,0,0,0,0,0,69,55,38,0,0,0,38,0,0,0,0,0,0,17,0,0,0,0,0,0,14,0,0,0,0,14,0,2,11,0,0,1,144,143,0,0,0,0,0,0,0,0,0,0,0,143,0,0,0,0,0,0,1,0,0,0,0,1,0,0,1,0,0,0
"G1201330","2010","FL","3","5","Florida","12","Washington County","133",,,,,,,,,,,,,,,"99999","99999","999",,,,,,,,,,,,,,,,,"1509453502","85860698","Washington County","A","+30.6022166","-085.6627968","06","9",,24896,13575,147,142,136,150,131,146,162,162,137,157,147,160,143,150,171,143,187,169,170,193,194,184,175,189,194,202,222,167,195,203,251,199,211,200,177,189,179,205,191,229,205,207,206,221,228,211,213,232,216,207,224,212,181,205,192,163,184,178,151,147,156,164,137,180,113,137,155,149,101,109,107,94,117,93,84,70,70,72,63,50,49,42,36,31,32,24,19,20,7,17,10,5,8,5,5,0,0,0,0,1,1,0,0,11321,116,140,166,140,176,129,134,119,123,135,143,126,152,121,152,130,163,165,162,114,112,125,112,119,124,116,102,122,105,110,133,87,143,120,144,112,131,155,147,155,140,146,137,130,161,174,163,154,166,191,194,158,189,178,160,163,156,145,160,156,148,187,159,157,125,172,143,150,139,114,108,102,93,64,97,85,79,74,67,52,47,48,55,48,54,48,43,30,24,24,24,14,7,13,8,3,7,3,4,1,0,0,0,22202,10946,706,764,771,491,303,118,105,338,574,585,641,723,785,828,743,305,412,280,353,488,324,189,120,11256,738,640,694,456,276,111,123,353,548,621,696,705,846,870,771,331,438,314,402,463,357,251,252,2694,2629,8,8,8,0,0,8,0,0,0,0,0,0,0,0,0,0,0,0,0,0,0,0,0,0,0,0,0,0,0,0,0,0,2592,2567,2567,0,0,2471,96,0,0,0,0,0,0,0,0,0,0,0,0,0,25,0,0,0,0,25,0,17,0,0,8,0,29,27,27,0,0,27,0,0,0,0,0,0,0,0,0,0,0,0,0,0,2,0,0,0,0,2,0,1,0,0,1,0,65,2,0,0,0,0,0,0,0,0,0,0,0,0,0,0,0,0,0,0,0,2,0,0,0,0,2,0,0,0,0,2,0,58,23,23,0,0,4,19,0,0,0,0,0,0,0,0,0,0,0,0,0,35,0,0,0,0,35,0,22,0,0,7,6,5,0,0,0,0,0,0,0,0,0,0,0,0,0,0,0,0,0,0,0,5,0,0,0,0,5,0,2,0,0,0,3
"G1700010","2010","IL","2","3","Illinois","17","Adams County","001",,,,,,,,,,,,,,,"39500","99999","999",,,,,,,,,,,,,,,,,"2214963578","41793038","Adams County","A","+39.9860525","-091.1949607","06","2",,67103,32667,422,430,422,439,433,459,462,406,436,426,436,457,452,439,403,452,485,474,468,496,420,425,390,408,381,401,390,377,393,397,420,388,393,313,355,374,348,389,393,410,385,422,389,395,441,460,468,470,510,512,503,519,484,518,444,469,437,411,444,446,437,396,423,375,249,324,312,318,287,243,222,218,244,203,231,172,192,178,175,178,173,164,158,162,162,122,117,111,92,56,67,27,24,25,12,12,4,6,4,1,2,0,0,34436,390,412,422,422,440,412,376,415,450,398,427,447,385,389,429,432,428,454,454,477,406,427,407,425,418,412,406,401,456,402,427,350,369,351,335,367,347,354,400,426,396,406,413,419,442,454,500,452,518,545,514,477,492,439,543,502,471,445,439,434,412,418,451,440,320,333,356,379,313,314,273,283,258,266,273,229,248,229,260,245,246,251,218,223,211,217,210,157,141,126,110,84,58,63,50,32,32,18,14,9,19,1,0,64816,31511,2131,2180,2159,1391,826,345,362,1135,1929,1839,1895,2007,2390,2437,2173,814,1022,617,828,1069,807,685,470,33305,2080,2047,2066,1300,790,356,382,1211,2059,1819,1880,2063,2456,2444,2269,825,1190,676,990,1308,1138,1020,936,2287,1156,72,49,1,0,0,0,1,0,0,39,10,10,19,0,9,2,7,0,0,0,23,0,0,0,0,23,13,0,0,0,0,10,562,184,92,0,0,0,92,0,0,6,0,6,0,60,26,5,21,0,0,0,378,276,0,0,0,102,12,35,22,0,2,31,522,507,0,0,0,0,0,0,0,0,0,0,0,468,39,0,39,0,0,0,15,0,0,0,0,15,0,7,0,0,2,6,1131,35,28,0,0,0,0,0,0,0,20,6,12,2,0,8,4,4,0,0,0,7,0,0,0,0,7,4,0,0,0,0,3,415,101,17,0,0,0,17,0,0,3,3,0,0,32,49,9,40,0,0,0,314,251,0,0,0,63,14,20,6,0,0,23,681,678,0,0,0,0,0,0,0,0,0,0,0,624,54,0,54,0,0,0,3,0,0,0,0,3,0,0,0,0,1,2
"G1700030","2010","IL","2","3","Illinois","17","Alexander County","003",,,,,,,,,,,,,,,"16020","99999","164",,,,,,,,,,,,,,,,,"609965908","44268323","Alexander County","A","+37.1836828","-089.3495061","06","1",,8238,4182,67,64,70,52,62,49,61,57,52,50,51,48,53,33,41,56,50,64,69,63,58,57,53,52,42,39,52,54,52,55,61,42,58,40,55,54,45,51,42,55,38,45,54,60,50,57,67,68,75,64,55,51,72,66,60,66,59,58,70,60,55,51,61,44,42,38,33,49,36,33,46,32,24,36,27,24,18,21,25,29,20,20,19,16,16,7,6,4,4,3,6,1,6,3,1,0,1,0,1,0,0,0,0,4056,62,48,49,53,58,52,50,45,73,40,62,45,41,42,50,48,49,38,52,57,61,50,45,48,34,48,37,59,38,45,51,45,37,37,41,45,25,38,49,50,45,42,42,48,42,53,61,52,58,52,64,63,54,62,50,69,74,66,58,56,43,64,57,57,35,47,45,42,47,52,36,41,31,34,33,38,25,36,39,23,23,27,17,15,20,16,23,8,8,13,11,9,4,7,7,2,2,4,3,1,3,0,0,7695,3713,315,269,226,169,126,45,46,125,186,182,159,194,267,276,296,97,145,70,115,158,117,89,41,3982,270,260,240,135,109,61,50,127,225,208,205,208,275,291,319,106,148,91,139,174,155,95,91,543,469,1,1,1,0,0,1,0,0,0,0,0,0,0,0,0,0,0,0,0,0,0,0,0,0,0,0,0,0,0,0,0,0,453,412,410,0,0,410,0,0,0,0,0,0,0,2,0,0,0,0,0,0,41,0,0,0,0,41,0,25,0,0,0,16,15,15,0,0,0,0,0,0,0,0,0,0,0,15,0,0,0,0,0,0,0,0,0,0,0,0,0,0,0,0,0,0,74,0,0,0,0,0,0,0,0,0,0,0,0,0,0,0,0,0,0,0,0,0,0,0,0,0,0,0,0,0,0,0,0,27,3,0,0,0,0,0,0,0,0,0,0,0,3,0,0,0,0,0,0,24,0,0,0,0,24,2,16,0,0,0,6,47,47,0,0,0,0,0,0,0,0,0,0,0,47,0,0,0,0,0,0,0,0,0,0,0,0,0,0,0,0,0,0
"G1700050","2010","IL","2","3","Illinois","17","Bond County","005",,,,,,,,,,,,,,,"41180","99999","476",,,,,,,,,,,,,,,,,"984918676","6426360","Bond County","A","+38.8859240","-089.4365916","06","1",,17768,9284,89,92,89,115,94,108,112,98,99,112,114,95,116,102,105,121,115,127,125,149,152,165,136,108,105,109,119,120,140,139,134,146,149,161,120,153,150,139,150,126,159,134,133,121,153,140,135,135,146,138,147,142,153,135,124,127,115,115,136,116,117,121,113,106,77,59,69,91,63,73,63,52,49,56,55,49,60,51,40,34,37,36,32,26,20,24,19,20,17,10,9,10,8,1,1,5,0,4,2,1,2,0,0,8484,97,73,100,102,104,82,131,74,96,90,91,107,102,106,94,102,96,100,112,136,164,158,123,84,110,100,88,102,80,85,107,100,99,100,96,95,93,82,93,94,98,87,118,111,96,129,124,113,158,141,126,145,117,119,128,112,140,129,120,102,115,104,106,86,89,71,79,90,70,62,78,79,72,61,53,48,65,41,62,51,54,61,47,43,48,52,40,34,22,24,26,27,18,13,4,7,3,5,5,2,6,0,0,15708,7780,479,529,532,363,193,94,119,283,429,410,456,521,580,614,571,220,287,123,224,265,229,142,117,7928,476,473,500,297,164,117,131,294,408,459,405,458,622,617,588,213,273,149,218,336,259,236,235,2060,1504,0,0,0,0,0,0,0,0,0,0,0,0,0,0,0,0,0,0,0,0,0,0,0,0,0,0,0,0,0,0,0,0,1456,1257,1247,5,1242,0,0,0,0,0,0,0,0,10,0,0,0,0,0,0,199,187,0,0,0,12,0,12,0,0,0,0,48,46,15,0,15,0,0,0,0,0,0,0,0,31,0,0,0,0,0,0,2,0,0,0,0,2,0,2,0,0,0,0,556,1,0,0,0,0,0,0,0,0,0,0,0,0,0,0,0,0,0,0,0,1,1,0,0,0,0,0,0,0,0,0,0,465,287,277,1,276,0,0,0,0,0,0,0,0,10,0,0,0,0,0,0,178,168,0,0,0,10,0,10,0,0,0,0,90,90,3,0,3,0,0,0,0,0,0,0,0,87,0,0,0,0,0,0,0,0,0,0,0,0,0,0,0,0,0,0
"G1700070","2010","IL","2","3","Illinois","17","Boone County","007",,,,,,,,,,,,,,,"40420","99999","466",,,,,,,,,,,,,,,,,"727059777","3380831","Boone County","A","+42.3189831","-088.8242951","06","1",,54165,27059,349,331,414,394,427,425,427,451,453,437,500,441,520,462,502,476,484,503,436,392,321,309,298,261,293,244,269,271,264,270,309,272,308,317,336,368,345,362,409,469,436,398,410,417,394,462,437,395,436,430,382,385,390,378,347,346,339,335,338,276,272,288,277,261,220,225,224,252,227,161,191,158,143,132,142,120,95,91,88,89,89,69,72,64,50,44,29,32,38,14,11,10,8,6,4,3,5,1,3,0,1,0,0,27106,313,322,343,400,423,419,418,437,471,471,476,457,432,407,497,486,469,447,374,315,278,275,227,250,260,253,255,257,286,296,347,330,315,312,352,338,365,387,418,477,458,417,426,368,386,473,411,389,413,395,402,392,371,338,361,366,297,326,282,293,302,297,289,291,235,233,249,228,224,196,181,182,159,130,151,165,118,116,98,130,117,89,101,75,72,74,68,52,47,39,38,45,26,17,17,12,9,4,4,1,6,0,0,53855,26939,1915,2192,2425,1462,818,317,306,842,1309,1532,1943,2047,2157,1878,1632,559,758,448,638,763,479,330,189,26916,1801,2216,2269,1402,687,278,275,737,1344,1656,1981,2055,2079,1862,1563,599,813,481,644,790,599,419,366,310,120,2,1,1,0,0,0,1,0,0,0,0,0,0,0,0,0,0,0,0,0,1,0,0,0,0,1,0,0,0,0,0,1,74,70,65,0,0,0,65,0,0,0,0,0,0,5,0,0,0,0,0,0,4,0,0,0,0,4,0,0,0,0,0,4,44,44,0,0,0,0,0,0,0,0,0,0,0,44,0,0,0,0,0,0,0,0,0,0,0,0,0,0,0,0,0,0,190,0,0,0,0,0,0,0,0,0,0,0,0,0,0,0,0,0,0,0,0,0,0,0,0,0,0,0,0,0,0,0,0,16,12,5,0,0,0,5,0,0,0,0,0,0,7,0,0,0,0,0,0,4,0,0,0,0,4,0,0,0,0,0,4,174,174,0,0,0,0,0,0,0,0,0,0,0,174,0,0,0,0,0,0,0,0,0,0,0,0,0,0,0,0,0,0
"G1700090","2010","IL","2","3","Illinois","17","Brown County","009",,,,,,,,,,,,,,,"99999","99999","999",,,,,,,,,,,,,,,,,"791518279","4139308","Brown County","A","+39.9620694","-090.7503095","06","9",,6937,4450,26,26,34,32,28,29,34,33,25,29,31,25,30,28,30,24,48,41,55,68,86,87,100,100,107,113,102,108,109,93,114,107,92,92,90,92,78,77,101,89,79,74,77,78,63,81,81,66,72,81,66,74,79,56,59,49,43,48,35,45,32,36,43,22,17,17,25,16,34,21,18,29,19,19,20,20,17,16,17,9,9,7,9,9,7,6,8,8,4,4,4,4,1,2,1,1,0,0,0,0,0,0,0,2487,35,30,29,29,27,44,25,36,33,35,17,29,35,28,34,31,24,40,30,38,26,10,28,19,27,32,28,42,28,34,22,31,26,27,28,32,23,20,43,39,25,25,36,25,30,41,34,36,40,30,36,35,33,34,30,41,40,36,34,31,40,20,23,31,29,31,36,24,14,20,22,29,12,25,26,18,9,19,17,19,19,14,15,14,12,11,12,8,3,5,14,7,7,3,1,1,3,3,0,3,2,0,0,4827,2379,146,150,144,111,65,27,22,58,125,157,151,149,212,208,163,59,76,40,67,101,76,36,36,2448,150,173,143,95,68,26,10,74,162,133,156,141,180,168,182,60,82,65,58,111,77,69,65,2110,2071,2,2,2,0,0,2,0,0,0,0,0,0,0,0,0,0,0,0,0,0,0,0,0,0,0,0,0,0,0,0,0,0,2044,2044,2043,0,0,2043,0,0,0,0,0,0,0,1,0,0,0,0,0,0,0,0,0,0,0,0,0,0,0,0,0,0,25,25,11,0,0,11,0,0,0,0,0,0,0,14,0,0,0,0,0,0,0,0,0,0,0,0,0,0,0,0,0,0,39,0,0,0,0,0,0,0,0,0,0,0,0,0,0,0,0,0,0,0,0,0,0,0,0,0,0,0,0,0,0,0,0,6,6,3,0,0,3,0,0,0,0,0,0,0,3,0,0,0,0,0,0,0,0,0,0,0,0,0,0,0,0,0,0,33,33,0,0,0,0,0,0,0,0,0,0,0,33,0,0,0,0,0,0,0,0,0,0,0,0,0,0,0,0,0,0
"G1700110","2010","IL","2","3","Illinois","17","Bureau County","011",,,,,,,,,,,,,,,"36860","99999","999",,,,,,,,,,,,,,,,,"2250780454","11583679","Bureau County","A","+41.4013043","-089.5283772","06","2",,34978,17119,183,201,199,204,249,204,251,252,214,243,251,254,218,215,246,267,237,258,235,189,161,162,147,170,187,173,182,214,222,191,177,192,179,210,191,193,175,173,206,228,219,209,214,240,244,254,246,287,234,277,246,303,252,270,272,265,243,267,243,238,240,227,217,243,170,147,185,179,146,145,134,147,140,124,116,117,88,112,93,102,75,90,103,75,56,65,58,40,37,33,30,18,12,6,7,6,5,1,0,1,2,0,1,17859,169,190,199,221,221,210,218,258,232,247,208,229,223,219,226,275,232,232,241,158,148,140,170,181,164,170,162,203,192,181,178,206,211,164,196,198,183,208,208,207,252,231,206,213,237,230,242,253,273,238,286,275,304,256,265,276,257,270,267,235,236,199,222,247,181,176,200,180,144,187,165,190,159,143,127,129,129,113,122,123,113,113,132,111,122,116,95,86,89,73,69,49,38,29,28,30,12,15,7,6,9,0,1,34522,16979,1034,1163,1184,762,423,160,161,501,980,948,966,1121,1292,1339,1255,463,629,327,466,654,496,379,276,17543,993,1162,1104,739,395,148,140,514,905,953,1000,1136,1234,1384,1304,433,646,373,507,768,600,534,571,456,140,3,1,0,0,0,0,0,0,0,1,1,0,0,0,0,0,0,0,0,0,2,0,0,0,0,2,0,0,0,0,0,2,39,21,15,0,0,0,15,0,0,0,0,0,0,6,0,0,0,0,0,0,18,0,0,0,0,18,0,8,0,0,1,9,98,85,0,0,0,0,0,0,0,0,0,0,0,85,0,0,0,0,0,0,13,0,0,0,0,13,0,0,0,0,0,13,316,11,3,0,0,0,0,0,0,0,3,3,0,0,0,0,0,0,0,0,0,8,0,0,0,0,8,0,0,0,0,3,5,28,12,3,0,0,0,3,0,0,0,0,0,0,9,0,0,0,0,0,0,16,0,0,0,0,16,0,7,0,0,4,5,277,268,0,0,0,0,0,0,0,0,0,0,0,268,0,0,0,0,0,0,9,0,0,0,0,9,0,9,0,0,0,0
"G1700130","2010","IL","2","3","Illinois","17","Calhoun County","013",,,,,,,,,,,,,,,"41180","99999","476",,,,,,,,,,,,,,,,,"657402816","77057174","Calhoun County","A","+39.1642619","-090.6662949","06","1",,5089,2528,26,28,25,31,34,28,27,28,30,30,29,39,26,38,34,20,45,35,30,23,29,28,26,22,34,25,29,27,23,25,18,21,28,23,33,24,26,32,29,24,29,35,26,39,34,40,35,51,35,45,46,41,46,38,37,37,40,34,40,34,36,28,36,38,24,25,38,29,33,27,30,24,37,17,17,23,17,18,18,10,8,19,15,12,11,8,8,7,8,2,4,3,2,0,0,0,2,0,0,0,0,0,0,2561,27,24,26,24,30,22,32,35,28,31,24,39,28,33,41,35,35,46,31,16,18,30,17,23,18,31,19,23,24,22,27,25,32,16,26,30,27,25,28,33,35,35,34,39,32,45,33,39,37,39,39,35,33,39,39,34,38,42,26,29,36,39,39,43,29,33,27,30,31,32,33,24,21,31,22,21,20,24,23,18,14,16,15,13,13,10,12,7,12,12,6,7,3,4,3,2,2,5,0,1,5,0,0,4999,2501,144,143,166,100,53,29,28,82,128,122,135,162,202,208,182,62,97,62,89,124,84,60,39,2498,131,148,165,116,47,18,30,57,119,125,142,174,193,183,168,73,108,59,93,127,101,59,62,90,27,0,0,0,0,0,0,0,0,0,0,0,0,0,0,0,0,0,0,0,0,0,0,0,0,0,0,0,0,0,0,0,0,13,3,2,0,0,0,2,0,0,0,0,0,0,1,0,0,0,0,0,0,10,0,0,0,0,10,0,10,0,0,0,0,14,14,0,0,0,0,0,0,0,0,0,0,0,14,0,0,0,0,0,0,0,0,0,0,0,0,0,0,0,0,0,0,63,0,0,0,0,0,0,0,0,0,0,0,0,0,0,0,0,0,0,0,0,0,0,0,0,0,0,0,0,0,0,0,0,12,3,0,0,0,0,0,0,0,0,0,0,0,3,0,0,0,0,0,0,9,0,0,0,0,9,0,9,0,0,0,0,51,49,0,0,0,0,0,0,0,0,0,0,0,49,0,0,0,0,0,0,2,0,0,0,0,2,0,2,0,0,0,0
"G1700150","2010","IL","2","3","Illinois","17","Carroll County","015",,,,,,,,,,,,,,,"99999","99999","999",,,,,,,,,,,,,,,,,"1152045333","55821513","Carroll County","A","+42.0590844","-089.9264854","06","9",,15387,7708,76,78,81,79,73,92,76,93,105,94,118,100,86,95,93,86,120,112,102,75,77,91,79,70,71,81,70,80,79,89,74,81,70,76,72,77,77,81,86,106,97,75,70,79,95,95,112,112,146,136,126,112,93,120,111,144,137,117,119,132,110,108,130,125,114,100,98,95,96,102,77,76,88,60,42,65,45,67,56,47,44,41,39,41,28,37,30,22,22,14,11,7,5,4,6,2,5,0,0,0,0,0,0,7679,69,43,80,74,77,67,91,76,79,91,86,81,101,93,89,109,96,102,95,81,59,56,56,71,70,55,79,72,65,76,80,79,63,67,70,71,87,71,86,97,85,91,77,83,94,116,106,110,107,111,131,125,116,123,118,126,138,106,105,128,138,116,117,130,82,107,103,114,101,88,81,68,77,70,69,81,59,55,66,68,58,63,49,52,49,61,48,45,31,31,22,18,16,9,11,4,7,3,3,1,2,0,0,15164,7606,387,460,492,318,177,74,84,213,393,362,417,411,594,559,646,218,368,196,292,338,273,186,148,7558,343,404,450,307,176,59,56,195,345,357,410,427,548,609,600,253,328,208,299,360,319,257,248,223,102,0,0,0,0,0,0,0,0,0,0,0,0,0,0,0,0,0,0,0,0,0,0,0,0,0,0,0,0,0,0,0,0,63,54,52,0,0,30,22,0,0,0,0,0,0,2,0,0,0,0,0,0,9,0,0,0,0,9,0,9,0,0,0,0,39,35,0,0,0,0,0,0,0,0,0,0,0,35,0,0,0,0,0,0,4,0,0,0,0,4,0,0,0,0,0,4,121,0,0,0,0,0,0,0,0,0,0,0,0,0,0,0,0,0,0,0,0,0,0,0,0,0,0,0,0,0,0,0,0,22,6,0,0,0,0,0,0,0,0,0,0,0,6,0,0,0,0,0,0,16,0,0,0,0,16,0,12,0,0,0,4,99,83,0,0,0,0,0,0,0,0,0,0,0,83,0,0,0,0,0,0,16,0,0,0,0,16,0,2,0,0,7,7
"G1700170","2010","IL","2","3","Illinois","17","Cass County","017",,,,,,,,,,,,,,,"99999","99999","999",,,,,,,,,,,,,,,,,"973365036","20581547","Cass County","A","+39.9692024","-090.2457045","06","9",,13642,6838,92,94,107,91,102,94,81,98,100,83,102,86,97,102,109,108,97,107,102,78,96,76,82,85,86,86,93,88,86,92,96,66,73,98,90,82,101,92,99,101,80,75,95,81,89,103,75,111,109,121,95,86,101,83,99,109,82,91,95,91,74,78,105,56,44,47,57,60,69,45,45,44,47,46,45,46,33,39,40,25,35,27,25,17,16,30,16,9,11,12,8,1,3,6,2,4,1,0,0,1,0,0,0,6804,87,86,93,100,79,94,97,79,93,83,90,80,84,97,103,106,97,103,82,79,58,67,61,82,78,71,71,102,76,59,90,70,93,68,91,71,87,88,77,90,81,102,73,90,90,99,105,99,79,110,89,105,96,100,98,97,81,89,72,85,81,84,66,87,54,59,55,74,51,61,63,68,60,48,49,51,40,43,53,42,40,41,41,36,37,27,26,37,31,19,17,12,15,9,7,4,4,3,4,1,2,0,0,13458,6768,486,456,496,312,179,96,76,252,440,422,474,419,513,462,464,148,205,102,171,222,174,112,87,6690,445,446,454,306,161,58,67,221,378,411,411,435,488,486,422,163,204,113,184,282,219,173,163,184,70,0,0,0,0,0,0,0,0,0,0,0,0,0,0,0,0,0,0,0,0,0,0,0,0,0,0,0,0,0,0,0,0,26,2,0,0,0,0,0,0,0,0,0,0,0,2,0,0,0,0,0,0,24,0,0,0,0,24,0,20,0,0,4,0,44,42,0,0,0,0,0,0,0,0,0,0,0,42,0,0,0,0,0,0,2,0,0,0,0,2,0,0,0,0,2,0,114,0,0,0,0,0,0,0,0,0,0,0,0,0,0,0,0,0,0,0,0,0,0,0,0,0,0,0,0,0,0,0,0,18,7,0,0,0,0,0,0,0,0,0,0,0,7,0,0,0,0,0,0,11,0,0,0,0,11,0,10,0,0,1,0,96,96,0,0,0,0,0,0,0,0,0,0,0,96,0,0,0,0,0,0,0,0,0,0,0,0,0,0,0,0,0,0
"G1700190","2010","IL","2","3","Illinois","17","Champaign County","019",,,,,,,,,,,,,,,"16580","99999","999",,,,,,,,,,,,,,,,,"2580316235","5509218","Champaign County","A","+40.1391496","-088.1972014","06","1",,201081,100390,1182,1124,1157,1200,1154,1071,1087,1048,1130,1023,1041,1044,1027,1082,1012,1057,1193,1198,2531,4745,4645,4687,3923,2610,2141,2060,1762,1850,1698,1573,1587,1400,1349,1174,1136,1106,1160,1106,1115,1133,1096,1022,988,937,944,989,1069,1097,1071,1138,1163,1134,1174,1155,1124,1085,1094,1069,995,1023,923,918,794,847,668,589,593,568,488,438,439,435,425,392,353,389,308,306,334,338,302,274,222,209,196,162,162,128,112,87,78,68,47,25,28,19,14,11,5,3,5,0,0,100691,1145,1143,1226,1166,1161,1040,1082,1010,1045,1101,1033,997,974,1019,982,996,1061,1068,2402,4256,4339,4128,3286,2152,1938,1893,1667,1664,1555,1514,1508,1266,1265,1215,1110,1140,1093,1062,1143,1149,1064,1007,997,996,1005,1102,1118,1137,1195,1270,1248,1217,1189,1313,1256,1199,1159,1154,1120,1119,882,916,874,932,714,642,662,654,614,572,515,515,489,472,425,450,429,401,395,442,404,377,341,366,323,288,285,262,239,193,159,156,120,85,63,46,52,24,28,8,17,1,0,184952,91806,5795,5344,5171,3230,2871,2971,3813,8120,8774,6547,5569,4924,5296,5681,5223,1825,2297,1170,1480,2025,1647,1159,874,93146,5821,5273,4991,3028,2505,2760,3611,7111,8206,6328,5564,5032,5793,6191,5722,1789,2501,1294,1813,2376,2056,1695,1686,16129,8584,290,55,3,0,0,0,3,0,0,46,8,31,7,0,6,0,6,0,0,0,235,17,0,0,0,218,49,0,0,0,165,4,8097,353,215,0,0,0,205,10,0,11,9,2,0,103,24,0,24,0,0,0,7744,7466,0,0,0,278,109,56,19,0,47,47,197,197,0,0,0,0,0,0,0,0,0,0,0,178,19,0,19,0,0,0,0,0,0,0,0,0,0,0,0,0,0,0,7545,136,52,1,0,0,0,1,0,0,41,4,34,3,0,10,0,10,0,0,0,84,10,0,0,0,74,19,0,0,0,51,4,6815,163,26,0,0,0,26,0,0,7,5,2,0,87,43,0,43,0,0,0,6652,6516,0,0,0,136,65,33,12,0,6,20,594,584,0,0,0,0,0,0,0,0,0,0,0,543,41,0,41,0,0,0,10,0,0,0,0,10,0,2,0,0,0,8
"G1700210","2010","IL","2","3","Illinois","17","Christian County","021",,,,,,,,,,,,,,,"45380","99999","999",,,,,,,,,,,,,,,,,"1837278793","16221497","Christian County","A","+39.5455242","-089.2795925","06","2",,34800,17654,199,189,222,220,211,223,225,204,205,205,235,233,238,226,224,221,219,287,260,223,225,204,181,211,232,209,228,214,216,240,211,225,226,216,186,232,215,234,221,247,240,221,241,230,242,283,289,268,292,293,294,286,296,282,276,238,257,256,244,210,223,197,193,192,152,168,176,147,155,159,126,124,141,122,121,120,93,112,101,81,84,61,88,76,51,58,59,48,29,30,22,13,13,10,7,5,2,11,1,3,0,0,0,17146,189,196,246,206,215,207,188,207,185,212,198,209,184,217,201,258,242,230,224,192,150,201,165,172,182,193,167,176,181,199,181,191,192,177,157,176,185,175,209,250,196,190,214,226,202,243,239,259,279,253,252,260,255,213,263,270,221,247,247,214,225,200,213,238,163,191,185,182,182,159,153,142,156,129,131,121,136,138,118,134,114,111,116,94,93,98,92,64,84,58,60,57,45,34,30,17,21,12,8,6,7,1,0,33190,16299,1041,1062,1152,706,452,197,168,510,924,906,980,1012,1252,1328,1144,399,523,335,452,628,499,349,280,16891,1052,999,1007,713,416,149,200,517,912,894,990,1022,1266,1242,1196,423,614,371,517,707,627,490,567,1610,1355,25,25,3,0,0,2,1,0,0,22,0,22,0,0,0,0,0,0,0,0,0,0,0,0,0,0,0,0,0,0,0,0,1256,1235,1223,0,0,1186,37,0,0,1,0,1,0,11,0,0,0,0,0,0,21,0,0,0,0,21,0,21,0,0,0,0,74,70,15,0,0,15,0,0,0,0,0,0,0,55,0,0,0,0,0,0,4,0,0,0,0,4,0,4,0,0,0,0,255,19,19,0,0,0,0,0,0,0,19,0,19,0,0,0,0,0,0,0,0,0,0,0,0,0,0,0,0,0,0,0,0,36,10,6,0,0,1,5,0,0,0,0,0,0,4,0,0,0,0,0,0,26,0,0,0,0,26,0,26,0,0,0,0,200,200,0,0,0,0,0,0,0,0,0,0,0,200,0,0,0,0,0,0,0,0,0,0,0,0,0,0,0,0,0,0
"G1700230","2010","IL","2","3","Illinois","17","Clark County","023",,,,,,,,,,,,,,,"99999","99999","999",,,,,,,,,,,,,,,,,"1298666494","8806915","Clark County","A","+39.3323642","-087.7916872","06","9",,16335,7962,86,103,92,95,100,98,98,89,121,120,91,117,82,108,118,118,114,130,130,72,80,76,93,83,100,93,88,97,89,91,86,86,92,73,80,94,83,82,104,115,119,104,99,95,133,137,119,146,129,130,123,116,139,121,128,114,136,127,103,118,91,95,90,82,77,70,84,77,88,64,90,81,53,70,47,39,43,42,36,36,30,45,40,25,36,22,22,13,17,17,5,9,9,5,2,3,3,1,0,0,0,0,0,8373,92,90,77,93,101,102,92,100,91,114,103,115,108,119,108,107,126,100,97,91,83,103,74,91,83,80,103,75,84,102,93,104,101,63,70,92,91,92,100,107,101,94,123,111,114,135,118,119,141,135,121,106,134,116,127,107,97,112,109,109,101,108,105,110,81,99,104,100,93,80,86,60,59,71,66,52,67,63,66,66,55,57,42,56,41,47,38,42,38,35,29,25,14,21,14,11,6,7,7,2,3,0,0,16114,7903,476,526,516,362,200,79,76,276,458,416,478,549,660,626,597,185,248,154,225,336,187,163,110,8211,453,499,553,333,188,83,103,248,444,430,482,543,648,603,532,208,295,202,267,337,295,220,245,221,59,0,0,0,0,0,0,0,0,0,0,0,0,0,0,0,0,0,0,0,0,0,0,0,0,0,0,0,0,0,0,0,0,10,10,6,0,0,0,6,0,0,0,0,0,0,4,0,0,0,0,0,0,0,0,0,0,0,0,0,0,0,0,0,0,49,49,0,0,0,0,0,0,0,0,0,0,0,49,0,0,0,0,0,0,0,0,0,0,0,0,0,0,0,0,0,0,162,0,0,0,0,0,0,0,0,0,0,0,0,0,0,0,0,0,0,0,0,0,0,0,0,0,0,0,0,0,0,0,0,6,6,0,0,0,0,0,0,0,0,0,0,0,6,0,0,0,0,0,0,0,0,0,0,0,0,0,0,0,0,0,0,156,156,0,0,0,0,0,0,0,0,0,0,0,156,0,0,0,0,0,0,0,0,0,0,0,0,0,0,0,0,0,0
"G1700250","2010","IL","2","3","Illinois","17","Clay County","025",,,,,,,,,,,,,,,"99999","99999","999",,,,,,,,,,,,,,,,,"1212932408","3304659","Clay County","A","+38.7473124","-088.4837894","06","9",,13815,6781,78,85,89,93,89,90,90,101,102,84,86,82,93,79,78,97,107,88,108,78,87,69,71,72,72,58,76,84,93,83,70,83,90,73,66,71,74,86,70,89,93,90,61,99,86,79,111,108,101,113,119,134,99,111,109,97,99,112,83,94,82,105,92,100,58,62,62,63,80,46,51,49,48,42,51,49,38,35,35,33,34,33,38,27,18,19,18,21,15,12,7,10,3,2,4,1,2,2,0,1,1,0,0,7034,91,85,84,78,80,86,95,74,87,94,100,88,79,88,80,88,81,95,95,89,74,65,85,60,53,73,76,85,74,88,76,80,73,73,78,80,63,81,67,93,70,64,74,101,90,82,86,107,112,106,102,87,112,102,103,114,93,112,97,89,86,90,99,91,75,82,80,78,55,81,64,67,63,61,39,44,54,55,60,64,57,52,45,41,41,38,36,37,26,28,25,14,18,18,9,5,6,6,4,2,1,0,0,13510,6652,434,467,418,291,186,84,67,211,386,378,388,419,498,545,474,183,245,120,183,238,186,143,108,6858,418,436,435,264,184,74,65,196,395,377,379,391,482,496,492,172,254,162,208,286,262,212,218,305,129,1,1,1,0,0,0,1,0,0,0,0,0,0,0,0,0,0,0,0,0,0,0,0,0,0,0,0,0,0,0,0,0,94,41,5,0,0,0,5,0,0,0,0,0,0,36,0,0,0,0,0,0,53,0,0,0,0,53,0,51,2,0,0,0,34,20,0,0,0,0,0,0,0,0,0,0,0,20,0,0,0,0,0,0,14,0,0,0,0,14,0,14,0,0,0,0,176,0,0,0,0,0,0,0,0,0,0,0,0,0,0,0,0,0,0,0,0,0,0,0,0,0,0,0,0,0,0,0,0,68,28,0,0,0,0,0,0,0,0,0,0,0,28,0,0,0,0,0,0,40,0,0,0,0,40,0,34,6,0,0,0,108,74,0,0,0,0,0,0,0,0,0,0,0,74,0,0,0,0,0,0,34,0,0,0,0,34,0,34,0,0,0,0
"G1700270","2010","IL","2","3","Illinois","17","Clinton County","027",,,,,,,,,,,,,,,"41180","99999","476",,,,,,,,,,,,,,,,,"1227874498","75592326","Clinton County","A","+38.6064228","-089.4231363","06","1",,37762,19529,218,223,223,256,238,252,243,220,217,244,249,252,245,264,247,263,262,263,276,235,248,222,253,260,258,302,315,290,310,279,309,265,302,285,247,240,251,294,265,298,262,278,301,302,284,336,345,316,323,340,314,323,315,292,281,273,297,250,213,209,223,194,192,193,170,135,152,145,142,124,135,126,115,101,90,113,76,95,93,98,72,100,69,65,38,38,39,41,40,18,16,8,10,2,6,5,4,6,3,0,0,0,0,18233,189,211,220,204,213,227,209,224,255,235,244,216,240,261,222,276,287,270,222,210,191,182,222,207,221,203,224,200,227,210,247,219,218,188,191,212,201,220,220,220,237,232,232,239,282,310,271,297,328,277,301,278,274,250,276,269,233,246,226,211,212,212,215,172,157,159,184,160,158,154,139,123,138,117,129,131,107,121,104,142,131,112,98,101,90,76,82,59,73,50,38,37,29,26,14,17,18,5,8,3,4,1,0,35690,17741,1156,1174,1254,785,466,214,184,625,1179,1119,1087,1222,1484,1413,1199,408,544,284,402,557,456,329,200,17949,1037,1144,1183,832,432,191,182,648,1061,1056,1068,1215,1462,1372,1171,418,539,339,468,637,584,495,415,2072,1788,10,3,3,0,0,2,1,0,0,0,0,0,0,0,0,0,0,0,0,0,7,0,0,0,0,7,2,0,0,0,5,0,1686,1625,1586,0,0,1539,47,0,0,0,0,0,0,39,0,0,0,0,0,0,61,0,0,0,0,61,6,31,3,0,21,0,92,88,6,0,0,6,0,0,0,0,0,0,0,82,0,0,0,0,0,0,4,0,0,0,0,4,0,2,0,0,2,0,284,7,1,1,0,0,0,1,0,0,0,0,0,0,0,0,0,0,0,0,0,6,0,0,0,0,6,2,0,0,0,4,0,77,38,3,0,0,0,3,0,0,0,0,0,0,35,0,0,0,0,0,0,39,0,0,0,0,39,5,26,5,0,3,0,200,198,0,0,0,0,0,0,0,0,0,0,0,198,0,0,0,0,0,0,2,0,0,0,0,2,0,2,0,0,0,0
"G1700290","2010","IL","2","3","Illinois","17","Coles County","029",,,,,,,,,,,,,,,"16660","99999","999",,,,,,,,,,,,,,,,,"1316466333","4624844","Coles County","A","+39.5136797","-088.2207820","06","2",,53873,25958,308,292,273,288,273,269,287,279,289,311,304,278,263,298,274,249,286,294,592,968,1023,1039,989,706,555,422,356,344,321,309,319,284,269,273,253,259,264,258,271,295,227,267,260,265,238,269,276,309,295,349,352,363,361,347,345,352,317,293,336,280,235,237,310,288,190,226,207,181,189,165,138,170,142,148,148,136,119,115,106,104,112,102,85,90,77,74,60,47,34,38,21,23,12,10,13,7,5,4,0,4,1,0,0,27915,267,275,304,292,252,271,259,266,225,254,272,266,265,271,253,273,280,282,718,1276,1412,1401,1029,570,399,365,338,340,285,297,299,254,275,270,275,245,224,251,272,277,254,272,252,233,303,274,322,341,333,354,367,332,357,351,356,360,336,345,312,280,304,287,295,276,202,195,244,241,218,173,175,207,173,201,166,167,155,125,141,147,172,160,139,150,124,138,113,92,93,73,68,46,36,32,47,34,17,22,4,13,15,2,0,49384,24063,1432,1434,1410,812,809,697,838,2044,1682,1365,1322,1237,1468,1731,1555,463,769,426,520,728,558,440,323,25321,1384,1274,1325,826,810,934,1150,1822,1579,1355,1254,1295,1601,1736,1613,584,760,433,618,900,695,685,688,4489,1895,27,19,3,0,0,0,3,0,0,16,11,5,0,0,0,0,0,0,0,0,8,0,0,0,0,8,0,5,0,0,0,3,1750,148,89,0,0,0,89,0,0,5,2,3,0,54,0,0,0,0,0,0,1602,1446,0,0,0,156,5,138,9,0,0,4,118,109,0,0,0,0,0,0,0,0,0,0,0,109,0,0,0,0,0,0,9,0,0,0,0,9,0,9,0,0,0,0,2594,18,13,0,0,0,0,0,0,0,13,2,3,8,0,0,0,0,0,0,0,5,3,0,0,0,2,0,2,0,0,0,0,2277,74,13,0,0,0,13,0,0,7,4,0,3,54,0,0,0,0,0,0,2203,2083,0,0,0,120,1,97,16,0,0,6,299,290,0,0,0,0,0,0,0,0,0,0,0,290,0,0,0,0,0,0,9,0,0,0,0,9,0,9,0,0,0,0
"G1700310","2010","IL","2","3","Illinois","17","Cook County","031",,,,,,,,,,,,,,,"16980","16974","176",,,,,,,,,,,,,,,,,"2448383588","1785882224","Cook County","A","+41.8942937","-087.6454546","06","1",,5194675,2514314,35281,34816,35053,34686,34317,34028,34066,33281,33456,33769,34287,33752,34484,34615,35710,36692,37034,38018,36413,35274,35345,34393,35729,38315,41059,43024,42360,43348,42971,42679,43720,39513,39488,37932,36709,37232,34443,35015,36032,36901,36987,34047,33832,33080,34079,35296,34380,34565,34578,35487,36330,34561,35085,33845,32807,33118,30293,29417,28044,27137,26700,25295,25149,23790,18907,17992,17582,17741,15437,13946,13147,12679,12293,11260,10841,10399,9372,9247,8500,8590,8294,7571,7022,6418,5798,5235,4686,3896,3325,2717,2149,1635,1284,936,679,549,379,250,150,97,145,20,4,2680361,33828,33625,34366,33755,32766,32793,32829,32086,32413,33116,33140,33102,33097,33322,34067,35141,35433,36056,35300,34829,34850,34038,36397,39868,42509,44222,43679,45200,44126,43901,44220,40172,39403,38290,36606,36978,35270,36056,36643,37845,37541,34441,34543,34246,34584,36331,36233,36434,36706,37546,38971,37299,37728,36574,36307,36023,33423,32633,31316,30962,30399,28519,28855,27595,21751,21310,20998,21781,19588,17532,17310,16671,16301,15075,15037,14199,13178,13084,12678,13031,12566,11681,11429,11077,10297,9721,8976,8083,7062,6099,4990,4089,3428,2715,2119,1850,1261,962,616,428,763,74,5,5104393,2465978,173825,168356,172455,110893,64719,32242,32454,112022,211156,194679,177224,169071,170779,168800,144970,50995,66675,34955,46240,58850,44779,33777,26062,2638415,168063,162998,166430,106298,61849,31467,32282,116847,219851,197726,181798,174198,181813,185365,163005,58370,77433,41847,58131,78919,64226,54240,55259,90282,48336,1816,823,201,0,0,0,194,7,0,583,170,316,97,0,39,27,0,0,0,12,993,96,0,0,0,897,510,5,35,0,76,271,38918,18316,10337,570,0,104,8376,1287,0,174,67,94,13,7245,560,503,50,5,0,2,20602,12327,16,16,0,8259,2363,1345,1837,0,233,2481,7602,6576,51,11,0,16,24,0,0,0,0,0,0,6393,132,29,93,10,0,0,1026,0,0,0,0,1026,114,274,46,0,84,508,41946,1146,314,4,0,0,0,4,0,0,293,95,174,24,0,17,15,0,0,0,2,832,59,0,0,0,773,492,4,0,0,78,199,25358,5909,1000,28,0,46,897,29,0,86,11,70,5,4574,249,202,42,2,0,3,19449,15192,0,0,0,4257,1100,971,899,0,160,1127,15442,13811,56,0,0,13,43,0,0,0,0,0,0,13630,125,19,92,14,0,0,1631,0,0,0,0,1631,29,686,20,0,119,777
"G1700330","2010","IL","2","3","Illinois","17","Crawford County","033",,,,,,,,,,,,,,,"99999","99999","999",,,,,,,,,,,,,,,,,"1148994475","5670462","Crawford County","A","+39.0037296","-087.7571722","06","9",,19817,10287,102,103,107,92,88,127,112,88,91,119,124,150,129,108,130,127,145,135,172,132,133,127,136,128,142,154,142,152,136,126,155,151,144,126,152,127,123,154,143,126,174,133,138,139,177,157,177,156,185,170,162,187,158,180,144,155,139,158,141,108,132,116,125,117,103,98,76,89,83,76,81,62,72,67,71,65,59,44,48,60,46,44,40,39,42,22,27,18,12,11,7,14,8,5,3,3,0,3,1,1,1,0,0,9530,91,105,117,103,100,89,100,118,118,105,115,112,110,121,113,122,110,127,120,122,109,90,92,112,114,113,95,90,102,105,120,104,88,104,112,87,110,118,94,113,112,113,118,109,122,151,148,142,148,136,140,146,143,149,142,149,141,137,125,114,128,127,133,147,82,98,92,104,95,89,103,78,92,87,83,65,62,83,78,69,75,68,61,63,38,44,53,44,44,37,30,23,20,10,15,12,6,4,3,5,5,0,0,18322,8957,492,535,633,403,282,111,105,308,481,514,480,588,700,750,660,236,338,168,245,347,264,197,120,9365,514,530,570,354,238,108,90,314,504,525,517,570,721,719,664,255,360,189,284,435,346,287,271,1495,1330,14,14,2,0,0,2,0,0,0,12,12,0,0,0,0,0,0,0,0,0,0,0,0,0,0,0,0,0,0,0,0,0,1259,1219,1214,0,0,1200,14,0,0,2,2,0,0,3,0,0,0,0,0,0,40,0,0,0,0,40,0,36,0,0,4,0,57,43,5,0,0,5,0,0,0,0,0,0,0,38,0,0,0,0,0,0,14,0,0,0,0,14,0,14,0,0,0,0,165,8,8,0,0,0,0,0,0,0,8,8,0,0,0,0,0,0,0,0,0,0,0,0,0,0,0,0,0,0,0,0,0,31,12,9,0,0,0,9,0,0,3,3,0,0,0,0,0,0,0,0,0,19,0,0,0,0,19,0,14,0,0,5,0,126,124,0,0,0,0,0,0,0,0,0,0,0,124,0,0,0,0,0,0,2,0,0,0,0,2,0,2,0,0,0,0
"G1700350","2010","IL","2","3","Illinois","17","Cumberland County","035",,,,,,,,,,,,,,,"16660","99999","999",,,,,,,,,,,,,,,,,"896198602","2535805","Cumberland County","A","+39.2731210","-088.2406193","06","2",,11048,5517,75,80,91,82,67,83,67,76,73,61,75,59,69,72,71,80,78,74,76,73,76,58,57,55,67,72,57,51,68,51,83,62,59,63,70,59,75,61,62,70,79,64,87,69,74,83,74,81,88,74,73,90,92,83,91,85,81,77,79,74,73,69,75,69,69,46,50,65,50,44,43,40,46,32,35,28,43,25,23,35,23,26,21,23,16,20,5,13,10,10,8,9,7,3,3,1,1,0,2,0,0,0,0,5531,54,62,64,81,74,70,80,59,66,62,67,72,71,89,74,76,74,70,62,74,69,50,62,59,49,67,67,55,62,66,69,73,56,74,42,51,50,61,71,67,80,63,57,60,83,76,65,79,72,86,84,81,97,104,71,86,94,60,70,82,70,67,74,56,61,59,59,63,54,40,40,45,37,44,59,34,39,30,28,33,39,37,30,31,33,33,30,23,12,22,13,21,14,9,2,5,3,7,3,1,0,0,0,10931,5484,395,360,346,232,149,76,58,178,299,335,325,373,400,428,396,142,213,96,157,194,152,104,76,5447,335,337,373,220,136,69,50,170,317,313,299,343,378,435,392,137,191,118,155,225,158,157,139,117,33,0,0,0,0,0,0,0,0,0,0,0,0,0,0,0,0,0,0,0,0,0,0,0,0,0,0,0,0,0,0,0,0,6,6,4,0,0,0,4,0,0,0,0,0,0,2,0,0,0,0,0,0,0,0,0,0,0,0,0,0,0,0,0,0,27,27,0,0,0,0,0,0,0,0,0,0,0,27,0,0,0,0,0,0,0,0,0,0,0,0,0,0,0,0,0,0,84,0,0,0,0,0,0,0,0,0,0,0,0,0,0,0,0,0,0,0,0,0,0,0,0,0,0,0,0,0,0,0,0,4,4,1,0,0,0,1,0,0,0,0,0,0,3,0,0,0,0,0,0,0,0,0,0,0,0,0,0,0,0,0,0,80,80,0,0,0,0,0,0,0,0,0,0,0,80,0,0,0,0,0,0,0,0,0,0,0,0,0,0,0,0,0,0
"G1700370","2010","IL","2","3","Illinois","17","DeKalb County","037",,,,,,,,,,,,,,,"16980","16974","176",,,,,,,,,,,,,,,,,"1635077221","8684327","DeKalb County","A","+41.8946125","-088.7689910","06","1",,105160,52530,669,640,707,670,723,681,661,674,711,717,651,695,640,643,660,632,594,669,1203,1696,1692,1914,1924,1453,1169,1012,882,904,780,782,770,689,645,626,612,559,565,583,583,675,674,586,591,601,579,670,653,634,660,680,681,624,659,607,621,579,548,558,529,476,492,433,439,449,339,290,324,334,256,267,250,203,202,195,187,184,168,157,155,137,154,135,102,117,93,95,81,58,62,43,33,39,26,18,14,12,11,3,5,2,1,0,0,52630,635,647,655,634,665,632,623,667,653,636,606,609,636,585,626,690,625,629,1213,1804,1837,1875,1782,1264,991,896,789,730,787,709,680,622,609,638,605,569,597,560,617,637,640,616,542,588,594,698,632,688,673,714,644,656,644,610,603,602,543,531,525,538,446,477,501,444,293,355,367,343,283,301,246,258,244,255,235,265,206,214,198,186,197,180,215,136,167,152,134,130,123,101,94,69,72,51,38,34,32,17,12,4,10,0,0,98487,49276,3404,3440,3288,1888,1368,1142,1528,4120,4266,3315,2948,3014,3282,3183,2684,922,1222,611,850,1024,772,563,442,49211,3229,3210,3060,1939,1345,1227,1529,3755,3878,3146,2975,2964,3392,3148,2731,917,1226,719,919,1210,1024,821,847,6673,3254,17,3,3,0,0,0,3,0,0,0,0,0,0,0,0,0,0,0,0,0,14,2,0,0,0,12,12,0,0,0,0,0,3086,126,111,0,0,0,111,0,0,0,0,0,0,15,0,0,0,0,0,0,2960,2906,0,0,0,54,24,18,0,0,10,2,151,149,0,0,0,0,0,0,0,0,0,0,0,149,0,0,0,0,0,0,2,0,0,0,0,2,0,0,0,0,0,2,3419,15,0,0,0,0,0,0,0,0,0,0,0,0,0,0,0,0,0,0,0,15,5,0,0,0,10,10,0,0,0,0,0,3020,30,8,0,0,0,8,0,0,0,0,0,0,22,0,0,0,0,0,0,2990,2931,0,0,0,59,20,35,0,0,1,3,384,380,0,0,0,0,0,0,0,0,0,0,0,380,0,0,0,0,0,0,4,0,0,0,0,4,1,3,0,0,0,0
"G1700390","2010","IL","2","3","Illinois","17","De Witt County","039",,,,,,,,,,,,,,,"99999","99999","999",,,,,,,,,,,,,,,,,"1029554715","19608681","De Witt County","A","+40.1814993","-088.9018526","06","9",,16561,8201,105,100,89,118,101,107,95,109,129,110,114,118,94,93,107,124,108,127,105,104,87,80,61,84,88,98,79,85,81,106,111,104,103,88,95,106,82,112,123,113,105,116,119,118,111,135,139,117,128,144,121,142,128,149,140,129,116,113,108,116,90,118,104,104,66,86,85,75,77,62,69,51,66,47,65,46,37,48,51,43,35,41,23,23,31,23,14,15,20,14,10,5,5,7,3,2,1,1,0,1,0,0,0,8360,90,87,97,81,92,95,120,107,106,121,109,104,127,103,93,114,102,126,121,68,92,57,66,80,80,84,88,93,91,106,122,100,90,72,113,96,72,113,104,95,103,96,102,121,120,115,115,122,130,128,134,127,124,139,142,133,111,132,112,113,116,89,88,104,81,109,85,106,79,81,84,64,80,70,71,59,51,54,54,42,48,50,50,47,34,46,41,22,28,28,17,19,17,21,8,5,6,3,2,1,3,1,0,16312,8076,513,550,526,358,206,84,78,226,435,485,525,556,660,676,576,208,273,169,214,292,216,149,101,8236,447,549,536,342,187,90,57,223,461,496,479,540,610,664,598,203,272,193,265,363,245,212,204,249,125,1,1,1,0,0,0,1,0,0,0,0,0,0,0,0,0,0,0,0,0,0,0,0,0,0,0,0,0,0,0,0,0,83,71,67,0,0,0,67,0,0,0,0,0,0,4,0,0,0,0,0,0,12,0,0,0,0,12,0,0,0,0,12,0,41,41,0,0,0,0,0,0,0,0,0,0,0,41,0,0,0,0,0,0,0,0,0,0,0,0,0,0,0,0,0,0,124,0,0,0,0,0,0,0,0,0,0,0,0,0,0,0,0,0,0,0,0,0,0,0,0,0,0,0,0,0,0,0,0,20,13,8,0,0,0,8,0,0,0,0,0,0,5,0,0,0,0,0,0,7,0,0,0,0,7,0,0,0,0,7,0,104,104,0,0,0,0,0,0,0,0,0,0,0,104,0,0,0,0,0,0,0,0,0,0,0,0,0,0,0,0,0,0
"G1700410","2010","IL","2","3","Illinois","17","Douglas County","041",,,,,,,,,,,,,,,"99999","99999","999",,,,,,,,,,,,,,,,,"1079156495","1448702","Douglas County","A","+39.7660780","-088.2228656","06","9",,19980,9847,150,151,144,138,147,158,159,169,184,155,161,147,134,144,134,124,137,159,118,98,108,105,120,121,118,111,117,118,125,107,124,124,118,117,136,150,97,111,112,97,111,123,125,122,133,133,131,133,136,152,148,169,145,159,150,148,136,137,124,117,123,114,114,113,84,91,92,81,64,57,70,70,66,67,62,61,50,48,65,42,48,44,40,37,32,24,22,13,19,18,10,10,5,3,1,0,1,4,3,0,0,0,0,10133,112,153,137,142,133,131,138,138,131,150,151,134,136,151,137,143,137,125,129,98,110,114,98,109,130,104,138,115,129,120,113,113,136,115,116,115,117,95,120,127,122,115,127,98,115,132,128,146,145,142,150,168,138,159,160,135,141,137,111,127,117,113,116,106,111,78,81,93,93,81,75,88,89,87,92,82,76,73,58,70,68,59,44,61,54,62,44,33,33,38,21,31,14,15,13,7,5,6,4,3,3,0,0,19812,9781,730,825,720,420,215,107,104,359,577,616,562,610,680,760,658,235,307,181,195,330,264,197,129,10031,677,688,709,405,227,110,114,332,602,592,574,576,682,774,645,228,331,156,264,422,350,277,296,168,66,0,0,0,0,0,0,0,0,0,0,0,0,0,0,0,0,0,0,0,0,0,0,0,0,0,0,0,0,0,0,0,0,42,34,11,0,0,0,11,0,0,0,0,0,0,23,0,0,0,0,0,0,8,0,0,0,0,8,0,8,0,0,0,0,24,21,0,0,0,0,0,0,0,0,0,0,0,21,0,0,0,0,0,0,3,0,0,0,0,3,0,3,0,0,0,0,102,0,0,0,0,0,0,0,0,0,0,0,0,0,0,0,0,0,0,0,0,0,0,0,0,0,0,0,0,0,0,0,0,33,17,5,0,0,0,5,0,0,0,0,0,0,12,0,0,0,0,0,0,16,0,0,0,0,16,0,16,0,0,0,0,69,65,0,0,0,0,0,0,0,0,0,0,0,65,0,0,0,0,0,0,4,0,0,0,0,4,0,4,0,0,0,0
"G1700430","2010","IL","2","3","Illinois","17","DuPage County","043",,,,,,,,,,,,,,,"16980","16974","176",,,,,,,,,,,,,,,,,"848218379","23083362","DuPage County","A","+41.8520581","-088.0860383","06","1",,916924,449351,5431,5567,5868,5974,6139,6259,6365,6276,6328,6479,6521,6699,6680,6809,6929,7275,7219,7320,6685,5645,5454,5211,5407,5900,6258,6379,6046,6143,6108,5878,6027,5562,5538,5713,5634,5651,5488,5717,5970,6484,6591,6325,6312,6496,6602,7039,7110,7109,7231,7399,7506,7373,7247,6969,6881,6722,6352,6279,5857,5435,5387,5075,5154,4926,3790,3611,3565,3536,3004,2534,2418,2304,2136,1957,1858,1704,1558,1451,1455,1417,1307,1242,1185,1107,988,848,817,650,590,479,343,277,242,164,145,97,58,46,20,7,23,5,0,467573,5289,5430,5596,5683,5963,5980,6220,6097,6112,6314,6395,6096,6294,6734,6718,6816,6759,6796,5989,4815,4735,4677,5143,5722,5990,5914,6063,5828,5866,6055,5856,5754,5585,5592,5681,5705,5635,5880,6271,6877,6879,6585,6765,6846,6900,7448,7868,7843,7715,8054,8024,7688,7866,7419,7353,7134,6615,6426,6231,5834,5678,5391,5517,5197,4122,3822,3857,4048,3410,3015,2722,2694,2503,2381,2265,2151,1997,2050,2060,2062,1946,1817,1883,1843,1662,1657,1495,1326,1257,1133,898,783,639,451,418,312,217,151,104,93,115,13,0,904784,444022,28967,31696,33612,21726,11309,4844,4761,17122,30194,28236,29123,32130,35680,35806,30475,10409,13792,7124,9004,10547,7450,5615,4400,460762,27955,30713,32211,20302,9586,4114,4163,16449,29552,28360,30287,33888,38812,38236,32113,11026,14764,7617,10387,12361,9995,8599,9272,12140,5329,137,115,47,0,0,0,8,39,0,63,21,25,17,0,5,0,5,0,0,0,22,2,0,0,0,20,13,0,0,0,0,7,4184,1331,731,0,0,0,685,46,0,4,3,0,1,574,22,7,15,0,0,0,2853,2533,0,0,0,320,144,66,54,0,8,48,1008,965,2,0,0,0,2,0,0,0,0,0,0,955,8,2,6,0,0,0,43,0,0,0,0,43,2,0,6,0,3,32,6811,111,86,0,0,0,0,0,0,0,69,7,18,44,0,17,0,17,0,0,0,25,6,0,0,0,19,12,0,0,0,0,7,3681,619,92,0,0,0,91,1,0,14,0,0,14,476,37,6,31,0,0,0,3062,2897,0,0,0,165,63,45,32,0,0,25,3019,2936,0,0,0,0,0,0,0,0,0,0,0,2931,5,4,1,0,0,0,83,0,0,0,0,83,2,2,0,0,2,77
"G1700450","2010","IL","2","3","Illinois","17","Edgar County","045",,,,,,,,,,,,,,,"99999","99999","999",,,,,,,,,,,,,,,,,"1614531997","1610636","Edgar County","A","+39.6790370","-087.7471102","06","9",,18576,9008,96,115,106,105,114,121,102,110,127,105,114,114,106,128,121,137,107,120,124,90,86,90,90,101,94,118,90,108,114,97,97,109,112,93,81,124,88,135,112,136,115,125,101,107,109,103,132,138,155,131,151,161,135,144,139,139,156,138,143,124,112,125,123,126,106,88,119,91,95,101,73,70,74,67,60,46,60,58,52,49,39,43,34,29,33,29,32,22,18,8,19,9,4,5,2,0,0,0,1,0,3,0,0,9568,112,87,129,90,114,118,93,118,122,87,143,115,144,112,99,109,153,128,111,85,90,73,96,89,103,87,93,115,119,98,111,99,115,93,89,97,103,116,105,115,107,92,97,110,106,133,129,123,128,147,179,151,130,157,159,147,133,144,134,121,114,128,140,144,104,109,112,96,124,90,88,86,79,93,90,74,71,62,63,60,84,68,77,80,60,48,51,48,55,36,25,21,14,14,18,9,15,5,6,4,1,0,0,18293,8913,536,563,583,361,213,84,90,281,519,479,589,553,653,726,699,236,354,206,284,339,260,168,137,9380,532,537,611,390,196,90,72,288,507,504,529,509,658,771,677,242,383,220,303,432,315,328,286,283,95,5,2,2,0,0,0,2,0,0,0,0,0,0,0,0,0,0,0,0,0,3,0,0,0,0,3,3,0,0,0,0,0,51,25,22,0,0,0,22,0,0,0,0,0,0,3,0,0,0,0,0,0,26,0,0,0,0,26,3,23,0,0,0,0,39,39,0,0,0,0,0,0,0,0,0,0,0,37,2,0,2,0,0,0,0,0,0,0,0,0,0,0,0,0,0,0,188,3,0,0,0,0,0,0,0,0,0,0,0,0,0,0,0,0,0,0,0,3,0,0,0,0,3,3,0,0,0,0,0,33,15,9,0,0,0,9,0,0,0,0,0,0,6,0,0,0,0,0,0,18,0,0,0,0,18,3,15,0,0,0,0,152,152,0,0,0,0,0,0,0,0,0,0,0,145,7,0,7,0,0,0,0,0,0,0,0,0,0,0,0,0,0,0
"G1700470","2010","IL","2","3","Illinois","17","Edwards County","047",,,,,,,,,,,,,,,"99999","99999","999",,,,,,,,,,,,,,,,,"576054180","788767","Edwards County","A","+38.4170954","-088.0479408","06","9",,6721,3318,31,36,46,42,43,41,54,47,40,47,43,47,48,46,50,41,32,55,50,47,37,22,24,42,34,24,33,39,31,45,40,36,30,28,38,40,35,44,50,58,37,40,46,47,39,49,64,43,48,40,57,57,55,51,56,55,51,34,59,45,47,39,56,52,35,30,34,32,32,27,31,30,24,19,19,15,22,21,18,19,12,11,16,14,8,16,14,3,9,6,6,2,2,4,2,0,0,0,2,0,0,0,0,3403,38,28,43,26,33,51,50,39,38,52,48,37,40,40,50,42,51,41,40,42,46,21,23,26,31,34,25,38,25,29,45,30,40,40,39,38,41,31,37,49,35,44,52,42,38,55,36,41,52,47,63,54,60,44,59,51,59,48,51,42,39,41,43,59,40,27,31,45,28,34,32,31,33,28,29,37,23,34,20,23,22,24,26,29,21,19,14,13,14,7,10,8,9,4,4,1,1,3,0,2,4,1,0,6669,3293,198,229,234,128,97,37,22,100,172,172,226,208,242,275,238,85,141,64,89,122,92,60,62,3376,168,230,215,134,82,46,21,80,151,194,196,211,231,280,251,80,142,57,107,153,134,118,95,52,25,0,0,0,0,0,0,0,0,0,0,0,0,0,0,0,0,0,0,0,0,0,0,0,0,0,0,0,0,0,0,0,0,14,0,0,0,0,0,0,0,0,0,0,0,0,0,0,0,0,0,0,0,14,0,0,0,0,14,0,14,0,0,0,0,11,4,0,0,0,0,0,0,0,0,0,0,0,4,0,0,0,0,0,0,7,0,0,0,0,7,0,7,0,0,0,0,27,0,0,0,0,0,0,0,0,0,0,0,0,0,0,0,0,0,0,0,0,0,0,0,0,0,0,0,0,0,0,0,0,0,0,0,0,0,0,0,0,0,0,0,0,0,0,0,0,0,0,0,0,0,0,0,0,0,0,0,0,0,0,0,0,27,25,0,0,0,0,0,0,0,0,0,0,0,25,0,0,0,0,0,0,2,0,0,0,0,2,0,2,0,0,0,0
"G1700490","2010","IL","2","3","Illinois","17","Effingham County","049",,,,,,,,,,,,,,,"20820","99999","999",,,,,,,,,,,,,,,,,"1240027936","3183199","Effingham County","A","+39.0476943","-088.5927862","06","2",,34242,17009,228,236,231,228,236,280,211,229,234,228,237,256,286,243,243,262,268,307,259,223,206,199,178,204,218,244,236,236,212,207,230,184,215,198,193,198,183,189,229,186,204,210,212,219,214,255,239,282,270,296,257,291,267,255,249,231,229,267,212,220,186,195,201,188,149,108,129,145,140,143,103,108,114,96,111,79,75,101,85,80,73,64,65,37,52,41,46,35,24,19,13,14,10,9,8,6,4,1,2,0,1,0,0,17233,243,212,195,224,217,204,242,202,224,194,237,223,226,212,235,207,253,249,242,199,208,179,173,213,207,200,211,207,221,197,240,191,188,171,183,175,181,172,207,214,175,200,213,216,216,257,250,261,302,254,292,276,265,270,262,243,225,239,213,196,219,189,214,204,149,124,157,178,145,168,141,151,134,143,105,98,123,118,106,107,112,97,106,95,85,88,76,62,59,44,55,38,33,24,24,17,19,9,8,3,3,0,0,33802,16816,1159,1182,1265,834,472,204,197,592,1121,1008,975,1053,1331,1309,1152,376,533,233,422,525,402,274,197,16986,1091,1066,1133,709,439,207,179,591,1035,968,948,1014,1322,1359,1111,404,564,280,485,657,526,453,445,440,193,3,3,3,0,0,0,3,0,0,0,0,0,0,0,0,0,0,0,0,0,0,0,0,0,0,0,0,0,0,0,0,0,102,71,59,0,0,0,59,0,0,0,0,0,0,12,0,0,0,0,0,0,31,0,0,0,0,31,0,29,0,0,0,2,88,83,0,0,0,0,0,0,0,0,0,0,0,83,0,0,0,0,0,0,5,0,0,0,0,5,0,5,0,0,0,0,247,0,0,0,0,0,0,0,0,0,0,0,0,0,0,0,0,0,0,0,0,0,0,0,0,0,0,0,0,0,0,0,0,38,17,4,0,0,0,4,0,0,0,0,0,0,13,0,0,0,0,0,0,21,0,0,0,0,21,0,20,0,0,0,1,209,204,0,0,0,0,0,0,0,0,0,0,0,204,0,0,0,0,0,0,5,0,0,0,0,5,0,5,0,0,0,0
"G1700510","2010","IL","2","3","Illinois","17","Fayette County","051",,,,,,,,,,,,,,,"99999","99999","999",,,,,,,,,,,,,,,,,"1855679809","22950051","Fayette County","A","+39.0011246","-089.0179232","06","9",,22140,11644,110,153,135,139,105,139,126,142,124,141,148,140,157,155,127,157,133,173,146,182,169,160,178,151,173,187,168,151,169,165,157,143,165,170,155,157,167,140,162,143,162,186,178,160,153,174,203,184,201,190,161,172,173,200,175,165,140,162,123,134,124,143,134,131,89,88,101,96,90,84,78,86,84,83,77,64,78,53,56,57,63,44,51,36,38,26,28,22,25,11,16,9,6,3,5,2,0,2,2,0,1,0,0,10496,107,136,135,132,143,125,140,134,127,145,125,150,145,130,163,147,144,144,129,122,119,125,114,112,116,109,121,107,100,142,129,101,106,116,92,120,123,113,121,121,131,126,104,116,135,149,144,147,149,170,170,152,155,128,151,172,125,142,141,135,129,104,134,123,119,111,118,110,101,115,87,91,82,85,82,72,71,87,66,59,86,67,59,62,72,52,46,39,39,24,21,40,18,10,12,8,7,5,7,2,1,1,0,20356,10012,642,672,727,453,254,117,103,327,554,585,554,665,790,774,686,261,341,181,265,401,298,223,139,10344,653,671,713,435,251,119,124,342,578,544,595,607,752,749,709,231,372,228,318,418,342,318,275,1784,1632,10,10,10,0,0,10,0,0,0,0,0,0,0,0,0,0,0,0,0,0,0,0,0,0,0,0,0,0,0,0,0,0,1564,1540,1511,0,0,1472,39,0,0,0,0,0,0,29,0,0,0,0,0,0,24,0,0,0,0,24,0,20,0,0,4,0,58,52,3,0,0,3,0,0,0,0,0,0,0,49,0,0,0,0,0,0,6,0,0,0,0,6,0,2,0,0,4,0,152,0,0,0,0,0,0,0,0,0,0,0,0,0,0,0,0,0,0,0,0,0,0,0,0,0,0,0,0,0,0,0,0,36,22,3,0,0,0,3,0,0,0,0,0,0,19,0,0,0,0,0,0,14,0,0,0,0,14,0,14,0,0,0,0,116,113,0,0,0,0,0,0,0,0,0,0,0,113,0,0,0,0,0,0,3,0,0,0,0,3,0,3,0,0,0,0
"G1700530","2010","IL","2","3","Illinois","17","Ford County","053",,,,,,,,,,,,,,,"16580","99999","999",,,,,,,,,,,,,,,,,"1257738509","1621586","Ford County","A","+40.5944228","-088.2247456","06","1",,14081,6854,77,93,90,77,100,101,84,88,114,92,118,89,111,85,114,107,105,107,96,77,77,74,59,73,61,55,88,71,67,75,65,85,66,71,85,82,81,80,105,78,73,93,85,89,80,82,99,104,102,114,127,129,125,135,100,98,96,95,94,84,77,92,75,86,67,63,62,60,56,55,38,50,58,41,41,53,61,29,43,44,32,29,31,30,21,20,18,7,25,11,14,11,6,5,5,5,0,0,4,1,1,0,0,7227,85,71,71,77,74,78,87,90,101,116,91,97,91,88,88,94,99,97,95,59,60,55,61,61,73,63,76,77,82,59,76,93,86,71,71,96,71,71,89,82,76,90,93,91,83,107,108,100,105,110,118,119,122,114,125,122,90,87,79,64,97,72,86,88,56,65,75,73,68,77,70,72,68,44,58,63,51,48,51,56,60,56,59,53,52,54,35,46,49,33,32,27,27,20,11,17,13,5,7,3,5,0,0,13671,6710,437,479,517,319,173,75,73,190,347,357,420,416,500,613,462,167,224,124,170,220,213,116,98,6961,378,472,455,290,154,60,55,195,357,396,408,430,524,595,434,168,228,137,211,299,250,235,230,410,144,0,0,0,0,0,0,0,0,0,0,0,0,0,0,0,0,0,0,0,0,0,0,0,0,0,0,0,0,0,0,0,0,55,55,41,0,0,0,41,0,0,0,0,0,0,14,0,0,0,0,0,0,0,0,0,0,0,0,0,0,0,0,0,0,89,89,0,0,0,0,0,0,0,0,0,0,0,89,0,0,0,0,0,0,0,0,0,0,0,0,0,0,0,0,0,0,266,0,0,0,0,0,0,0,0,0,0,0,0,0,0,0,0,0,0,0,0,0,0,0,0,0,0,0,0,0,0,0,0,25,25,2,0,0,0,2,0,0,0,0,0,0,23,0,0,0,0,0,0,0,0,0,0,0,0,0,0,0,0,0,0,241,241,0,0,0,0,0,0,0,0,0,0,0,241,0,0,0,0,0,0,0,0,0,0,0,0,0,0,0,0,0,0
"G1700550","2010","IL","2","3","Illinois","17","Franklin County","055",,,,,,,,,,,,,,,"99999","99999","999",,,,,,,,,,,,,,,,,"1059017642","58416872","Franklin County","A","+37.9918483","-088.9262457","06","9",,39561,19342,253,234,271,260,245,257,225,280,234,288,250,253,274,248,254,284,256,287,263,251,224,207,188,222,229,192,183,214,200,226,250,236,208,216,233,237,221,229,273,246,267,240,238,230,278,283,263,271,259,289,293,271,294,294,288,282,262,288,249,229,285,245,271,272,184,196,218,217,196,200,186,197,161,144,144,130,128,90,119,93,73,82,74,78,69,54,71,44,46,31,26,9,10,4,8,5,6,2,0,2,3,0,0,20219,198,223,212,220,240,218,255,230,243,238,260,235,260,256,220,277,285,238,251,218,221,203,226,188,211,205,210,226,204,246,254,241,222,230,229,225,234,245,257,237,232,240,278,253,243,272,284,278,268,309,289,274,264,304,297,270,278,280,273,263,275,247,302,296,197,244,261,225,234,202,208,183,181,171,161,155,142,137,127,151,140,130,118,126,101,123,106,105,84,60,64,44,42,30,27,17,18,13,6,7,19,0,0,39044,19142,1263,1284,1277,809,513,222,202,635,1004,1130,1196,1246,1354,1424,1293,522,718,413,600,821,548,364,304,19902,1093,1183,1230,794,469,220,203,625,1088,1167,1197,1236,1401,1419,1357,518,794,498,653,886,665,560,646,517,200,20,20,2,0,0,0,2,0,0,18,1,0,17,0,0,0,0,0,0,0,0,0,0,0,0,0,0,0,0,0,0,0,114,104,38,0,0,0,38,0,0,0,0,0,0,66,0,0,0,0,0,0,10,0,0,0,0,10,0,0,0,0,10,0,66,66,0,0,0,0,0,0,0,0,0,0,0,66,0,0,0,0,0,0,0,0,0,0,0,0,0,0,0,0,0,0,317,8,8,0,0,0,0,0,0,0,8,2,0,6,0,0,0,0,0,0,0,0,0,0,0,0,0,0,0,0,0,0,0,55,53,12,0,0,0,12,0,0,0,0,0,0,41,0,0,0,0,0,0,2,0,0,0,0,2,0,0,0,0,2,0,254,251,0,0,0,0,0,0,0,0,0,0,0,251,0,0,0,0,0,0,3,0,0,0,0,3,0,0,0,0,3,0
"G1700570","2010","IL","2","3","Illinois","17","Fulton County","057",,,,,,,,,,,,,,,"15900","99999","426",,,,,,,,,,,,,,,,,"2241880276","43974299","Fulton County","A","+40.4656878","-090.2067925","06","2",,37069,19153,210,184,182,216,197,227,202,229,201,241,237,212,218,236,275,256,216,251,235,244,245,213,207,237,268,216,261,264,255,286,272,274,267,270,261,257,240,282,305,294,278,246,262,290,266,266,269,307,315,311,298,264,271,267,265,261,264,280,261,254,253,223,254,219,188,202,166,214,167,154,142,157,130,137,129,120,97,119,109,90,97,89,78,66,76,71,47,37,48,40,34,17,12,10,7,3,7,4,0,2,0,0,0,17916,171,189,204,199,188,182,224,192,238,219,186,228,228,228,215,215,202,255,193,174,201,181,178,181,192,176,194,166,192,173,225,212,199,192,219,200,201,167,192,214,216,198,238,216,209,255,223,244,264,266,270,264,263,268,300,242,279,233,274,252,232,222,280,224,185,195,204,203,202,168,153,174,161,156,147,156,119,133,137,142,143,125,113,118,129,107,99,95,79,65,51,59,55,29,32,22,12,10,6,6,9,0,0,34386,16849,989,1100,1178,722,425,189,142,498,897,963,1060,1086,1246,1251,1251,458,645,360,525,677,518,383,286,17537,951,1055,1085,672,365,200,174,539,885,1044,969,1072,1244,1358,1271,450,681,397,560,763,659,570,573,2683,2304,1,1,1,0,0,1,0,0,0,0,0,0,0,0,0,0,0,0,0,0,0,0,0,0,0,0,0,0,0,0,0,0,2174,2165,2110,0,0,2050,60,0,0,0,0,0,0,54,1,0,1,0,0,0,9,0,0,0,0,9,0,9,0,0,0,0,129,129,18,0,0,18,0,0,0,0,0,0,0,108,3,0,0,3,0,0,0,0,0,0,0,0,0,0,0,0,0,0,379,0,0,0,0,0,0,0,0,0,0,0,0,0,0,0,0,0,0,0,0,0,0,0,0,0,0,0,0,0,0,0,0,87,75,13,0,0,0,13,0,0,0,0,0,0,57,5,0,5,0,0,0,12,0,0,0,0,12,0,12,0,0,0,0,292,292,0,0,0,0,0,0,0,0,0,0,0,278,14,0,0,14,0,0,0,0,0,0,0,0,0,0,0,0,0,0
"G1700590","2010","IL","2","3","Illinois","17","Gallatin County","059",,,,,,,,,,,,,,,"99999","99999","999",,,,,,,,,,,,,,,,,"836750424","13238548","Gallatin County","A","+37.7686768","-088.2279642","06","9",,5589,2724,38,25,36,42,34,33,36,40,24,32,28,22,28,39,30,35,30,47,41,36,38,27,22,26,24,31,34,38,25,38,35,23,20,25,28,38,28,34,34,47,33,29,21,32,30,37,50,46,44,34,37,34,39,48,42,29,37,33,37,28,32,43,65,38,29,43,38,37,43,31,30,21,29,27,15,26,25,17,17,16,19,10,13,11,9,4,5,6,2,3,2,2,1,2,0,0,1,0,0,1,0,0,0,2865,31,26,35,36,29,39,33,34,25,25,41,30,29,27,39,38,37,31,28,34,34,28,24,25,30,24,34,33,19,26,30,28,31,25,38,27,31,31,36,41,27,36,29,26,37,42,27,41,37,49,51,41,40,34,36,40,41,38,58,42,44,45,48,46,29,43,36,39,35,32,35,36,31,26,36,30,21,24,20,24,20,15,16,19,8,14,18,10,13,1,9,5,4,6,2,3,2,2,2,0,2,0,0,5564,2712,172,163,147,112,77,38,27,72,164,130,179,145,211,199,164,75,131,81,111,122,101,62,29,2852,157,155,163,106,62,34,28,78,135,150,166,154,196,202,216,88,123,79,106,164,119,78,93,25,12,5,0,0,0,0,0,0,0,0,0,0,0,0,0,0,0,0,0,0,0,5,0,0,0,0,5,0,0,0,0,5,0,7,0,0,0,0,0,0,0,0,0,0,0,0,0,0,0,0,0,0,0,7,0,0,0,0,7,0,0,0,0,7,0,0,0,0,0,0,0,0,0,0,0,0,0,0,0,0,0,0,0,0,0,0,0,0,0,0,0,0,0,0,0,0,0,13,4,0,0,0,0,0,0,0,0,0,0,0,0,0,0,0,0,0,0,0,4,0,0,0,0,4,0,0,0,0,4,0,9,0,0,0,0,0,0,0,0,0,0,0,0,0,0,0,0,0,0,0,9,0,0,0,0,9,0,4,0,0,5,0,0,0,0,0,0,0,0,0,0,0,0,0,0,0,0,0,0,0,0,0,0,0,0,0,0,0,0,0,0,0,0,0
"G1700610","2010","IL","2","3","Illinois","17","Greene County","061",,,,,,,,,,,,,,,"99999","99999","999",,,,,,,,,,,,,,,,,"1406413796","8425403","Greene County","A","+39.3554444","-090.3877569","06","9",,13886,7014,75,81,92,84,82,82,99,74,77,100,95,83,98,96,112,113,95,103,99,73,84,87,72,65,74,94,77,100,82,101,90,85,91,86,82,81,76,78,91,91,87,92,98,98,89,122,103,121,125,99,112,97,117,129,111,102,90,108,87,93,82,76,75,78,74,62,70,66,59,56,52,56,58,38,46,48,41,48,31,47,40,34,43,27,26,18,24,13,10,8,10,7,2,2,3,1,2,0,0,0,1,0,0,6872,82,71,79,73,94,66,97,76,91,87,70,94,101,98,87,80,106,105,90,81,75,64,56,81,72,69,65,62,64,66,81,68,83,75,84,75,66,71,72,98,77,90,93,71,92,101,118,102,99,96,118,100,116,102,108,94,104,125,76,84,72,88,87,83,62,79,70,88,68,64,65,61,69,47,65,43,46,53,50,50,47,56,40,36,38,39,16,32,25,14,12,21,7,11,5,9,5,3,1,2,2,0,0,13602,6784,414,432,484,311,169,78,81,200,419,400,390,433,537,553,473,156,225,132,181,246,211,167,92,6818,399,417,450,291,171,75,64,208,326,391,382,422,516,542,481,159,230,147,218,305,238,204,182,284,230,0,0,0,0,0,0,0,0,0,0,0,0,0,0,0,0,0,0,0,0,0,0,0,0,0,0,0,0,0,0,0,0,210,210,201,0,0,193,8,0,0,0,0,0,0,9,0,0,0,0,0,0,0,0,0,0,0,0,0,0,0,0,0,0,20,20,0,0,0,0,0,0,0,0,0,0,0,20,0,0,0,0,0,0,0,0,0,0,0,0,0,0,0,0,0,0,54,0,0,0,0,0,0,0,0,0,0,0,0,0,0,0,0,0,0,0,0,0,0,0,0,0,0,0,0,0,0,0,0,9,9,2,0,0,0,2,0,0,0,0,0,0,7,0,0,0,0,0,0,0,0,0,0,0,0,0,0,0,0,0,0,45,45,0,0,0,0,0,0,0,0,0,0,0,45,0,0,0,0,0,0,0,0,0,0,0,0,0,0,0,0,0,0
"G1700630","2010","IL","2","3","Illinois","17","Grundy County","063",,,,,,,,,,,,,,,"16980","16974","176",,,,,,,,,,,,,,,,,"1082725907","32126847","Grundy County","A","+41.2924096","-088.4010545","06","1",,50063,24977,346,386,387,370,408,392,401,441,403,397,405,356,363,382,405,433,344,399,373,277,294,246,212,243,267,287,290,294,341,390,407,375,350,320,359,348,329,338,391,385,426,371,389,365,348,348,412,399,384,405,393,369,373,338,330,334,338,310,286,280,282,228,274,267,186,164,176,216,155,143,159,147,124,117,105,96,69,79,54,71,77,56,74,37,40,33,36,40,41,24,20,11,11,9,11,5,3,1,0,1,3,0,0,25086,305,359,382,346,349,344,385,382,360,384,393,382,375,375,403,366,376,373,336,264,281,210,243,261,310,296,303,338,334,371,362,332,378,334,343,343,354,344,386,397,384,353,397,380,333,333,391,402,392,396,355,333,340,356,337,341,317,310,289,238,279,238,275,221,199,198,197,192,194,167,163,141,126,108,125,111,101,127,109,96,110,98,96,83,77,79,68,65,60,37,38,55,27,31,15,12,11,9,4,2,6,0,0,49809,24897,1896,2034,1911,1176,648,290,245,720,1598,1809,1783,1892,1945,1799,1545,509,726,339,512,646,365,277,232,24912,1741,1855,1928,1115,600,281,208,814,1641,1747,1821,1847,1912,1717,1494,516,690,391,548,651,530,438,427,254,80,1,0,0,0,0,0,0,0,0,0,0,0,0,0,0,0,0,0,0,0,1,0,0,0,0,1,1,0,0,0,0,0,42,29,26,0,0,0,26,0,0,0,0,0,0,3,0,0,0,0,0,0,13,0,0,0,0,13,13,0,0,0,0,0,37,35,0,0,0,0,0,0,0,0,0,0,0,35,0,0,0,0,0,0,2,0,0,0,0,2,2,0,0,0,0,0,174,0,0,0,0,0,0,0,0,0,0,0,0,0,0,0,0,0,0,0,0,0,0,0,0,0,0,0,0,0,0,0,0,21,8,0,0,0,0,0,0,0,0,0,0,0,8,0,0,0,0,0,0,13,0,0,0,0,13,5,0,0,0,0,8,153,146,0,0,0,0,0,0,0,0,0,0,0,146,0,0,0,0,0,0,7,0,0,0,0,7,0,0,0,0,0,7
"G1700650","2010","IL","2","3","Illinois","17","Hamilton County","065",,,,,,,,,,,,,,,"34500","99999","999",,,,,,,,,,,,,,,,,"1125777456","3174991","Hamilton County","A","+38.0852260","-088.5390048","06","2",,8457,4131,57,60,48,56,47,49,52,66,58,65,54,50,50,54,68,65,68,61,50,40,56,30,24,33,40,47,60,49,44,60,49,32,58,35,61,31,48,48,44,44,57,47,48,42,54,56,64,52,58,72,50,72,53,76,47,60,68,58,56,48,62,54,66,49,50,47,53,52,38,35,40,38,31,29,40,26,35,15,26,20,26,18,20,20,23,16,10,7,10,6,5,5,3,3,1,0,1,0,0,1,1,0,0,4326,35,42,36,57,64,42,64,45,53,53,52,45,54,54,53,44,56,54,52,50,43,39,41,35,55,39,49,51,47,55,50,46,42,50,44,39,49,49,44,54,50,40,43,49,47,73,52,50,59,60,63,63,68,66,74,66,60,54,62,57,53,59,54,54,54,52,44,40,43,54,51,37,40,45,48,43,31,31,31,36,23,42,23,27,23,36,18,18,24,26,20,14,11,10,9,4,6,2,3,1,4,0,0,8340,4098,268,290,276,194,90,56,30,96,259,234,213,246,299,297,285,116,163,99,124,176,119,102,66,4242,234,257,258,154,102,43,39,130,241,231,235,228,290,333,298,110,159,93,137,214,165,128,163,117,33,0,0,0,0,0,0,0,0,0,0,0,0,0,0,0,0,0,0,0,0,0,0,0,0,0,0,0,0,0,0,0,0,18,0,0,0,0,0,0,0,0,0,0,0,0,0,0,0,0,0,0,0,18,0,0,0,0,18,0,18,0,0,0,0,15,12,0,0,0,0,0,0,0,0,0,0,0,12,0,0,0,0,0,0,3,0,0,0,0,3,0,3,0,0,0,0,84,0,0,0,0,0,0,0,0,0,0,0,0,0,0,0,0,0,0,0,0,0,0,0,0,0,0,0,0,0,0,0,0,14,0,0,0,0,0,0,0,0,0,0,0,0,0,0,0,0,0,0,0,14,0,0,0,0,14,0,14,0,0,0,0,70,65,0,0,0,0,0,0,0,0,0,0,0,65,0,0,0,0,0,0,5,0,0,0,0,5,0,5,0,0,0,0
"G1700670","2010","IL","2","3","Illinois","17","Hancock County","067",,,,,,,,,,,,,,,"99999","99999","999",,,,,,,,,,,,,,,,,"2055740516","53535882","Hancock County","A","+40.4057924","-091.1679875","06","9",,19104,9390,105,112,112,116,125,116,123,100,90,129,138,123,124,116,113,130,134,138,145,103,93,86,82,84,104,101,111,118,90,96,105,95,100,93,92,118,99,90,99,106,120,99,117,124,126,116,146,110,159,147,143,142,155,136,169,180,137,149,138,120,139,151,141,125,103,101,95,95,89,99,101,84,86,82,75,79,63,69,68,46,46,68,42,52,39,38,21,24,25,13,17,7,5,9,1,1,1,2,0,1,0,0,0,9714,113,86,117,116,117,104,105,106,128,117,106,109,116,117,117,120,130,129,121,98,79,76,79,86,103,98,80,98,95,108,116,103,93,111,92,86,94,88,99,107,108,104,113,100,131,129,158,141,138,132,159,151,159,134,163,167,144,136,135,138,136,139,150,147,97,127,116,130,129,96,100,109,83,90,88,75,73,75,75,93,68,68,57,61,55,68,48,48,44,29,30,23,24,16,12,6,9,2,0,5,9,1,0,18881,9311,570,558,614,402,246,92,83,268,512,482,511,581,676,743,723,288,366,195,279,423,321,236,142,9570,549,560,565,379,214,76,76,266,476,514,472,553,693,765,717,274,390,240,350,462,381,295,303,223,79,0,0,0,0,0,0,0,0,0,0,0,0,0,0,0,0,0,0,0,0,0,0,0,0,0,0,0,0,0,0,0,0,31,13,10,0,0,0,10,0,0,0,0,0,0,3,0,0,0,0,0,0,18,10,0,0,0,8,0,8,0,0,0,0,48,34,0,0,0,0,0,0,0,0,0,0,0,34,0,0,0,0,0,0,14,0,0,0,0,14,0,12,0,0,0,2,144,0,0,0,0,0,0,0,0,0,0,0,0,0,0,0,0,0,0,0,0,0,0,0,0,0,0,0,0,0,0,0,0,33,6,0,0,0,0,0,0,0,0,0,0,0,6,0,0,0,0,0,0,27,11,0,0,0,16,0,14,0,0,0,2,111,86,0,0,0,0,0,0,0,0,0,0,0,86,0,0,0,0,0,0,25,0,0,0,0,25,0,25,0,0,0,0
"G1700690","2010","IL","2","3","Illinois","17","Hardin County","069",,,,,,,,,,,,,,,"99999","99999","999",,,,,,,,,,,,,,,,,"459794312","10491249","Hardin County","A","+37.5178517","-088.2661478","06","9",,4320,2147,20,29,32,21,21,20,32,18,29,28,23,33,26,19,22,19,31,25,25,23,19,13,18,15,23,15,18,19,21,19,13,30,20,30,21,23,23,22,29,30,28,28,26,34,29,33,36,29,28,35,37,35,29,24,37,37,26,39,33,26,37,42,32,40,32,25,32,28,38,27,27,33,26,15,18,8,11,13,8,19,9,10,15,11,9,4,10,5,7,1,2,2,1,1,0,1,1,0,1,0,0,0,0,2173,17,26,19,26,29,16,25,26,20,15,22,27,27,26,38,25,27,17,21,32,14,17,17,22,16,25,19,24,17,27,23,25,21,20,19,17,18,13,28,27,22,22,31,23,34,21,40,29,47,26,19,30,34,37,39,32,44,40,36,37,41,33,34,32,40,30,27,24,28,28,22,21,24,32,21,19,19,13,13,28,24,12,13,11,10,10,6,2,4,5,3,4,2,3,1,0,0,0,1,0,0,0,0,4303,2137,123,127,123,75,48,19,13,56,92,114,126,145,157,161,161,79,102,57,92,118,59,54,36,2166,117,102,140,69,53,14,17,55,112,108,103,131,161,158,189,74,105,56,80,120,92,70,40,17,10,0,0,0,0,0,0,0,0,0,0,0,0,0,0,0,0,0,0,0,0,0,0,0,0,0,0,0,0,0,0,0,0,8,0,0,0,0,0,0,0,0,0,0,0,0,0,0,0,0,0,0,0,8,0,0,0,0,8,0,8,0,0,0,0,2,0,0,0,0,0,0,0,0,0,0,0,0,0,0,0,0,0,0,0,2,0,0,0,0,2,0,2,0,0,0,0,7,0,0,0,0,0,0,0,0,0,0,0,0,0,0,0,0,0,0,0,0,0,0,0,0,0,0,0,0,0,0,0,0,5,0,0,0,0,0,0,0,0,0,0,0,0,0,0,0,0,0,0,0,5,0,0,0,0,5,0,5,0,0,0,0,2,0,0,0,0,0,0,0,0,0,0,0,0,0,0,0,0,0,0,0,2,0,0,0,0,2,0,2,0,0,0,0
"G1700710","2010","IL","2","3","Illinois","17","Henderson County","071",,,,,,,,,,,,,,,"15460","99999","999",,,,,,,,,,,,,,,,,"981273730","42340541","Henderson County","A","+40.8151413","-090.9384797","06","2",,7331,3614,28,28,42,36,31,40,40,31,27,48,47,48,50,47,44,53,39,46,51,42,36,30,25,31,31,26,36,42,45,39,40,28,35,26,41,44,31,24,39,36,44,27,57,40,43,46,61,57,69,58,64,72,63,64,71,62,70,59,61,47,77,56,45,49,46,48,58,44,54,45,38,34,30,40,38,37,23,35,17,19,24,29,13,16,3,18,9,7,3,6,1,1,2,6,3,0,0,1,1,0,0,0,0,3717,28,49,33,30,40,31,56,22,41,46,40,51,45,53,43,52,51,57,37,29,35,25,22,26,40,26,40,29,36,41,36,39,28,21,26,41,41,29,38,43,52,39,40,50,46,60,43,57,72,70,62,61,67,70,58,68,57,62,55,43,47,62,61,53,37,40,49,56,49,38,49,40,33,38,31,44,32,28,21,27,28,33,32,17,14,19,18,13,15,11,6,9,14,3,3,5,5,1,4,1,3,0,0,7280,3606,165,186,236,138,93,36,30,87,188,170,174,211,291,334,299,133,140,106,143,177,131,83,55,3674,180,196,232,160,66,35,25,88,172,150,192,227,302,317,285,108,151,89,141,190,149,118,101,51,8,0,0,0,0,0,0,0,0,0,0,0,0,0,0,0,0,0,0,0,0,0,0,0,0,0,0,0,0,0,0,0,0,0,0,0,0,0,0,0,0,0,0,0,0,0,0,0,0,0,0,0,0,0,0,0,0,0,0,0,0,0,0,0,0,8,8,0,0,0,0,0,0,0,0,0,0,0,8,0,0,0,0,0,0,0,0,0,0,0,0,0,0,0,0,0,0,43,0,0,0,0,0,0,0,0,0,0,0,0,0,0,0,0,0,0,0,0,0,0,0,0,0,0,0,0,0,0,0,0,2,2,0,0,0,0,0,0,0,0,0,0,0,2,0,0,0,0,0,0,0,0,0,0,0,0,0,0,0,0,0,0,41,41,0,0,0,0,0,0,0,0,0,0,0,41,0,0,0,0,0,0,0,0,0,0,0,0,0,0,0,0,0,0
"G1700730","2010","IL","2","3","Illinois","17","Henry County","073",,,,,,,,,,,,,,,"19340","99999","999",,,,,,,,,,,,,,,,,"2131522072","6884367","Henry County","A","+41.3500209","-090.1308378","06","1",,50486,25112,288,290,354,313,339,329,366,327,338,352,395,364,327,357,388,394,404,468,374,306,282,244,221,242,252,256,254,272,275,297,272,278,304,285,297,303,288,273,295,306,293,289,314,294,342,353,306,387,369,424,384,369,415,416,384,384,376,368,371,342,369,317,344,334,256,231,268,253,227,231,222,206,155,162,151,169,161,133,125,120,132,119,92,103,73,88,63,59,44,34,32,29,12,17,12,5,5,1,2,3,4,0,0,25374,251,276,279,313,303,337,312,337,296,322,313,280,340,323,343,365,336,376,310,262,239,208,221,235,221,231,224,266,262,294,306,279,303,250,298,273,271,284,324,341,333,290,313,306,317,368,355,388,389,399,403,414,390,414,387,372,372,353,369,362,358,300,368,323,246,292,279,277,228,240,202,222,228,181,199,217,196,168,194,176,160,143,140,153,129,117,118,111,78,78,76,65,51,50,37,32,14,5,8,11,4,2,0,49762,24680,1584,1712,1831,1142,619,256,233,703,1332,1424,1459,1515,1819,1941,1828,682,929,492,710,888,695,511,375,25082,1422,1604,1599,1077,568,239,208,675,1274,1430,1492,1554,1896,1996,1820,657,931,562,736,1016,924,694,708,724,432,124,124,124,124,0,0,0,0,0,0,0,0,0,0,0,0,0,0,0,0,0,0,0,0,0,0,0,0,0,0,0,0,236,214,163,81,0,0,82,0,0,0,0,0,0,51,0,0,0,0,0,0,22,0,0,0,0,22,0,13,9,0,0,0,72,72,0,0,0,0,0,0,0,0,0,0,0,72,0,0,0,0,0,0,0,0,0,0,0,0,0,0,0,0,0,0,292,0,0,0,0,0,0,0,0,0,0,0,0,0,0,0,0,0,0,0,0,0,0,0,0,0,0,0,0,0,0,0,0,51,46,14,0,0,0,14,0,0,0,0,0,0,32,0,0,0,0,0,0,5,0,0,0,0,5,0,4,1,0,0,0,241,241,0,0,0,0,0,0,0,0,0,0,0,241,0,0,0,0,0,0,0,0,0,0,0,0,0,0,0,0,0,0
"G1700750","2010","IL","2","3","Illinois","17","Iroquois County","075",,,,,,,,,,,,,,,"99999","99999","999",,,,,,,,,,,,,,,,,"2893835594","4172263","Iroquois County","A","+40.7488665","-087.8336010","06","9",,29718,14519,147,160,169,149,178,197,197,184,181,202,222,211,218,209,261,230,240,241,206,178,134,132,145,137,138,160,129,143,135,159,162,159,131,148,159,167,164,155,168,155,182,157,150,177,192,229,212,235,226,232,241,227,253,231,225,238,218,208,190,194,190,182,199,207,151,144,152,167,117,136,142,139,140,104,131,89,68,97,100,65,76,80,73,62,59,42,51,43,28,27,27,19,8,5,8,3,7,2,1,0,1,0,0,15199,156,155,176,153,182,172,201,187,187,182,200,202,186,201,211,213,248,207,195,116,136,134,124,147,123,134,148,148,156,158,153,150,148,141,161,163,145,142,165,198,190,186,164,201,208,204,237,221,233,227,241,247,235,245,252,214,205,214,209,170,200,177,210,217,174,150,187,203,164,153,139,137,127,113,121,113,117,117,104,130,97,119,113,80,95,107,84,77,55,53,50,60,31,33,32,22,14,7,3,1,6,0,0,29250,14311,803,961,1109,662,365,133,132,418,717,756,804,856,1128,1171,1043,368,554,294,414,647,406,334,236,14939,822,929,1000,668,311,136,134,394,741,752,813,947,1118,1217,1006,373,589,337,519,628,555,468,482,468,208,61,61,0,0,0,0,0,0,0,61,0,61,0,0,0,0,0,0,0,0,0,0,0,0,0,0,0,0,0,0,0,0,65,57,18,0,0,0,18,0,0,19,0,19,0,20,0,0,0,0,0,0,8,0,0,0,0,8,0,7,0,0,0,1,82,81,0,0,0,0,0,0,0,0,0,0,0,81,0,0,0,0,0,0,1,0,0,0,0,1,0,0,0,0,0,1,260,0,0,0,0,0,0,0,0,0,0,0,0,0,0,0,0,0,0,0,0,0,0,0,0,0,0,0,0,0,0,0,0,35,25,2,0,0,0,2,0,0,0,0,0,0,23,0,0,0,0,0,0,10,0,0,0,0,10,0,9,0,0,0,1,225,224,0,0,0,0,0,0,0,0,0,0,0,224,0,0,0,0,0,0,1,0,0,0,0,1,0,0,0,0,0,1
"G1700770","2010","IL","2","3","Illinois","17","Jackson County","077",,,,,,,,,,,,,,,"16060","99999","166",,,,,,,,,,,,,,,,,"1512763725","47391559","Jackson County","A","+37.7860959","-089.3812119","06","2",,60218,30676,336,330,303,328,285,274,300,276,333,301,294,292,275,294,296,328,353,303,678,1183,1451,1513,1361,1078,876,752,585,577,496,499,432,372,337,341,326,357,292,281,309,287,318,319,286,283,281,345,320,314,307,329,327,333,314,360,338,346,341,328,318,319,293,317,312,274,211,234,199,192,190,163,169,142,144,136,110,115,115,133,99,91,93,77,92,71,72,54,58,38,24,29,45,23,12,10,10,3,8,0,3,3,2,0,0,29542,328,335,268,295,313,295,290,278,277,306,281,278,274,292,256,306,267,298,631,1124,1193,1225,1170,824,670,538,449,496,417,380,375,333,312,335,301,293,276,273,340,279,309,292,274,260,292,310,307,339,327,367,351,376,346,348,334,374,356,322,309,313,339,303,318,335,227,214,200,235,215,187,185,141,204,150,150,182,138,152,137,161,105,128,134,145,112,123,108,82,88,67,70,64,32,32,30,21,16,12,11,2,10,0,0,56131,28426,1579,1480,1437,855,841,1096,1366,3156,2830,1766,1490,1452,1576,1646,1628,598,785,428,532,686,532,387,280,27705,1537,1444,1376,834,790,962,1140,2586,2253,1653,1457,1417,1642,1743,1663,636,872,410,622,795,721,556,596,4087,2250,150,136,2,0,0,0,2,0,0,120,11,36,73,0,14,0,0,0,0,14,14,11,0,0,0,3,2,0,0,0,0,1,1986,188,136,0,0,62,74,0,0,21,0,11,10,23,8,0,0,0,0,8,1798,1644,0,0,0,154,19,94,12,0,1,28,114,56,0,0,0,0,0,0,0,0,0,0,0,56,0,0,0,0,0,0,58,0,0,0,0,58,0,16,0,0,0,42,1837,46,39,2,0,0,0,2,0,0,30,12,18,0,0,7,0,0,0,0,7,7,3,0,0,0,4,2,0,0,0,0,2,1448,32,7,0,0,0,7,0,0,9,4,3,2,13,3,0,0,0,0,3,1416,1349,0,0,0,67,8,42,4,0,0,13,343,229,0,0,0,0,0,0,0,0,0,0,0,229,0,0,0,0,0,0,114,0,0,0,0,114,0,61,0,0,0,53
"G1700790","2010","IL","2","3","Illinois","17","Jasper County","079",,,,,,,,,,,,,,,"99999","99999","999",,,,,,,,,,,,,,,,,"1280774187","9348767","Jasper County","A","+39.0048737","-088.1507629","06","9",,9698,4832,56,43,68,57,68,62,70,63,51,60,69,62,60,55,63,64,56,63,63,56,55,41,57,50,66,71,42,60,68,51,67,49,61,67,47,49,48,53,55,50,52,64,44,53,64,76,83,113,77,96,83,73,86,75,69,73,80,58,55,85,71,49,66,66,49,41,46,56,37,36,37,41,34,42,30,27,32,27,37,29,26,22,20,15,15,21,17,15,13,7,9,6,0,3,2,6,3,2,0,0,2,0,0,4866,51,63,47,50,52,67,71,57,70,65,51,68,54,67,77,71,52,81,70,43,40,46,42,61,45,45,40,53,51,47,63,60,59,40,44,39,50,50,55,53,59,71,60,64,70,86,68,77,69,81,70,68,88,66,89,85,60,70,65,65,58,72,60,61,41,44,56,43,37,49,47,49,38,42,39,35,32,29,40,30,37,31,30,22,23,19,32,24,22,19,17,7,7,11,9,1,3,2,1,5,1,0,0,9644,4808,292,306,309,183,118,55,41,171,291,291,255,277,445,386,350,119,181,87,128,184,151,92,96,4836,263,330,317,204,113,40,46,148,236,266,247,324,381,381,345,130,159,99,128,213,164,141,161,54,24,0,0,0,0,0,0,0,0,0,0,0,0,0,0,0,0,0,0,0,0,0,0,0,0,0,0,0,0,0,0,0,0,6,6,4,0,0,0,4,0,0,0,0,0,0,2,0,0,0,0,0,0,0,0,0,0,0,0,0,0,0,0,0,0,18,18,0,0,0,0,0,0,0,0,0,0,0,18,0,0,0,0,0,0,0,0,0,0,0,0,0,0,0,0,0,0,30,0,0,0,0,0,0,0,0,0,0,0,0,0,0,0,0,0,0,0,0,0,0,0,0,0,0,0,0,0,0,0,0,3,3,0,0,0,0,0,0,0,0,0,0,0,3,0,0,0,0,0,0,0,0,0,0,0,0,0,0,0,0,0,0,27,27,0,0,0,0,0,0,0,0,0,0,0,27,0,0,0,0,0,0,0,0,0,0,0,0,0,0,0,0,0,0
"G1700810","2010","IL","2","3","Illinois","17","Jefferson County","081",,,,,,,,,,,,,,,"34500","99999","999",,,,,,,,,,,,,,,,,"1479320495","32673835","Jefferson County","A","+38.3007796","-088.9242100","06","2",,38827,19945,248,263,252,264,234,224,237,223,249,240,254,268,215,233,280,267,244,254,286,276,274,217,246,222,258,234,280,243,288,299,292,255,250,287,252,268,232,275,287,260,260,288,282,298,287,338,291,279,275,292,277,338,280,287,286,270,276,279,293,253,277,268,267,262,180,182,206,212,178,169,152,128,137,134,116,117,69,99,94,83,80,72,60,84,60,70,38,46,22,26,26,23,18,14,9,3,0,2,0,1,2,0,0,18882,248,233,231,234,227,232,236,210,214,240,219,208,202,240,250,234,217,272,254,247,207,201,189,215,219,181,230,213,239,227,225,190,200,216,193,208,194,213,227,239,263,227,226,220,223,285,264,255,244,286,258,267,303,286,263,276,299,268,295,271,240,232,251,254,196,192,209,211,184,182,147,157,153,165,142,129,109,147,122,102,110,127,112,84,80,89,96,103,71,69,58,47,34,33,31,20,11,11,6,7,5,1,0,36624,17974,1260,1173,1250,757,516,239,168,571,1034,1058,1067,1165,1270,1335,1278,524,671,376,547,654,451,337,273,18650,1173,1132,1119,719,495,206,200,619,1090,1024,1079,1158,1329,1374,1405,470,699,396,571,744,587,485,576,2203,1971,9,9,0,0,0,0,0,0,0,9,3,6,0,0,0,0,0,0,0,0,0,0,0,0,0,0,0,0,0,0,0,0,1868,1844,1818,13,0,1805,0,0,0,13,11,2,0,13,0,0,0,0,0,0,24,0,0,0,0,24,4,20,0,0,0,0,94,94,39,0,0,39,0,0,0,0,0,0,0,55,0,0,0,0,0,0,0,0,0,0,0,0,0,0,0,0,0,0,232,4,4,0,0,0,0,0,0,0,4,0,4,0,0,0,0,0,0,0,0,0,0,0,0,0,0,0,0,0,0,0,0,31,15,0,0,0,0,0,0,0,7,5,2,0,8,0,0,0,0,0,0,16,0,0,0,0,16,1,15,0,0,0,0,197,193,0,0,0,0,0,0,0,0,0,0,0,193,0,0,0,0,0,0,4,0,0,0,0,4,0,4,0,0,0,0
"G1700830","2010","IL","2","3","Illinois","17","Jersey County","083",,,,,,,,,,,,,,,"41180","99999","476",,,,,,,,,,,,,,,,,"956408129","20348919","Jersey County","A","+39.0801918","-090.3613647","06","1",,22985,11255,121,123,110,140,137,156,150,142,149,143,148,175,152,158,161,152,144,157,167,186,167,177,175,122,141,126,121,128,148,137,116,131,129,127,115,115,114,131,152,160,119,141,137,161,168,176,140,164,187,199,211,170,197,181,173,169,140,146,167,152,160,122,137,133,111,103,105,97,112,101,85,79,85,70,72,78,79,47,57,36,53,42,53,41,34,34,21,20,19,21,12,6,9,5,6,3,0,4,1,0,1,0,0,11730,127,117,138,142,138,140,140,139,152,128,139,158,151,159,162,143,180,168,187,185,176,166,144,136,130,137,113,120,125,130,130,146,108,122,124,117,120,108,131,156,172,152,138,152,158,183,182,186,208,197,181,192,190,179,168,177,166,151,163,129,122,151,169,123,95,104,110,125,100,102,107,101,94,88,89,72,68,70,75,74,56,59,70,47,70,48,48,40,43,40,20,24,14,13,13,8,6,3,5,1,7,0,0,22137,10902,631,740,794,453,290,115,135,382,640,609,666,723,861,926,769,278,376,206,308,388,276,202,134,11235,662,699,768,474,268,116,124,365,619,627,629,769,951,909,784,272,381,212,318,462,333,254,239,848,353,0,0,0,0,0,0,0,0,0,0,0,0,0,0,0,0,0,0,0,0,0,0,0,0,0,0,0,0,0,0,0,0,276,21,14,0,0,0,14,0,0,0,0,0,0,7,0,0,0,0,0,0,255,222,0,0,0,33,0,20,0,0,0,13,77,77,0,0,0,0,0,0,0,0,0,0,0,77,0,0,0,0,0,0,0,0,0,0,0,0,0,0,0,0,0,0,495,18,16,1,0,0,0,1,0,0,15,0,0,15,0,0,0,0,0,0,0,2,2,0,0,0,0,0,0,0,0,0,0,281,17,5,0,0,0,5,0,0,4,0,0,4,8,0,0,0,0,0,0,264,248,0,0,0,16,0,8,0,0,0,8,196,194,0,0,0,0,0,0,0,0,0,0,0,194,0,0,0,0,0,0,2,0,0,0,0,2,0,2,0,0,0,0
"G1700850","2010","IL","2","3","Illinois","17","Jo Daviess County","085",,,,,,,,,,,,,,,"99999","99999","999",,,,,,,,,,,,,,,,,"1556808594","45690178","Jo Daviess County","A","+42.3623905","-090.2114705","06","9",,22678,11377,119,131,123,132,125,130,138,144,137,143,138,152,155,138,152,150,155,150,132,99,108,110,87,112,108,115,96,105,101,113,98,102,104,101,98,119,118,105,117,149,137,127,123,112,142,161,179,161,189,165,181,178,186,150,157,201,170,165,197,182,189,197,217,221,138,146,161,148,139,132,122,151,114,111,110,96,84,77,68,71,60,75,58,56,47,38,40,42,25,16,11,13,11,6,7,4,2,0,1,0,1,0,0,11301,101,102,120,110,131,109,110,123,120,123,136,119,123,140,147,124,120,145,110,93,89,79,75,120,75,106,89,108,107,103,114,91,98,105,106,126,105,102,131,150,118,114,130,147,125,140,147,176,188,170,166,184,179,203,181,189,180,199,208,173,175,191,194,237,113,152,172,167,171,124,122,123,125,116,101,99,73,86,88,99,81,72,72,61,70,53,70,37,53,43,47,22,21,19,15,7,6,4,4,8,6,0,0,22511,11323,630,692,735,455,231,107,108,300,529,498,605,638,853,851,911,385,573,306,418,607,393,294,204,11188,564,585,665,389,203,89,79,269,509,512,612,633,814,909,944,364,543,323,461,584,438,341,358,167,54,0,0,0,0,0,0,0,0,0,0,0,0,0,0,0,0,0,0,0,0,0,0,0,0,0,0,0,0,0,0,0,0,33,14,11,0,0,0,11,0,0,0,0,0,0,3,0,0,0,0,0,0,19,0,0,0,0,19,0,18,0,0,0,1,21,21,0,0,0,0,0,0,0,0,0,0,0,21,0,0,0,0,0,0,0,0,0,0,0,0,0,0,0,0,0,0,113,0,0,0,0,0,0,0,0,0,0,0,0,0,0,0,0,0,0,0,0,0,0,0,0,0,0,0,0,0,0,0,0,29,6,2,0,0,0,2,0,0,0,0,0,0,4,0,0,0,0,0,0,23,0,0,0,0,23,0,22,0,0,0,1,84,84,0,0,0,0,0,0,0,0,0,0,0,84,0,0,0,0,0,0,0,0,0,0,0,0,0,0,0,0,0,0
"G1700870","2010","IL","2","3","Illinois","17","Johnson County","087",,,,,,,,,,,,,,,"99999","99999","999",,,,,,,,,,,,,,,,,"890735754","12816588","Johnson County","A","+37.4608153","-088.8829622","06","9",,12582,7018,52,72,52,46,64,54,62,75,66,81,102,66,77,65,67,71,91,90,97,115,112,103,120,80,106,83,113,90,122,120,108,101,108,105,95,98,83,110,113,96,99,94,106,102,101,93,101,119,123,116,121,123,106,84,85,90,87,83,103,100,84,93,101,91,54,84,65,78,82,67,72,58,69,57,43,42,37,39,31,27,19,28,22,23,16,11,8,15,10,4,9,2,2,2,1,3,2,0,0,0,0,0,0,5564,54,47,62,60,57,75,76,73,64,69,67,77,68,54,67,64,81,73,70,63,47,41,45,43,66,40,56,41,48,57,64,49,55,59,52,49,56,66,67,63,62,78,70,85,70,83,72,68,87,82,98,82,93,88,98,69,78,94,78,81,81,101,104,80,58,81,57,82,82,58,60,68,58,37,37,49,46,50,44,35,27,33,30,35,20,19,19,17,28,16,12,6,4,11,4,3,3,2,5,0,1,0,0,11029,5499,286,338,377,249,136,59,53,145,247,287,333,334,395,420,411,172,244,147,227,294,175,105,65,5530,280,357,333,218,133,47,41,154,242,279,301,365,392,459,400,182,242,138,221,259,218,137,132,1553,1519,3,3,3,0,0,3,0,0,0,0,0,0,0,0,0,0,0,0,0,0,0,0,0,0,0,0,0,0,0,0,0,0,1501,1494,1492,0,0,1492,0,0,0,0,0,0,0,2,0,0,0,0,0,0,7,0,0,0,0,7,0,7,0,0,0,0,15,15,8,0,0,8,0,0,0,0,0,0,0,7,0,0,0,0,0,0,0,0,0,0,0,0,0,0,0,0,0,0,34,0,0,0,0,0,0,0,0,0,0,0,0,0,0,0,0,0,0,0,0,0,0,0,0,0,0,0,0,0,0,0,0,0,0,0,0,0,0,0,0,0,0,0,0,0,0,0,0,0,0,0,0,0,0,0,0,0,0,0,0,0,0,0,0,34,34,0,0,0,0,0,0,0,0,0,0,0,34,0,0,0,0,0,0,0,0,0,0,0,0,0,0,0,0,0,0
"G1700890","2010","IL","2","3","Illinois","17","Kane County","089",,,,,,,,,,,,,,,"16980","16974","176",,,,,,,,,,,,,,,,,"1346943286","10730649","Kane County","A","+41.9395938","-088.4280395","06","1",,515269,256815,3796,3880,4069,4130,4390,4344,4478,4369,4413,4448,4341,4296,4224,4176,4318,4295,4326,4123,3852,3266,3107,2943,3024,3084,3195,3398,3246,3381,3456,3510,3777,3328,3569,3580,3498,3764,3480,3678,3828,4003,4338,3890,3701,3714,3724,4020,3892,3945,3755,3812,3965,3689,3570,3286,3275,3249,2937,2863,2831,2725,2627,2437,2488,2418,1795,1740,1669,1657,1439,1272,1207,1172,1075,967,949,905,745,707,674,694,620,550,523,466,412,398,324,303,218,224,145,125,89,70,54,23,20,12,9,11,14,4,0,258454,3633,3715,4060,4167,4030,4227,4208,4120,4064,4233,4184,4059,4125,3941,4037,3966,4004,4001,3584,2855,2772,2632,2819,2992,3069,3137,3165,3243,3354,3469,3730,3392,3586,3549,3536,3807,3506,3709,3859,4106,4202,3772,3717,3646,3672,3934,3928,3901,3935,3798,3912,3512,3575,3306,3236,3383,3035,3062,2893,2824,2722,2635,2546,2584,1875,1914,1897,1964,1642,1431,1387,1342,1192,1096,1096,1068,994,972,945,957,873,802,766,698,695,638,667,527,497,456,385,295,246,223,161,105,88,61,41,37,43,3,0,508482,253229,20230,22018,21253,12162,6801,2963,2813,9075,16753,17564,18581,19197,19166,17584,14440,5021,6640,3379,4328,5299,3638,2466,1858,255253,19569,20821,20298,11656,6099,2594,2506,8749,16264,17709,18920,18915,19391,17453,15096,5323,6951,3778,4988,6024,4783,3609,3757,6787,3586,753,294,8,0,0,0,8,0,0,286,15,12,259,0,0,0,0,0,0,0,459,1,0,0,0,458,43,0,0,0,412,3,2315,1114,637,0,0,75,561,1,0,47,1,0,46,206,224,224,0,0,0,0,1201,461,0,0,0,740,238,78,103,0,158,163,518,413,4,0,0,0,4,0,0,0,0,0,0,394,15,15,0,0,0,0,105,0,0,0,0,105,6,26,41,0,2,30,3201,430,24,0,0,0,0,0,0,0,24,13,0,11,0,0,0,0,0,0,0,406,1,0,0,0,405,34,0,0,0,367,4,1506,467,250,0,0,57,71,122,0,0,0,0,0,155,62,62,0,0,0,0,1039,653,0,0,0,386,113,69,11,0,151,42,1265,1066,2,0,0,2,0,0,0,0,0,0,0,1057,7,7,0,0,0,0,199,0,0,0,0,199,0,63,110,0,0,26
"G1700910","2010","IL","2","3","Illinois","17","Kankakee County","091",,,,,,,,,,,,,,,"28100","99999","176",,,,,,,,,,,,,,,,,"1752271023","12452094","Kankakee County","A","+41.1394937","-087.8611252","06","1",,113449,55731,777,713,762,827,843,793,805,850,834,853,889,822,822,808,798,844,902,857,904,954,899,775,793,697,713,687,742,693,696,720,744,702,700,696,632,706,654,678,705,760,762,662,746,695,677,770,782,846,797,800,840,794,795,792,764,782,721,744,717,673,599,618,597,632,454,479,509,446,406,361,332,312,282,313,304,272,247,214,247,198,231,190,173,180,138,141,137,124,94,70,58,50,37,27,18,13,13,1,2,2,2,0,0,57718,715,720,764,789,750,775,721,771,811,784,768,780,791,810,768,786,814,838,916,1004,912,868,789,636,723,742,688,719,671,772,756,705,701,683,684,673,654,727,708,743,722,705,779,725,722,768,853,815,817,859,874,790,814,796,816,741,777,691,747,684,665,660,652,695,508,483,504,536,398,432,387,394,383,345,346,343,294,290,302,274,341,287,290,304,214,234,186,191,197,154,107,106,82,57,44,29,21,19,14,8,17,1,0,108342,52809,3909,4133,4122,2543,1507,710,569,1962,3379,3330,3346,3381,3835,3760,3467,1161,1591,950,1168,1474,1115,795,602,55533,3731,3858,3902,2393,1437,657,624,1977,3545,3492,3460,3602,4049,3999,3566,1294,1821,964,1339,1816,1440,1345,1222,5107,2922,92,68,7,0,0,0,7,0,0,52,0,52,0,0,9,9,0,0,0,0,24,1,0,0,0,23,3,0,0,0,5,15,2311,870,609,0,0,77,532,0,0,16,2,14,0,242,3,3,0,0,0,0,1441,844,0,0,0,597,32,102,342,0,6,115,519,438,19,0,0,15,4,0,0,0,0,0,0,419,0,0,0,0,0,0,81,0,0,0,0,81,0,13,51,0,1,16,2185,71,53,4,0,0,0,4,0,0,37,0,37,0,0,12,12,0,0,0,0,18,0,0,0,0,18,2,0,0,0,1,15,1626,202,41,0,0,1,40,0,0,9,0,9,0,147,5,5,0,0,0,0,1424,1138,0,0,0,286,11,57,163,0,4,51,488,437,0,0,0,0,0,0,0,0,0,0,0,437,0,0,0,0,0,0,51,0,0,0,0,51,0,2,41,0,0,8
"G1700930","2010","IL","2","3","Illinois","17","Kendall County","093",,,,,,,,,,,,,,,"16980","16974","176",,,,,,,,,,,,,,,,,"829664827","5140545","Kendall County","A","+41.5881403","-088.4306257","06","1",,114736,56821,957,1013,1026,1097,1103,1155,1111,1154,1081,1064,1084,992,987,1002,982,991,875,865,781,583,546,506,521,570,593,643,683,720,756,882,939,862,907,978,978,1054,959,992,1029,1098,1090,974,954,900,899,890,816,856,820,788,751,664,651,557,635,587,504,529,515,506,454,417,458,433,313,352,303,347,295,243,213,209,173,157,153,154,101,138,103,99,95,82,75,60,62,66,47,49,44,32,18,23,14,11,11,2,3,4,0,1,1,0,1,57915,902,907,1029,1017,1041,1059,1089,1022,984,1034,981,1009,987,924,951,904,873,814,683,531,477,457,475,548,625,686,687,854,881,975,1056,973,1010,1054,987,1063,1017,1030,1090,1155,1051,995,990,868,846,887,837,778,810,762,757,727,714,622,628,627,545,550,548,505,514,495,505,486,386,329,333,391,289,262,258,224,236,167,181,169,150,150,147,153,129,117,121,120,99,103,99,73,72,53,52,38,35,24,21,18,10,4,6,2,5,1,0,114528,56718,5196,5565,5046,2729,1358,542,504,1676,3664,4652,5129,4811,4165,3252,2639,871,1203,654,882,902,594,368,316,57810,4896,5188,4851,2590,1213,477,457,1647,4079,5079,5354,4748,4071,3447,2775,1009,1377,662,938,1062,763,569,558,208,103,3,2,2,0,0,0,2,0,0,0,0,0,0,0,0,0,0,0,0,0,1,0,0,0,0,1,0,0,0,0,0,1,75,50,49,0,0,0,49,0,0,0,0,0,0,1,0,0,0,0,0,0,25,0,0,0,0,25,0,17,0,0,0,8,25,23,2,0,0,0,2,0,0,0,0,0,0,21,0,0,0,0,0,0,2,0,0,0,0,2,0,2,0,0,0,0,105,2,1,1,0,0,0,1,0,0,0,0,0,0,0,0,0,0,0,0,0,1,0,0,0,0,1,0,0,0,0,0,1,14,8,7,0,0,0,7,0,0,0,0,0,0,1,0,0,0,0,0,0,6,0,0,0,0,6,0,2,0,0,0,4,89,89,0,0,0,0,0,0,0,0,0,0,0,89,0,0,0,0,0,0,0,0,0,0,0,0,0,0,0,0,0,0
"G1700950","2010","IL","2","3","Illinois","17","Knox County","095",,,,,,,,,,,,,,,"23660","99999","999",,,,,,,,,,,,,,,,,"1855453788","8849496","Knox County","A","+40.9309412","-090.2137611","06","2",,52919,26582,265,294,288,293,304,301,315,326,316,334,300,316,306,356,318,353,313,342,341,436,455,410,363,311,371,356,346,315,333,357,349,341,343,356,317,342,317,265,319,374,322,319,337,310,344,342,378,354,367,413,375,380,389,377,411,389,392,383,376,396,348,323,360,352,278,247,286,282,276,209,224,208,188,188,174,184,153,162,179,153,134,109,124,120,94,96,109,64,65,50,35,25,21,17,14,9,2,3,3,1,1,1,0,26337,249,255,283,277,268,320,302,323,277,304,307,288,307,278,281,304,326,291,380,494,395,401,386,270,277,250,264,275,250,266,285,258,286,269,275,259,262,247,270,309,297,282,281,315,316,368,314,344,368,399,377,393,381,391,404,390,368,436,390,406,326,329,372,386,284,308,314,302,271,256,239,225,207,219,241,216,217,225,205,185,197,205,169,164,152,146,149,114,121,98,96,69,62,54,33,31,27,11,10,5,9,0,0,48964,23864,1440,1592,1586,993,575,286,273,807,1295,1338,1335,1385,1669,1805,1869,644,956,520,749,956,794,550,447,25100,1327,1524,1458,913,586,251,273,820,1288,1365,1335,1475,1778,1921,1975,648,1026,613,811,1101,1011,799,802,3955,2718,29,22,0,0,0,0,0,0,0,22,0,0,22,0,0,0,0,0,0,0,7,2,0,0,0,5,5,0,0,0,0,0,2495,1968,1910,0,0,1831,79,0,0,0,0,0,0,58,0,0,0,0,0,0,527,422,0,0,0,105,21,59,21,0,0,4,194,183,12,0,0,12,0,0,0,0,0,0,0,159,12,12,0,0,0,0,11,0,0,0,0,11,0,10,0,0,0,1,1237,18,1,1,0,0,0,1,0,0,0,0,0,0,0,0,0,0,0,0,0,17,5,0,0,0,12,12,0,0,0,0,0,804,66,11,0,0,1,10,0,0,0,0,0,0,55,0,0,0,0,0,0,738,665,0,0,0,73,19,43,9,0,0,2,415,403,0,0,0,0,0,0,0,0,0,0,0,388,15,15,0,0,0,0,12,0,0,0,0,12,0,12,0,0,0,0
"G1700970","2010","IL","2","3","Illinois","17","Lake County","097",,,,,,,,,,,,,,,"16980","29404","176",,,,,,,,,,,,,,,,,"1149099822","2395243697","Lake County","A","+42.3264435","-087.4361178","06","1",,703462,351119,4440,4624,4891,4892,5164,5171,5451,5482,5605,5693,5787,5770,5802,5891,5912,6016,6026,6144,6094,5935,5193,4593,4617,4536,4597,4338,4070,4059,3983,4063,4105,3939,3992,4110,4118,4386,4279,4398,4831,5087,5315,4973,5091,5087,5261,5622,5760,5702,5702,5795,5831,5615,5599,5202,5143,4987,4508,4464,4272,3980,3809,3550,3640,3562,2560,2534,2473,2522,2122,1844,1720,1624,1527,1388,1375,1249,1047,1004,1062,1034,945,870,826,827,724,603,560,458,378,341,270,184,130,110,75,59,40,32,18,14,16,0,0,352343,4241,4465,4613,4906,4879,4997,5246,5180,5312,5478,5527,5405,5533,5557,5535,5745,5722,5570,4901,3990,3729,3433,3721,3954,3862,3855,3773,3863,3862,3958,4189,4065,4208,4265,4245,4559,4523,4603,5084,5250,5573,5261,5280,5357,5549,5919,5996,6023,5918,6102,6045,5790,5650,5457,5112,5124,4647,4626,4233,4200,3840,3589,3784,3708,2669,2700,2596,2788,2301,2023,1948,1916,1759,1641,1635,1501,1358,1380,1398,1387,1393,1294,1260,1149,1054,1016,1003,825,709,623,550,417,351,330,241,156,125,83,60,38,77,3,0,682753,337223,23987,27390,29113,18052,8694,3428,3223,11201,18985,19703,22680,25449,28281,27083,21968,7280,9640,4936,6406,7496,5272,3987,2969,345530,23083,26193,27535,16947,7576,3123,2953,10695,18898,20787,23921,26905,29808,27896,22698,7378,10094,5251,7016,8749,6782,5748,5494,20709,13896,219,152,10,0,0,0,10,0,0,142,12,96,34,0,0,0,0,0,0,0,67,0,11,11,0,56,28,0,0,0,20,8,12738,1343,611,0,0,0,609,0,2,49,12,37,0,568,115,56,59,0,0,0,11395,1073,9515,9515,0,807,89,404,131,9,89,85,939,842,5,0,0,0,5,0,0,0,0,0,0,767,70,67,3,0,0,0,97,3,0,0,0,94,0,50,27,0,0,17,6813,153,77,1,0,0,0,1,0,0,76,6,66,4,0,0,0,0,0,0,0,76,21,7,7,0,48,15,0,0,0,29,4,4612,547,77,0,0,0,76,0,1,18,4,14,0,452,0,0,0,0,0,0,4065,991,2622,2622,0,452,60,273,39,0,38,42,2048,1911,0,0,0,0,0,0,0,0,0,0,0,1903,8,7,1,0,0,0,137,0,0,0,0,137,1,112,0,2,1,21
"G1700990","2010","IL","2","3","Illinois","17","LaSalle County","099",,,,,,,,,,,,,,,"36860","99999","999",,,,,,,,,,,,,,,,,"2939957539","33700941","LaSalle County","A","+41.3433407","-088.8859312","06","2",,113924,56872,691,676,641,698,676,745,742,755,744,788,716,781,785,751,768,781,785,791,803,765,751,668,654,654,767,717,716,745,709,735,803,655,683,617,646,675,631,631,695,726,755,697,755,789,763,813,873,909,908,944,969,957,951,900,848,902,866,792,803,736,765,651,672,626,492,476,497,508,496,432,393,378,404,362,367,314,299,278,263,274,276,249,255,235,207,179,154,127,114,108,79,61,66,40,19,23,16,12,4,7,4,0,0,57052,598,652,669,686,631,694,706,707,716,748,755,781,733,742,782,754,803,747,750,632,618,540,554,622,626,646,662,620,638,694,695,589,646,588,537,607,606,620,643,693,700,715,700,735,760,856,820,873,855,948,983,915,942,830,869,811,785,805,758,675,728,652,715,672,518,549,554,565,534,485,482,495,421,411,393,408,358,384,369,404,376,349,354,338,334,306,291,235,251,198,184,163,141,94,76,61,44,27,28,13,25,2,0,110974,54811,3381,3773,3800,2338,1479,682,602,1874,3339,3178,3179,3584,4280,4528,4047,1402,1774,957,1412,1864,1374,1133,831,56163,3234,3571,3792,2304,1377,612,537,1798,3244,3047,3161,3589,4343,4526,3823,1375,1894,1095,1566,2177,1846,1618,1634,2950,2061,22,20,6,0,0,3,3,0,0,14,4,0,10,0,0,0,0,0,0,0,2,0,0,0,0,2,2,0,0,0,0,0,1634,1515,1482,0,0,1337,145,0,0,0,0,0,0,30,3,0,0,3,0,0,119,0,0,0,0,119,20,88,0,0,0,11,405,400,3,0,0,0,3,0,0,0,0,0,0,343,54,0,0,54,0,0,5,0,0,0,0,5,0,5,0,0,0,0,889,3,0,0,0,0,0,0,0,0,0,0,0,0,0,0,0,0,0,0,0,3,0,0,0,0,3,2,0,0,0,0,1,120,48,25,0,0,0,25,0,0,0,0,0,0,21,2,0,0,2,0,0,72,0,0,0,0,72,8,59,0,0,0,5,766,758,0,0,0,0,0,0,0,0,0,0,0,615,143,0,0,143,0,0,8,0,0,0,0,8,1,7,0,0,0,0
"G1701010","2010","IL","2","3","Illinois","17","Lawrence County","101",,,,,,,,,,,,,,,"99999","99999","999",,,,,,,,,,,,,,,,,"963936870","5077778","Lawrence County","A","+38.7189542","-087.7302207","06","9",,16833,9423,81,93,84,98,85,107,80,110,91,81,99,94,89,95,107,84,94,88,145,147,130,170,161,154,166,187,163,183,181,174,169,180,144,136,145,138,172,166,127,179,158,158,137,127,156,136,148,139,133,147,166,149,133,121,111,131,102,115,100,102,95,95,93,96,71,65,70,65,55,54,70,54,63,53,59,48,55,36,49,29,44,29,36,37,21,35,19,21,12,14,11,2,9,3,3,5,0,0,0,0,1,0,0,7410,87,80,83,94,89,90,65,92,77,82,79,89,82,82,98,86,92,100,87,74,83,74,71,67,80,94,83,76,88,80,78,76,87,101,79,63,81,85,91,87,83,82,78,88,95,100,91,111,122,109,117,124,117,132,99,121,112,86,112,106,109,74,96,79,79,67,72,84,85,78,76,72,68,62,55,63,48,52,70,70,54,41,68,61,49,30,35,35,43,26,16,18,9,10,8,2,9,6,7,4,3,0,0,14362,7034,441,469,484,265,223,69,70,196,403,418,451,454,519,546,502,181,249,130,172,290,212,162,128,7328,433,406,430,277,161,83,74,216,420,421,407,420,533,587,535,181,253,138,247,326,293,259,228,2471,2389,1,1,1,0,0,1,0,0,0,0,0,0,0,0,0,0,0,0,0,0,0,0,0,0,0,0,0,0,0,0,0,0,2355,2342,2341,0,0,2341,0,0,0,0,0,0,0,1,0,0,0,0,0,0,13,0,0,0,0,13,0,13,0,0,0,0,33,33,16,0,0,16,0,0,0,0,0,0,0,17,0,0,0,0,0,0,0,0,0,0,0,0,0,0,0,0,0,0,82,1,0,0,0,0,0,0,0,0,0,0,0,0,0,0,0,0,0,0,0,1,0,0,0,0,1,0,1,0,0,0,0,16,0,0,0,0,0,0,0,0,0,0,0,0,0,0,0,0,0,0,0,16,0,0,0,0,16,0,16,0,0,0,0,65,62,0,0,0,0,0,0,0,0,0,0,0,62,0,0,0,0,0,0,3,0,0,0,0,3,0,3,0,0,0,0
"G1701030","2010","IL","2","3","Illinois","17","Lee County","103",,,,,,,,,,,,,,,"19940","99999","999",,,,,,,,,,,,,,,,,"1877472815","10506478","Lee County","A","+41.7474419","-089.2993505","06","2",,36031,18910,226,204,222,209,218,192,190,195,208,232,198,205,211,206,229,260,230,290,244,240,226,211,224,220,237,230,223,225,246,236,256,265,266,252,225,222,231,236,271,274,291,274,246,296,287,350,321,355,304,333,358,321,313,297,310,307,266,263,245,269,238,231,260,232,197,187,171,165,159,149,131,110,160,130,108,126,88,106,107,80,97,67,71,67,45,44,30,41,29,22,14,17,18,7,5,2,1,3,0,1,3,0,0,17121,186,181,200,213,189,219,227,206,187,206,219,199,211,204,244,263,223,232,239,193,190,189,162,159,182,159,181,164,213,196,198,171,168,174,184,188,176,177,177,200,214,219,194,274,249,263,261,252,267,294,278,258,295,280,275,260,238,248,251,238,201,221,239,232,188,152,160,173,154,139,128,165,147,115,129,115,112,121,97,118,108,83,84,105,92,75,63,73,64,66,43,41,32,33,22,18,16,14,6,5,15,0,0,33159,16346,1079,1017,1047,761,426,184,180,565,870,889,923,1074,1387,1394,1197,404,599,318,437,586,479,326,204,16813,969,1045,1074,714,414,183,185,500,909,888,915,1140,1323,1367,1220,420,650,309,460,672,540,435,481,2872,2564,21,20,5,0,0,5,0,0,0,15,0,15,0,0,0,0,0,0,0,0,1,0,0,0,0,1,0,1,0,0,0,0,2332,2213,2137,0,0,2104,33,0,0,0,0,0,0,75,1,1,0,0,0,0,119,52,0,0,0,67,2,65,0,0,0,0,211,203,140,0,0,140,0,0,0,0,0,0,0,62,1,1,0,0,0,0,8,0,0,0,0,8,2,6,0,0,0,0,308,7,6,0,0,0,0,0,0,0,6,0,6,0,0,0,0,0,0,0,0,1,0,0,0,0,1,0,1,0,0,0,0,115,48,7,0,0,0,7,0,0,0,0,0,0,37,4,4,0,0,0,0,67,26,0,0,0,41,3,38,0,0,0,0,186,174,0,0,0,0,0,0,0,0,0,0,0,174,0,0,0,0,0,0,12,0,0,0,0,12,0,12,0,0,0,0
"G1701050","2010","IL","2","3","Illinois","17","Livingston County","105",,,,,,,,,,,,,,,"38700","99999","999",,,,,,,,,,,,,,,,,"2704686611","4252873","Livingston County","A","+40.8943761","-088.5528518","06","2",,38950,19526,223,222,250,225,237,239,275,239,249,271,267,253,273,258,253,267,260,300,312,230,220,234,228,231,249,239,264,248,253,226,272,228,245,229,271,245,213,220,245,279,258,256,244,294,268,281,343,309,316,319,342,367,346,327,290,279,309,291,267,248,263,211,236,221,124,152,143,173,154,173,119,143,129,119,106,108,85,109,94,75,85,73,87,78,60,51,48,37,40,25,30,22,22,9,10,10,2,3,0,1,0,0,0,19424,200,226,201,216,210,209,220,199,255,226,234,230,254,249,251,264,270,283,239,210,212,213,195,222,235,236,242,227,257,233,225,235,228,219,229,192,193,211,240,244,261,241,257,267,256,282,306,310,315,308,317,303,308,311,299,268,248,247,258,264,239,228,230,225,175,181,199,218,158,155,155,149,155,163,140,105,122,131,128,138,124,115,135,113,109,79,81,71,92,66,62,40,41,34,28,26,17,10,8,2,17,0,0,35560,17613,1157,1273,1299,803,490,183,183,554,974,993,957,1103,1344,1521,1322,457,561,281,486,601,457,354,260,17947,1053,1109,1218,815,423,189,188,527,995,958,915,1112,1401,1461,1242,456,618,373,522,741,595,549,487,3390,1913,29,4,4,0,0,3,1,0,0,0,0,0,0,0,0,0,0,0,0,0,25,0,0,0,0,25,0,0,0,0,25,0,1748,1669,1661,0,0,1639,22,0,0,0,0,0,0,8,0,0,0,0,0,0,79,0,0,0,0,79,0,74,0,0,3,2,136,136,22,0,0,22,0,0,0,0,0,0,0,114,0,0,0,0,0,0,0,0,0,0,0,0,0,0,0,0,0,0,1477,2,2,2,0,0,2,0,0,0,0,0,0,0,0,0,0,0,0,0,0,0,0,0,0,0,0,0,0,0,0,0,0,1175,1121,1105,0,0,1105,0,0,0,0,0,0,0,16,0,0,0,0,0,0,54,0,0,0,0,54,0,54,0,0,0,0,300,296,4,0,0,4,0,0,0,0,0,0,0,292,0,0,0,0,0,0,4,0,0,0,0,4,0,4,0,0,0,0
"G1701070","2010","IL","2","3","Illinois","17","Logan County","107",,,,,,,,,,,,,,,"30660","99999","999",,,,,,,,,,,,,,,,,"1600764560","2247126","Logan County","A","+40.1290697","-089.3653078","06","2",,30305,15368,162,164,175,159,173,178,190,182,146,173,159,166,157,168,181,185,197,214,224,325,319,250,244,234,212,244,215,260,243,243,231,243,207,218,206,208,186,169,223,224,234,159,217,222,193,199,236,216,241,240,262,222,238,232,211,201,209,221,182,190,184,186,164,150,121,133,150,132,117,92,101,105,103,73,74,77,73,87,67,71,53,58,47,60,43,50,45,27,43,24,19,15,18,11,7,4,1,0,1,0,0,0,0,14937,138,154,160,161,155,142,168,154,163,171,163,187,165,169,168,174,172,169,214,276,234,195,160,212,190,180,151,187,188,194,207,175,196,143,180,183,182,182,178,187,193,174,200,197,194,196,217,235,209,233,257,221,226,203,234,197,212,215,192,199,188,152,186,166,135,128,150,167,135,130,101,118,114,110,116,101,108,101,103,92,85,86,102,76,102,74,87,64,63,56,39,35,28,23,25,18,10,10,7,4,10,1,0,25944,12710,833,869,831,588,294,129,153,450,787,712,698,778,942,1040,941,355,417,277,337,448,362,243,226,13234,768,798,852,514,270,121,142,449,749,733,739,787,955,1059,979,335,478,275,427,546,479,382,397,4361,2658,8,7,7,0,0,4,3,0,0,0,0,0,0,0,0,0,0,0,0,0,1,1,0,0,0,0,0,0,0,0,0,0,2562,2076,2052,0,0,2027,25,0,0,0,0,0,0,24,0,0,0,0,0,0,486,441,0,0,0,45,0,44,0,0,0,1,88,85,7,0,0,7,0,0,0,0,0,0,0,78,0,0,0,0,0,0,3,0,0,0,0,3,0,3,0,0,0,0,1703,1,0,0,0,0,0,0,0,0,0,0,0,0,0,0,0,0,0,0,0,1,1,0,0,0,0,0,0,0,0,0,0,1429,1015,992,0,0,992,0,0,0,0,0,0,0,23,0,0,0,0,0,0,414,374,0,0,0,40,0,35,0,0,4,1,273,268,2,0,0,2,0,0,0,0,0,0,0,266,0,0,0,0,0,0,5,0,0,0,0,5,0,5,0,0,0,0
"G1701090","2010","IL","2","3","Illinois","17","McDonough County","109",,,,,,,,,,,,,,,"31380","99999","999",,,,,,,,,,,,,,,,,"1526558259","2012556","McDonough County","A","+40.4557890","-090.6775788","06","2",,32612,16330,152,167,146,151,172,160,150,145,151,140,170,134,127,118,107,140,165,168,385,797,937,1000,925,560,415,298,261,195,207,159,172,158,153,163,123,134,105,152,169,148,165,135,104,135,159,166,149,189,178,150,191,167,195,175,176,183,185,169,162,178,197,147,195,152,123,123,143,135,109,112,101,96,86,83,77,72,61,64,68,72,65,62,50,56,48,50,41,23,28,22,15,20,9,10,11,5,5,3,0,0,1,0,0,16282,126,165,132,156,138,143,160,168,129,165,154,131,132,125,136,152,127,141,491,811,851,872,623,384,305,216,209,186,179,146,171,145,131,134,126,134,120,142,157,149,144,134,121,165,128,179,159,189,163,174,213,183,200,194,177,194,183,186,188,191,172,181,173,164,147,120,145,145,115,107,116,106,97,95,104,101,105,105,73,127,106,67,92,69,79,111,70,61,72,71,46,54,29,32,32,17,16,11,5,11,6,0,0,28576,14441,788,746,656,473,485,479,702,1608,1084,758,703,696,827,903,873,341,467,261,348,435,324,271,213,14135,717,765,678,418,310,375,628,1148,913,705,698,689,861,961,935,351,478,265,362,514,494,377,493,4036,1889,0,0,0,0,0,0,0,0,0,0,0,0,0,0,0,0,0,0,0,0,0,0,0,0,0,0,0,0,0,0,0,0,1815,5,0,0,0,0,0,0,0,0,0,0,0,5,0,0,0,0,0,0,1810,1784,0,0,0,26,2,17,7,0,0,0,74,67,0,0,0,0,0,0,0,0,0,0,0,67,0,0,0,0,0,0,7,0,0,0,0,7,0,7,0,0,0,0,2147,2,0,0,0,0,0,0,0,0,0,0,0,0,0,0,0,0,0,0,0,2,2,0,0,0,0,0,0,0,0,0,0,1932,18,0,0,0,0,0,0,0,0,0,0,0,18,0,0,0,0,0,0,1914,1894,0,0,0,20,3,16,1,0,0,0,213,213,0,0,0,0,0,0,0,0,0,0,0,213,0,0,0,0,0,0,0,0,0,0,0,0,0,0,0,0,0,0
"G1701110","2010","IL","2","3","Illinois","17","McHenry County","111",,,,,,,,,,,,,,,"16980","16974","176",,,,,,,,,,,,,,,,,"1562206475","19791771","McHenry County","A","+42.3242982","-088.4522450","06","1",,308760,153936,1887,1883,2014,2147,2221,2277,2374,2357,2441,2521,2575,2581,2564,2605,2599,2747,2640,2617,2345,1871,1762,1566,1545,1638,1691,1719,1652,1643,1714,1728,1846,1751,1833,1826,1814,1961,1969,1991,2263,2468,2571,2536,2459,2504,2575,2895,2662,2772,2777,2749,2744,2557,2508,2358,2284,2194,2047,1968,1795,1811,1744,1539,1613,1543,1183,1070,1204,1229,1039,867,806,716,683,603,606,580,478,440,407,437,371,371,350,269,260,234,194,147,113,126,101,53,48,27,25,18,14,9,2,2,3,0,0,154824,1767,1809,1943,2042,2183,2165,2249,2318,2345,2361,2500,2399,2452,2487,2491,2547,2606,2461,2159,1612,1467,1337,1417,1492,1553,1504,1519,1687,1704,1693,1814,1694,1812,1865,1943,2038,1975,2118,2252,2547,2711,2519,2540,2621,2718,2889,2758,2811,2664,2723,2885,2581,2519,2307,2176,2167,1988,1987,1838,1779,1707,1676,1668,1617,1230,1236,1278,1331,1117,936,829,839,802,723,646,636,571,585,511,577,512,502,492,438,393,360,355,316,252,238,189,173,146,131,94,68,49,34,21,18,19,1,0,307113,153065,10147,11969,12918,8001,4194,1748,1550,4809,8356,8968,10565,12567,13787,12394,9765,3266,4327,2270,3119,3400,2315,1577,1053,154048,9740,11432,12325,7614,3765,1462,1336,4451,8080,9108,10912,13089,13827,12443,9735,3373,4503,2503,3370,3810,2822,2242,2106,1647,871,15,2,2,0,0,0,2,0,0,0,0,0,0,0,0,0,0,0,0,0,13,0,0,0,0,13,13,0,0,0,0,0,688,573,487,0,0,0,487,0,0,0,0,0,0,86,0,0,0,0,0,0,115,0,0,0,0,115,59,46,1,0,0,9,168,141,4,0,0,0,4,0,0,0,0,0,0,134,3,0,0,3,0,0,27,0,0,0,0,27,0,10,17,0,0,0,776,14,0,0,0,0,0,0,0,0,0,0,0,0,0,0,0,0,0,0,0,14,0,0,0,0,14,14,0,0,0,0,0,197,120,44,0,0,0,44,0,0,0,0,0,0,76,0,0,0,0,0,0,77,0,0,0,0,77,38,38,0,0,0,1,565,501,0,0,0,0,0,0,0,0,0,0,0,495,6,0,0,6,0,0,64,0,0,0,0,64,0,20,42,0,2,0
"G1701130","2010","IL","2","3","Illinois","17","McLean County","113",,,,,,,,,,,,,,,"14060","99999","999",,,,,,,,,,,,,,,,,"3064933852","7490543","McLean County","A","+40.4945594","-088.8445391","06","1",,169572,82329,1017,1106,1117,1090,1044,1179,1135,1062,1097,1086,1064,1117,1050,1044,1102,1088,1146,1078,1537,2152,2462,2579,2098,1508,1367,1323,1206,1181,1204,1212,1090,1165,1143,1136,1041,1105,968,1050,1122,1177,1027,1004,1014,1025,1003,1113,1091,1130,1146,1177,1115,1105,1108,1034,999,1023,975,900,944,831,815,864,800,736,546,561,520,523,433,406,368,413,374,298,326,302,250,271,241,219,208,219,228,176,177,146,142,103,128,94,54,49,40,23,24,17,5,9,4,2,3,0,0,87243,1032,1002,1059,1091,1092,1037,1088,1083,1082,1065,1037,974,977,1013,1043,1058,1024,1033,1871,2916,2971,2882,2327,1491,1217,1286,1212,1204,1176,1197,1202,1175,1143,1111,1064,1071,929,1005,1032,1116,1066,1042,1055,1036,1098,1155,1174,1157,1181,1202,1218,1089,1134,1143,1137,1087,1024,1068,965,964,892,843,800,795,546,546,584,602,491,490,431,456,420,388,385,365,345,345,330,362,356,335,331,308,298,272,246,222,190,158,153,122,114,93,64,62,42,29,20,11,17,1,0,158896,77837,5371,5558,5369,3269,1802,1376,2174,4612,5943,5501,5366,5020,5610,5324,4649,1668,2077,1073,1348,1755,1251,966,755,81059,5274,5350,5039,3089,1732,1536,2429,4679,5953,5650,5117,5281,5857,5709,5097,1730,2132,1124,1570,2051,1690,1503,1467,10676,4492,55,45,5,0,0,0,5,0,0,40,0,28,12,0,0,0,0,0,0,0,10,0,0,0,0,10,9,0,0,0,0,1,4229,236,189,0,0,0,189,0,0,5,0,5,0,42,0,0,0,0,0,0,3993,3828,0,0,0,165,77,49,0,0,3,36,208,180,0,0,0,0,0,0,0,0,0,0,0,180,0,0,0,0,0,0,28,0,0,0,0,28,0,0,0,0,19,9,6184,38,20,1,0,0,0,1,0,0,19,0,17,2,0,0,0,0,0,0,0,18,6,0,0,0,12,12,0,0,0,0,0,5567,72,40,0,0,0,40,0,0,1,0,1,0,31,0,0,0,0,0,0,5495,5425,0,0,0,70,31,23,0,0,2,14,579,514,0,0,0,0,0,0,0,0,0,0,0,514,0,0,0,0,0,0,65,0,0,0,0,65,0,0,0,0,64,1
"G1701150","2010","IL","2","3","Illinois","17","Macon County","115",,,,,,,,,,,,,,,"19500","99999","999",,,,,,,,,,,,,,,,,"1503976676","13406333","Macon County","A","+39.8602372","-088.9615288","06","1",,110768,52950,708,646,715,725,676,703,724,715,677,685,742,658,681,698,660,777,788,775,776,767,821,723,656,600,601,594,608,623,621,623,690,582,648,608,627,616,586,592,632,660,650,574,607,677,639,684,715,724,771,825,810,845,849,809,860,863,775,760,794,767,723,693,721,689,494,515,510,528,452,438,400,381,365,295,325,329,275,302,285,271,241,265,220,222,164,157,143,122,103,85,47,56,44,24,27,13,9,8,2,0,2,0,0,57818,674,685,680,700,727,708,643,665,668,688,688,757,677,747,662,700,741,721,773,956,893,789,683,613,701,642,680,673,704,671,730,660,691,676,637,621,660,629,667,701,674,654,576,665,715,768,799,772,798,892,815,847,877,911,926,877,793,884,788,775,780,748,757,735,494,575,584,578,500,478,456,450,413,450,386,386,396,419,374,396,387,356,294,335,305,297,277,228,213,179,166,141,131,75,74,54,50,36,23,18,34,3,0,106709,51243,3466,3504,3430,2315,1267,643,605,1746,2977,3072,3006,3055,3610,4054,3858,1388,1889,1010,1396,1729,1422,1051,750,55466,3463,3366,3529,2152,1328,675,660,1884,3253,3299,3165,3176,3890,4314,4069,1516,1969,1143,1541,2109,1888,1539,1538,4059,1707,38,27,8,0,0,0,8,0,0,19,19,0,0,0,0,0,0,0,0,0,11,0,0,0,0,11,6,0,0,0,0,5,1402,439,340,0,0,2,228,110,0,1,1,0,0,98,0,0,0,0,0,0,963,554,0,0,0,409,116,61,31,0,0,201,267,230,2,0,0,0,2,0,0,0,0,0,0,228,0,0,0,0,0,0,37,0,0,0,0,37,6,7,0,0,14,10,2352,21,6,0,0,0,0,0,0,0,6,3,0,3,0,0,0,0,0,0,0,15,1,0,0,0,14,2,0,0,0,0,12,1572,600,498,0,0,496,0,2,0,26,0,0,26,76,0,0,0,0,0,0,972,750,0,0,0,222,57,58,9,0,0,98,759,702,3,0,0,3,0,0,0,0,0,0,0,699,0,0,0,0,0,0,57,0,0,0,0,57,3,0,0,0,43,11
"G1701170","2010","IL","2","3","Illinois","17","Macoupin County","117",,,,,,,,,,,,,,,"41180","99999","476",,,,,,,,,,,,,,,,,"2234917323","12287254","Macoupin County","A","+39.2659000","-089.9263435","06","1",,47765,23548,285,267,298,303,320,315,300,322,315,302,344,321,326,313,323,371,306,347,330,305,304,280,265,245,270,283,289,285,261,280,264,260,260,255,249,277,273,253,304,313,301,275,280,267,315,333,331,369,344,378,391,358,378,379,385,355,327,359,345,332,331,279,302,301,225,200,236,249,211,216,186,161,157,156,157,179,152,105,130,122,125,122,100,82,81,61,62,56,47,35,35,25,27,15,11,6,8,3,3,2,2,0,0,24217,224,271,273,311,266,287,287,253,294,281,270,289,289,281,294,321,300,306,327,305,305,299,274,223,268,270,235,304,258,251,271,271,274,263,253,281,273,270,275,284,293,296,281,291,343,353,415,343,354,391,380,345,379,377,367,377,361,335,348,301,300,329,339,318,224,252,261,248,220,187,202,174,205,182,195,183,174,179,157,173,167,159,150,142,135,120,120,122,111,86,62,62,55,46,30,32,16,11,7,11,10,0,0,46889,23248,1473,1554,1627,1022,590,266,243,754,1391,1285,1416,1431,1745,1882,1705,601,825,435,670,809,672,495,357,23641,1345,1402,1423,926,549,257,258,730,1316,1330,1382,1496,1852,1841,1715,625,872,506,649,941,826,692,708,876,300,2,1,1,0,0,0,1,0,0,0,0,0,0,0,0,0,0,0,0,0,1,1,0,0,0,0,0,0,0,0,0,0,211,31,14,0,0,0,14,0,0,0,0,0,0,17,0,0,0,0,0,0,180,145,0,0,0,35,0,35,0,0,0,0,87,84,0,0,0,0,0,0,0,0,0,0,0,84,0,0,0,0,0,0,3,0,0,0,0,3,0,3,0,0,0,0,576,1,0,0,0,0,0,0,0,0,0,0,0,0,0,0,0,0,0,0,0,1,1,0,0,0,0,0,0,0,0,0,0,251,19,2,0,0,0,2,0,0,0,0,0,0,17,0,0,0,0,0,0,232,207,0,0,0,25,0,25,0,0,0,0,324,317,0,0,0,0,0,0,0,0,0,0,0,317,0,0,0,0,0,0,7,0,0,0,0,7,0,7,0,0,0,0
"G1701190","2010","IL","2","3","Illinois","17","Madison County","119",,,,,,,,,,,,,,,"41180","99999","476",,,,,,,,,,,,,,,,,"1853347576","64697196","Madison County","A","+38.8270818","-089.9001954","06","1",,269282,131578,1599,1661,1670,1740,1676,1765,1796,1759,1782,1751,1771,1800,1791,1739,1795,1841,1862,1813,1855,1973,2033,1976,1990,1950,1939,1841,1795,1761,1813,1761,1729,1620,1590,1546,1490,1617,1449,1608,1743,1772,1817,1678,1636,1675,1811,2020,1893,1990,2065,2082,2235,2059,2095,2056,2029,1934,1798,1714,1696,1515,1487,1456,1479,1553,1086,1113,1120,1136,1039,900,815,836,829,696,735,671,616,597,576,603,526,451,489,426,410,328,293,277,170,164,112,106,71,46,34,22,15,12,14,4,5,0,0,137704,1500,1572,1664,1609,1616,1636,1676,1630,1581,1689,1636,1642,1633,1647,1713,1679,1768,1744,1800,2025,2161,2011,2065,1849,1965,1810,1811,1743,1752,1750,1767,1714,1733,1584,1517,1655,1618,1632,1817,1804,1871,1728,1643,1689,1790,2032,1957,2081,2111,2126,2095,2146,2191,2000,2005,2029,1806,1837,1817,1674,1636,1588,1652,1628,1183,1175,1216,1304,1119,1057,1029,993,937,859,851,915,799,822,800,847,810,786,744,728,612,599,549,500,439,346,325,227,200,172,115,104,62,63,20,21,23,3,0,265528,130098,8343,8850,8885,5495,3484,1966,1920,5818,8908,7928,8142,8566,9968,10399,8580,2908,4086,2211,3028,3861,2997,2224,1531,135430,7955,8211,8265,5183,3357,2043,1953,5816,8835,8288,8498,8703,10245,10381,9093,3208,4434,2364,3442,4578,4043,3441,3094,3754,1480,38,29,0,0,0,0,0,0,0,29,0,14,15,0,0,0,0,0,0,0,9,3,0,0,0,6,5,0,0,0,0,1,1037,176,14,14,0,0,0,0,0,8,0,8,0,60,94,94,0,0,0,0,861,475,0,0,0,386,10,161,177,0,0,38,405,340,0,0,0,0,0,0,0,0,0,0,0,338,2,2,0,0,0,0,65,0,0,0,0,65,0,27,27,0,8,3,2274,21,3,0,0,0,0,0,0,0,3,0,0,3,0,0,0,0,0,0,0,18,4,0,0,0,14,11,0,0,0,0,3,1044,88,0,0,0,0,0,0,0,0,0,0,0,66,22,22,0,0,0,0,956,683,0,0,0,273,15,120,125,0,0,13,1209,1109,0,0,0,0,0,0,0,0,0,0,0,1109,0,0,0,0,0,0,100,0,0,0,0,100,0,13,13,0,28,46
"G1701210","2010","IL","2","3","Illinois","17","Marion County","121",,,,,,,,,,,,,,,"16460","99999","999",,,,,,,,,,,,,,,,,"1482413602","9512893","Marion County","A","+38.6483956","-088.9202214","06","2",,39437,19181,247,258,259,268,262,240,240,225,238,235,263,237,268,256,279,289,295,314,286,285,232,185,219,220,227,213,218,236,216,244,223,191,236,193,228,207,205,220,229,254,217,215,241,215,247,268,306,262,293,291,298,298,314,245,324,311,264,277,272,208,242,264,266,223,195,201,187,193,199,183,167,160,136,137,138,123,118,106,94,78,99,85,94,71,57,59,61,49,45,27,37,23,13,11,6,6,11,5,3,0,3,0,0,20256,232,230,301,247,253,239,218,215,256,270,237,260,258,257,246,264,271,311,251,227,243,220,205,198,223,238,207,212,221,223,210,218,194,204,228,214,207,219,228,242,269,222,221,218,234,302,278,295,290,346,296,290,318,315,309,306,290,265,284,264,262,275,254,299,219,190,222,219,198,191,196,183,169,157,167,140,128,135,124,134,135,105,107,116,114,115,94,92,99,78,68,61,59,33,28,25,12,18,9,7,10,0,0,38679,18835,1294,1178,1299,895,562,226,184,641,1096,1054,1096,1119,1394,1458,1315,502,675,381,565,721,502,374,304,19844,1263,1198,1255,834,478,241,220,624,1095,1047,1106,1159,1498,1511,1394,530,765,406,600,848,621,518,633,758,346,7,7,0,0,0,0,0,0,0,7,7,0,0,0,0,0,0,0,0,0,0,0,0,0,0,0,0,0,0,0,0,0,201,174,104,0,0,0,104,0,0,1,1,0,0,69,0,0,0,0,0,0,27,10,0,0,0,17,3,14,0,0,0,0,138,135,0,0,0,0,0,0,0,0,0,0,0,135,0,0,0,0,0,0,3,0,0,0,0,3,0,3,0,0,0,0,412,15,15,0,0,0,0,0,0,0,15,15,0,0,0,0,0,0,0,0,0,0,0,0,0,0,0,0,0,0,0,0,0,85,75,10,0,0,0,10,0,0,0,0,0,0,65,0,0,0,0,0,0,10,2,0,0,0,8,0,8,0,0,0,0,312,307,0,0,0,0,0,0,0,0,0,0,0,307,0,0,0,0,0,0,5,0,0,0,0,5,0,5,0,0,0,0
"G1701230","2010","IL","2","3","Illinois","17","Marshall County","123",,,,,,,,,,,,,,,"37900","99999","426",,,,,,,,,,,,,,,,,"1001778707","30368289","Marshall County","A","+41.0311192","-089.3423714","06","1",,12640,6226,60,68,80,81,68,55,75,72,79,79,77,76,77,85,97,85,87,87,82,81,66,55,51,57,55,45,63,65,67,69,74,55,73,56,57,67,66,79,74,82,73,78,77,82,84,70,99,89,97,106,119,98,101,96,98,97,104,89,112,95,96,86,81,84,85,67,72,81,74,65,60,59,43,46,40,37,31,47,46,37,34,37,23,40,31,31,18,18,14,18,8,6,7,5,2,3,3,0,0,0,0,0,0,6414,77,55,56,74,62,65,62,93,62,81,75,77,71,93,65,92,106,88,87,63,63,56,49,61,61,55,59,80,58,76,62,57,58,48,81,67,47,62,70,78,70,70,78,75,96,82,90,102,107,111,98,89,108,87,97,102,120,86,84,88,111,80,110,97,59,58,82,79,80,64,57,67,55,47,53,50,38,64,70,48,43,34,49,31,44,36,34,33,34,17,27,18,19,5,13,8,3,2,2,0,1,0,0,12385,6139,357,360,412,259,163,65,53,163,307,314,366,393,457,506,494,181,243,138,215,243,187,145,118,6246,324,363,381,286,150,63,56,171,326,306,322,386,484,469,472,188,259,140,222,273,248,170,187,255,87,0,0,0,0,0,0,0,0,0,0,0,0,0,0,0,0,0,0,0,0,0,0,0,0,0,0,0,0,0,0,0,0,30,30,7,0,0,0,7,0,0,0,0,0,0,23,0,0,0,0,0,0,0,0,0,0,0,0,0,0,0,0,0,0,57,55,0,0,0,0,0,0,0,0,0,0,0,55,0,0,0,0,0,0,2,0,0,0,0,2,0,0,0,0,0,2,168,0,0,0,0,0,0,0,0,0,0,0,0,0,0,0,0,0,0,0,0,0,0,0,0,0,0,0,0,0,0,0,0,43,36,0,0,0,0,0,0,0,0,0,0,0,36,0,0,0,0,0,0,7,0,0,0,0,7,0,0,0,0,0,7,125,121,0,0,0,0,0,0,0,0,0,0,0,121,0,0,0,0,0,0,4,0,0,0,0,4,0,0,0,0,0,4
"G1701250","2010","IL","2","3","Illinois","17","Mason County","125",,,,,,,,,,,,,,,"99999","99999","999",,,,,,,,,,,,,,,,,"1396619128","62745254","Mason County","A","+40.2369926","-089.9135746","06","9",,14666,7198,72,65,62,98,75,74,80,77,112,86,94,98,101,87,108,110,106,92,120,84,84,69,65,71,75,70,63,86,66,67,89,65,76,73,78,89,72,73,87,91,106,87,82,101,109,120,115,104,107,124,111,118,107,99,104,108,108,106,117,113,121,99,104,101,77,82,68,79,78,70,82,59,61,51,52,54,46,39,34,49,52,36,45,28,29,31,21,25,16,8,8,8,11,5,6,4,0,1,1,0,1,0,0,7468,58,82,81,78,86,94,113,98,91,76,94,105,99,86,94,117,99,79,93,69,74,59,66,55,66,64,70,94,81,79,77,63,75,78,70,92,69,87,97,76,89,87,91,92,102,116,111,116,109,112,125,106,127,118,92,108,122,107,103,80,103,119,96,101,87,103,81,99,78,64,55,77,68,58,50,57,56,68,43,63,57,59,47,50,35,46,40,44,27,26,31,22,19,12,6,3,3,4,2,8,4,0,0,14460,7108,372,429,488,308,199,84,68,207,345,373,405,480,563,537,548,218,281,150,227,300,216,183,127,7352,385,472,478,295,162,73,59,187,386,361,419,459,562,568,516,222,282,184,239,305,277,230,231,206,90,0,0,0,0,0,0,0,0,0,0,0,0,0,0,0,0,0,0,0,0,0,0,0,0,0,0,0,0,0,0,0,0,53,42,36,0,0,0,36,0,0,0,0,0,0,6,0,0,0,0,0,0,11,0,0,0,0,11,0,11,0,0,0,0,37,35,0,0,0,0,0,0,0,0,0,0,0,35,0,0,0,0,0,0,2,0,0,0,0,2,0,2,0,0,0,0,116,0,0,0,0,0,0,0,0,0,0,0,0,0,0,0,0,0,0,0,0,0,0,0,0,0,0,0,0,0,0,0,0,17,9,4,0,0,0,4,0,0,0,0,0,0,5,0,0,0,0,0,0,8,0,0,0,0,8,0,8,0,0,0,0,99,92,0,0,0,0,0,0,0,0,0,0,0,92,0,0,0,0,0,0,7,0,0,0,0,7,0,7,0,0,0,0
"G1701270","2010","IL","2","3","Illinois","17","Massac County","127",,,,,,,,,,,,,,,"37140","99999","424",,,,,,,,,,,,,,,,,"614390561","11904547","Massac County","A","+37.2161190","-088.7056578","06","2",,15429,7374,89,91,89,90,92,106,95,100,95,89,96,88,99,94,108,108,114,112,101,106,84,66,67,57,71,84,65,84,85,72,75,66,75,92,92,96,81,69,95,118,121,108,96,86,84,123,116,93,114,125,131,115,106,100,116,118,111,107,79,101,103,102,101,95,71,76,68,93,78,53,69,54,63,64,55,43,34,37,41,49,37,43,32,29,24,25,28,27,10,14,10,12,6,3,9,3,2,4,1,0,0,0,0,8055,80,103,110,84,122,111,102,99,96,89,98,96,104,96,87,94,91,101,86,94,89,89,68,87,73,67,80,88,84,115,89,94,90,96,70,95,99,101,85,104,100,105,97,81,118,110,124,107,103,127,128,130,126,132,144,105,105,101,88,114,92,102,100,96,72,95,96,91,93,72,66,77,74,69,55,68,56,55,61,46,54,53,62,39,50,51,38,35,44,24,22,20,23,9,8,8,8,6,2,5,6,1,0,15137,7283,450,484,484,334,207,83,66,193,389,396,459,490,570,565,511,203,265,143,223,299,194,154,121,7854,499,496,481,286,179,89,89,227,433,437,482,499,565,652,512,192,267,186,255,326,273,220,209,292,91,3,0,0,0,0,0,0,0,0,0,0,0,0,0,0,0,0,0,0,0,3,0,0,0,0,3,0,0,0,0,3,0,26,10,0,0,0,0,0,0,0,0,0,0,0,10,0,0,0,0,0,0,16,0,0,0,0,16,0,10,0,0,6,0,62,41,0,0,0,0,0,0,0,0,0,0,0,41,0,0,0,0,0,0,21,0,0,0,0,21,0,21,0,0,0,0,201,1,0,0,0,0,0,0,0,0,0,0,0,0,0,0,0,0,0,0,0,1,0,0,0,0,1,0,0,0,0,1,0,27,11,0,0,0,0,0,0,0,0,0,0,0,11,0,0,0,0,0,0,16,0,0,0,0,16,0,14,0,0,2,0,173,133,0,0,0,0,0,0,0,0,0,0,0,133,0,0,0,0,0,0,40,0,0,0,0,40,0,40,0,0,0,0
"G1701290","2010","IL","2","3","Illinois","17","Menard County","129",,,,,,,,,,,,,,,"44100","99999","999",,,,,,,,,,,,,,,,,"814388302","2641608","Menard County","A","+40.0225693","-089.7941326","06","1",,12705,6181,73,70,64,72,88,70,66,90,80,94,84,85,94,106,95,91,98,100,94,75,72,44,67,64,56,50,57,60,51,66,69,68,60,66,72,84,78,71,67,76,86,65,76,84,94,104,102,87,100,103,103,119,107,115,99,95,92,82,76,74,100,105,101,94,59,68,52,81,47,51,47,51,41,49,46,40,27,27,31,30,24,25,18,25,21,14,17,13,8,3,4,3,2,3,1,1,0,2,0,0,0,0,0,6524,58,70,78,82,84,71,89,73,65,95,76,81,86,93,90,84,107,99,83,58,58,52,68,56,55,51,59,65,65,74,71,51,67,72,78,58,65,87,77,87,85,86,91,99,98,113,105,128,102,95,94,128,107,92,95,104,108,106,75,108,105,106,88,93,69,84,75,48,56,54,58,65,61,42,45,46,33,45,24,33,27,34,26,29,34,23,23,17,24,22,16,15,15,11,7,8,1,1,3,0,1,0,0,12551,6135,367,400,464,289,168,71,44,187,281,334,374,401,495,542,418,204,252,119,179,232,153,104,57,6416,372,393,426,290,141,58,52,179,314,338,374,455,542,514,501,208,248,159,155,268,167,131,131,154,46,0,0,0,0,0,0,0,0,0,0,0,0,0,0,0,0,0,0,0,0,0,0,0,0,0,0,0,0,0,0,0,0,18,18,12,0,0,0,12,0,0,0,0,0,0,6,0,0,0,0,0,0,0,0,0,0,0,0,0,0,0,0,0,0,28,28,0,0,0,0,0,0,0,0,0,0,0,28,0,0,0,0,0,0,0,0,0,0,0,0,0,0,0,0,0,0,108,0,0,0,0,0,0,0,0,0,0,0,0,0,0,0,0,0,0,0,0,0,0,0,0,0,0,0,0,0,0,0,0,13,13,3,0,0,0,3,0,0,0,0,0,0,10,0,0,0,0,0,0,0,0,0,0,0,0,0,0,0,0,0,0,95,95,0,0,0,0,0,0,0,0,0,0,0,95,0,0,0,0,0,0,0,0,0,0,0,0,0,0,0,0,0,0
"G1701310","2010","IL","2","3","Illinois","17","Mercer County","131",,,,,,,,,,,,,,,"19340","99999","999",,,,,,,,,,,,,,,,,"1453506907","19403406","Mercer County","A","+41.2047906","-090.7414333","06","1",,16434,8125,82,92,97,87,104,101,82,100,113,104,125,116,119,126,119,104,112,103,119,89,77,69,82,82,90,79,86,73,84,81,87,72,81,94,85,84,85,91,116,106,92,91,93,111,100,136,127,142,121,131,151,125,139,128,126,129,120,141,109,134,113,128,115,111,87,61,111,111,90,84,74,64,62,57,50,51,54,50,55,46,33,33,40,19,28,21,19,23,28,16,11,9,4,4,8,2,0,3,3,1,2,0,0,8309,106,92,94,94,116,85,86,121,104,117,118,105,103,91,95,97,108,102,105,77,87,67,66,75,59,73,75,87,70,69,90,101,86,81,76,90,92,97,77,104,109,109,117,116,120,123,139,133,137,138,128,120,134,110,124,124,118,143,108,109,106,126,118,122,66,85,117,109,95,78,70,82,65,78,65,51,54,52,72,60,39,58,40,44,42,38,32,33,43,32,32,22,26,21,9,10,3,2,4,6,5,0,0,16249,8048,462,500,605,317,204,75,68,251,394,415,478,482,653,667,633,241,313,172,285,304,249,150,130,8201,502,513,512,307,182,87,67,200,374,433,457,571,670,616,602,232,303,201,280,356,282,208,246,185,77,2,2,2,0,0,0,2,0,0,0,0,0,0,0,0,0,0,0,0,0,0,0,0,0,0,0,0,0,0,0,0,0,38,37,36,0,0,0,36,0,0,0,0,0,0,1,0,0,0,0,0,0,1,0,0,0,0,1,0,0,0,0,0,1,37,37,0,0,0,0,0,0,0,0,0,0,0,37,0,0,0,0,0,0,0,0,0,0,0,0,0,0,0,0,0,0,108,0,0,0,0,0,0,0,0,0,0,0,0,0,0,0,0,0,0,0,0,0,0,0,0,0,0,0,0,0,0,0,0,7,7,2,0,0,0,2,0,0,0,0,0,0,5,0,0,0,0,0,0,0,0,0,0,0,0,0,0,0,0,0,0,101,101,0,0,0,0,0,0,0,0,0,0,0,101,0,0,0,0,0,0,0,0,0,0,0,0,0,0,0,0,0,0
"G1701330","2010","IL","2","3","Illinois","17","Monroe County","133",,,,,,,,,,,,,,,"41180","99999","476",,,,,,,,,,,,,,,,,"997173442","33734465","Monroe County","A","+38.2779831","-090.1790777","06","1",,32957,16282,184,173,186,232,211,189,201,271,258,262,263,259,271,218,262,245,271,237,191,168,167,154,145,171,200,147,181,152,176,193,182,182,212,185,214,189,176,185,207,260,206,212,216,225,242,274,279,274,276,314,280,303,330,281,258,289,248,243,231,204,177,178,193,209,113,145,126,121,137,110,96,97,98,83,99,82,76,85,62,76,67,63,53,65,53,44,37,32,17,10,16,17,8,9,3,4,1,1,2,1,1,0,0,16675,182,183,182,210,210,219,201,199,218,222,216,244,226,232,253,227,228,226,205,140,134,162,160,179,167,137,136,175,205,177,196,189,183,164,183,172,196,213,201,267,206,270,277,273,256,292,305,293,251,309,332,286,318,304,282,248,227,210,218,202,203,167,164,169,133,137,142,137,114,113,125,114,121,130,107,113,99,119,96,92,94,108,96,97,61,68,49,56,49,38,39,39,35,15,23,11,5,8,3,2,5,1,0,32614,16192,986,1181,1273,753,359,167,154,516,849,973,1015,1098,1416,1451,1213,355,513,269,366,469,369,276,171,16422,967,1059,1171,681,345,134,162,506,829,915,1048,1282,1448,1519,1100,370,462,276,363,588,495,394,308,343,90,0,0,0,0,0,0,0,0,0,0,0,0,0,0,0,0,0,0,0,0,0,0,0,0,0,0,0,0,0,0,0,0,13,6,0,0,0,0,0,0,0,0,0,0,0,6,0,0,0,0,0,0,7,0,0,0,0,7,0,7,0,0,0,0,77,75,0,0,0,0,0,0,0,0,0,0,0,75,0,0,0,0,0,0,2,0,0,0,0,2,0,2,0,0,0,0,253,0,0,0,0,0,0,0,0,0,0,0,0,0,0,0,0,0,0,0,0,0,0,0,0,0,0,0,0,0,0,0,0,16,9,0,0,0,0,0,0,0,0,0,0,0,9,0,0,0,0,0,0,7,0,0,0,0,7,0,7,0,0,0,0,237,237,0,0,0,0,0,0,0,0,0,0,0,237,0,0,0,0,0,0,0,0,0,0,0,0,0,0,0,0,0,0
"G1701350","2010","IL","2","3","Illinois","17","Montgomery County","135",,,,,,,,,,,,,,,"99999","99999","999",,,,,,,,,,,,,,,,,"1822539599","15512968","Montgomery County","A","+39.2280917","-089.4780068","06","9",,30104,15745,160,185,198,182,190,194,162,175,169,189,188,173,170,191,192,193,226,205,220,186,186,216,222,192,193,203,237,257,235,215,239,203,196,167,183,191,213,202,217,248,235,215,205,252,238,224,254,236,258,251,247,251,240,259,267,236,198,231,197,211,193,206,175,169,130,121,128,140,134,111,114,116,108,94,96,99,74,80,68,81,65,89,52,66,56,73,42,35,34,32,22,21,18,8,6,12,4,3,1,1,0,0,0,14359,163,146,147,183,149,157,159,167,159,174,162,171,156,170,209,172,205,195,188,130,136,115,148,158,142,155,143,156,170,181,135,142,142,160,148,163,130,148,158,160,172,171,170,163,227,243,200,213,244,264,238,200,190,226,227,202,194,207,216,178,183,197,172,179,136,127,134,124,160,149,150,125,126,108,123,97,109,97,103,123,118,121,113,99,76,76,103,65,70,60,47,41,28,30,27,16,15,17,4,4,10,0,0,27685,13626,914,888,914,619,354,137,162,404,786,696,795,898,1028,1137,1002,379,451,239,370,511,378,298,266,14059,787,816,868,572,316,136,115,446,801,726,756,897,1155,1071,989,373,479,261,424,618,508,485,460,2419,2119,7,5,5,0,0,5,0,0,0,0,0,0,0,0,0,0,0,0,0,0,2,0,0,0,0,2,2,0,0,0,0,0,1970,1935,1891,0,0,1870,21,0,0,0,0,0,0,44,0,0,0,0,0,0,35,0,0,0,0,35,0,18,8,0,0,9,142,138,18,0,0,18,0,0,0,0,0,0,0,120,0,0,0,0,0,0,4,0,0,0,0,4,0,0,0,0,0,4,300,1,0,0,0,0,0,0,0,0,0,0,0,0,0,0,0,0,0,0,0,1,0,0,0,0,1,0,0,0,0,0,1,60,35,5,0,0,1,4,0,0,0,0,0,0,30,0,0,0,0,0,0,25,0,0,0,0,25,1,13,0,0,1,10,239,237,0,0,0,0,0,0,0,0,0,0,0,237,0,0,0,0,0,0,2,0,0,0,0,2,0,0,0,0,0,2
"G1701370","2010","IL","2","3","Illinois","17","Morgan County","137",,,,,,,,,,,,,,,"27300","99999","999",,,,,,,,,,,,,,,,,"1473161231","9079454","Morgan County","A","+39.7168060","-090.2022771","06","2",,35547,17861,192,214,204,199,195,216,237,204,229,213,206,204,204,218,237,230,271,247,276,374,284,270,253,245,227,207,246,252,274,209,242,195,229,220,209,214,212,224,207,232,223,207,220,206,228,242,290,242,277,300,306,275,274,302,254,255,252,253,242,240,243,228,222,207,177,165,173,171,165,128,131,124,126,120,110,109,89,69,82,93,77,74,73,76,64,45,48,43,30,23,16,16,16,2,6,4,1,3,3,0,0,0,0,17686,193,184,203,201,166,192,202,206,200,219,205,198,204,202,217,221,229,225,225,247,274,300,274,198,204,212,197,196,203,199,174,196,180,198,179,143,179,161,197,208,214,209,211,199,208,240,262,279,249,265,271,277,276,254,265,247,240,245,259,224,271,221,241,215,173,187,208,176,178,164,166,152,153,124,129,131,129,106,118,127,128,109,88,122,99,104,85,83,70,70,53,56,27,39,18,23,12,8,7,2,9,0,0,32483,15813,1001,1083,1030,679,387,166,170,585,989,880,888,911,1199,1286,1178,456,590,328,442,593,427,333,212,16670,944,1010,991,626,305,171,178,595,988,914,880,1035,1274,1324,1193,487,615,385,503,696,570,495,491,3064,2048,127,123,1,0,0,1,0,0,0,0,0,0,0,0,122,0,0,0,0,122,4,1,0,0,0,3,0,0,0,0,0,3,1781,1128,1022,0,0,991,31,0,0,9,9,0,0,46,51,0,0,0,0,51,653,412,0,0,0,241,0,216,15,0,0,10,140,119,2,0,0,2,0,0,0,0,0,0,0,117,0,0,0,0,0,0,21,0,0,0,0,21,0,21,0,0,0,0,1016,96,92,0,0,0,0,0,0,0,2,2,0,0,0,90,0,0,0,0,90,4,1,0,0,0,3,0,0,0,0,0,3,600,69,6,0,0,2,4,0,0,5,5,0,0,33,25,0,0,0,0,25,531,435,0,0,0,96,2,77,14,0,0,3,320,313,0,0,0,0,0,0,0,0,0,0,0,313,0,0,0,0,0,0,7,0,0,0,0,7,0,5,0,0,0,2
"G1701390","2010","IL","2","3","Illinois","17","Moultrie County","139",,,,,,,,,,,,,,,"99999","99999","999",,,,,,,,,,,,,,,,,"870088946","22102477","Moultrie County","A","+39.6368956","-088.6257259","06","9",,14846,7212,85,91,110,112,108,102,93,119,99,119,125,93,108,105,100,111,124,106,101,70,69,80,66,74,81,79,82,78,95,81,105,105,82,89,75,82,89,84,75,70,90,85,86,90,86,110,95,95,96,115,114,95,93,108,87,104,103,105,101,80,107,69,98,77,78,76,72,58,74,61,60,63,50,54,48,40,41,42,53,27,31,35,28,29,19,27,24,18,19,16,16,7,14,8,5,2,1,2,2,0,1,0,0,7634,101,90,99,99,95,107,108,90,106,116,95,86,87,113,103,115,86,95,98,85,78,69,80,65,85,85,89,89,102,92,93,90,73,71,102,87,98,66,77,83,86,92,83,78,96,113,127,88,131,100,134,97,110,97,110,107,105,105,100,79,91,107,97,85,73,78,70,76,69,63,64,57,54,65,50,68,47,42,42,50,45,50,49,64,44,51,37,44,31,33,25,31,15,20,16,16,5,3,9,5,7,0,0,14451,7084,506,532,531,341,170,69,79,216,405,446,395,432,510,496,489,173,251,146,189,269,190,126,123,7367,484,527,484,296,183,78,69,229,456,424,405,433,556,542,488,193,251,143,201,278,231,207,209,395,128,0,0,0,0,0,0,0,0,0,0,0,0,0,0,0,0,0,0,0,0,0,0,0,0,0,0,0,0,0,0,0,0,48,36,27,0,0,0,27,0,0,0,0,0,0,9,0,0,0,0,0,0,12,0,0,0,0,12,0,12,0,0,0,0,80,74,0,0,0,0,0,0,0,0,0,0,0,74,0,0,0,0,0,0,6,0,0,0,0,6,0,0,0,0,6,0,267,0,0,0,0,0,0,0,0,0,0,0,0,0,0,0,0,0,0,0,0,0,0,0,0,0,0,0,0,0,0,0,0,41,25,3,0,0,0,3,0,0,0,0,0,0,22,0,0,0,0,0,0,16,0,0,0,0,16,0,16,0,0,0,0,226,188,0,0,0,0,0,0,0,0,0,0,0,188,0,0,0,0,0,0,38,0,0,0,0,38,0,10,0,0,28,0
"G1701410","2010","IL","2","3","Illinois","17","Ogle County","141",,,,,,,,,,,,,,,"40300","99999","466",,,,,,,,,,,,,,,,,"1964698351","11425054","Ogle County","A","+42.0418840","-089.3201764","06","2",,53497,26523,331,303,331,344,327,327,336,361,367,377,388,431,349,424,410,426,498,419,408,319,315,279,249,268,266,250,270,278,301,272,324,283,270,279,284,272,309,308,363,382,353,365,373,368,365,428,447,442,445,435,459,441,430,429,401,396,388,375,386,318,327,285,314,315,239,276,270,266,251,171,194,218,186,185,165,140,153,110,104,147,100,125,94,83,95,62,61,54,35,34,27,27,19,17,11,9,6,3,2,0,1,0,0,26974,265,284,314,363,317,327,343,422,332,399,403,403,345,354,402,379,413,430,371,292,296,264,268,261,262,255,287,276,254,254,291,280,289,285,321,296,309,286,370,385,379,380,360,416,380,413,412,417,490,482,434,456,451,395,389,369,364,391,346,320,325,315,354,312,256,279,255,265,253,233,224,212,171,214,178,183,159,155,152,149,120,143,136,130,93,104,78,110,71,63,58,47,50,33,27,28,18,9,4,4,11,2,0,52972,26301,1633,1768,1995,1331,723,310,276,775,1353,1426,1623,1807,2186,2152,1858,606,867,545,683,938,640,472,334,26671,1543,1823,1906,1220,662,295,264,785,1322,1463,1644,1914,2212,2121,1785,638,920,529,744,977,775,581,548,525,222,22,21,0,0,0,0,0,0,0,21,3,0,18,0,0,0,0,0,0,0,1,0,0,0,0,1,1,0,0,0,0,0,111,91,77,0,0,0,77,0,0,1,0,0,1,13,0,0,0,0,0,0,20,0,0,0,0,20,6,12,0,0,0,2,89,89,0,0,0,0,0,0,0,0,0,0,0,89,0,0,0,0,0,0,0,0,0,0,0,0,0,0,0,0,0,0,303,3,1,0,0,0,0,0,0,0,1,0,0,1,0,0,0,0,0,0,0,2,0,0,0,0,2,1,0,0,0,0,1,33,15,4,0,0,0,4,0,0,2,2,0,0,9,0,0,0,0,0,0,18,10,0,0,0,8,2,6,0,0,0,0,267,261,0,0,0,0,0,0,0,0,0,0,0,261,0,0,0,0,0,0,6,0,0,0,0,6,0,6,0,0,0,0
"G1701430","2010","IL","2","3","Illinois","17","Peoria County","143",,,,,,,,,,,,,,,"37900","99999","426",,,,,,,,,,,,,,,,,"1603744994","29499157","Peoria County","A","+40.7859987","-089.7673577","06","1",,186494,90247,1311,1316,1346,1283,1268,1241,1207,1286,1272,1202,1237,1239,1235,1292,1277,1299,1294,1268,1405,1441,1361,1301,1340,1201,1250,1297,1283,1333,1403,1330,1365,1129,1120,1147,1110,1160,1026,1115,1067,1188,1226,1113,1024,1175,1051,1237,1221,1192,1182,1237,1313,1168,1315,1235,1238,1310,1266,1203,1213,1103,1033,1081,1059,1045,735,764,823,816,604,649,546,566,570,498,438,449,393,420,376,405,345,339,288,281,250,241,181,165,159,119,84,77,56,30,39,22,10,10,4,3,6,1,0,96247,1267,1214,1177,1264,1263,1196,1220,1187,1171,1228,1265,1202,1092,1218,1249,1256,1294,1257,1411,1563,1473,1491,1327,1256,1362,1362,1329,1296,1285,1314,1330,1138,1182,1150,1134,1219,1073,1168,1165,1182,1225,1155,1181,1133,1128,1215,1160,1318,1275,1350,1422,1347,1409,1346,1392,1381,1372,1284,1239,1181,1230,1127,1157,1187,867,828,879,836,785,716,660,637,625,599,572,534,551,527,535,552,503,468,466,443,443,417,352,334,323,271,221,216,160,121,78,79,56,50,35,17,46,1,0,181515,87915,6514,6194,6245,3815,2305,1142,1179,3617,6501,5730,5450,5479,5943,6137,6000,2089,2816,1574,2054,2577,2001,1449,1104,93600,6177,5995,6014,3791,2250,1196,1330,3831,6527,5891,5763,5774,6257,6847,6402,2339,3180,1682,2307,3041,2607,2144,2255,4979,2332,105,76,9,0,0,0,9,0,0,67,39,0,28,0,0,0,0,0,0,0,29,1,0,0,0,28,23,0,0,0,1,4,1959,832,545,0,0,0,365,180,0,17,15,0,2,270,0,0,0,0,0,0,1127,846,0,0,0,281,59,51,71,0,3,97,268,255,0,0,0,0,0,0,0,0,0,0,0,255,0,0,0,0,0,0,13,0,0,0,0,13,1,2,3,0,0,7,2647,43,19,4,0,0,0,1,3,0,15,9,0,6,0,0,0,0,0,0,0,24,0,0,0,0,24,20,0,1,0,0,3,1704,259,78,0,0,0,61,17,0,2,2,0,0,179,0,0,0,0,0,0,1445,1249,0,0,0,196,73,28,38,0,2,55,900,866,0,0,0,0,0,0,0,0,0,0,0,866,0,0,0,0,0,0,34,0,0,0,0,34,0,5,0,0,0,29
"G1701450","2010","IL","2","3","Illinois","17","Perry County","145",,,,,,,,,,,,,,,"99999","99999","999",,,,,,,,,,,,,,,,,"1144154902","13447403","Perry County","A","+38.0843845","-089.3684869","06","9",,22350,12114,111,101,124,123,130,128,156,143,133,137,147,133,128,137,117,161,115,148,188,209,225,204,227,199,211,172,195,190,194,167,172,174,209,186,181,166,174,175,185,201,167,184,161,156,150,193,198,185,191,194,164,182,151,155,184,159,171,149,151,144,148,132,128,132,96,97,112,112,78,96,87,87,63,80,68,70,52,45,55,61,39,41,38,49,44,37,16,18,16,11,8,9,4,5,3,4,3,2,2,1,0,0,0,10236,126,103,105,131,128,125,130,142,115,125,117,127,134,104,148,126,143,132,147,116,107,107,100,100,105,105,107,112,95,110,107,116,125,111,121,138,128,128,130,140,103,115,119,114,130,159,127,148,163,161,150,147,122,150,142,158,167,132,134,134,112,143,146,145,97,121,108,106,109,104,98,75,73,82,84,59,84,72,75,77,59,68,58,57,52,54,51,53,42,43,31,26,16,17,11,11,9,5,3,4,5,0,0,19850,9749,589,697,662,417,271,129,108,313,509,560,605,589,769,742,716,264,346,202,280,376,278,203,124,10101,593,637,630,401,262,107,106,304,528,578,662,575,758,709,724,255,386,228,318,404,351,276,309,2500,2365,7,7,7,0,0,7,0,0,0,0,0,0,0,0,0,0,0,0,0,0,0,0,0,0,0,0,0,0,0,0,0,0,2308,2300,2295,0,0,2256,39,0,0,0,0,0,0,5,0,0,0,0,0,0,8,0,0,0,0,8,0,8,0,0,0,0,50,48,15,0,0,15,0,0,0,0,0,0,0,33,0,0,0,0,0,0,2,0,0,0,0,2,0,2,0,0,0,0,135,0,0,0,0,0,0,0,0,0,0,0,0,0,0,0,0,0,0,0,0,0,0,0,0,0,0,0,0,0,0,0,0,19,9,6,0,0,2,4,0,0,0,0,0,0,3,0,0,0,0,0,0,10,0,0,0,0,10,0,10,0,0,0,0,116,116,0,0,0,0,0,0,0,0,0,0,0,116,0,0,0,0,0,0,0,0,0,0,0,0,0,0,0,0,0,0
"G1701470","2010","IL","2","3","Illinois","17","Piatt County","147",,,,,,,,,,,,,,,"16580","99999","999",,,,,,,,,,,,,,,,,"1137528578","672948","Piatt County","A","+40.0090561","-088.5923282","06","1",,16729,8271,97,96,113,94,114,86,131,129,111,134,98,101,119,129,136,112,144,116,119,94,82,84,58,81,66,78,81,86,84,94,99,86,75,111,92,92,88,105,84,104,107,89,91,108,115,134,134,139,129,160,162,125,143,160,139,135,118,119,132,120,100,103,121,101,92,79,76,88,75,68,61,59,73,51,67,39,29,50,39,40,42,43,27,33,24,18,23,16,17,6,6,7,6,3,9,10,3,2,1,0,2,0,0,8458,71,79,95,96,90,82,114,113,108,111,115,119,109,153,102,131,127,132,80,60,67,61,79,70,72,89,89,81,67,80,75,100,114,92,85,91,102,105,115,107,106,103,112,102,121,119,144,144,138,137,155,154,136,160,133,144,128,110,116,105,118,96,114,123,91,84,89,91,78,71,70,73,74,80,71,52,50,57,49,56,61,42,43,41,43,35,44,34,32,24,17,15,14,7,9,6,4,2,2,0,1,0,0,16657,8239,514,591,583,372,213,82,84,205,422,462,471,509,695,725,620,200,314,154,230,310,195,166,122,8418,431,528,598,390,140,67,61,221,406,463,520,539,680,736,601,214,326,172,240,367,256,227,235,72,32,0,0,0,0,0,0,0,0,0,0,0,0,0,0,0,0,0,0,0,0,0,0,0,0,0,0,0,0,0,0,0,0,17,3,0,0,0,0,0,0,0,0,0,0,0,3,0,0,0,0,0,0,14,0,0,0,0,14,0,14,0,0,0,0,15,11,0,0,0,0,0,0,0,0,0,0,0,11,0,0,0,0,0,0,4,0,0,0,0,4,0,4,0,0,0,0,40,0,0,0,0,0,0,0,0,0,0,0,0,0,0,0,0,0,0,0,0,0,0,0,0,0,0,0,0,0,0,0,0,16,2,0,0,0,0,0,0,0,0,0,0,0,2,0,0,0,0,0,0,14,0,0,0,0,14,0,14,0,0,0,0,24,24,0,0,0,0,0,0,0,0,0,0,0,24,0,0,0,0,0,0,0,0,0,0,0,0,0,0,0,0,0,0
"G1701490","2010","IL","2","3","Illinois","17","Pike County","149",,,,,,,,,,,,,,,"99999","99999","999",,,,,,,,,,,,,,,,,"2153268105","45333457","Pike County","A","+39.6251059","-090.8890344","06","9",,16430,8198,105,101,94,117,115,102,104,87,112,108,110,109,114,90,114,107,96,115,136,77,81,76,93,104,99,98,106,92,102,92,91,97,107,64,89,88,89,105,105,124,113,103,118,92,115,124,95,127,105,111,126,117,123,137,137,119,122,120,128,109,107,101,104,122,82,62,87,103,58,74,89,75,69,74,58,48,49,59,53,33,36,39,30,40,25,31,23,27,11,11,15,9,8,10,5,4,6,2,1,2,0,0,0,8232,98,97,101,90,106,85,101,110,83,107,106,99,95,89,104,105,116,120,88,77,83,85,78,90,104,77,77,84,78,99,77,69,84,86,83,67,87,81,95,109,89,119,78,107,106,93,94,111,147,122,125,131,115,111,116,136,112,133,108,105,103,112,91,101,87,95,84,80,97,91,76,77,68,75,59,78,61,73,56,77,49,48,57,47,51,63,52,42,38,47,41,36,15,26,12,12,4,4,5,4,10,0,0,15803,7736,532,513,537,318,196,67,63,249,425,378,446,487,517,620,583,206,306,149,234,362,240,164,144,8067,492,486,493,341,161,82,85,271,414,397,438,498,566,594,593,211,277,178,267,350,332,223,318,627,462,0,0,0,0,0,0,0,0,0,0,0,0,0,0,0,0,0,0,0,0,0,0,0,0,0,0,0,0,0,0,0,0,429,426,421,0,0,384,37,0,0,0,0,0,0,5,0,0,0,0,0,0,3,0,0,0,0,3,0,3,0,0,0,0,33,33,0,0,0,0,0,0,0,0,0,0,0,33,0,0,0,0,0,0,0,0,0,0,0,0,0,0,0,0,0,0,165,0,0,0,0,0,0,0,0,0,0,0,0,0,0,0,0,0,0,0,0,0,0,0,0,0,0,0,0,0,0,0,0,23,9,3,0,0,0,3,0,0,0,0,0,0,6,0,0,0,0,0,0,14,0,0,0,0,14,0,14,0,0,0,0,142,142,0,0,0,0,0,0,0,0,0,0,0,142,0,0,0,0,0,0,0,0,0,0,0,0,0,0,0,0,0,0
"G1701510","2010","IL","2","3","Illinois","17","Pope County","151",,,,,,,,,,,,,,,"99999","99999","999",,,,,,,,,,,,,,,,,"955110060","14328668","Pope County","A","+37.4171687","-088.5423737","06","9",,4470,2356,19,22,20,23,31,20,22,20,31,17,28,23,23,31,25,23,21,37,74,69,54,43,33,31,28,16,21,29,25,25,17,20,22,25,18,23,14,18,25,22,15,21,22,32,30,24,29,32,40,37,23,34,32,34,32,33,32,36,34,39,42,30,38,34,28,32,34,32,35,34,21,36,23,24,23,22,31,21,13,18,16,13,10,7,6,1,11,6,5,5,3,2,0,0,0,1,0,0,0,0,0,0,0,2114,10,14,15,24,27,24,21,21,18,16,19,18,30,18,21,19,24,39,30,30,21,20,14,21,23,13,24,22,22,16,18,21,24,15,13,22,14,25,24,25,24,17,19,22,21,27,36,46,17,33,42,36,32,42,44,31,30,35,35,35,42,31,33,36,33,29,33,25,28,38,27,32,19,16,23,10,19,18,21,25,11,18,15,7,5,10,9,9,9,9,2,5,3,3,0,0,1,1,0,0,0,0,0,4081,2073,115,110,130,59,47,13,17,41,91,94,102,119,159,155,171,71,100,66,99,125,105,52,32,2008,90,100,106,63,42,13,15,42,89,87,110,100,159,196,163,72,102,61,89,117,91,52,49,389,283,22,8,8,0,0,8,0,0,0,0,0,0,0,0,0,0,0,0,0,0,14,0,0,0,0,14,0,0,0,0,14,0,255,144,141,0,0,141,0,0,0,0,0,0,0,3,0,0,0,0,0,0,111,0,0,0,0,111,0,5,0,0,106,0,6,6,0,0,0,0,0,0,0,0,0,0,0,6,0,0,0,0,0,0,0,0,0,0,0,0,0,0,0,0,0,0,106,19,0,0,0,0,0,0,0,0,0,0,0,0,0,0,0,0,0,0,0,19,0,0,0,0,19,0,0,0,0,19,0,66,27,24,0,0,24,0,0,0,0,0,0,0,3,0,0,0,0,0,0,39,0,0,0,0,39,0,3,0,0,36,0,21,21,0,0,0,0,0,0,0,0,0,0,0,21,0,0,0,0,0,0,0,0,0,0,0,0,0,0,0,0,0,0
"G1701530","2010","IL","2","3","Illinois","17","Pulaski County","153",,,,,,,,,,,,,,,"99999","99999","999",,,,,,,,,,,,,,,,,"515886434","10474968","Pulaski County","A","+37.2156152","-089.1277549","06","9",,6161,2943,34,43,30,31,37,54,45,40,35,41,46,33,35,49,34,43,34,38,44,46,35,26,39,34,30,37,27,25,28,30,33,29,36,32,22,30,26,30,27,28,33,30,39,26,34,39,46,47,40,51,54,36,52,55,59,48,44,48,42,39,44,36,41,45,26,29,33,23,35,19,31,30,31,20,17,28,13,23,20,27,14,11,25,14,7,9,5,6,5,4,3,4,1,2,0,2,1,0,1,0,0,0,0,3218,34,30,34,41,45,44,42,36,46,37,54,31,31,26,38,38,52,44,50,41,39,44,37,25,36,31,34,35,30,37,29,29,27,39,31,39,41,31,38,34,28,28,36,23,44,41,32,43,41,52,65,51,54,55,51,37,52,49,42,50,55,43,42,49,44,27,33,40,28,41,34,28,25,20,39,16,28,28,23,20,28,26,16,18,11,20,12,7,14,9,6,15,0,7,0,4,2,1,2,1,2,0,0,6140,2935,175,215,197,115,90,35,26,102,144,152,139,162,223,254,221,80,112,62,77,129,111,71,43,3205,184,205,180,134,91,39,44,97,165,155,181,159,208,274,229,98,133,60,109,146,115,98,101,21,8,0,0,0,0,0,0,0,0,0,0,0,0,0,0,0,0,0,0,0,0,0,0,0,0,0,0,0,0,0,0,0,0,8,5,5,5,0,0,0,0,0,0,0,0,0,0,0,0,0,0,0,0,3,0,0,0,0,3,0,3,0,0,0,0,0,0,0,0,0,0,0,0,0,0,0,0,0,0,0,0,0,0,0,0,0,0,0,0,0,0,0,0,0,0,0,0,13,0,0,0,0,0,0,0,0,0,0,0,0,0,0,0,0,0,0,0,0,0,0,0,0,0,0,0,0,0,0,0,0,11,1,1,1,0,0,0,0,0,0,0,0,0,0,0,0,0,0,0,0,10,0,0,0,0,10,0,10,0,0,0,0,2,0,0,0,0,0,0,0,0,0,0,0,0,0,0,0,0,0,0,0,2,0,0,0,0,2,0,2,0,0,0,0
"G1701550","2010","IL","2","3","Illinois","17","Putnam County","155",,,,,,,,,,,,,,,"36860","99999","999",,,,,,,,,,,,,,,,,"414813807","31243045","Putnam County","A","+41.1989402","-089.2983864","06","2",,6006,3035,26,36,41,31,38,25,40,44,40,36,37,43,43,34,44,40,46,50,40,33,27,25,20,23,25,33,25,29,44,25,36,30,32,35,25,37,29,33,29,36,47,31,25,33,38,40,51,48,52,56,44,57,50,60,54,59,53,48,57,56,50,35,59,40,25,32,43,34,41,27,27,25,23,19,26,23,24,14,14,14,17,15,14,11,13,9,6,4,2,6,3,2,4,4,0,3,0,3,0,0,0,0,0,2971,29,26,20,31,34,33,30,29,40,32,44,31,31,39,38,40,27,31,29,30,23,28,43,32,31,33,28,30,25,24,35,32,31,22,34,33,27,27,29,41,36,33,37,32,53,50,39,39,55,55,56,66,48,55,39,43,49,49,42,56,43,39,51,53,34,27,42,36,35,34,26,29,32,20,17,23,22,17,9,23,21,16,20,12,11,16,14,12,10,13,13,5,8,1,2,0,1,0,0,0,0,0,0,6004,3033,172,185,201,136,73,27,23,68,156,158,164,174,247,265,273,85,124,75,102,120,89,70,46,2971,140,164,183,98,59,23,28,106,140,154,157,191,238,264,239,82,138,69,105,124,94,80,95,2,2,0,0,0,0,0,0,0,0,0,0,0,0,0,0,0,0,0,0,0,0,0,0,0,0,0,0,0,0,0,0,0,0,2,2,2,0,0,0,2,0,0,0,0,0,0,0,0,0,0,0,0,0,0,0,0,0,0,0,0,0,0,0,0,0,0,0,0,0,0,0,0,0,0,0,0,0,0,0,0,0,0,0,0,0,0,0,0,0,0,0,0,0,0,0,0,0,0,0,0,0,0,0,0,0,0,0,0,0,0,0,0,0,0,0,0,0,0,0,0,0,0,0,0,0,0,0,0,0,0,0,0,0,0,0,0,0,0,0,0,0,0,0,0,0,0,0,0,0,0,0,0,0,0,0,0,0,0,0,0,0,0,0,0,0,0,0,0,0,0,0,0,0,0,0,0,0,0,0,0,0,0,0,0,0,0,0,0,0,0,0,0,0,0
"G1701570","2010","IL","2","3","Illinois","17","Randolph County","157",,,,,,,,,,,,,,,"99999","99999","999",,,,,,,,,,,,,,,,,"1490537612","56215661","Randolph County","A","+38.0565149","-089.8212096","06","9",,33476,18378,172,165,184,191,187,197,188,190,176,200,181,179,208,202,179,190,198,199,181,216,215,209,236,258,262,273,300,305,339,356,305,336,283,287,301,275,256,279,315,275,270,267,242,286,281,304,319,285,349,331,300,277,315,285,283,270,305,274,245,207,209,192,217,210,151,162,150,161,130,141,113,122,118,102,97,83,90,80,85,69,56,63,49,63,54,53,39,42,37,23,25,12,11,9,6,3,5,0,0,0,2,1,0,15098,168,186,165,147,152,171,182,192,182,173,197,203,166,166,190,233,183,189,188,155,157,147,153,151,164,152,152,172,183,175,190,141,161,164,134,155,179,158,176,193,167,155,183,209,206,203,215,186,238,237,243,221,232,249,217,228,229,222,219,194,196,176,217,182,145,170,165,171,160,162,134,112,126,126,109,113,123,103,112,111,102,109,106,109,101,68,92,46,81,52,41,42,31,20,28,12,14,10,11,3,9,0,0,29178,14443,899,951,949,578,334,146,139,454,866,828,869,906,1203,1184,1128,357,543,295,417,533,383,271,210,14735,818,900,922,605,343,157,147,468,832,790,861,918,1076,1156,1084,370,542,329,482,586,519,452,378,4298,3935,9,9,9,0,0,9,0,0,0,0,0,0,0,0,0,0,0,0,0,0,0,0,0,0,0,0,0,0,0,0,0,0,3779,3761,3521,0,0,3521,0,0,0,0,0,0,0,5,235,235,0,0,0,0,18,0,0,0,0,18,0,18,0,0,0,0,147,138,41,0,0,41,0,0,0,0,0,0,0,91,6,6,0,0,0,0,9,0,0,0,0,9,0,2,0,0,0,7,363,0,0,0,0,0,0,0,0,0,0,0,0,0,0,0,0,0,0,0,0,0,0,0,0,0,0,0,0,0,0,0,0,25,7,0,0,0,0,0,0,0,0,0,0,0,7,0,0,0,0,0,0,18,0,0,0,0,18,0,16,0,0,0,2,338,266,0,0,0,0,0,0,0,0,0,0,0,266,0,0,0,0,0,0,72,0,0,0,0,72,0,2,0,0,0,70
"G1701590","2010","IL","2","3","Illinois","17","Richland County","159",,,,,,,,,,,,,,,"99999","99999","999",,,,,,,,,,,,,,,,,"932370871","4937078","Richland County","A","+38.7115503","-088.0856978","06","9",,16233,7957,105,100,105,95,98,125,102,120,99,92,90,110,101,95,105,106,91,121,114,118,117,108,72,89,87,110,86,88,100,87,78,96,92,94,75,109,86,82,95,99,108,106,84,106,101,104,118,114,117,129,117,97,132,125,123,124,126,113,89,116,99,92,101,95,61,80,70,79,69,80,75,64,69,75,66,62,49,55,47,50,47,37,28,33,28,33,24,16,14,21,13,10,8,5,2,4,2,1,2,0,0,0,0,8276,83,90,98,91,109,103,111,87,117,89,101,108,84,95,82,98,85,117,121,91,96,63,77,72,101,91,99,99,87,91,97,96,101,84,86,84,89,91,106,92,92,85,87,91,98,134,114,118,121,114,134,130,142,115,134,114,102,113,108,109,96,110,91,93,77,93,86,83,87,69,85,75,71,88,77,72,68,53,62,61,59,49,62,59,43,50,45,53,35,34,40,28,25,22,12,14,4,12,2,4,10,0,0,15869,7825,501,537,501,315,228,114,107,246,467,433,468,501,575,589,561,188,251,148,222,341,248,159,125,8044,471,507,470,300,212,96,63,248,460,459,461,451,601,647,540,204,256,175,235,378,295,237,278,364,132,6,3,3,0,0,0,3,0,0,0,0,0,0,0,0,0,0,0,0,0,3,0,0,0,0,3,0,0,0,0,0,3,51,36,19,0,0,0,19,0,0,0,0,0,0,17,0,0,0,0,0,0,15,0,0,0,0,15,0,11,2,0,0,2,75,60,0,0,0,0,0,0,0,0,0,0,0,60,0,0,0,0,0,0,15,0,0,0,0,15,0,0,0,0,0,15,232,0,0,0,0,0,0,0,0,0,0,0,0,0,0,0,0,0,0,0,0,0,0,0,0,0,0,0,0,0,0,0,0,38,22,7,0,0,0,7,0,0,0,0,0,0,15,0,0,0,0,0,0,16,0,0,0,0,16,0,10,4,0,0,2,194,181,0,0,0,0,0,0,0,0,0,0,0,181,0,0,0,0,0,0,13,0,0,0,0,13,0,0,0,0,0,13
"G1701610","2010","IL","2","3","Illinois","17","Rock Island County","161",,,,,,,,,,,,,,,"19340","99999","999",,,,,,,,,,,,,,,,,"1107573369","61257184","Rock Island County","A","+41.4684044","-090.5722031","06","1",,147546,72375,982,977,975,967,954,1006,874,948,925,911,963,936,950,923,875,943,903,988,1000,1044,1053,972,920,889,870,887,987,931,934,1028,1008,943,925,921,898,845,791,895,877,929,925,891,875,874,953,900,962,1054,999,1078,1138,1057,1129,1154,1105,1130,1098,1009,985,948,975,883,964,905,637,666,701,688,623,639,538,502,532,451,455,385,357,382,361,346,306,364,315,248,216,211,192,150,126,107,77,86,59,33,26,12,14,16,6,5,4,1,0,75171,927,895,929,906,953,836,887,865,868,863,874,910,945,900,856,884,956,933,988,1083,1058,1028,947,860,871,899,824,1007,946,974,975,880,823,818,854,878,805,809,840,937,864,851,905,801,914,932,954,1023,1060,1169,1096,1121,1131,1154,1210,1116,1036,1122,1020,1033,953,1011,1044,974,705,733,706,732,721,631,579,662,574,542,528,508,469,475,486,519,476,459,459,429,416,365,307,368,328,238,224,201,120,108,101,62,49,35,21,21,23,5,1,143233,69835,4847,4663,4643,2811,1654,777,795,2529,4513,4457,4161,4349,4822,5461,5097,1849,2476,1356,1930,2439,1782,1393,1031,73398,4608,4316,4480,2761,1625,780,867,2642,4626,4338,4254,4314,5112,5681,5301,1958,2712,1420,2062,2838,2380,2106,2217,4313,2540,36,24,5,0,0,2,3,0,0,19,0,19,0,0,0,0,0,0,0,0,12,1,0,0,0,11,9,0,0,0,0,2,2235,1421,1311,0,0,1117,194,0,0,1,0,1,0,109,0,0,0,0,0,0,814,689,0,0,0,125,40,26,24,0,0,35,269,264,3,0,0,2,1,0,0,0,0,0,0,261,0,0,0,0,0,0,5,0,0,0,0,5,0,0,5,0,0,0,1773,22,8,0,0,0,0,0,0,0,8,0,8,0,0,0,0,0,0,0,0,14,3,0,0,0,11,5,0,0,0,0,6,1093,130,35,0,0,0,34,1,0,0,0,0,0,95,0,0,0,0,0,0,963,902,0,0,0,61,23,11,12,0,0,15,658,649,0,0,0,0,0,0,0,0,0,0,0,649,0,0,0,0,0,0,9,0,0,0,0,9,0,4,5,0,0,0
"G1701630","2010","IL","2","3","Illinois","17","St. Clair County","163",,,,,,,,,,,,,,,"41180","99999","476",,,,,,,,,,,,,,,,,"1703588508","42149850","St. Clair County","A","+38.4701976","-089.9285459","06","1",,270056,129976,1833,1919,1924,1871,1885,1941,1791,1956,1844,2045,1833,1964,1915,1907,2017,2057,2081,2148,2044,1781,1816,1753,1653,1673,1706,1798,1709,1741,1804,1819,1805,1639,1580,1523,1579,1644,1617,1572,1773,1693,1743,1598,1648,1782,1781,1989,1989,2071,2077,2018,2076,1978,2018,1948,1863,1878,1750,1613,1597,1531,1418,1340,1435,1345,970,1016,957,977,838,749,698,675,628,610,603,565,556,544,517,501,474,437,435,385,330,246,231,172,207,128,112,90,54,46,28,29,10,11,3,1,4,0,0,140080,1704,1759,1852,1868,1783,1884,1788,1744,1805,1873,1912,1860,1897,1875,2002,1967,2063,2021,1823,1769,1687,1731,1790,1780,1837,1863,1846,1819,1836,1870,1918,1801,1806,1753,1669,1768,1712,1779,1802,1998,1903,1793,1740,1879,1992,2022,2156,2103,2157,2182,2145,2121,2254,2120,2019,2029,1901,1791,1787,1644,1561,1481,1443,1522,1078,1147,1094,1116,996,889,899,898,841,826,795,793,763,798,717,732,787,713,626,649,530,559,493,431,381,298,255,218,178,147,92,92,62,41,30,19,35,3,0,265605,127411,9405,9565,9613,6257,3588,1665,1640,4844,8600,7957,8141,8386,9950,9734,8270,2724,3716,1946,2518,3144,2582,1938,1228,138194,8947,9084,9531,6035,3462,1657,1703,5343,9188,8908,9021,9281,10567,10578,9092,3011,4018,2217,2950,4181,3657,3041,2722,4451,2565,91,45,11,0,0,1,10,0,0,34,0,15,19,0,0,0,0,0,0,0,46,0,0,0,0,46,31,0,0,0,0,15,1963,1338,1040,0,0,699,322,19,0,1,0,0,1,297,0,0,0,0,0,0,625,194,231,231,0,200,18,59,8,0,1,114,511,435,1,0,0,0,1,0,0,0,0,0,0,434,0,0,0,0,0,0,76,0,0,0,0,76,0,31,2,0,0,43,1886,60,7,1,0,0,0,1,0,0,6,0,0,6,0,0,0,0,0,0,0,53,3,0,0,0,50,34,0,0,0,0,16,651,271,53,0,0,1,52,0,0,0,0,0,0,218,0,0,0,0,0,0,380,128,76,76,0,176,44,50,3,0,0,79,1175,1076,0,0,0,0,0,0,0,0,0,0,0,1076,0,0,0,0,0,0,99,0,0,0,0,99,0,80,0,0,1,18
"G1701650","2010","IL","2","3","Illinois","17","Saline County","165",,,,,,,,,,,,,,,"25380","99999","999",,,,,,,,,,,,,,,,,"983725654","18029169","Saline County","A","+37.7516531","-088.5450310","06","2",,24913,12170,158,147,130,141,169,146,169,166,172,144,166,156,164,138,186,174,243,257,214,178,163,122,131,125,149,139,138,127,133,145,123,136,131,134,129,115,126,147,136,172,164,152,143,161,169,160,169,181,178,171,175,161,185,176,167,157,165,179,177,173,155,151,152,155,131,123,137,135,127,111,81,106,91,100,87,111,70,81,73,64,58,56,47,43,37,29,43,27,24,10,8,9,13,4,8,4,4,3,0,0,0,0,0,12743,140,144,138,151,133,169,159,156,141,143,160,146,164,143,148,140,138,165,178,141,145,133,136,138,123,145,145,148,138,137,137,138,140,124,149,144,116,133,147,171,154,145,140,158,164,167,187,183,169,197,167,180,191,202,184,168,178,193,156,191,170,169,179,181,125,122,161,145,146,135,132,115,136,116,125,109,89,91,97,114,80,78,84,73,76,69,63,48,52,32,43,28,25,17,16,10,6,12,7,5,4,0,0,24035,11636,745,797,796,488,314,148,118,389,663,638,683,778,841,843,838,298,431,256,359,445,382,226,160,12399,703,767,761,443,313,144,131,388,699,680,707,747,891,907,864,327,477,272,416,600,477,355,330,878,534,200,198,1,0,0,0,1,0,0,197,0,0,197,0,0,0,0,0,0,0,2,0,0,0,0,2,0,0,0,0,0,2,238,170,53,0,0,0,53,0,0,91,0,0,91,14,12,0,12,0,0,0,68,0,0,0,0,68,0,20,2,0,0,46,96,85,2,0,0,0,2,0,0,0,0,0,0,73,10,0,10,0,0,0,11,0,0,0,0,11,0,4,2,0,0,5,344,4,0,0,0,0,0,0,0,0,0,0,0,0,0,0,0,0,0,0,0,4,0,0,0,0,4,0,0,0,0,0,4,129,55,13,0,0,0,13,0,0,0,0,0,0,30,12,0,12,0,0,0,74,0,0,0,0,74,0,6,0,0,0,68,211,193,0,0,0,0,0,0,0,0,0,0,0,179,14,0,14,0,0,0,18,0,0,0,0,18,0,2,0,0,0,16
"G1701670","2010","IL","2","3","Illinois","17","Sangamon County","167",,,,,,,,,,,,,,,"44100","99999","999",,,,,,,,,,,,,,,,,"2248892510","22577397","Sangamon County","A","+39.7563782","-089.6623110","06","1",,197465,94780,1252,1223,1235,1298,1272,1372,1277,1328,1333,1413,1287,1326,1353,1305,1322,1327,1450,1468,1315,1118,1195,1076,1058,1174,1299,1266,1259,1253,1284,1233,1295,1252,1215,1132,1138,1098,1101,1116,1198,1304,1288,1262,1266,1217,1302,1426,1452,1453,1510,1552,1507,1437,1506,1458,1444,1410,1349,1345,1351,1285,1258,1168,1173,1124,804,823,788,785,706,606,629,592,539,511,496,470,417,382,389,372,353,323,326,249,266,241,189,181,161,116,73,64,50,43,24,13,20,7,3,3,3,0,0,102685,1171,1141,1315,1306,1202,1296,1307,1241,1299,1359,1289,1330,1295,1208,1221,1347,1292,1356,1285,1107,1152,1101,1151,1208,1278,1389,1330,1455,1298,1385,1353,1296,1237,1186,1234,1159,1185,1172,1256,1417,1278,1257,1240,1319,1323,1499,1564,1604,1588,1538,1645,1541,1642,1510,1634,1531,1510,1497,1422,1470,1390,1350,1376,1286,913,936,915,931,880,743,784,736,653,664,590,604,578,576,554,569,543,543,526,500,460,403,408,354,313,309,257,188,144,133,106,87,44,42,26,18,31,1,0,193499,92909,6262,6708,6547,4146,2238,1081,980,3335,6159,5917,5731,6228,7285,7224,6648,2408,3083,1596,2081,2732,1988,1458,1074,100590,6119,6488,6329,3980,2169,1023,994,3489,6805,6258,6151,6380,7740,7922,7394,2720,3550,1839,2503,3347,2743,2364,2283,3966,1871,178,138,1,0,0,0,1,0,0,130,14,95,21,0,7,7,0,0,0,0,40,2,0,0,0,38,27,0,0,0,0,11,1409,431,274,0,0,0,259,15,0,44,5,39,0,49,64,62,0,2,0,0,978,503,0,0,0,475,80,152,125,0,0,118,284,251,0,0,0,0,0,0,0,0,0,0,0,240,11,2,0,9,0,0,33,0,0,0,0,33,0,20,0,0,0,13,2095,59,19,0,0,0,0,0,0,0,19,10,9,0,0,0,0,0,0,0,0,40,1,0,0,0,39,27,0,0,0,0,12,966,149,35,0,0,0,35,0,0,20,10,10,0,57,37,34,0,3,0,0,817,575,0,0,0,242,65,72,21,0,2,82,1070,843,0,0,0,0,0,0,0,0,0,0,0,827,16,0,0,16,0,0,227,0,0,0,0,227,0,8,0,0,7,212
"G1701690","2010","IL","2","3","Illinois","17","Schuyler County","169",,,,,,,,,,,,,,,"99999","99999","999",,,,,,,,,,,,,,,,,"1132531106","10511606","Schuyler County","A","+40.1569048","-090.6134641","06","9",,7544,3933,38,48,42,51,31,25,36,38,51,41,37,43,57,60,52,42,54,51,39,38,33,37,35,29,37,32,27,57,43,52,51,39,59,48,50,48,50,45,53,59,62,63,72,65,59,70,55,61,62,63,56,52,72,67,71,56,76,74,65,65,52,53,58,45,38,43,54,43,25,36,38,29,29,22,31,26,26,26,16,23,22,32,14,20,12,9,8,12,8,10,9,2,10,2,2,2,0,1,1,0,0,0,0,3611,45,39,37,50,43,34,46,41,38,49,35,48,50,42,47,41,57,41,60,35,38,24,32,40,33,32,32,32,38,39,38,35,32,36,33,43,39,49,49,39,64,43,35,43,41,51,62,42,42,75,61,45,59,58,47,53,60,48,61,48,49,43,36,41,38,41,33,41,48,34,24,40,28,29,36,24,27,21,28,28,33,28,29,19,16,21,23,15,19,13,6,13,9,11,6,2,2,3,1,3,1,0,0,7081,3509,210,191,249,147,77,31,37,90,175,214,210,256,242,260,288,96,129,93,96,140,113,93,72,3572,214,208,222,139,95,38,23,105,173,173,219,226,272,269,270,92,115,74,120,155,125,116,129,463,424,0,0,0,0,0,0,0,0,0,0,0,0,0,0,0,0,0,0,0,0,0,0,0,0,0,0,0,0,0,0,0,0,388,12,8,0,0,0,8,0,0,0,0,0,0,4,0,0,0,0,0,0,376,0,0,0,0,376,0,0,376,0,0,0,36,16,0,0,0,0,0,0,0,0,0,0,0,16,0,0,0,0,0,0,20,0,0,0,0,20,0,0,20,0,0,0,39,0,0,0,0,0,0,0,0,0,0,0,0,0,0,0,0,0,0,0,0,0,0,0,0,0,0,0,0,0,0,0,0,3,3,2,0,0,0,2,0,0,0,0,0,0,1,0,0,0,0,0,0,0,0,0,0,0,0,0,0,0,0,0,0,36,36,0,0,0,0,0,0,0,0,0,0,0,36,0,0,0,0,0,0,0,0,0,0,0,0,0,0,0,0,0,0
"G1701710","2010","IL","2","3","Illinois","17","Scott County","171",,,,,,,,,,,,,,,"27300","99999","999",,,,,,,,,,,,,,,,,"649861251","4812703","Scott County","A","+39.6369795","-090.4777593","06","2",,5355,2619,27,24,40,32,32,36,49,31,30,47,26,39,41,38,32,35,49,42,35,33,19,21,25,26,27,20,22,25,19,26,35,27,35,42,26,34,22,29,34,26,31,26,36,39,29,41,44,41,52,45,49,51,52,42,44,30,33,36,24,44,34,29,31,33,24,22,29,26,29,24,21,23,27,23,27,10,20,13,12,14,21,16,15,5,7,7,5,6,8,4,3,1,1,0,1,1,0,0,0,0,0,0,0,2736,22,33,36,43,33,32,22,28,28,39,41,35,48,37,34,33,36,42,38,15,34,26,17,21,27,30,30,16,31,31,28,44,35,21,30,25,32,32,41,30,30,30,27,37,41,41,57,49,46,46,37,39,38,44,44,37,30,29,43,27,45,34,23,30,31,32,27,29,31,25,31,24,26,31,19,17,21,20,23,18,21,16,20,12,9,7,13,14,11,8,6,11,3,3,8,1,2,1,1,0,4,0,0,5312,2610,155,193,176,126,68,19,21,78,112,165,145,161,223,238,167,63,88,51,79,121,67,61,33,2702,167,149,195,111,53,34,26,65,138,158,160,165,239,202,166,78,83,59,83,131,95,73,72,43,9,0,0,0,0,0,0,0,0,0,0,0,0,0,0,0,0,0,0,0,0,0,0,0,0,0,0,0,0,0,0,0,0,0,0,0,0,0,0,0,0,0,0,0,0,0,0,0,0,0,0,0,0,0,0,0,0,0,0,0,0,0,0,0,0,9,9,0,0,0,0,0,0,0,0,0,0,0,9,0,0,0,0,0,0,0,0,0,0,0,0,0,0,0,0,0,0,34,0,0,0,0,0,0,0,0,0,0,0,0,0,0,0,0,0,0,0,0,0,0,0,0,0,0,0,0,0,0,0,0,2,2,0,0,0,0,0,0,0,0,0,0,0,2,0,0,0,0,0,0,0,0,0,0,0,0,0,0,0,0,0,0,32,32,0,0,0,0,0,0,0,0,0,0,0,32,0,0,0,0,0,0,0,0,0,0,0,0,0,0,0,0,0,0
"G1701730","2010","IL","2","3","Illinois","17","Shelby County","173",,,,,,,,,,,,,,,"99999","99999","999",,,,,,,,,,,,,,,,,"1964565410","24725624","Shelby County","A","+39.3849258","-088.7988615","06","9",,22363,11138,130,128,135,146,137,159,149,120,139,130,149,144,124,144,171,183,164,157,161,135,103,111,106,101,142,120,109,105,119,130,117,118,136,105,112,138,116,123,126,141,134,132,135,153,132,157,168,178,161,171,186,176,162,165,166,180,191,150,159,154,154,147,156,150,110,133,125,116,126,118,82,121,87,87,78,88,65,61,73,76,67,67,50,54,40,38,39,28,22,20,15,24,6,8,4,5,2,1,0,0,2,0,0,11225,101,118,120,132,124,124,128,138,113,135,153,146,144,155,156,151,155,150,139,118,108,108,105,106,118,109,112,113,110,121,106,98,109,115,111,126,112,131,127,140,139,119,119,146,134,187,149,176,167,192,160,154,196,179,178,158,155,156,170,168,170,151,149,147,117,133,132,145,118,103,109,84,103,94,93,87,84,92,91,88,74,58,65,46,50,71,59,55,61,46,29,31,28,15,17,11,4,12,4,5,7,0,0,22158,11080,676,697,732,504,296,103,111,349,579,587,641,683,833,854,833,300,414,258,360,450,359,267,194,11078,595,638,754,456,257,108,107,329,562,538,633,656,869,863,802,320,412,262,361,476,429,277,374,205,58,0,0,0,0,0,0,0,0,0,0,0,0,0,0,0,0,0,0,0,0,0,0,0,0,0,0,0,0,0,0,0,0,18,7,4,0,0,0,4,0,0,0,0,0,0,3,0,0,0,0,0,0,11,0,0,0,0,11,0,11,0,0,0,0,40,36,0,0,0,0,0,0,0,0,0,0,0,36,0,0,0,0,0,0,4,0,0,0,0,4,0,2,0,0,0,2,147,0,0,0,0,0,0,0,0,0,0,0,0,0,0,0,0,0,0,0,0,0,0,0,0,0,0,0,0,0,0,0,0,22,11,4,0,0,0,4,0,0,0,0,0,0,7,0,0,0,0,0,0,11,0,0,0,0,11,0,11,0,0,0,0,125,121,0,0,0,0,0,0,0,0,0,0,0,121,0,0,0,0,0,0,4,0,0,0,0,4,0,3,0,0,0,1
"G1701750","2010","IL","2","3","Illinois","17","Stark County","175",,,,,,,,,,,,,,,"37900","99999","426",,,,,,,,,,,,,,,,,"746121703","708705","Stark County","A","+41.0969077","-089.7974111","06","1",,5994,2923,35,28,37,26,40,31,41,39,34,39,47,44,38,36,56,36,47,49,34,30,24,24,30,30,30,27,24,34,18,26,30,34,29,30,39,36,37,27,34,36,31,37,37,33,44,45,40,46,49,38,47,42,47,55,47,37,37,52,41,31,40,33,44,45,35,37,32,43,31,33,20,36,28,28,26,31,11,28,16,16,9,9,8,17,10,11,6,9,9,6,3,2,4,0,1,1,3,0,0,0,0,0,0,3071,24,29,42,34,25,42,33,38,35,47,36,50,45,37,42,43,61,45,41,26,25,27,18,26,30,21,28,18,33,31,26,27,35,32,30,21,37,38,31,48,34,30,38,46,37,39,40,45,44,34,39,28,40,56,49,49,56,49,51,39,37,39,36,55,34,35,40,37,32,33,30,18,22,23,26,37,22,31,17,26,23,18,15,20,20,15,21,15,16,15,12,12,10,8,4,10,1,3,0,1,2,0,0,5902,2892,166,184,221,132,64,24,24,89,129,162,170,182,217,238,197,73,122,69,107,132,98,47,45,3010,154,195,210,149,67,25,27,74,130,150,175,185,202,211,242,76,124,72,102,117,122,89,112,92,31,0,0,0,0,0,0,0,0,0,0,0,0,0,0,0,0,0,0,0,0,0,0,0,0,0,0,0,0,0,0,0,0,5,5,2,0,0,0,2,0,0,0,0,0,0,3,0,0,0,0,0,0,0,0,0,0,0,0,0,0,0,0,0,0,26,26,0,0,0,0,0,0,0,0,0,0,0,26,0,0,0,0,0,0,0,0,0,0,0,0,0,0,0,0,0,0,61,0,0,0,0,0,0,0,0,0,0,0,0,0,0,0,0,0,0,0,0,0,0,0,0,0,0,0,0,0,0,0,0,5,5,0,0,0,0,0,0,0,0,0,0,0,5,0,0,0,0,0,0,0,0,0,0,0,0,0,0,0,0,0,0,56,56,0,0,0,0,0,0,0,0,0,0,0,56,0,0,0,0,0,0,0,0,0,0,0,0,0,0,0,0,0,0
"G1701770","2010","IL","2","3","Illinois","17","Stephenson County","177",,,,,,,,,,,,,,,"23300","99999","466",,,,,,,,,,,,,,,,,"1462107736","1385932","Stephenson County","A","+42.3497262","-089.6659942","06","2",,47711,23146,248,259,312,291,259,289,319,286,293,342,311,307,329,298,318,371,330,335,338,296,303,225,227,246,252,239,255,240,250,243,236,226,222,217,206,226,251,261,248,333,306,292,297,289,324,324,351,364,351,414,371,363,382,369,391,341,363,340,316,333,332,281,310,288,189,263,244,267,208,185,195,198,179,176,177,158,139,158,133,161,139,120,102,97,93,90,64,76,63,37,27,17,15,8,8,11,3,8,4,3,2,0,0,24565,296,293,291,313,271,257,263,296,279,288,258,302,308,319,299,320,315,346,366,266,237,256,212,247,277,259,263,248,267,255,261,227,228,248,267,237,233,238,277,276,304,292,308,296,303,338,355,354,358,388,407,375,358,366,359,385,371,373,330,328,317,327,309,322,253,269,274,243,242,235,231,222,229,221,213,205,189,180,164,170,172,156,167,159,154,130,144,137,113,112,77,68,55,35,42,50,24,17,10,6,15,0,0,46876,22816,1366,1528,1562,1027,630,298,219,709,1196,1088,1304,1486,1762,1861,1685,605,784,504,657,915,733,523,374,24060,1461,1383,1482,961,628,237,253,722,1283,1222,1250,1494,1786,1859,1783,635,883,536,711,1092,874,735,790,835,330,14,11,1,0,0,0,1,0,0,10,10,0,0,0,0,0,0,0,0,0,3,0,0,0,0,3,2,0,0,0,0,1,194,113,90,0,0,0,90,0,0,5,5,0,0,18,0,0,0,0,0,0,81,0,0,0,0,81,4,24,15,0,0,38,122,121,0,0,0,0,0,0,0,0,0,0,0,121,0,0,0,0,0,0,1,0,0,0,0,1,0,0,0,0,0,1,505,27,22,0,0,0,0,0,0,0,22,1,21,0,0,0,0,0,0,0,0,5,0,0,0,0,5,3,1,0,0,0,1,86,41,17,0,0,0,17,0,0,0,0,0,0,24,0,0,0,0,0,0,45,0,0,0,0,45,6,21,4,0,0,14,392,386,0,0,0,0,0,0,0,0,0,0,0,386,0,0,0,0,0,0,6,0,0,0,0,6,0,3,0,0,0,3
"G1701790","2010","IL","2","3","Illinois","17","Tazewell County","179",,,,,,,,,,,,,,,"37900","99999","426",,,,,,,,,,,,,,,,,"1680835450","23211163","Tazewell County","A","+40.5080739","-089.5162597","06","1",,135394,66719,789,827,939,931,921,859,935,877,905,924,881,902,901,925,926,1046,851,928,880,758,729,618,683,759,789,843,790,827,909,923,960,923,953,918,875,909,848,834,909,895,948,895,845,865,866,972,961,975,1010,1016,998,1009,962,1019,1008,974,984,877,914,866,857,806,810,836,585,557,604,608,547,472,438,472,439,405,398,376,355,374,358,349,317,299,277,257,190,182,160,132,120,104,77,53,45,37,18,24,7,3,1,1,6,0,0,68675,810,862,823,894,876,873,938,856,872,831,863,845,879,881,847,826,869,924,859,693,704,619,649,723,739,791,782,836,883,868,859,844,826,838,915,817,843,853,860,974,892,843,781,906,833,962,925,1020,1040,1043,998,1018,1057,1017,1019,1006,962,963,912,891,866,849,941,878,632,637,635,650,590,596,523,538,548,524,536,469,450,511,487,430,430,358,389,389,335,314,256,254,244,200,155,132,124,86,79,61,54,28,23,16,25,1,0,132551,64997,4405,4500,4535,2825,1630,724,595,2155,4042,4313,4147,4247,4764,4896,4553,1646,2216,1153,1599,2127,1762,1289,874,67554,4264,4370,4315,2619,1550,704,618,2101,4125,4212,4302,4190,4935,5062,4695,1694,2429,1260,1813,2613,2266,1768,1649,2843,1722,2,0,0,0,0,0,0,0,0,0,0,0,0,0,0,0,0,0,0,0,2,0,0,0,0,2,2,0,0,0,0,0,1462,1362,1333,0,1333,0,0,0,0,0,0,0,0,29,0,0,0,0,0,0,100,5,5,5,0,90,5,72,9,0,1,3,258,241,10,0,10,0,0,0,0,0,0,0,0,231,0,0,0,0,0,0,17,0,0,0,0,17,2,10,0,0,0,5,1121,1,0,0,0,0,0,0,0,0,0,0,0,0,0,0,0,0,0,0,0,1,0,0,0,0,1,1,0,0,0,0,0,412,343,305,0,305,0,0,0,0,0,0,0,0,38,0,0,0,0,0,0,69,1,0,0,0,68,11,53,3,0,1,0,708,669,4,0,4,0,0,0,0,0,0,0,0,665,0,0,0,0,0,0,39,0,0,0,0,39,0,27,0,0,0,12
"G1701810","2010","IL","2","3","Illinois","17","Union County","181",,,,,,,,,,,,,,,"99999","99999","999",,,,,,,,,,,,,,,,,"1070854490","22503527","Union County","A","+37.4751042","-089.2528747","06","9",,17808,8882,115,109,107,103,113,109,121,103,118,97,111,99,126,98,98,104,132,122,115,125,106,106,96,103,110,111,98,111,100,111,87,94,84,88,95,107,99,102,109,126,101,122,105,117,110,110,137,122,125,166,145,134,155,137,128,135,136,127,113,126,121,136,101,131,106,81,108,116,96,95,82,79,82,87,72,63,51,55,41,36,45,23,37,35,28,26,32,23,20,14,9,6,4,5,7,4,1,0,1,3,1,0,0,8926,89,94,110,91,98,103,113,106,107,109,103,96,89,100,96,103,118,118,105,119,106,114,89,101,102,78,87,90,86,113,90,87,81,90,96,109,114,92,105,107,116,88,113,106,106,135,149,129,137,135,133,129,127,155,152,149,112,147,123,122,106,132,118,126,110,114,99,115,109,83,75,85,95,78,68,83,58,62,58,61,45,55,56,41,40,42,47,33,38,25,21,21,16,11,8,9,6,2,5,1,2,0,0,17242,8480,547,548,531,358,235,105,102,301,504,432,504,527,613,644,608,246,316,178,288,392,228,148,125,8762,482,538,484,339,223,106,114,289,446,434,516,522,667,683,642,237,351,212,305,394,313,226,239,566,402,1,0,0,0,0,0,0,0,0,0,0,0,0,0,0,0,0,0,0,0,1,0,0,0,0,1,0,0,0,0,1,0,292,8,0,0,0,0,0,0,0,0,0,0,0,8,0,0,0,0,0,0,284,0,0,0,0,284,0,246,38,0,0,0,109,67,0,0,0,0,0,0,0,0,0,0,0,61,6,0,6,0,0,0,42,0,0,0,0,42,0,32,10,0,0,0,164,0,0,0,0,0,0,0,0,0,0,0,0,0,0,0,0,0,0,0,0,0,0,0,0,0,0,0,0,0,0,0,0,86,1,0,0,0,0,0,0,0,0,0,0,0,1,0,0,0,0,0,0,85,0,0,0,0,85,0,77,8,0,0,0,78,63,0,0,0,0,0,0,0,0,0,0,0,56,7,0,7,0,0,0,15,0,0,0,0,15,0,15,0,0,0,0
"G1701830","2010","IL","2","3","Illinois","17","Vermilion County","183",,,,,,,,,,,,,,,"19180","99999","999",,,,,,,,,,,,,,,,,"2326763569","7534481","Vermilion County","A","+40.1867398","-087.7267715","06","1",,81625,40470,561,534,562,597,572,556,554,507,520,587,575,579,547,547,547,614,650,597,535,549,495,474,420,465,435,511,488,501,484,529,519,514,502,538,491,491,487,507,490,579,493,457,479,484,511,510,537,601,652,576,647,606,574,623,554,606,538,595,536,484,538,497,537,505,366,397,377,431,335,325,299,310,261,279,246,245,241,213,193,202,192,152,194,135,115,112,114,95,80,47,44,48,17,13,16,13,6,2,1,1,3,0,0,41155,525,542,516,538,536,522,529,505,501,585,572,506,560,499,521,599,615,551,540,465,488,370,424,453,476,485,475,446,466,524,438,473,422,462,428,440,419,492,481,466,458,446,464,507,490,575,610,548,589,590,625,587,606,618,613,545,622,596,562,531,548,550,540,558,374,403,435,456,369,366,336,383,326,306,312,293,279,280,279,279,257,245,245,234,195,212,189,151,138,118,105,85,65,47,51,31,25,14,12,10,13,4,0,78722,37977,2825,2723,2784,1820,1014,438,409,1162,2141,2170,2222,2157,2657,2846,2684,996,1369,757,1076,1370,1054,751,552,40745,2652,2642,2655,1764,1002,485,370,1343,2384,2213,2285,2345,2902,3034,2846,1095,1465,836,1181,1639,1372,1123,1112,2903,2493,54,4,4,0,0,1,3,0,0,0,0,0,0,0,0,0,0,0,0,0,50,0,0,0,0,50,0,0,0,0,47,3,2245,2129,2041,0,0,1829,212,0,0,0,0,0,0,69,19,14,0,5,0,0,116,0,0,0,0,116,26,51,4,0,21,14,194,188,11,0,0,9,2,0,0,0,0,0,0,170,7,2,0,5,0,0,6,0,0,0,0,6,0,6,0,0,0,0,410,9,0,0,0,0,0,0,0,0,0,0,0,0,0,0,0,0,0,0,0,9,0,0,0,0,9,0,0,0,0,0,9,116,46,28,0,0,0,28,0,0,0,0,0,0,17,1,1,0,0,0,0,70,0,0,0,0,70,0,55,2,0,0,13,285,280,0,0,0,0,0,0,0,0,0,0,0,280,0,0,0,0,0,0,5,0,0,0,0,5,0,5,0,0,0,0
"G1701850","2010","IL","2","3","Illinois","17","Wabash County","185",,,,,,,,,,,,,,,"99999","99999","999",,,,,,,,,,,,,,,,,"578218989","11017614","Wabash County","A","+38.4458209","-087.8391674","06","9",,11947,5846,63,83,77,63,75,75,77,80,82,53,66,85,65,60,97,76,86,87,99,99,81,59,61,72,48,64,80,64,71,81,89,75,52,65,57,76,69,69,55,56,71,66,60,62,81,77,82,82,100,95,87,91,94,104,93,82,103,92,89,73,85,97,67,73,44,53,50,60,60,54,49,56,33,36,50,34,29,42,31,34,26,18,30,24,16,13,20,9,15,11,10,15,6,8,6,3,2,0,1,0,0,0,0,6101,74,77,69,83,58,89,65,66,63,73,73,79,60,81,79,63,61,85,88,93,75,69,41,62,59,74,72,68,64,67,58,67,71,69,58,54,63,74,67,87,74,76,55,59,65,73,82,93,104,87,82,100,95,97,106,106,98,98,78,60,102,71,68,84,62,62,61,63,48,54,47,52,50,37,55,57,51,52,46,41,40,45,55,36,36,42,37,17,20,24,19,23,17,4,17,9,3,5,0,1,2,0,0,11859,5823,361,367,373,249,198,81,59,181,359,337,325,340,436,468,439,182,183,103,174,222,168,109,109,6036,361,356,372,209,181,75,69,162,345,322,345,329,437,480,440,172,213,122,165,239,241,205,196,88,23,0,0,0,0,0,0,0,0,0,0,0,0,0,0,0,0,0,0,0,0,0,0,0,0,0,0,0,0,0,0,0,0,4,2,0,0,0,0,0,0,0,0,0,0,0,2,0,0,0,0,0,0,2,0,0,0,0,2,0,0,2,0,0,0,19,17,0,0,0,0,0,0,0,0,0,0,0,17,0,0,0,0,0,0,2,0,0,0,0,2,0,0,2,0,0,0,65,0,0,0,0,0,0,0,0,0,0,0,0,0,0,0,0,0,0,0,0,0,0,0,0,0,0,0,0,0,0,0,0,5,0,0,0,0,0,0,0,0,0,0,0,0,0,0,0,0,0,0,0,5,0,0,0,0,5,0,0,5,0,0,0,60,60,0,0,0,0,0,0,0,0,0,0,0,60,0,0,0,0,0,0,0,0,0,0,0,0,0,0,0,0,0,0
"G1701870","2010","IL","2","3","Illinois","17","Warren County","187",,,,,,,,,,,,,,,"23660","99999","999",,,,,,,,,,,,,,,,,"1404823508","1674135","Warren County","A","+40.8504412","-090.6202228","06","2",,17707,8601,95,100,101,115,105,98,95,116,92,114,111,126,117,121,95,117,116,112,135,231,199,157,137,95,101,95,94,82,95,101,120,97,102,97,99,83,96,108,109,90,99,92,97,106,106,107,110,141,121,99,132,124,126,129,120,117,148,121,118,116,119,106,116,110,70,86,93,79,81,76,59,61,89,72,58,58,37,52,49,33,41,36,37,28,25,29,18,18,13,9,9,6,15,5,6,0,3,0,0,0,1,0,0,9106,87,105,97,118,108,119,98,107,114,118,133,102,108,118,100,121,99,121,168,214,201,166,136,89,87,61,94,88,103,91,114,87,87,98,102,91,117,104,81,105,91,106,88,118,96,132,97,117,116,130,130,134,142,118,123,149,121,130,130,113,108,105,114,119,88,75,106,72,103,88,71,89,88,86,60,61,61,53,63,72,58,66,65,49,41,46,41,30,46,30,25,20,23,10,4,9,7,7,4,2,3,0,0,16591,8085,516,515,570,345,163,87,69,271,463,512,484,498,577,629,615,223,296,178,235,336,222,161,120,8506,515,556,561,341,141,78,68,254,436,488,498,497,592,647,642,212,320,181,262,391,303,266,257,1116,516,0,0,0,0,0,0,0,0,0,0,0,0,0,0,0,0,0,0,0,0,0,0,0,0,0,0,0,0,0,0,0,0,486,24,16,0,0,0,16,0,0,0,0,0,0,8,0,0,0,0,0,0,462,458,0,0,0,4,0,4,0,0,0,0,30,30,0,0,0,0,0,0,0,0,0,0,0,30,0,0,0,0,0,0,0,0,0,0,0,0,0,0,0,0,0,0,600,0,0,0,0,0,0,0,0,0,0,0,0,0,0,0,0,0,0,0,0,0,0,0,0,0,0,0,0,0,0,0,0,526,6,1,0,0,0,1,0,0,0,0,0,0,5,0,0,0,0,0,0,520,517,0,0,0,3,0,3,0,0,0,0,74,74,0,0,0,0,0,0,0,0,0,0,0,74,0,0,0,0,0,0,0,0,0,0,0,0,0,0,0,0,0,0
"G1701890","2010","IL","2","3","Illinois","17","Washington County","189",,,,,,,,,,,,,,,"99999","99999","999",,,,,,,,,,,,,,,,,"1457055371","3454799","Washington County","A","+38.3531405","-089.4171873","06","9",,14716,7373,68,77,72,96,97,101,100,84,94,91,82,87,96,86,110,83,90,113,98,100,74,82,96,75,95,80,92,79,84,95,109,72,93,75,86,86,94,77,81,109,96,82,94,69,106,116,111,119,132,122,130,127,145,116,127,123,127,102,130,110,93,81,102,84,73,68,64,59,68,46,72,60,53,56,46,49,49,38,45,23,39,40,41,18,22,26,19,19,20,10,14,6,8,6,3,6,1,1,0,2,0,0,0,7343,70,83,74,109,87,90,72,100,81,93,94,82,83,85,99,106,107,116,83,85,60,69,73,69,90,70,82,81,69,82,83,81,90,74,89,76,59,91,88,106,96,92,103,87,101,95,112,120,120,129,130,119,134,111,117,89,107,104,96,76,83,91,93,76,75,60,84,74,65,86,68,80,61,51,57,42,52,44,50,44,64,49,39,41,39,45,31,32,26,21,26,18,12,8,7,12,5,6,3,3,1,0,0,14470,7264,410,469,457,277,185,73,82,260,422,432,446,445,596,635,591,174,258,129,172,284,200,152,115,7206,423,436,441,322,166,60,69,229,384,417,418,479,575,602,470,172,244,144,224,308,215,218,190,246,109,14,14,1,0,0,0,1,0,0,13,0,13,0,0,0,0,0,0,0,0,0,0,0,0,0,0,0,0,0,0,0,0,50,34,17,0,0,0,17,0,0,13,0,13,0,4,0,0,0,0,0,0,16,0,0,0,0,16,0,10,6,0,0,0,45,41,0,0,0,0,0,0,0,0,0,0,0,41,0,0,0,0,0,0,4,0,0,0,0,4,0,4,0,0,0,0,137,9,9,0,0,0,0,0,0,0,9,0,9,0,0,0,0,0,0,0,0,0,0,0,0,0,0,0,0,0,0,0,0,21,3,0,0,0,0,0,0,0,2,0,2,0,1,0,0,0,0,0,0,18,0,0,0,0,18,0,10,8,0,0,0,107,101,0,0,0,0,0,0,0,0,0,0,0,101,0,0,0,0,0,0,6,0,0,0,0,6,0,6,0,0,0,0
"G1701910","2010","IL","2","3","Illinois","17","Wayne County","191",,,,,,,,,,,,,,,"99999","99999","999",,,,,,,,,,,,,,,,,"1848769796","4331019","Wayne County","A","+38.4319482","-088.4321291","06","9",,16760,8258,107,120,103,112,110,111,113,105,126,79,112,111,118,87,106,105,108,127,129,102,91,63,92,79,97,89,93,89,95,95,102,91,96,72,87,89,83,104,99,107,88,100,106,128,101,113,112,127,117,127,134,125,134,123,117,130,107,109,120,100,132,96,111,99,98,89,86,96,89,76,88,77,81,68,57,68,56,60,39,39,39,50,30,39,34,31,20,20,23,11,9,9,10,4,1,0,0,0,1,0,0,0,0,8502,86,108,106,103,89,90,98,110,115,103,96,110,97,105,103,106,118,77,99,89,84,88,86,72,80,77,98,88,79,116,109,136,92,79,76,76,90,87,92,112,114,85,81,97,123,109,121,107,113,136,125,127,110,133,117,122,125,114,110,132,117,102,106,110,82,97,113,118,85,83,86,84,97,74,70,72,74,81,70,70,51,54,62,51,53,56,49,44,24,35,18,23,17,13,8,9,8,2,6,0,2,0,0,16684,8229,552,534,534,340,231,91,63,268,455,446,482,521,595,633,566,226,306,174,259,367,261,189,136,8455,492,516,511,301,188,84,88,238,458,491,457,495,582,609,600,217,296,210,285,409,363,266,299,76,29,0,0,0,0,0,0,0,0,0,0,0,0,0,0,0,0,0,0,0,0,0,0,0,0,0,0,0,0,0,0,0,0,15,8,2,2,0,0,0,0,0,0,0,0,0,6,0,0,0,0,0,0,7,0,0,0,0,7,0,7,0,0,0,0,14,9,0,0,0,0,0,0,0,0,0,0,0,9,0,0,0,0,0,0,5,0,0,0,0,5,0,5,0,0,0,0,47,0,0,0,0,0,0,0,0,0,0,0,0,0,0,0,0,0,0,0,0,0,0,0,0,0,0,0,0,0,0,0,0,20,9,0,0,0,0,0,0,0,0,0,0,0,9,0,0,0,0,0,0,11,0,0,0,0,11,0,11,0,0,0,0,27,22,0,0,0,0,0,0,0,0,0,0,0,22,0,0,0,0,0,0,5,0,0,0,0,5,0,5,0,0,0,0
"G1701930","2010","IL","2","3","Illinois","17","White County","193",,,,,,,,,,,,,,,"99999","99999","999",,,,,,,,,,,,,,,,,"1281438823","18375223","White County","A","+38.0873720","-088.1785848","06","9",,14665,7085,100,81,102,84,78,85,87,81,85,79,88,82,82,74,101,87,88,86,86,68,61,75,57,70,88,77,83,72,100,101,76,74,70,80,65,73,71,71,65,72,84,96,93,69,99,99,91,125,105,126,123,120,123,119,134,111,101,94,109,81,93,99,114,94,68,61,76,93,73,65,63,82,71,63,53,48,47,54,53,38,47,33,38,44,37,37,28,20,18,11,15,5,9,6,6,5,1,6,0,1,3,0,0,7580,88,86,82,97,83,79,75,79,101,84,78,85,77,74,86,85,88,88,107,79,68,64,81,79,73,74,89,82,76,96,83,81,69,94,73,63,72,74,72,81,89,90,58,80,92,101,91,115,140,116,124,124,111,105,113,141,99,115,91,81,93,110,98,105,89,89,79,88,89,87,75,78,84,67,66,71,78,69,71,55,56,55,55,65,48,56,47,25,30,46,32,28,18,16,13,12,6,2,4,0,4,0,0,14274,6897,445,417,422,252,154,61,69,207,424,348,340,439,532,605,486,192,271,135,228,325,224,181,140,7377,436,418,392,258,185,68,63,230,415,397,362,408,556,574,523,201,288,165,258,357,320,248,255,391,188,14,14,0,0,0,0,0,0,0,14,14,0,0,0,0,0,0,0,0,0,0,0,0,0,0,0,0,0,0,0,0,0,97,72,60,0,0,0,60,0,0,0,0,0,0,12,0,0,0,0,0,0,25,0,0,0,0,25,0,6,14,0,5,0,77,77,2,0,0,0,2,0,0,0,0,0,0,75,0,0,0,0,0,0,0,0,0,0,0,0,0,0,0,0,0,0,203,11,11,0,0,0,0,0,0,0,11,11,0,0,0,0,0,0,0,0,0,0,0,0,0,0,0,0,0,0,0,0,0,31,13,10,0,0,0,10,0,0,0,0,0,0,3,0,0,0,0,0,0,18,0,0,0,0,18,0,12,0,0,6,0,161,161,0,0,0,0,0,0,0,0,0,0,0,161,0,0,0,0,0,0,0,0,0,0,0,0,0,0,0,0,0,0
"G1701950","2010","IL","2","3","Illinois","17","Whiteside County","195",,,,,,,,,,,,,,,"44580","99999","999",,,,,,,,,,,,,,,,,"1772198878","31796457","Whiteside County","A","+41.7505708","-089.9109567","06","2",,58498,28715,339,339,375,369,369,347,366,394,348,386,437,419,397,381,413,403,415,446,400,369,389,317,306,276,344,310,275,310,325,320,334,321,316,298,307,322,316,331,394,364,371,368,356,362,350,426,415,436,420,467,436,463,455,462,480,444,415,424,403,422,382,345,387,366,242,300,315,277,250,230,255,238,223,198,181,187,161,162,143,158,156,146,118,112,100,92,88,60,63,47,35,37,23,18,19,15,9,4,5,6,0,0,0,29783,322,350,356,348,341,373,355,410,361,367,365,420,390,411,426,384,405,413,354,331,293,281,289,291,306,293,307,322,314,299,294,308,292,301,315,348,305,335,346,403,387,363,324,364,374,407,407,418,428,482,459,421,493,451,464,428,454,435,433,398,384,393,386,378,312,314,289,318,279,259,253,272,242,257,216,221,209,224,198,226,211,207,202,186,145,145,131,134,129,124,84,90,61,42,37,27,32,9,16,9,17,1,0,57486,28232,1790,1840,2047,1263,724,364,314,901,1508,1550,1687,1776,2106,2264,2077,718,982,610,752,1080,797,611,471,29254,1714,1866,2012,1202,680,288,281,880,1512,1497,1718,1797,2118,2268,2125,770,1063,599,847,1212,1032,893,880,1012,483,3,1,1,0,0,0,1,0,0,0,0,0,0,0,0,0,0,0,0,0,2,0,0,0,0,2,0,0,0,0,0,2,370,245,76,0,0,0,76,0,0,0,0,0,0,169,0,0,0,0,0,0,125,63,0,0,0,62,8,52,0,0,0,2,110,107,0,0,0,0,0,0,0,0,0,0,0,103,4,4,0,0,0,0,3,0,0,0,0,3,0,3,0,0,0,0,529,3,0,0,0,0,0,0,0,0,0,0,0,0,0,0,0,0,0,0,0,3,0,0,0,0,3,0,0,0,0,0,3,173,105,11,0,0,0,11,0,0,0,0,0,0,94,0,0,0,0,0,0,68,6,0,0,0,62,2,55,0,0,0,5,353,346,0,0,0,0,0,0,0,0,0,0,0,317,29,29,0,0,0,0,7,0,0,0,0,7,0,7,0,0,0,0
"G1701970","2010","IL","2","3","Illinois","17","Will County","197",,,,,,,,,,,,,,,"16980","16974","176",,,,,,,,,,,,,,,,,"2167580722","31904495","Will County","A","+41.4484742","-087.9784564","06","1",,677560,336556,4496,4737,5037,5233,5470,5522,5683,5729,5874,5980,6014,5792,6006,5811,5896,5899,5870,5902,5163,4398,4137,3799,3725,3583,3801,3692,3555,3857,4019,4116,4355,4100,4351,4295,4573,4793,4809,5074,5314,5683,5743,5457,5348,5419,5569,5845,5670,5450,5351,5275,5300,4984,4863,4551,4432,4250,3888,3741,3583,3330,3306,3046,3264,3148,2215,2298,2254,2252,1924,1608,1508,1535,1344,1282,1164,1108,990,911,859,841,795,650,601,593,504,444,384,345,315,230,178,125,102,60,61,42,27,21,18,4,8,0,0,341004,4393,4683,4734,5088,5174,5180,5521,5369,5602,5596,5757,5505,5352,5664,5649,5602,5532,5602,4778,3839,3630,3366,3392,3514,3460,3619,3512,3907,3974,4231,4510,4343,4455,4707,4792,5069,4859,5260,5562,5977,6103,5499,5457,5588,5532,5731,5584,5451,5389,5223,5253,5015,4845,4536,4404,4268,3947,3875,3591,3638,3412,3315,3397,3322,2441,2347,2370,2544,2127,1755,1761,1810,1551,1437,1547,1400,1174,1221,1131,1187,1130,958,989,949,903,797,718,624,606,489,423,367,292,237,176,132,97,66,47,27,35,5,0,669013,330605,24952,28771,29503,17505,8988,3816,3537,10615,18517,21015,25118,27040,27157,23809,18562,6271,8556,4512,5715,6731,4617,3067,2231,338408,24056,27248,27909,16705,8249,3455,3226,10232,19190,22762,26686,28141,27314,23981,19224,6707,9104,4683,6368,8000,5953,4714,4501,8547,5951,220,180,24,0,0,11,13,0,0,156,33,0,123,0,0,0,0,0,0,0,40,0,0,0,0,40,19,0,0,0,0,21,5219,4196,3732,0,0,3085,647,0,0,136,15,0,121,328,0,0,0,0,0,0,1023,730,0,0,0,293,47,137,28,0,8,73,512,462,59,0,0,59,0,0,0,0,0,0,0,401,2,0,0,2,0,0,50,0,0,0,0,50,0,9,0,0,29,12,2596,85,52,1,0,0,0,1,0,0,51,40,9,2,0,0,0,0,0,0,0,33,1,0,0,0,32,14,0,0,0,1,17,1301,353,86,0,0,5,81,0,0,6,6,0,0,261,0,0,0,0,0,0,948,776,0,0,0,172,39,45,13,0,14,61,1210,1110,0,0,0,0,0,0,0,0,0,0,0,1108,2,0,0,2,0,0,100,0,0,0,0,100,13,4,0,0,40,43
"G1701990","2010","IL","2","3","Illinois","17","Williamson County","199",,,,,,,,,,,,,,,"32060","99999","166",,,,,,,,,,,,,,,,,"1088181449","62684233","Williamson County","A","+37.7303533","-088.9300182","06","2",,66357,32824,421,399,441,407,431,408,473,418,403,426,414,424,412,375,416,398,440,405,464,367,363,376,374,435,403,418,425,447,407,459,491,455,422,432,433,451,424,388,471,477,478,422,408,429,425,517,471,492,486,525,498,478,485,501,461,444,479,416,423,407,410,393,476,431,328,325,323,321,330,269,280,252,245,200,217,204,180,164,174,161,157,114,112,80,76,78,87,66,61,43,30,21,25,13,9,11,6,5,3,3,3,0,0,33533,366,372,417,408,394,395,382,457,411,399,370,399,399,399,388,398,420,407,418,436,388,440,418,374,380,395,391,454,426,413,448,388,404,372,389,390,371,397,433,456,441,359,396,362,435,457,474,475,496,470,535,487,462,481,488,472,454,476,418,410,421,429,472,477,335,408,378,349,322,316,326,295,290,253,274,250,217,194,195,226,192,197,175,183,157,140,143,129,123,96,82,77,50,39,29,26,20,16,8,6,6,2,0,64487,31343,2099,2128,2041,1242,820,350,358,1154,1979,2006,2007,1987,2316,2304,2104,777,1211,634,891,1162,849,515,409,33144,1956,2040,1950,1223,854,388,438,1172,2078,1996,2035,1980,2365,2437,2211,839,1266,777,976,1404,1051,856,852,1870,1481,1,0,0,0,0,0,0,0,0,0,0,0,0,0,0,0,0,0,0,0,1,0,0,0,0,1,1,0,0,0,0,0,1292,1231,1188,0,981,0,207,0,0,0,0,0,0,43,0,0,0,0,0,0,61,0,0,0,0,61,15,31,0,0,0,15,188,170,25,0,25,0,0,0,0,0,0,0,0,145,0,0,0,0,0,0,18,0,0,0,0,18,0,9,0,0,0,9,389,12,0,0,0,0,0,0,0,0,0,0,0,0,0,0,0,0,0,0,0,12,0,0,0,0,12,7,0,0,0,0,5,104,56,0,0,0,0,0,0,0,0,0,0,0,56,0,0,0,0,0,0,48,0,0,0,0,48,17,9,0,0,0,22,273,254,0,0,0,0,0,0,0,0,0,0,0,254,0,0,0,0,0,0,19,0,0,0,0,19,0,1,0,0,0,18
"G1702010","2010","IL","2","3","Illinois","17","Winnebago County","201",,,,,,,,,,,,,,,"40420","99999","466",,,,,,,,,,,,,,,,,"1329601795","15250394","Winnebago County","A","+42.3373957","-089.1612053","06","1",,295266,144327,1938,2007,2079,2066,2000,2032,2088,2021,2064,2044,2167,2167,2049,2073,2184,2111,2184,2198,2171,1807,1797,1645,1593,1714,1877,1865,1794,1785,1873,1815,1887,1769,1757,1694,1760,1866,1804,1804,1997,2059,2171,1879,1930,1805,1966,2167,2221,2120,2288,2251,2339,2074,2216,2181,2106,2023,1973,1946,1884,1753,1697,1612,1747,1713,1222,1299,1305,1307,1072,966,864,813,882,803,745,725,640,580,615,612,526,470,514,460,410,343,296,281,206,192,149,106,77,65,40,26,18,13,7,3,6,2,0,150939,1911,1924,1901,1914,1916,1903,1963,1948,1998,2048,2139,2020,2056,2005,2113,2086,2131,2132,1998,1758,1725,1778,1638,1807,1872,1902,1840,1900,1910,1981,1907,1885,1831,1705,1741,1835,1781,1896,2016,2076,2114,1896,1912,1876,2071,2160,2203,2168,2258,2374,2273,2200,2153,2245,2142,2140,2074,2013,2062,1799,1777,1792,1875,1832,1363,1379,1414,1386,1189,1167,1053,1015,1031,895,913,894,808,811,799,835,756,729,746,632,681,605,562,513,500,446,313,278,199,197,155,103,85,63,45,26,50,4,0,290581,141788,10073,10235,10604,6418,3852,1708,1566,5010,8893,8673,9350,9567,10802,10710,9448,3273,4632,2574,3309,4038,3096,2283,1674,148793,9553,9855,10315,6288,3678,1669,1727,5222,9451,8989,9514,9798,11078,10932,10030,3543,5024,2768,3696,4821,4023,3320,3499,4685,2539,142,105,5,0,0,0,5,0,0,100,17,32,51,0,0,0,0,0,0,0,37,0,0,0,0,37,14,0,0,0,0,23,1933,1075,700,0,0,0,700,0,0,24,20,3,1,304,47,47,0,0,0,0,858,142,0,0,0,716,167,165,139,0,0,245,464,439,5,0,0,0,5,0,0,0,0,0,0,430,4,4,0,0,0,0,25,0,0,0,0,25,1,13,0,0,0,11,2146,97,73,1,0,0,0,1,0,0,72,12,55,5,0,0,0,0,0,0,0,24,0,0,0,0,24,5,0,0,0,0,19,899,539,252,0,0,0,252,0,0,24,5,19,0,240,23,23,0,0,0,0,360,104,0,0,0,256,39,97,50,0,0,70,1150,1105,0,0,0,0,0,0,0,0,0,0,0,1105,0,0,0,0,0,0,45,0,0,0,0,45,3,25,0,0,2,15
"G1702030","2010","IL","2","3","Illinois","17","Woodford County","203",,,,,,,,,,,,,,,"37900","99999","426",,,,,,,,,,,,,,,,,"1366993724","38442098","Woodford County","A","+40.7895956","-089.2103006","06","1",,38664,19100,254,267,252,240,279,271,271,294,294,317,304,295,307,303,305,278,290,340,300,258,225,259,221,190,183,171,164,173,208,222,217,220,213,228,216,247,186,213,220,238,246,239,238,259,255,285,265,283,324,311,293,292,290,312,297,310,272,297,289,231,244,246,226,223,164,169,173,181,154,128,113,131,132,116,101,106,90,86,76,94,82,70,54,58,67,44,49,45,34,36,26,16,11,14,2,5,3,3,3,1,3,0,0,19564,255,227,263,230,261,272,250,246,255,288,293,266,286,298,295,258,293,293,298,267,233,232,171,169,171,172,191,197,225,224,238,208,218,213,234,188,219,230,226,247,266,251,224,261,248,308,271,302,300,301,317,315,302,291,311,300,288,289,270,241,231,237,218,226,150,170,182,164,167,145,126,124,133,125,101,115,103,130,98,111,129,99,103,101,75,100,89,94,74,76,54,53,43,40,31,26,19,15,10,9,11,1,0,37643,18719,1292,1447,1514,907,495,190,221,549,927,1087,1092,1231,1457,1475,1388,486,609,337,457,580,432,311,235,18924,1236,1311,1438,843,485,186,184,487,1006,1108,1109,1246,1474,1524,1380,465,585,348,471,602,513,434,489,1021,381,1,1,1,0,0,0,1,0,0,0,0,0,0,0,0,0,0,0,0,0,0,0,0,0,0,0,0,0,0,0,0,0,256,78,39,0,0,0,39,0,0,0,0,0,0,39,0,0,0,0,0,0,178,171,0,0,0,7,1,4,0,0,0,2,124,124,0,0,0,0,0,0,0,0,0,0,0,124,0,0,0,0,0,0,0,0,0,0,0,0,0,0,0,0,0,0,640,1,0,0,0,0,0,0,0,0,0,0,0,0,0,0,0,0,0,0,0,1,1,0,0,0,0,0,0,0,0,0,0,250,43,4,0,0,0,4,0,0,0,0,0,0,39,0,0,0,0,0,0,207,198,0,0,0,9,3,2,0,0,0,4,389,369,0,0,0,0,0,0,0,0,0,0,0,369,0,0,0,0,0,0,20,0,0,0,0,20,0,2,0,0,0,18
"G1800010","2010","IN","2","3","Indiana","18","Adams County","001",,,,,,,,,,,,,,,"19540","99999","258",,,,,,,,,,,,,,,,,"878079128","2430463","Adams County","A","+40.7457327","-084.9361305","06","2",,34387,16999,334,351,323,324,286,320,317,311,283,289,261,316,290,273,313,307,286,298,279,225,232,189,182,195,182,208,213,209,203,214,201,179,179,195,211,231,196,166,194,204,214,203,210,216,191,209,194,222,229,240,209,230,223,211,202,214,231,189,198,179,175,174,192,167,123,121,115,120,130,98,100,99,99,83,95,81,80,79,64,57,67,63,54,50,52,52,26,31,35,37,24,14,17,11,10,9,5,2,1,1,3,0,0,17388,283,301,324,355,305,305,294,330,287,294,317,274,248,279,264,280,252,240,279,199,206,190,203,171,212,195,200,218,190,185,184,208,172,196,178,180,165,185,202,232,204,185,183,194,187,233,222,208,217,228,237,219,206,241,216,226,209,188,199,178,177,176,182,194,132,143,139,154,126,113,115,125,123,99,106,91,84,91,79,83,88,92,97,93,85,80,89,79,79,65,55,55,29,21,23,20,14,7,5,10,8,0,0,33966,16828,1618,1520,1453,891,498,228,184,547,1025,955,988,1028,1080,1070,1002,345,475,235,346,471,351,275,243,17138,1568,1510,1382,771,476,205,189,582,979,937,960,953,1107,1116,999,353,505,281,391,558,403,414,499,421,171,0,0,0,0,0,0,0,0,0,0,0,0,0,0,0,0,0,0,0,0,0,0,0,0,0,0,0,0,0,0,0,0,107,77,70,0,0,0,70,0,0,0,0,0,0,7,0,0,0,0,0,0,30,0,0,0,0,30,0,28,0,0,0,2,64,62,0,0,0,0,0,0,0,0,0,0,0,62,0,0,0,0,0,0,2,0,0,0,0,2,0,1,0,0,0,1,250,1,1,0,0,0,0,0,0,0,0,0,0,0,0,1,1,0,0,0,0,0,0,0,0,0,0,0,0,0,0,0,0,30,28,23,0,0,0,23,0,0,0,0,0,0,5,0,0,0,0,0,0,2,0,0,0,0,2,0,2,0,0,0,0,219,219,0,0,0,0,0,0,0,0,0,0,0,216,3,3,0,0,0,0,0,0,0,0,0,0,0,0,0,0,0,0
"G1800030","2010","IN","2","3","Indiana","18","Allen County","003",,,,,,,,,,,,,,,"23060","99999","258",,,,,,,,,,,,,,,,,"1702419942","7028819","Allen County","A","+41.0918553","-085.0722302","06","1",,355329,173221,2676,2613,2738,2688,2739,2749,2634,2685,2701,2770,2701,2663,2624,2638,2744,2753,2719,2751,2673,2450,2306,2253,2189,2277,2401,2434,2184,2305,2361,2329,2513,2275,2293,2194,2200,2319,2152,2187,2281,2474,2512,2255,2212,2151,2193,2464,2512,2441,2546,2417,2622,2457,2397,2440,2433,2478,2326,2200,2091,2050,1881,1838,1839,1799,1327,1373,1233,1352,1060,946,909,858,857,793,710,688,643,628,565,629,597,554,526,471,390,380,321,282,225,200,118,105,97,55,58,18,18,15,13,8,8,0,1,182108,2591,2570,2607,2680,2622,2665,2622,2687,2647,2645,2724,2569,2684,2494,2643,2622,2580,2720,2602,2386,2392,2300,2330,2505,2427,2428,2298,2432,2411,2435,2477,2403,2304,2280,2253,2226,2111,2325,2397,2462,2485,2294,2250,2220,2294,2420,2596,2417,2605,2536,2643,2552,2492,2695,2529,2489,2389,2289,2208,2128,2096,2000,2028,2010,1454,1453,1515,1415,1269,1152,1048,1076,1027,926,924,922,880,900,872,817,847,800,767,740,762,698,597,533,475,440,349,287,245,163,131,126,82,53,53,31,49,8,1,349222,170060,13424,13524,13314,8048,4692,2142,2150,6665,11363,11265,11237,11153,12178,12138,10979,3681,4912,2576,3328,4051,3077,2450,1713,179162,13052,13241,13067,7875,4559,2211,2216,7162,11930,11653,11458,11480,12495,12818,11423,4068,5440,2932,3781,4902,4242,3657,3500,6107,3161,276,220,48,0,0,0,48,0,0,172,38,35,99,0,0,0,0,0,0,0,56,0,0,0,0,56,27,2,0,0,0,27,2376,939,749,0,0,0,668,81,0,13,11,0,2,177,0,0,0,0,0,0,1437,678,0,0,0,759,144,210,49,0,7,349,509,473,3,0,0,0,3,0,0,0,0,0,0,468,2,2,0,0,0,0,36,0,0,0,0,36,3,2,0,0,0,31,2946,137,81,0,0,0,0,0,0,0,81,12,37,32,0,0,0,0,0,0,0,56,2,0,0,0,54,26,2,0,0,0,26,1390,307,122,0,0,0,103,19,0,19,5,7,7,163,3,3,0,0,0,0,1083,687,0,0,0,396,55,73,35,0,3,230,1419,1390,0,0,0,0,0,0,0,0,0,0,0,1388,2,2,0,0,0,0,29,0,0,0,0,29,0,0,5,0,0,24
"G1800050","2010","IN","2","3","Indiana","18","Bartholomew County","005",,,,,,,,,,,,,,,"18020","99999","294",,,,,,,,,,,,,,,,,"1053886348","6778454","Bartholomew County","A","+39.2058430","-085.8979988","06","1",,76794,37936,548,533,549,517,548,517,566,515,500,536,579,521,556,571,577,561,571,600,547,427,442,405,388,434,476,524,481,526,473,514,574,497,505,473,475,514,503,508,521,574,568,525,506,535,518,583,524,547,557,542,557,546,573,503,519,509,513,482,501,428,452,453,423,424,357,334,346,353,287,264,279,293,206,223,197,185,221,180,162,167,128,109,114,97,79,83,59,59,50,42,41,25,18,13,9,10,8,1,1,2,0,0,0,38858,471,526,475,554,510,573,509,537,590,508,575,519,474,502,519,536,573,544,533,381,389,363,371,469,438,474,462,484,473,444,490,465,472,512,462,514,468,513,570,568,507,520,499,502,531,510,563,578,539,589,600,521,569,579,502,553,508,500,523,517,462,447,493,498,352,395,365,377,346,329,295,293,268,278,258,213,228,217,199,193,219,179,166,172,144,177,124,126,120,85,73,60,58,31,33,21,18,7,10,4,5,0,0,75647,37335,2693,2628,2779,1715,960,429,395,1262,2439,2471,2570,2610,2726,2653,2412,900,1192,676,897,1174,886,498,370,38312,2530,2711,2576,1623,908,380,354,1263,2326,2384,2617,2548,2766,2757,2585,905,1330,749,1041,1365,995,814,785,1147,601,50,42,0,0,0,0,0,0,0,42,11,23,8,0,0,0,0,0,0,0,8,0,0,0,0,8,2,0,0,0,1,5,407,184,151,0,0,0,151,0,0,4,3,0,1,29,0,0,0,0,0,0,223,0,142,142,0,81,8,16,5,0,2,50,144,131,0,0,0,0,0,0,0,0,0,0,0,131,0,0,0,0,0,0,13,0,0,0,0,13,0,0,0,0,0,13,546,55,37,0,0,0,0,0,0,0,37,4,29,4,0,0,0,0,0,0,0,18,0,0,0,0,18,4,0,0,0,0,14,154,61,23,0,0,0,23,0,0,2,2,0,0,36,0,0,0,0,0,0,93,0,36,36,0,57,5,8,3,0,2,39,337,324,0,0,0,0,0,0,0,0,0,0,0,324,0,0,0,0,0,0,13,0,0,0,0,13,0,0,0,0,0,13
"G1800070","2010","IN","2","3","Indiana","18","Benton County","007",,,,,,,,,,,,,,,"29140","99999","320",,,,,,,,,,,,,,,,,"1052616479","236035","Benton County","A","+40.6082528","-087.3154792","06","1",,8854,4385,49,80,75,55,79,55,73,52,67,58,80,53,70,68,77,62,68,86,81,41,51,49,36,28,57,36,44,54,54,58,56,44,46,49,53,52,48,40,50,55,58,47,64,72,59,68,65,64,57,69,71,69,70,61,63,73,61,60,63,48,67,61,50,47,25,48,39,40,38,39,34,42,34,21,16,13,26,19,18,17,23,16,10,12,17,16,12,7,5,4,5,1,6,0,2,0,0,1,1,0,2,0,0,4469,53,52,59,50,65,73,61,53,64,57,67,60,68,59,51,64,63,58,63,38,43,40,34,36,34,50,44,57,61,44,38,43,53,44,53,54,62,27,57,71,57,68,57,56,65,64,64,75,75,67,82,72,69,72,46,67,58,61,58,53,52,57,53,39,49,47,52,44,47,42,36,36,28,20,40,32,31,28,27,35,29,28,30,17,25,21,18,18,19,11,4,4,10,7,6,4,2,3,3,0,5,1,0,8762,4347,338,305,348,216,122,51,49,120,244,243,244,299,319,333,302,127,122,85,117,143,87,75,58,4415,279,308,305,185,101,43,40,104,256,230,269,301,345,341,294,109,140,99,133,156,146,123,108,92,38,0,0,0,0,0,0,0,0,0,0,0,0,0,0,0,0,0,0,0,0,0,0,0,0,0,0,0,0,0,0,0,0,19,17,17,0,0,0,17,0,0,0,0,0,0,0,0,0,0,0,0,0,2,0,0,0,0,2,0,0,0,0,2,0,19,15,0,0,0,0,0,0,0,0,0,0,0,15,0,0,0,0,0,0,4,0,0,0,0,4,0,0,0,0,4,0,54,0,0,0,0,0,0,0,0,0,0,0,0,0,0,0,0,0,0,0,0,0,0,0,0,0,0,0,0,0,0,0,0,9,6,4,0,0,0,4,0,0,0,0,0,0,2,0,0,0,0,0,0,3,0,0,0,0,3,0,0,0,0,3,0,45,39,0,0,0,0,0,0,0,0,0,0,0,39,0,0,0,0,0,0,6,0,0,0,0,6,0,3,0,0,3,0
"G1800090","2010","IN","2","3","Indiana","18","Blackford County","009",,,,,,,,,,,,,,,"99999","99999","999",,,,,,,,,,,,,,,,,"427554649","1303587","Blackford County","A","+40.4726717","-085.3237297","06","9",,12766,6292,82,74,73,84,76,75,89,66,86,72,108,89,92,82,100,85,106,88,97,75,72,54,72,65,80,65,64,65,66,73,73,61,51,58,66,58,87,70,101,79,76,102,73,81,95,84,91,109,100,104,108,107,105,82,98,86,88,91,83,96,92,80,90,94,51,69,57,84,62,63,53,54,49,31,45,57,38,34,33,28,29,15,17,25,21,13,13,12,8,5,11,5,4,2,7,2,1,0,0,0,0,0,0,6474,59,92,73,84,62,70,55,75,73,76,79,75,69,90,83,93,106,73,83,66,62,67,64,62,68,69,62,62,63,59,65,74,68,66,56,69,74,73,94,89,87,81,76,71,68,102,105,85,101,95,96,96,102,91,104,98,90,98,91,94,86,83,108,83,60,76,65,90,62,78,65,61,51,51,58,61,54,46,49,37,43,50,47,36,38,25,25,27,23,11,23,21,15,10,5,4,5,2,2,2,3,0,0,12603,6189,389,388,471,279,166,66,51,205,317,291,384,417,485,495,444,171,235,123,209,229,190,104,80,6414,370,349,396,272,148,62,66,194,314,328,399,383,488,488,468,168,249,138,228,284,239,202,181,163,103,0,0,0,0,0,0,0,0,0,0,0,0,0,0,0,0,0,0,0,0,0,0,0,0,0,0,0,0,0,0,0,0,91,87,87,0,0,0,87,0,0,0,0,0,0,0,0,0,0,0,0,0,4,0,0,0,0,4,0,4,0,0,0,0,12,12,0,0,0,0,0,0,0,0,0,0,0,12,0,0,0,0,0,0,0,0,0,0,0,0,0,0,0,0,0,0,60,0,0,0,0,0,0,0,0,0,0,0,0,0,0,0,0,0,0,0,0,0,0,0,0,0,0,0,0,0,0,0,0,11,11,5,0,0,0,4,1,0,0,0,0,0,6,0,0,0,0,0,0,0,0,0,0,0,0,0,0,0,0,0,0,49,49,0,0,0,0,0,0,0,0,0,0,0,49,0,0,0,0,0,0,0,0,0,0,0,0,0,0,0,0,0,0
"G1800110","2010","IN","2","3","Indiana","18","Boone County","011",,,,,,,,,,,,,,,"26900","99999","294",,,,,,,,,,,,,,,,,"1095338966","878039","Boone County","A","+40.0508916","-086.4690137","06","1",,56640,27864,367,361,405,421,446,457,473,460,423,492,476,492,483,484,499,486,487,474,463,237,226,226,224,259,245,304,275,271,303,307,304,301,288,292,339,328,341,366,396,432,430,388,388,489,461,466,470,487,492,529,467,427,505,444,484,444,347,311,344,307,308,300,301,286,219,218,207,229,187,146,154,149,134,130,121,121,108,100,100,98,90,82,71,66,66,56,55,30,30,25,23,19,15,4,8,7,2,4,1,0,1,0,0,28776,327,368,411,414,405,382,447,395,455,406,470,451,471,483,471,492,457,426,381,210,187,209,225,272,282,319,277,312,279,298,314,287,312,347,323,360,401,389,430,463,458,412,425,431,444,511,559,509,516,505,498,485,469,455,445,410,354,327,368,342,299,328,288,300,243,209,232,255,190,208,188,165,166,156,164,164,129,122,135,115,129,100,102,112,116,86,89,76,80,70,46,39,34,34,21,18,17,5,4,2,8,1,0,56066,27586,2000,2303,2424,1437,688,216,218,721,1434,1500,1852,2134,2428,2317,1742,606,794,421,558,671,510,361,251,28480,1924,2082,2336,1366,589,187,209,776,1482,1581,2042,2168,2597,2344,1789,625,824,435,643,824,641,519,497,574,278,22,20,0,0,0,0,0,0,0,20,0,20,0,0,0,0,0,0,0,0,2,0,0,0,0,2,0,0,0,0,1,1,171,145,124,0,0,0,124,0,0,0,0,0,0,21,0,0,0,0,0,0,26,0,0,0,0,26,0,13,0,0,4,9,85,82,2,0,0,0,2,0,0,0,0,0,0,80,0,0,0,0,0,0,3,0,0,0,0,3,0,3,0,0,0,0,296,23,20,0,0,0,0,0,0,0,20,0,20,0,0,0,0,0,0,0,0,3,0,0,0,0,3,0,0,0,0,0,3,45,29,11,0,0,0,11,0,0,0,0,0,0,18,0,0,0,0,0,0,16,0,0,0,0,16,0,10,0,0,0,6,228,218,0,0,0,0,0,0,0,0,0,0,0,218,0,0,0,0,0,0,10,0,0,0,0,10,0,6,0,0,0,4
"G1800130","2010","IN","2","3","Indiana","18","Brown County","013",,,,,,,,,,,,,,,"26900","99999","294",,,,,,,,,,,,,,,,,"808026819","12043068","Brown County","A","+39.1925851","-086.2394102","06","1",,15242,7565,67,60,82,79,85,67,93,92,89,81,101,96,100,97,102,89,124,102,101,58,56,56,73,55,58,60,55,75,75,62,62,57,80,69,72,75,86,90,87,97,112,86,100,84,91,136,116,117,120,105,134,143,141,122,140,160,133,135,143,128,159,126,162,122,137,98,124,103,92,80,69,72,74,61,56,57,34,49,53,27,20,32,17,21,21,14,18,12,8,8,7,4,9,2,2,1,1,1,1,0,0,0,0,7677,63,73,79,103,86,56,81,84,86,83,105,73,70,90,102,117,113,102,72,83,68,49,47,58,66,63,59,55,61,60,77,65,73,60,63,84,85,65,84,100,78,93,105,121,99,124,111,107,115,127,126,147,143,165,157,160,165,141,132,137,154,118,140,179,98,91,101,123,76,93,69,64,76,57,61,48,57,56,35,36,35,36,31,20,24,30,32,28,16,18,12,5,16,7,5,9,1,1,1,1,1,0,0,15079,7511,373,422,494,315,159,56,56,186,327,339,434,471,589,674,697,285,414,222,274,322,217,107,78,7568,404,390,440,326,155,66,49,170,296,334,417,495,577,734,725,268,413,188,289,319,216,135,162,163,54,2,0,0,0,0,0,0,0,0,0,0,0,0,0,0,0,0,0,0,0,2,0,0,0,0,2,0,0,0,0,0,2,24,10,0,0,0,0,0,0,0,0,0,0,0,10,0,0,0,0,0,0,14,0,0,0,0,14,0,0,0,0,0,14,28,26,0,0,0,0,0,0,0,0,0,0,0,26,0,0,0,0,0,0,2,0,0,0,0,2,0,0,0,0,0,2,109,6,4,0,0,0,0,0,0,0,4,4,0,0,0,0,0,0,0,0,0,2,0,0,0,0,2,0,0,0,0,0,2,40,21,0,0,0,0,0,0,0,1,1,0,0,20,0,0,0,0,0,0,19,0,0,0,0,19,0,6,0,0,0,13,63,59,0,0,0,0,0,0,0,0,0,0,0,59,0,0,0,0,0,0,4,0,0,0,0,4,0,0,0,0,0,4
"G1800150","2010","IN","2","3","Indiana","18","Carroll County","015",,,,,,,,,,,,,,,"29140","99999","320",,,,,,,,,,,,,,,,,"964055949","7237884","Carroll County","A","+40.5849801","-086.5651412","06","1",,20155,10100,120,120,128,127,135,130,150,140,138,132,130,155,129,157,164,169,155,156,167,126,103,133,89,85,102,90,88,85,98,119,131,103,101,127,108,102,137,130,145,144,151,127,109,118,149,137,146,148,169,161,155,187,163,169,158,173,145,135,144,148,142,122,143,123,104,102,105,101,77,99,74,70,84,74,60,64,48,33,58,39,49,41,34,31,32,34,27,21,16,11,11,3,10,6,4,2,2,2,1,0,1,0,0,10055,85,129,143,116,119,131,134,110,128,127,161,160,134,146,150,143,146,160,140,90,100,82,92,87,82,99,93,121,96,109,96,116,105,128,117,107,112,141,122,137,123,117,110,113,146,149,153,156,135,156,194,167,144,157,141,134,132,149,160,132,137,132,138,132,98,113,126,112,82,98,73,83,82,80,79,74,48,41,62,55,69,48,59,62,57,46,37,29,23,20,29,22,16,12,7,3,5,2,2,0,0,0,0,20049,10048,630,690,735,479,289,102,127,273,476,563,655,646,761,831,745,263,370,207,277,359,240,186,144,10001,592,630,751,449,229,100,82,260,518,562,619,609,749,802,707,269,367,239,290,392,274,288,223,106,52,1,1,1,0,0,0,1,0,0,0,0,0,0,0,0,0,0,0,0,0,0,0,0,0,0,0,0,0,0,0,0,0,38,35,35,0,0,0,35,0,0,0,0,0,0,0,0,0,0,0,0,0,3,0,0,0,0,3,0,0,0,0,3,0,13,13,0,0,0,0,0,0,0,0,0,0,0,13,0,0,0,0,0,0,0,0,0,0,0,0,0,0,0,0,0,0,54,0,0,0,0,0,0,0,0,0,0,0,0,0,0,0,0,0,0,0,0,0,0,0,0,0,0,0,0,0,0,0,0,4,4,3,0,0,0,3,0,0,0,0,0,0,1,0,0,0,0,0,0,0,0,0,0,0,0,0,0,0,0,0,0,50,50,0,0,0,0,0,0,0,0,0,0,0,50,0,0,0,0,0,0,0,0,0,0,0,0,0,0,0,0,0,0
"G1800170","2010","IN","2","3","Indiana","18","Cass County","017",,,,,,,,,,,,,,,"30900","99999","999",,,,,,,,,,,,,,,,,"1067475860","6974441","Cass County","A","+40.7537986","-086.3551685","06","2",,38966,19478,270,285,261,268,294,276,275,264,290,294,311,293,289,273,307,285,345,408,312,246,247,189,223,199,210,230,232,240,210,230,242,253,231,226,249,210,251,240,250,289,266,265,279,274,236,292,264,308,281,257,298,307,318,312,288,282,234,228,243,245,226,210,216,227,152,181,191,168,168,123,111,139,120,123,96,89,90,106,83,80,64,83,74,67,57,50,40,30,41,27,23,15,11,6,8,1,3,2,1,2,0,0,0,19488,234,235,260,288,267,252,285,255,263,267,261,270,276,284,261,278,285,284,250,185,206,183,194,226,193,228,223,224,221,228,235,222,233,218,242,222,232,222,223,265,253,249,223,243,221,297,286,274,260,302,284,280,285,265,277,263,260,271,242,233,265,227,230,227,190,194,181,184,199,164,153,172,135,123,154,136,113,128,95,136,111,108,101,99,89,75,81,72,80,65,59,42,39,28,16,17,16,8,14,9,5,0,0,37900,18761,1374,1399,1470,902,516,233,176,592,1060,1137,1183,1253,1363,1481,1199,427,587,361,455,582,443,331,237,19139,1282,1321,1351,844,430,204,180,602,1102,1132,1144,1164,1404,1378,1260,482,641,374,541,732,582,476,513,1066,717,143,140,1,0,0,0,1,0,0,139,2,0,137,0,0,0,0,0,0,0,3,0,0,0,0,3,2,0,1,0,0,0,510,220,158,0,0,0,158,0,0,32,0,0,32,30,0,0,0,0,0,0,290,0,0,0,0,290,15,32,241,0,0,2,64,49,0,0,0,0,0,0,0,0,0,0,0,49,0,0,0,0,0,0,15,0,0,0,0,15,0,0,15,0,0,0,349,7,5,0,0,0,0,0,0,0,5,5,0,0,0,0,0,0,0,0,0,2,0,0,0,0,2,2,0,0,0,0,0,159,68,18,0,0,0,18,0,0,3,3,0,0,47,0,0,0,0,0,0,91,0,0,0,0,91,9,29,53,0,0,0,183,180,0,0,0,0,0,0,0,0,0,0,0,180,0,0,0,0,0,0,3,0,0,0,0,3,0,0,3,0,0,0
"G1800190","2010","IN","2","3","Indiana","18","Clark County","019",,,,,,,,,,,,,,,"31140","99999","350",,,,,,,,,,,,,,,,,"965691140","9312549","Clark County","A","+38.4762174","-085.7111221","06","1",,110232,53979,707,727,742,745,737,725,749,714,774,788,722,767,704,771,739,785,740,732,721,615,588,628,626,678,679,772,723,780,822,853,820,871,769,752,756,757,738,799,801,876,857,685,683,692,729,798,884,808,809,794,874,778,881,776,719,787,758,709,672,645,630,619,650,611,475,463,482,449,410,327,335,288,333,254,232,276,223,200,198,198,165,161,168,133,117,87,70,68,62,42,22,22,24,10,18,8,12,0,2,3,2,0,0,56253,716,728,721,738,705,705,671,691,666,676,728,726,728,687,726,674,719,736,717,601,610,582,651,633,686,701,750,787,812,791,846,774,700,779,750,744,722,758,827,820,773,759,748,635,792,776,791,770,895,843,872,844,822,867,817,757,829,768,789,722,719,728,713,748,503,541,518,526,442,439,416,407,397,326,335,317,299,303,271,260,265,262,255,230,211,182,203,137,132,109,119,65,58,45,40,28,18,13,5,8,9,0,0,108717,52981,3655,3747,3697,2233,1319,566,606,1921,3799,3861,3875,3561,3988,3935,3521,1226,1728,935,1175,1418,1074,720,421,55736,3607,3408,3583,2112,1311,610,579,1960,3827,3833,3858,3687,4060,4206,3835,1440,1949,1050,1392,1844,1410,1148,1027,1515,998,36,29,3,0,0,0,3,0,0,26,7,10,9,0,0,0,0,0,0,0,7,0,0,0,0,7,3,0,0,0,0,4,841,595,540,0,0,194,346,0,0,1,0,0,1,54,0,0,0,0,0,0,246,0,0,0,0,246,34,33,58,0,2,119,121,103,0,0,0,0,0,0,0,0,0,0,0,103,0,0,0,0,0,0,18,0,0,0,0,18,2,2,0,0,0,14,517,31,27,0,0,0,0,0,0,0,27,11,11,5,0,0,0,0,0,0,0,4,0,0,0,0,4,3,0,0,0,1,0,166,76,32,0,0,0,32,0,0,2,2,0,0,42,0,0,0,0,0,0,90,0,0,0,0,90,23,17,6,0,3,41,320,314,0,0,0,0,0,0,0,0,0,0,0,314,0,0,0,0,0,0,6,0,0,0,0,6,0,0,0,0,0,6
"G1800210","2010","IN","2","3","Indiana","18","Clay County","021",,,,,,,,,,,,,,,"45460","99999","999",,,,,,,,,,,,,,,,,"926029234","7198947","Clay County","A","+39.3939513","-087.1158369","06","1",,26890,13234,148,151,160,178,160,172,186,184,186,171,175,179,176,207,223,185,198,195,204,164,167,128,165,172,157,133,161,153,190,142,175,139,139,156,150,178,171,173,179,173,195,166,167,190,181,196,201,213,212,207,227,206,193,251,193,181,196,178,176,177,164,180,162,155,118,129,108,123,106,107,105,85,82,74,82,78,73,64,71,67,64,44,38,55,29,37,31,22,15,18,10,6,8,4,1,3,2,1,3,1,0,0,0,13656,148,157,150,152,164,173,193,158,179,188,184,206,175,187,178,189,205,221,176,141,156,155,154,133,149,136,156,166,133,151,185,144,181,170,160,140,162,166,177,198,172,180,166,190,195,174,210,183,208,204,191,226,194,205,209,220,201,184,175,170,182,165,170,164,117,137,126,145,128,110,107,124,97,99,108,89,80,81,98,75,92,84,68,54,60,44,48,46,41,39,27,19,23,15,12,4,8,7,6,0,4,0,0,26549,13058,797,899,960,577,362,164,127,482,759,746,856,882,1014,1065,898,342,433,234,335,420,347,219,140,13491,770,890,930,615,316,156,155,430,740,834,840,898,977,1024,949,347,449,262,381,528,410,314,276,341,176,1,1,1,0,0,0,1,0,0,0,0,0,0,0,0,0,0,0,0,0,0,0,0,0,0,0,0,0,0,0,0,0,124,81,78,0,0,0,78,0,0,0,0,0,0,3,0,0,0,0,0,0,43,0,0,0,0,43,0,17,26,0,0,0,51,47,0,0,0,0,0,0,0,0,0,0,0,47,0,0,0,0,0,0,4,0,0,0,0,4,0,4,0,0,0,0,165,2,2,0,0,0,0,0,0,0,2,2,0,0,0,0,0,0,0,0,0,0,0,0,0,0,0,0,0,0,0,0,0,29,13,12,0,0,0,12,0,0,1,1,0,0,0,0,0,0,0,0,0,16,0,0,0,0,16,0,5,11,0,0,0,134,134,0,0,0,0,0,0,0,0,0,0,0,134,0,0,0,0,0,0,0,0,0,0,0,0,0,0,0,0,0,0
"G1800230","2010","IN","2","3","Indiana","18","Clinton County","023",,,,,,,,,,,,,,,"23140","99999","320",,,,,,,,,,,,,,,,,"1049126443","461117","Clinton County","A","+40.3059440","-086.4775665","06","2",,33224,16426,253,259,273,281,250,238,246,258,235,263,251,233,251,252,236,249,250,258,225,196,205,170,206,167,232,193,225,216,185,203,211,217,215,217,165,187,223,204,228,228,221,212,208,184,218,208,240,240,243,254,248,221,245,209,253,228,242,230,233,178,184,177,179,172,136,128,137,120,123,102,110,125,99,92,78,90,74,56,71,78,60,66,56,45,38,43,48,37,36,21,14,17,14,9,7,4,6,3,1,0,1,0,0,16798,223,233,239,251,243,242,258,236,264,258,244,222,234,234,232,219,244,237,221,197,179,183,193,187,211,177,184,179,218,185,192,190,199,205,191,222,187,223,182,185,198,196,199,214,232,240,233,234,222,250,277,267,231,242,235,225,214,218,188,197,203,184,160,195,174,121,142,167,135,124,122,126,135,105,95,106,106,91,110,124,76,95,82,95,61,76,76,56,69,56,41,44,26,24,28,12,13,10,8,4,6,0,0,32394,16059,1315,1240,1222,754,405,200,161,581,975,995,1056,1036,1177,1157,1105,356,482,261,341,485,343,225,187,16335,1187,1258,1166,699,417,177,180,589,935,976,995,1033,1178,1250,1035,382,518,256,416,560,489,328,311,830,367,5,2,2,0,0,0,2,0,0,0,0,0,0,0,0,0,0,0,0,0,3,0,0,0,0,3,1,0,0,0,0,2,195,184,159,0,0,0,159,0,0,0,0,0,0,25,0,0,0,0,0,0,11,0,0,0,0,11,4,2,4,0,0,1,167,165,0,0,0,0,0,0,0,0,0,0,0,165,0,0,0,0,0,0,2,0,0,0,0,2,0,0,0,0,0,2,463,3,0,0,0,0,0,0,0,0,0,0,0,0,0,0,0,0,0,0,0,3,0,0,0,0,3,2,0,0,0,0,1,53,43,19,0,0,0,19,0,0,0,0,0,0,24,0,0,0,0,0,0,10,0,0,0,0,10,4,4,2,0,0,0,407,403,0,0,0,0,0,0,0,0,0,0,0,403,0,0,0,0,0,0,4,0,0,0,0,4,0,0,0,0,0,4
"G1800250","2010","IN","2","3","Indiana","18","Crawford County","025",,,,,,,,,,,,,,,"99999","99999","999",,,,,,,,,,,,,,,,,"791610951","7965600","Crawford County","A","+38.2894327","-086.4408711","06","9",,10713,5436,67,54,72,62,66,70,75,57,64,90,89,75,77,77,72,63,69,75,73,70,71,59,52,55,54,45,49,56,52,60,68,55,62,42,70,63,66,67,65,79,73,64,69,64,85,100,88,78,90,80,96,100,92,92,73,86,93,80,87,88,82,86,80,88,53,47,71,51,56,58,44,61,37,49,28,28,23,22,18,26,15,17,23,17,12,12,13,7,9,6,2,3,2,1,2,0,0,1,0,0,1,0,0,5277,58,57,73,69,74,66,65,72,69,58,64,65,60,78,62,73,81,77,79,58,71,42,49,56,64,56,46,44,47,62,48,61,59,59,59,73,62,73,75,58,57,56,53,71,69,96,75,89,78,95,86,87,89,70,84,87,90,74,69,71,76,71,65,86,65,57,57,58,58,42,40,45,47,29,36,37,27,35,30,32,25,22,22,25,21,13,19,13,11,10,8,10,3,4,2,1,3,2,1,1,0,0,0,10651,5410,321,356,390,207,143,71,59,161,261,297,337,355,433,451,431,166,220,117,164,218,115,79,58,5241,331,330,329,231,137,71,42,169,255,286,341,305,430,416,389,146,214,114,155,195,157,106,92,62,26,0,0,0,0,0,0,0,0,0,0,0,0,0,0,0,0,0,0,0,0,0,0,0,0,0,0,0,0,0,0,0,0,15,10,0,0,0,0,0,0,0,0,0,0,0,10,0,0,0,0,0,0,5,0,0,0,0,5,0,5,0,0,0,0,11,11,0,0,0,0,0,0,0,0,0,0,0,11,0,0,0,0,0,0,0,0,0,0,0,0,0,0,0,0,0,0,36,0,0,0,0,0,0,0,0,0,0,0,0,0,0,0,0,0,0,0,0,0,0,0,0,0,0,0,0,0,0,0,0,9,9,0,0,0,0,0,0,0,0,0,0,0,9,0,0,0,0,0,0,0,0,0,0,0,0,0,0,0,0,0,0,27,27,0,0,0,0,0,0,0,0,0,0,0,27,0,0,0,0,0,0,0,0,0,0,0,0,0,0,0,0,0,0
"G1800270","2010","IN","2","3","Indiana","18","Daviess County","027",,,,,,,,,,,,,,,"47780","99999","999",,,,,,,,,,,,,,,,,"1112366267","19132567","Daviess County","A","+38.6961554","-087.0769883","06","2",,31648,15770,270,286,253,282,256,266,255,268,251,259,245,220,247,261,268,267,254,235,260,213,227,191,181,203,198,208,209,201,201,212,198,193,194,150,158,205,192,181,162,196,206,167,173,160,175,230,221,209,225,225,244,209,250,196,194,221,184,208,190,173,193,174,173,180,124,141,142,126,120,101,94,107,95,84,96,80,68,68,59,63,72,46,60,48,28,43,24,31,19,17,19,11,9,5,5,4,3,1,1,0,0,0,0,15878,250,262,297,252,264,277,239,253,258,238,256,238,229,211,257,234,228,234,214,160,220,173,187,183,202,173,184,181,195,182,167,176,176,191,176,171,147,170,173,187,164,192,180,199,176,214,201,232,215,210,207,210,209,216,195,194,201,178,213,173,197,182,178,175,131,152,151,114,129,132,126,136,104,108,104,95,91,92,77,92,72,72,92,73,63,95,72,62,52,33,39,38,28,20,22,11,9,6,4,2,3,0,0,31067,15452,1347,1299,1241,756,459,219,182,557,985,862,905,853,1089,1079,964,364,469,279,342,457,323,246,175,15615,1325,1265,1191,696,371,217,171,564,903,882,842,904,1066,1030,949,375,478,298,371,566,422,332,397,581,318,0,0,0,0,0,0,0,0,0,0,0,0,0,0,0,0,0,0,0,0,0,0,0,0,0,0,0,0,0,0,0,0,250,189,170,0,0,0,170,0,0,0,0,0,0,19,0,0,0,0,0,0,61,0,0,0,0,61,0,24,37,0,0,0,68,65,0,0,0,0,0,0,0,0,0,0,0,65,0,0,0,0,0,0,3,0,0,0,0,3,0,3,0,0,0,0,263,0,0,0,0,0,0,0,0,0,0,0,0,0,0,0,0,0,0,0,0,0,0,0,0,0,0,0,0,0,0,0,0,78,48,21,0,0,0,21,0,0,0,0,0,0,27,0,0,0,0,0,0,30,0,0,0,0,30,0,13,17,0,0,0,185,185,0,0,0,0,0,0,0,0,0,0,0,185,0,0,0,0,0,0,0,0,0,0,0,0,0,0,0,0,0,0
"G1800290","2010","IN","2","3","Indiana","18","Dearborn County","029",,,,,,,,,,,,,,,"17140","99999","178",,,,,,,,,,,,,,,,,"790033471","6168701","Dearborn County","A","+39.1514914","-084.9734596","06","1",,50047,24870,285,322,326,290,365,370,360,344,387,353,377,405,348,345,362,399,359,395,354,269,268,239,238,303,264,267,257,256,270,278,291,279,273,261,287,275,354,293,388,351,370,356,364,340,347,387,428,394,434,440,475,363,397,402,405,344,383,347,366,339,359,305,312,316,216,225,232,237,171,184,187,183,176,131,130,121,114,108,104,85,74,88,62,69,65,49,37,26,29,24,16,15,11,7,6,4,1,1,1,1,0,0,0,25177,253,311,287,315,342,330,351,330,365,383,384,352,394,340,334,338,359,355,328,253,291,252,215,254,268,241,238,252,264,306,288,268,292,293,268,290,295,324,346,344,368,321,389,374,369,374,423,432,407,437,423,424,394,372,398,392,380,380,348,342,314,366,319,315,230,230,236,219,232,190,165,173,175,158,161,137,129,130,124,104,102,101,122,111,92,81,67,57,63,48,41,39,22,23,18,13,6,8,7,6,3,0,0,49517,24574,1588,1814,1835,1153,614,259,231,771,1273,1364,1633,1755,2066,2026,1770,661,843,455,587,801,529,340,206,24943,1507,1759,1804,1051,577,287,250,731,1290,1399,1593,1815,2064,2003,1842,677,857,463,634,826,604,493,417,530,296,2,0,0,0,0,0,0,0,0,0,0,0,0,0,0,0,0,0,0,0,2,0,0,0,0,2,2,0,0,0,0,0,238,213,208,0,0,0,208,0,0,0,0,0,0,5,0,0,0,0,0,0,25,0,0,0,0,25,18,0,7,0,0,0,56,56,0,0,0,0,0,0,0,0,0,0,0,56,0,0,0,0,0,0,0,0,0,0,0,0,0,0,0,0,0,0,234,2,0,0,0,0,0,0,0,0,0,0,0,0,0,0,0,0,0,0,0,2,0,0,0,0,2,2,0,0,0,0,0,76,55,40,0,0,0,40,0,0,0,0,0,0,15,0,0,0,0,0,0,21,0,0,0,0,21,12,0,5,0,0,4,156,156,0,0,0,0,0,0,0,0,0,0,0,156,0,0,0,0,0,0,0,0,0,0,0,0,0,0,0,0,0,0
"G1800310","2010","IN","2","3","Indiana","18","Decatur County","031",,,,,,,,,,,,,,,"24700","99999","999",,,,,,,,,,,,,,,,,"964946111","1955486","Decatur County","A","+39.3059799","-085.4998310","06","2",,25740,12750,154,176,166,198,175,150,202,193,205,218,215,196,186,192,190,174,183,201,191,117,137,158,136,132,169,155,147,149,152,149,182,165,186,139,154,156,171,168,187,171,164,167,167,163,166,206,174,188,199,207,214,214,213,183,167,163,163,196,167,147,156,142,148,139,108,113,111,76,114,83,81,94,82,91,65,65,58,62,54,56,49,44,37,39,36,43,27,21,23,18,8,11,5,5,5,3,3,0,1,1,0,0,0,12990,175,166,144,166,156,189,180,198,157,175,191,210,189,168,178,156,185,203,182,119,116,110,147,142,128,146,158,139,153,166,152,152,149,160,166,159,163,134,191,170,154,161,161,170,179,195,211,202,193,192,203,203,194,205,164,178,192,175,176,146,134,147,172,147,115,127,109,128,103,114,107,106,85,92,97,88,72,84,81,85,74,58,68,66,55,57,55,32,39,30,29,12,27,8,16,7,6,5,5,2,4,0,0,25363,12593,869,966,978,558,304,135,154,430,742,813,847,819,967,979,825,291,393,223,269,412,283,190,146,12770,807,898,936,543,298,116,110,416,757,775,810,819,987,959,859,280,423,228,340,476,394,287,252,377,157,3,0,0,0,0,0,0,0,0,0,0,0,0,0,0,0,0,0,0,0,3,0,0,0,0,3,0,0,0,0,0,3,93,66,53,0,0,0,53,0,0,0,0,0,0,13,0,0,0,0,0,0,27,0,0,0,0,27,6,3,0,0,0,18,61,60,0,0,0,0,0,0,0,0,0,0,0,60,0,0,0,0,0,0,1,0,0,0,0,1,0,0,0,0,0,1,220,2,0,0,0,0,0,0,0,0,0,0,0,0,0,0,0,0,0,0,0,2,0,0,0,0,2,0,0,0,0,0,2,62,14,5,0,0,0,5,0,0,0,0,0,0,9,0,0,0,0,0,0,48,0,0,0,0,48,14,8,0,0,0,26,156,148,0,0,0,0,0,0,0,0,0,0,0,148,0,0,0,0,0,0,8,0,0,0,0,8,0,6,0,0,0,2
"G1800330","2010","IN","2","3","Indiana","18","DeKalb County","033",,,,,,,,,,,,,,,"12140","99999","258",,,,,,,,,,,,,,,,,"939710824","2657410","DeKalb County","A","+41.4011894","-085.0001854","06","2",,42223,20942,286,268,314,285,302,304,308,324,319,316,345,352,324,320,316,333,358,314,344,257,236,221,223,233,242,218,213,245,210,244,270,274,281,260,252,267,270,255,278,297,296,298,294,288,305,349,327,379,309,323,330,311,323,324,321,307,287,264,281,239,267,232,247,215,178,197,184,153,194,122,109,124,126,121,108,82,59,83,76,79,64,67,71,51,60,47,45,37,24,23,25,16,5,4,2,5,4,2,1,0,0,0,0,21281,290,251,283,287,272,319,273,293,310,323,287,323,315,329,343,297,325,328,289,218,232,220,217,234,259,249,223,214,259,255,274,250,246,247,249,255,274,256,289,289,283,248,254,283,288,327,339,327,296,343,322,311,328,336,293,275,303,298,271,258,268,240,242,238,194,191,198,203,172,164,147,157,119,118,122,121,102,105,113,123,97,117,112,82,74,93,81,65,54,51,35,34,27,19,15,14,15,5,9,6,10,0,0,41608,20671,1446,1565,1656,1002,599,233,216,685,1113,1312,1351,1454,1666,1588,1369,495,634,372,465,574,368,296,212,20937,1378,1516,1592,950,505,230,217,702,1187,1246,1350,1346,1620,1576,1387,504,668,382,526,646,539,441,429,615,271,19,2,2,0,0,0,2,0,0,0,0,0,0,0,0,0,0,0,0,0,17,0,0,0,0,17,7,0,0,0,1,9,169,76,62,0,0,0,62,0,0,0,0,0,0,14,0,0,0,0,0,0,93,0,0,0,0,93,10,14,24,0,9,36,83,69,2,0,0,0,2,0,0,0,0,0,0,67,0,0,0,0,0,0,14,0,0,0,0,14,0,2,0,0,2,10,344,12,0,0,0,0,0,0,0,0,0,0,0,0,0,0,0,0,0,0,0,12,0,0,0,0,12,3,0,0,0,2,7,125,34,10,0,0,0,10,0,0,0,0,0,0,24,0,0,0,0,0,0,91,0,0,0,0,91,10,17,13,0,8,43,207,197,0,0,0,0,0,0,0,0,0,0,0,197,0,0,0,0,0,0,10,0,0,0,0,10,0,0,2,0,5,3
"G1800350","2010","IN","2","3","Indiana","18","Delaware County","035",,,,,,,,,,,,,,,"34620","99999","999",,,,,,,,,,,,,,,,,"1015596276","9803976","Delaware County","A","+40.2271653","-085.3988555","06","1",,117671,56606,663,626,666,600,669,644,657,624,661,656,669,698,657,658,672,700,700,787,1057,2013,1989,1853,1702,1186,976,843,724,688,644,640,638,552,553,579,544,637,515,571,677,703,730,593,676,629,672,775,695,660,773,715,780,771,749,733,688,710,686,622,621,661,622,615,644,599,496,564,489,517,468,445,391,391,396,324,352,299,276,272,234,259,236,196,203,161,175,150,136,119,91,69,51,38,30,24,14,7,8,10,3,0,2,0,0,61065,610,618,668,659,586,641,628,585,562,655,636,656,671,635,655,642,680,779,1260,2487,2319,2134,1669,1148,856,787,683,667,623,658,676,584,639,536,580,671,575,574,703,687,721,673,618,647,691,801,711,712,793,764,830,705,829,791,700,787,718,737,749,661,675,738,743,751,561,626,578,590,497,487,454,436,446,382,388,361,377,387,344,320,358,311,300,292,281,233,238,215,173,182,124,108,89,74,65,46,31,27,17,12,26,2,0,108841,52602,3212,3232,3297,2009,1443,1198,1544,3595,3445,2810,3065,3245,3550,3649,3246,1226,1714,1043,1403,1819,1302,907,648,56239,3130,3066,3225,1930,1434,1390,1870,3531,3367,2981,3194,3326,3748,3816,3605,1399,2033,1187,1545,2046,1709,1401,1306,8830,4004,257,147,5,0,0,0,5,0,0,142,2,96,44,0,0,0,0,0,0,0,110,80,0,0,0,30,28,1,0,0,1,0,3469,336,257,0,0,0,257,0,0,3,0,2,1,71,5,5,0,0,0,0,3133,2954,0,0,0,179,77,38,28,0,1,35,278,246,0,0,0,0,0,0,0,0,0,0,0,246,0,0,0,0,0,0,32,0,0,0,0,32,0,30,2,0,0,0,4826,215,75,0,0,0,0,0,0,0,75,2,59,14,0,0,0,0,0,0,0,140,114,0,0,0,26,23,0,0,0,0,3,3928,125,35,0,0,0,35,0,0,1,0,0,1,86,3,2,0,1,0,0,3803,3650,0,0,0,153,64,45,26,0,0,18,683,612,0,0,0,0,0,0,0,0,0,0,0,611,1,0,0,1,0,0,71,0,0,0,0,71,0,66,5,0,0,0
"G1800370","2010","IN","2","3","Indiana","18","Dubois County","037",,,,,,,,,,,,,,,"27540","99999","999",,,,,,,,,,,,,,,,,"1106622334","20886790","Dubois County","A","+38.3733441","-086.8733845","06","2",,41889,20625,239,263,282,319,285,296,290,312,289,290,321,296,289,321,315,299,277,326,294,167,167,178,224,204,269,277,251,237,233,252,275,240,255,263,248,253,251,243,243,294,283,284,303,297,314,333,361,347,366,326,372,319,333,353,339,328,278,293,308,219,272,256,226,235,157,164,154,164,165,123,158,127,142,129,131,103,92,88,88,70,91,85,63,55,45,54,29,37,31,30,17,18,9,8,9,8,0,2,2,2,3,0,0,21264,267,282,257,252,299,275,273,291,294,296,332,302,343,306,313,353,295,330,284,154,164,185,195,211,224,247,232,215,233,268,227,250,235,223,234,248,224,203,281,272,274,272,261,304,320,320,300,341,345,360,355,325,336,315,301,311,296,281,275,254,252,251,238,248,177,186,185,195,178,190,180,167,141,143,163,137,123,138,127,116,119,118,133,114,105,92,74,85,54,73,55,37,45,29,28,10,14,8,7,7,7,0,0,40996,20272,1388,1477,1542,902,449,163,171,675,1220,1257,1264,1463,1716,1694,1410,523,605,312,448,665,415,316,197,20724,1357,1429,1596,978,435,164,183,616,1189,1165,1224,1424,1658,1626,1392,495,650,361,544,750,588,510,390,893,353,0,0,0,0,0,0,0,0,0,0,0,0,0,0,0,0,0,0,0,0,0,0,0,0,0,0,0,0,0,0,0,0,210,174,137,0,0,0,70,67,0,0,0,0,0,37,0,0,0,0,0,0,36,0,0,0,0,36,0,33,0,0,0,3,143,139,0,0,0,0,0,0,0,0,0,0,0,139,0,0,0,0,0,0,4,0,0,0,0,4,0,4,0,0,0,0,540,0,0,0,0,0,0,0,0,0,0,0,0,0,0,0,0,0,0,0,0,0,0,0,0,0,0,0,0,0,0,0,0,100,51,23,0,0,0,11,12,0,0,0,0,0,28,0,0,0,0,0,0,49,0,0,0,0,49,0,23,0,0,0,26,440,350,0,0,0,0,0,0,0,0,0,0,0,350,0,0,0,0,0,0,90,0,0,0,0,90,0,5,0,0,0,85
"G1800390","2010","IN","2","3","Indiana","18","Elkhart County","039",,,,,,,,,,,,,,,"21140","99999","515",,,,,,,,,,,,,,,,,"1199605640","12432308","Elkhart County","A","+41.6006928","-085.8639864","06","1",,197559,97458,1593,1487,1729,1710,1710,1655,1571,1581,1503,1657,1696,1563,1535,1563,1537,1553,1609,1528,1500,1189,1231,1174,1190,1252,1281,1259,1254,1279,1286,1352,1363,1175,1275,1303,1216,1258,1143,1305,1287,1417,1392,1289,1262,1317,1233,1381,1387,1373,1421,1379,1358,1320,1257,1230,1223,1275,1211,1243,1118,1082,1066,997,939,1003,690,799,760,752,667,535,527,521,524,458,441,415,383,349,354,343,287,279,284,253,227,197,174,155,132,109,73,59,64,29,25,26,21,6,6,3,5,1,0,100101,1477,1550,1632,1617,1534,1606,1575,1458,1489,1598,1537,1546,1520,1451,1443,1435,1479,1448,1450,1163,1226,1227,1246,1205,1269,1215,1231,1288,1297,1286,1295,1242,1295,1246,1146,1303,1239,1327,1256,1366,1378,1285,1316,1259,1315,1315,1304,1332,1414,1335,1283,1376,1353,1284,1339,1269,1259,1231,1149,1163,1141,1123,1099,1011,836,821,794,817,721,621,626,599,605,523,565,478,453,489,453,512,457,483,467,437,356,348,359,285,285,229,188,167,160,113,90,62,50,35,26,16,29,0,0,193755,95288,8220,7963,7853,4624,2546,1135,1077,3506,6191,6162,6214,6332,6767,6273,5859,2037,2594,1540,1936,2440,1786,1260,973,98467,7801,7720,7476,4333,2467,1152,1143,3623,6278,6177,6455,6515,6669,6603,6034,2243,2910,1602,2142,2852,2298,2008,1966,3804,2170,120,105,7,0,0,0,7,0,0,61,44,0,17,0,37,37,0,0,0,0,15,0,0,0,0,15,12,0,0,0,0,3,1742,1247,1140,0,0,0,872,268,0,5,5,0,0,96,6,6,0,0,0,0,495,160,0,0,0,335,106,156,8,0,1,64,308,304,0,0,0,0,0,0,0,0,0,0,0,304,0,0,0,0,0,0,4,0,0,0,0,4,0,0,0,0,0,4,1634,65,41,0,0,0,0,0,0,0,23,19,0,4,0,18,18,0,0,0,0,24,0,0,0,0,24,14,0,0,0,2,8,718,260,151,0,0,0,116,35,0,3,3,0,0,99,7,7,0,0,0,0,458,247,0,0,0,211,34,144,8,0,1,24,851,846,0,0,0,0,0,0,0,0,0,0,0,846,0,0,0,0,0,0,5,0,0,0,0,5,0,5,0,0,0,0
"G1800410","2010","IN","2","3","Indiana","18","Fayette County","041",,,,,,,,,,,,,,,"18220","99999","999",,,,,,,,,,,,,,,,,"556883990","384034","Fayette County","A","+39.6396552","-085.1850315","06","2",,24277,11891,152,140,161,146,152,175,174,168,152,188,179,186,178,145,170,174,165,182,175,123,119,111,116,109,130,117,125,123,131,123,123,147,141,150,148,164,148,146,166,183,162,164,150,152,177,176,174,169,148,155,167,167,176,157,152,189,167,204,172,166,176,134,155,168,112,115,127,119,125,117,97,76,90,81,84,76,72,58,52,56,44,65,51,38,57,30,34,27,23,20,16,11,13,9,3,7,1,1,1,0,1,0,0,12386,144,131,153,168,152,145,154,153,151,190,157,160,162,172,136,152,160,191,168,129,123,118,117,128,130,122,121,119,133,144,160,145,141,140,158,178,146,129,159,152,138,153,138,138,154,170,175,167,176,168,179,161,197,190,188,202,189,183,192,186,167,164,189,160,124,138,123,140,114,117,105,112,89,99,97,85,76,98,74,80,73,69,69,55,58,50,48,43,64,36,26,23,23,18,11,10,6,7,7,0,4,0,0,23910,11743,751,856,846,518,295,119,111,355,616,702,802,799,818,808,882,308,427,237,357,417,305,237,177,12167,748,793,780,502,295,123,118,375,635,744,760,718,855,904,937,330,469,259,366,485,386,290,295,367,148,16,16,0,0,0,0,0,0,0,16,4,12,0,0,0,0,0,0,0,0,0,0,0,0,0,0,0,0,0,0,0,0,65,27,0,0,0,0,0,0,0,2,2,0,0,25,0,0,0,0,0,0,38,0,0,0,0,38,0,38,0,0,0,0,67,62,0,0,0,0,0,0,0,0,0,0,0,62,0,0,0,0,0,0,5,0,0,0,0,5,0,5,0,0,0,0,219,8,7,0,0,0,0,0,0,0,7,2,5,0,0,0,0,0,0,0,0,1,0,0,0,0,1,0,0,0,0,1,0,45,26,0,0,0,0,0,0,0,0,0,0,0,26,0,0,0,0,0,0,19,0,0,0,0,19,0,19,0,0,0,0,166,166,0,0,0,0,0,0,0,0,0,0,0,166,0,0,0,0,0,0,0,0,0,0,0,0,0,0,0,0,0,0
"G1800430","2010","IN","2","3","Indiana","18","Floyd County","043",,,,,,,,,,,,,,,"31140","99999","350",,,,,,,,,,,,,,,,,"383149241","2649232","Floyd County","A","+38.3179365","-085.9114742","06","1",,74578,36136,410,497,453,455,494,475,480,521,513,531,532,544,531,487,530,557,567,516,563,467,449,468,436,467,443,429,434,439,439,476,453,436,402,412,435,434,426,437,514,546,514,522,470,491,496,552,568,612,527,627,646,568,624,529,575,533,510,514,490,426,459,489,467,449,292,281,310,330,271,235,238,239,200,153,164,173,158,135,128,132,122,132,112,91,97,75,51,58,45,36,30,22,19,15,14,9,7,2,3,0,1,0,0,38442,431,417,472,451,479,488,506,430,480,507,535,486,522,545,506,542,516,525,502,538,481,435,443,448,445,436,439,472,508,472,470,443,455,407,464,453,433,492,523,559,549,498,519,509,524,629,563,677,608,626,652,617,623,602,559,576,504,562,539,515,488,497,468,458,352,351,339,357,308,277,285,248,222,222,216,205,171,210,171,209,213,199,181,155,141,144,116,134,90,77,67,55,51,40,31,22,25,13,10,8,8,1,0,73249,35528,2304,2517,2620,1632,978,436,453,1307,2151,2104,2318,2458,2846,2923,2446,932,1195,581,824,968,693,522,320,37721,2248,2408,2590,1579,969,453,426,1328,2316,2231,2445,2588,3091,3040,2681,977,1263,677,924,1153,895,790,649,1329,608,20,11,1,0,0,0,1,0,0,10,10,0,0,0,0,0,0,0,0,0,9,0,0,0,0,9,3,0,0,0,0,6,408,286,247,0,0,0,247,0,0,0,0,0,0,39,0,0,0,0,0,0,122,52,0,0,0,70,0,25,0,0,0,45,180,160,0,0,0,0,0,0,0,0,0,0,0,160,0,0,0,0,0,0,20,0,0,0,0,20,0,0,0,0,0,20,721,13,6,0,0,0,0,0,0,0,6,6,0,0,0,0,0,0,0,0,0,7,0,0,0,0,7,2,0,0,0,0,5,224,82,39,0,0,0,39,0,0,1,1,0,0,42,0,0,0,0,0,0,142,105,0,0,0,37,5,6,0,0,1,25,484,465,0,0,0,0,0,0,0,0,0,0,0,465,0,0,0,0,0,0,19,0,0,0,0,19,0,0,0,0,0,19
"G1800450","2010","IN","2","3","Indiana","18","Fountain County","045",,,,,,,,,,,,,,,"99999","99999","999",,,,,,,,,,,,,,,,,"1024743543","5759793","Fountain County","A","+40.1212817","-087.2348063","06","9",,17240,8534,118,98,92,91,102,103,109,121,117,123,127,143,131,116,135,137,146,144,140,98,99,71,91,87,73,101,86,97,99,77,91,92,101,87,90,101,86,87,109,119,122,121,102,116,121,121,127,153,127,132,140,135,120,130,143,114,98,110,115,101,119,111,95,108,86,100,101,92,77,72,58,82,71,87,71,65,50,44,51,42,38,36,33,27,24,28,16,15,11,11,9,4,5,6,0,3,1,0,1,1,0,0,0,8706,102,98,106,110,100,100,103,96,116,111,135,106,137,121,127,101,131,121,110,83,94,78,62,73,79,77,75,92,79,94,98,85,87,87,102,90,95,101,112,122,122,122,106,96,123,118,130,134,140,140,138,131,133,117,129,145,100,119,114,113,100,98,125,112,94,107,95,95,71,90,85,79,93,60,73,74,63,56,65,43,52,58,46,61,45,38,42,33,32,24,21,26,15,20,11,13,7,8,3,3,4,0,0,17068,8477,501,573,652,427,237,98,69,244,455,457,500,582,657,665,537,230,288,201,239,366,250,148,101,8591,516,526,626,353,193,94,78,214,417,459,520,569,662,648,588,198,331,201,254,386,286,242,230,172,57,0,0,0,0,0,0,0,0,0,0,0,0,0,0,0,0,0,0,0,0,0,0,0,0,0,0,0,0,0,0,0,0,30,22,20,0,0,0,20,0,0,0,0,0,0,2,0,0,0,0,0,0,8,0,0,0,0,8,0,8,0,0,0,0,27,27,0,0,0,0,0,0,0,0,0,0,0,27,0,0,0,0,0,0,0,0,0,0,0,0,0,0,0,0,0,0,115,0,0,0,0,0,0,0,0,0,0,0,0,0,0,0,0,0,0,0,0,0,0,0,0,0,0,0,0,0,0,0,0,3,3,1,0,0,0,1,0,0,0,0,0,0,2,0,0,0,0,0,0,0,0,0,0,0,0,0,0,0,0,0,0,112,112,0,0,0,0,0,0,0,0,0,0,0,112,0,0,0,0,0,0,0,0,0,0,0,0,0,0,0,0,0,0
"G1800470","2010","IN","2","3","Indiana","18","Franklin County","047",,,,,,,,,,,,,,,"17140","99999","178",,,,,,,,,,,,,,,,,"995668709","17145544","Franklin County","A","+39.4097621","-085.0669641","06","1",,23087,11540,119,138,138,150,158,189,189,170,171,165,203,194,175,193,188,188,173,192,189,119,112,104,105,112,100,116,97,104,121,129,118,118,145,115,124,149,140,168,151,173,168,157,135,165,175,200,205,189,174,193,213,186,178,189,173,177,167,181,164,161,156,128,136,143,90,105,103,102,97,92,88,79,77,72,65,59,64,53,44,51,37,37,45,28,29,19,18,20,14,7,7,10,2,6,2,1,0,2,0,0,0,0,0,11547,127,144,139,167,164,157,138,161,157,180,164,168,175,164,166,182,200,187,156,120,94,99,89,123,108,97,119,88,96,128,116,145,135,123,122,148,147,138,161,155,160,159,168,167,172,204,160,175,178,182,173,185,182,181,175,173,151,168,160,150,152,140,130,129,100,106,113,111,88,98,92,78,86,75,84,82,67,60,60,64,60,55,61,48,60,45,49,34,33,18,20,19,15,12,13,6,3,1,5,4,1,0,0,22900,11520,703,884,953,553,308,112,104,317,567,620,781,799,961,938,848,284,368,207,289,380,266,172,106,11380,741,793,837,569,276,94,99,320,528,641,749,826,899,895,800,289,355,217,291,401,305,246,209,187,20,0,0,0,0,0,0,0,0,0,0,0,0,0,0,0,0,0,0,0,0,0,0,0,0,0,0,0,0,0,0,0,0,5,5,0,0,0,0,0,0,0,0,0,0,0,5,0,0,0,0,0,0,0,0,0,0,0,0,0,0,0,0,0,0,15,15,0,0,0,0,0,0,0,0,0,0,0,15,0,0,0,0,0,0,0,0,0,0,0,0,0,0,0,0,0,0,167,0,0,0,0,0,0,0,0,0,0,0,0,0,0,0,0,0,0,0,0,0,0,0,0,0,0,0,0,0,0,0,0,10,0,0,0,0,0,0,0,0,0,0,0,0,0,0,0,0,0,0,0,10,0,0,0,0,10,0,0,0,0,0,10,157,54,0,0,0,0,0,0,0,0,0,0,0,54,0,0,0,0,0,0,103,0,0,0,0,103,0,0,0,0,0,103
"G1800490","2010","IN","2","3","Indiana","18","Fulton County","049",,,,,,,,,,,,,,,"99999","99999","999",,,,,,,,,,,,,,,,,"954121481","7451397","Fulton County","A","+41.0503837","-086.2650060","06","9",,20836,10359,124,126,169,135,151,131,141,137,145,128,166,165,157,151,165,166,186,157,154,122,105,98,91,100,126,118,120,122,102,140,131,108,118,108,116,110,117,136,158,142,116,134,101,146,127,133,135,160,158,166,175,154,157,165,165,151,162,154,142,137,134,111,131,122,97,113,109,95,99,85,90,84,70,73,62,76,60,53,48,42,39,45,29,35,24,20,30,26,15,16,12,9,11,5,2,4,2,0,1,0,0,0,0,10477,141,124,149,111,131,138,148,111,141,141,164,155,127,153,116,129,135,149,142,128,98,99,81,88,116,87,117,113,108,131,112,120,126,113,112,101,127,121,143,142,136,114,102,118,130,130,139,162,153,181,164,172,150,154,136,146,151,150,139,164,140,138,146,131,99,110,109,119,100,108,93,111,77,91,80,92,72,76,66,57,50,58,61,51,48,55,46,41,34,26,26,17,7,11,17,10,9,6,6,0,4,0,0,20612,10254,705,682,804,509,271,102,96,308,587,574,653,618,744,811,744,244,350,220,275,376,273,167,141,10358,656,679,715,413,268,98,98,282,554,580,634,596,760,775,744,276,373,216,323,446,354,245,273,224,105,0,0,0,0,0,0,0,0,0,0,0,0,0,0,0,0,0,0,0,0,0,0,0,0,0,0,0,0,0,0,0,0,73,66,58,0,0,0,58,0,0,0,0,0,0,8,0,0,0,0,0,0,7,0,0,0,0,7,0,7,0,0,0,0,32,32,0,0,0,0,0,0,0,0,0,0,0,32,0,0,0,0,0,0,0,0,0,0,0,0,0,0,0,0,0,0,119,0,0,0,0,0,0,0,0,0,0,0,0,0,0,0,0,0,0,0,0,0,0,0,0,0,0,0,0,0,0,0,0,32,27,13,0,0,0,13,0,0,0,0,0,0,14,0,0,0,0,0,0,5,0,0,0,0,5,0,5,0,0,0,0,87,87,0,0,0,0,0,0,0,0,0,0,0,87,0,0,0,0,0,0,0,0,0,0,0,0,0,0,0,0,0,0
"G1800510","2010","IN","2","3","Indiana","18","Gibson County","051",,,,,,,,,,,,,,,"21780","99999","999",,,,,,,,,,,,,,,,,"1262582226","30247794","Gibson County","A","+38.3174127","-087.5805656","06","1",,33503,16576,211,216,237,215,256,231,247,219,223,235,234,246,234,198,226,241,258,253,225,205,197,206,180,175,170,174,207,226,214,199,207,186,214,197,190,186,188,193,224,220,217,247,208,207,221,269,253,283,260,277,251,263,259,283,248,222,254,235,261,205,198,192,201,211,132,135,154,162,133,126,105,114,108,98,112,85,109,79,58,65,67,59,65,61,43,45,46,31,24,25,8,6,13,8,6,4,0,1,1,0,0,0,0,16927,197,204,215,216,225,227,215,222,211,196,188,237,210,224,228,250,234,266,232,188,186,185,205,182,181,188,174,204,184,190,188,174,186,174,180,213,196,211,209,219,218,204,178,242,223,252,260,236,215,258,276,291,276,266,229,255,236,227,243,195,182,206,192,223,164,168,148,157,150,137,124,143,107,134,109,123,97,127,124,118,109,101,116,80,91,88,70,57,58,47,44,34,24,20,17,13,10,9,2,5,5,0,0,32765,16214,1135,1155,1138,751,395,171,174,501,988,968,989,1074,1316,1288,1163,388,538,286,417,527,385,278,189,16551,1057,1071,1087,750,385,158,167,542,935,894,1042,1063,1217,1328,1151,387,577,315,438,601,559,455,372,738,362,1,0,0,0,0,0,0,0,0,0,0,0,0,0,0,0,0,0,0,0,1,1,0,0,0,0,0,0,0,0,0,0,287,164,149,0,0,0,149,0,0,0,0,0,0,15,0,0,0,0,0,0,123,93,0,0,0,30,11,19,0,0,0,0,74,74,0,0,0,0,0,0,0,0,0,0,0,74,0,0,0,0,0,0,0,0,0,0,0,0,0,0,0,0,0,0,376,0,0,0,0,0,0,0,0,0,0,0,0,0,0,0,0,0,0,0,0,0,0,0,0,0,0,0,0,0,0,0,0,150,40,29,0,0,0,29,0,0,0,0,0,0,11,0,0,0,0,0,0,110,100,0,0,0,10,0,10,0,0,0,0,226,224,0,0,0,0,0,0,0,0,0,0,0,224,0,0,0,0,0,0,2,0,0,0,0,2,0,2,0,0,0,0
"G1800530","2010","IN","2","3","Indiana","18","Grant County","053",,,,,,,,,,,,,,,"31980","99999","999",,,,,,,,,,,,,,,,,"1072446955","2133494","Grant County","A","+40.5157575","-085.6549455","06","2",,70061,33687,437,391,434,444,420,383,412,375,422,471,459,412,438,427,456,470,457,455,612,782,746,757,616,384,363,335,313,376,345,339,391,345,386,310,337,366,363,345,416,444,434,384,430,412,382,454,472,509,492,477,524,508,511,509,522,461,486,458,489,383,482,402,470,451,341,321,326,324,317,241,280,247,276,235,236,235,192,176,179,165,165,125,121,102,111,85,61,56,49,52,47,21,24,21,8,6,4,1,1,0,0,0,0,36374,384,348,405,397,379,369,393,410,372,410,427,424,409,424,436,455,455,509,650,1069,983,909,664,425,380,358,395,375,324,384,373,364,330,342,374,354,354,409,415,434,419,403,404,413,421,470,480,502,497,530,511,540,530,538,490,536,468,521,438,471,469,397,487,478,327,368,356,405,327,332,330,301,327,266,265,290,254,218,261,222,222,177,199,211,180,170,137,140,122,91,85,56,70,57,38,28,16,11,10,8,12,1,0,65039,31398,2121,2060,2190,1374,843,336,378,1067,1637,1728,1893,1993,2350,2511,2209,864,1239,627,860,1238,907,590,383,33641,1912,1951,2118,1412,821,344,402,1204,1812,1772,1957,2050,2464,2596,2424,860,1284,718,1052,1455,1204,922,907,5022,2289,18,8,0,0,0,0,0,0,0,8,8,0,0,0,0,0,0,0,0,0,10,2,0,0,0,8,4,0,0,0,3,1,2066,353,243,0,0,0,243,0,0,0,0,0,0,77,33,31,0,2,0,0,1713,1583,0,0,0,130,37,60,6,0,2,25,205,191,2,0,0,0,2,0,0,0,0,0,0,174,15,9,0,6,0,0,14,0,0,0,0,14,5,7,0,0,0,2,2733,13,0,0,0,0,0,0,0,0,0,0,0,0,0,0,0,0,0,0,0,13,7,0,0,0,6,0,0,0,0,1,5,2415,62,22,0,0,0,22,0,0,0,0,0,0,39,1,1,0,0,0,0,2353,2309,0,0,0,44,5,19,3,0,2,15,305,303,0,0,0,0,0,0,0,0,0,0,0,303,0,0,0,0,0,0,2,0,0,0,0,2,0,2,0,0,0,0
"G1800550","2010","IN","2","3","Indiana","18","Greene County","055",,,,,,,,,,,,,,,"14020","99999","999",,,,,,,,,,,,,,,,,"1405055007","8864679","Greene County","A","+39.0486004","-087.0052452","06","1",,33165,16557,189,199,209,219,203,206,235,262,214,256,210,238,219,256,241,245,244,255,247,173,200,161,174,171,181,146,171,205,163,216,190,191,213,190,187,173,187,212,204,242,196,247,217,243,231,260,265,274,270,239,258,260,241,265,254,229,242,243,225,202,242,244,200,226,140,173,173,192,141,153,133,122,99,122,108,94,71,79,82,60,60,71,60,64,49,49,32,38,30,21,19,9,12,12,4,5,5,3,0,1,1,0,0,16608,184,181,200,197,200,196,199,205,208,239,215,218,224,216,226,224,222,229,185,161,172,184,156,169,160,193,154,190,194,179,178,189,149,162,204,174,212,205,230,233,213,209,217,241,243,249,278,249,226,246,246,256,242,227,237,252,249,211,231,254,205,194,230,251,166,155,218,167,168,154,148,140,98,130,142,118,108,107,95,109,103,97,76,83,89,63,72,58,62,45,39,37,24,19,23,13,3,1,3,1,2,0,0,32884,16396,1019,1173,1164,743,414,194,156,500,876,950,1011,1132,1299,1269,1136,485,566,345,484,578,381,294,227,16488,962,1047,1098,674,343,171,184,484,906,881,1052,1121,1244,1206,1194,397,644,372,486,656,525,426,415,281,161,1,1,1,0,0,0,1,0,0,0,0,0,0,0,0,0,0,0,0,0,0,0,0,0,0,0,0,0,0,0,0,0,122,105,98,0,0,0,71,27,0,0,0,0,0,7,0,0,0,0,0,0,17,0,0,0,0,17,0,7,0,0,0,10,38,38,0,0,0,0,0,0,0,0,0,0,0,38,0,0,0,0,0,0,0,0,0,0,0,0,0,0,0,0,0,0,120,2,0,0,0,0,0,0,0,0,0,0,0,0,0,0,0,0,0,0,0,2,0,0,0,0,2,0,0,0,0,0,2,28,13,8,0,0,0,4,4,0,0,0,0,0,5,0,0,0,0,0,0,15,0,0,0,0,15,0,7,0,0,0,8,90,90,0,0,0,0,0,0,0,0,0,0,0,90,0,0,0,0,0,0,0,0,0,0,0,0,0,0,0,0,0,0
"G1800570","2010","IN","2","3","Indiana","18","Hamilton County","057",,,,,,,,,,,,,,,"26900","99999","294",,,,,,,,,,,,,,,,,"1021147705","21158963","Hamilton County","A","+40.0498703","-086.0205856","06","1",,274569,133988,2074,2109,2235,2289,2386,2377,2501,2505,2591,2541,2488,2489,2318,2322,2366,2387,2136,2102,1977,993,938,804,877,1099,1285,1418,1486,1543,1637,1707,1792,1749,1836,1880,1863,2058,1982,2159,2326,2501,2407,2350,2144,2298,2190,2302,2324,2233,2260,2091,2086,1932,1954,1847,1726,1632,1533,1501,1506,1349,1255,1270,1273,1243,851,869,775,887,699,648,571,515,505,497,457,386,369,376,320,318,311,284,234,206,196,189,116,136,102,72,70,56,45,26,19,19,9,10,1,5,7,0,0,140581,1870,2037,2170,2195,2244,2346,2472,2429,2389,2444,2432,2363,2407,2298,2294,2269,2085,1978,1678,839,762,758,939,1277,1427,1625,1658,1799,1873,1964,1998,1954,2035,2058,2050,2272,2170,2231,2439,2686,2557,2440,2307,2362,2309,2486,2431,2349,2250,2317,2205,2048,2001,1880,1810,1701,1657,1576,1532,1357,1504,1313,1345,1295,951,983,966,951,808,728,653,672,610,555,505,500,428,455,430,443,394,378,361,333,327,332,272,232,201,177,154,114,107,91,75,34,33,26,21,12,20,3,0,272941,133239,11088,12512,11962,6587,2933,901,772,3227,7721,9076,10992,11357,11176,9516,7498,2515,3353,1638,2216,2524,1730,1173,772,139702,10514,12076,11793,6325,2510,753,750,3626,8890,10071,11765,11952,11812,9917,7798,2812,3575,1937,2472,2963,2188,1669,1534,1628,749,67,67,0,0,0,0,0,0,0,6,3,3,0,0,61,0,0,0,0,61,0,0,0,0,0,0,0,0,0,0,0,0,430,373,264,0,0,0,264,0,0,0,0,0,0,77,32,0,0,0,0,32,57,23,0,0,0,34,5,16,8,0,0,5,252,252,0,0,0,0,0,0,0,0,0,0,0,252,0,0,0,0,0,0,0,0,0,0,0,0,0,0,0,0,0,0,879,14,11,0,0,0,0,0,0,0,11,5,6,0,0,0,0,0,0,0,0,3,0,0,0,0,3,3,0,0,0,0,0,244,183,47,0,0,0,47,0,0,3,2,1,0,132,1,0,0,0,0,1,61,15,0,0,0,46,10,31,0,0,0,5,621,617,0,0,0,0,0,0,0,0,0,0,0,617,0,0,0,0,0,0,4,0,0,0,0,4,2,2,0,0,0,0
"G1800590","2010","IN","2","3","Indiana","18","Hancock County","059",,,,,,,,,,,,,,,"26900","99999","294",,,,,,,,,,,,,,,,,"792577692","2613781","Hancock County","A","+39.8226041","-085.7729036","06","1",,70002,34386,386,450,459,453,497,470,546,522,524,570,571,566,600,580,599,531,550,512,517,348,366,313,327,326,307,358,348,357,372,398,410,386,431,380,425,449,433,411,511,501,529,500,515,513,542,580,565,560,569,563,563,520,544,498,522,474,475,410,445,362,423,408,471,436,307,293,310,311,283,255,257,225,211,178,183,159,153,138,142,121,118,121,104,80,75,70,45,48,38,36,16,13,15,8,8,7,7,1,0,1,2,0,0,35616,370,432,456,458,435,447,472,508,520,566,532,556,521,555,553,487,518,566,469,283,302,312,341,336,352,362,365,397,395,404,433,416,423,405,462,481,461,507,489,546,524,486,524,542,551,604,607,608,609,583,555,566,549,504,523,490,484,471,446,417,489,486,443,444,313,318,301,353,315,315,274,227,208,206,197,191,169,168,170,159,152,142,108,122,139,119,81,87,82,53,53,39,45,30,25,19,7,9,5,3,13,1,0,69353,34078,2245,2631,2914,1593,854,363,305,941,1813,2010,2280,2581,2811,2629,2150,825,1211,599,842,1037,687,481,276,35275,2151,2510,2717,1570,752,298,312,1024,1915,2130,2479,2621,3003,2687,2300,973,1199,615,974,1085,822,600,538,649,308,3,0,0,0,0,0,0,0,0,0,0,0,0,0,0,0,0,0,0,0,3,0,0,0,0,3,2,0,0,0,0,1,195,160,137,0,0,0,137,0,0,0,0,0,0,23,0,0,0,0,0,0,35,0,0,0,0,35,12,17,0,0,0,6,110,110,0,0,0,0,0,0,0,0,0,0,0,110,0,0,0,0,0,0,0,0,0,0,0,0,0,0,0,0,0,0,341,4,0,0,0,0,0,0,0,0,0,0,0,0,0,0,0,0,0,0,0,4,0,0,0,0,4,2,0,0,0,0,2,66,55,31,0,0,0,31,0,0,0,0,0,0,24,0,0,0,0,0,0,11,0,0,0,0,11,1,7,0,0,0,3,271,267,0,0,0,0,0,0,0,0,0,0,0,267,0,0,0,0,0,0,4,0,0,0,0,4,0,4,0,0,0,0
"G1800610","2010","IN","2","3","Indiana","18","Harrison County","061",,,,,,,,,,,,,,,"31140","99999","350",,,,,,,,,,,,,,,,,"1254889451","5193188","Harrison County","A","+38.1864398","-086.1036808","06","1",,39364,19680,224,246,259,261,284,258,246,257,260,300,268,289,267,253,272,282,303,299,265,228,195,243,218,204,237,204,221,251,245,273,252,238,250,230,226,218,232,237,266,297,247,271,276,294,246,331,338,341,320,350,328,279,333,307,315,316,251,275,296,258,255,256,254,275,174,193,213,223,149,159,137,139,110,109,106,79,74,102,81,55,87,83,56,54,43,33,30,20,29,12,15,9,7,7,6,6,2,1,4,2,1,0,0,19684,216,206,235,226,240,229,292,250,270,237,281,266,255,219,284,252,266,255,257,219,237,180,207,188,211,219,227,233,224,229,223,237,235,218,225,249,238,227,256,303,261,243,236,275,278,344,339,324,329,313,321,330,331,309,332,274,292,280,285,264,243,261,264,239,181,198,198,222,179,156,129,133,134,114,112,122,110,108,123,81,101,77,88,84,75,65,56,58,66,56,28,29,16,24,24,14,12,8,8,3,4,0,0,38903,19445,1273,1317,1347,881,483,190,230,638,1165,1179,1231,1311,1662,1552,1388,508,700,404,528,595,384,311,168,19458,1123,1277,1302,770,476,236,180,597,1125,1135,1264,1290,1645,1618,1391,504,680,393,549,606,522,382,393,461,235,10,7,0,0,0,0,0,0,0,7,7,0,0,0,0,0,0,0,0,0,3,0,0,0,0,3,3,0,0,0,0,0,179,143,131,0,0,0,131,0,0,1,1,0,0,11,0,0,0,0,0,0,36,0,0,0,0,36,0,10,23,0,3,0,46,46,0,0,0,0,0,0,0,0,0,0,0,46,0,0,0,0,0,0,0,0,0,0,0,0,0,0,0,0,0,0,226,7,7,0,0,0,0,0,0,0,7,7,0,0,0,0,0,0,0,0,0,0,0,0,0,0,0,0,0,0,0,0,0,49,37,27,0,0,0,27,0,0,0,0,0,0,10,0,0,0,0,0,0,12,0,0,0,0,12,3,5,4,0,0,0,170,166,0,0,0,0,0,0,0,0,0,0,0,166,0,0,0,0,0,0,4,0,0,0,0,4,0,0,0,0,4,0
"G1800630","2010","IN","2","3","Indiana","18","Hendricks County","063",,,,,,,,,,,,,,,"26900","99999","294",,,,,,,,,,,,,,,,,"1053895149","4833743","Hendricks County","A","+39.7687487","-086.5102865","06","1",,145448,72494,948,1040,1045,1134,1199,1123,1125,1182,1135,1248,1198,1140,1139,1170,1215,1141,1105,1175,1062,713,729,729,663,711,810,794,841,904,908,990,1023,986,1037,987,1050,1071,1060,1099,1180,1240,1147,1132,1085,1079,1091,1222,1191,1195,1137,1246,1093,1107,1027,1016,1005,955,916,914,834,792,749,732,752,698,555,557,576,565,436,442,336,362,296,322,286,265,256,248,235,207,204,172,156,145,119,124,93,84,78,56,42,31,26,22,11,10,5,3,1,4,0,0,0,72954,904,942,959,1023,1027,1035,1138,1102,1127,1113,1140,1154,1155,1150,1120,1104,1160,1093,936,619,636,634,607,686,744,809,846,946,882,950,984,983,1002,962,1040,1056,1035,1086,1163,1182,1198,1093,1050,1182,1089,1233,1194,1119,1123,1160,1115,1042,1091,1030,1023,965,884,858,880,836,864,748,801,739,609,583,613,561,530,460,445,440,382,373,361,336,314,272,295,314,249,265,258,237,215,194,190,165,157,132,105,80,72,55,35,29,17,22,14,9,13,2,0,142088,69786,5366,5813,5859,3413,1695,666,654,1944,3990,4672,5329,5260,5740,5078,4311,1446,1978,1113,1420,1570,1173,757,539,72302,4852,5514,5716,3353,1553,635,633,2034,4426,4962,5514,5606,5819,5294,4411,1603,2135,1183,1531,1965,1449,1095,1019,3360,2708,11,9,4,0,0,4,0,0,0,5,5,0,0,0,0,0,0,0,0,0,2,0,0,0,0,2,0,0,0,0,0,2,2494,2463,2409,0,0,2409,0,0,0,6,6,0,0,48,0,0,0,0,0,0,31,0,0,0,0,31,8,14,0,0,0,9,203,198,29,0,0,29,0,0,0,0,0,0,0,169,0,0,0,0,0,0,5,0,0,0,0,5,1,4,0,0,0,0,652,11,5,0,0,0,0,0,0,0,5,0,5,0,0,0,0,0,0,0,0,6,0,0,0,0,6,6,0,0,0,0,0,89,71,2,0,0,2,0,0,0,4,1,3,0,65,0,0,0,0,0,0,18,0,0,0,0,18,9,5,0,0,0,4,552,546,0,0,0,0,0,0,0,0,0,0,0,546,0,0,0,0,0,0,6,0,0,0,0,6,1,0,0,0,0,5
"G1800650","2010","IN","2","3","Indiana","18","Henry County","065",,,,,,,,,,,,,,,"35220","99999","294",,,,,,,,,,,,,,,,,"1014954691","7655239","Henry County","A","+39.9295760","-085.3973378","06","2",,49462,25087,228,290,239,273,287,316,300,322,302,328,350,323,329,323,358,344,345,340,356,322,304,307,261,270,259,294,327,251,335,349,327,309,327,302,293,327,321,356,376,372,417,338,360,378,388,407,412,418,402,425,373,382,396,380,396,355,378,336,328,319,362,341,287,344,246,241,238,232,219,185,196,192,170,163,159,137,115,127,108,121,109,98,92,87,70,63,56,49,29,41,25,16,10,5,10,5,4,3,2,0,0,0,0,24375,260,292,252,286,270,279,305,271,308,290,310,308,320,338,346,341,338,333,332,266,236,254,223,221,230,222,230,247,253,247,253,245,267,261,287,297,286,306,296,279,299,304,323,356,331,387,400,360,380,365,341,386,339,344,381,374,370,318,350,333,301,334,318,325,247,282,250,275,268,225,207,213,233,176,203,192,171,160,177,148,150,118,133,145,132,141,95,102,71,59,51,49,50,35,27,24,17,16,13,7,9,0,0,46446,22392,1316,1566,1669,1020,629,255,238,608,1131,1193,1418,1556,1754,1720,1578,672,836,455,613,863,582,432,288,24054,1358,1453,1619,1001,595,236,252,670,1186,1300,1456,1610,1886,1776,1740,631,884,528,756,1009,817,637,654,3016,2695,26,23,0,0,0,0,0,0,0,23,5,0,18,0,0,0,0,0,0,0,3,0,0,0,0,3,3,0,0,0,0,0,2525,2484,2458,0,0,2309,149,0,0,3,1,0,2,23,0,0,0,0,0,0,41,0,0,0,0,41,4,37,0,0,0,0,144,141,63,0,0,63,0,0,0,0,0,0,0,78,0,0,0,0,0,0,3,0,0,0,0,3,3,0,0,0,0,0,321,16,13,0,0,0,0,0,0,0,13,6,0,7,0,0,0,0,0,0,0,3,0,0,0,0,3,3,0,0,0,0,0,82,48,31,0,0,0,31,0,0,2,2,0,0,15,0,0,0,0,0,0,34,0,0,0,0,34,14,20,0,0,0,0,223,219,0,0,0,0,0,0,0,0,0,0,0,219,0,0,0,0,0,0,4,0,0,0,0,4,2,2,0,0,0,0
"G1800670","2010","IN","2","3","Indiana","18","Howard County","067",,,,,,,,,,,,,,,"29020","99999","316",,,,,,,,,,,,,,,,,"759012945","2240090","Howard County","A","+40.4835368","-086.1141178","06","1",,82752,39787,534,525,534,518,523,549,566,518,544,562,546,531,559,578,587,572,626,607,619,448,426,380,419,446,467,465,441,467,409,454,508,447,487,461,502,424,442,496,511,517,532,507,475,518,556,616,570,581,602,641,627,602,648,601,562,591,573,550,546,531,491,470,543,543,399,416,410,414,393,364,296,313,296,242,241,240,237,209,192,181,198,168,138,137,104,100,66,74,71,47,33,28,28,16,13,14,5,9,2,1,1,0,0,42965,465,499,530,510,532,476,512,530,540,529,570,546,566,531,541,515,601,613,522,440,462,462,442,459,525,490,479,490,514,487,528,475,527,476,446,521,507,475,550,541,510,512,500,536,518,591,613,635,666,693,644,671,638,613,676,603,633,580,613,570,594,564,606,575,443,457,488,452,444,402,375,351,317,338,298,318,306,292,285,279,255,223,223,216,184,193,186,144,140,112,110,82,77,53,34,38,14,18,15,14,9,2,0,81470,39134,2626,2738,2786,1767,1053,413,369,1277,2160,2356,2343,2552,2969,2984,2767,949,1478,820,1155,1372,1032,712,456,42336,2527,2584,2751,1716,956,460,457,1412,2432,2432,2576,2568,3180,3220,2987,1152,1610,937,1281,1645,1422,1019,1012,1282,653,62,56,2,0,0,0,2,0,0,49,0,17,32,0,5,0,5,0,0,0,6,0,0,0,0,6,4,0,0,0,0,2,441,322,291,0,0,0,291,0,0,1,0,0,1,17,13,3,10,0,0,0,119,0,0,0,0,119,42,42,0,0,0,35,150,134,0,0,0,0,0,0,0,0,0,0,0,111,23,0,23,0,0,0,16,0,0,0,0,16,0,14,0,0,0,2,629,28,23,0,0,0,0,0,0,0,14,0,10,4,0,9,1,8,0,0,0,5,0,0,0,0,5,5,0,0,0,0,0,173,100,50,0,0,0,50,0,0,2,0,2,0,26,22,0,22,0,0,0,73,0,0,0,0,73,26,30,0,0,0,17,428,387,0,0,0,0,0,0,0,0,0,0,0,370,17,0,17,0,0,0,41,0,0,0,0,41,0,33,0,0,0,8
"G1800690","2010","IN","2","3","Indiana","18","Huntington County","069",,,,,,,,,,,,,,,"26540","99999","258",,,,,,,,,,,,,,,,,"991061319","13134781","Huntington County","A","+40.8263938","-085.4785975","06","2",,37124,18239,230,237,236,211,221,264,241,234,227,239,289,259,283,259,270,250,290,285,244,312,285,278,251,239,208,212,230,204,216,213,254,206,234,205,204,217,230,194,239,239,265,221,219,241,222,244,276,256,289,306,293,322,283,303,312,269,277,280,209,239,206,197,224,211,141,149,145,169,164,111,135,120,122,111,108,99,94,78,85,52,73,71,58,65,41,47,40,32,23,22,23,16,11,3,9,8,2,2,2,3,2,0,0,18885,221,199,234,238,203,226,186,248,212,223,268,250,239,252,241,246,296,288,268,309,293,308,291,216,214,215,201,196,198,226,224,208,215,197,201,210,214,253,216,216,227,225,227,245,235,262,256,310,302,289,289,327,318,265,277,292,262,251,222,224,216,212,231,230,161,186,153,181,159,159,160,137,153,141,138,116,97,116,99,116,92,105,89,107,86,87,82,67,61,52,53,45,29,35,22,12,9,12,1,7,7,0,0,35794,17695,1135,1205,1360,825,429,200,201,628,1047,1086,1095,1160,1361,1501,1266,399,571,289,441,590,399,297,210,18099,1095,1095,1250,829,419,193,218,652,1017,1040,1107,1156,1415,1465,1247,425,619,337,489,706,520,427,378,1330,544,0,0,0,0,0,0,0,0,0,0,0,0,0,0,0,0,0,0,0,0,0,0,0,0,0,0,0,0,0,0,0,0,475,113,98,0,0,0,98,0,0,0,0,0,0,15,0,0,0,0,0,0,362,335,0,0,0,27,1,23,0,0,0,3,69,64,0,0,0,0,0,0,0,0,0,0,0,64,0,0,0,0,0,0,5,0,0,0,0,5,0,4,0,0,0,1,786,1,0,0,0,0,0,0,0,0,0,0,0,0,0,0,0,0,0,0,0,1,1,0,0,0,0,0,0,0,0,0,0,471,38,24,0,0,0,24,0,0,0,0,0,0,14,0,0,0,0,0,0,433,407,0,0,0,26,2,22,0,0,0,2,314,221,0,0,0,0,0,0,0,0,0,0,0,221,0,0,0,0,0,0,93,0,0,0,0,93,0,13,0,0,0,80
"G1800710","2010","IN","2","3","Indiana","18","Jackson County","071",,,,,,,,,,,,,,,"42980","99999","999",,,,,,,,,,,,,,,,,"1319112546","11917286","Jackson County","A","+38.9119571","-086.0425161","06","2",,42376,21093,274,283,267,293,301,284,318,306,334,294,326,282,307,282,300,295,308,304,295,226,213,209,236,229,262,259,272,281,280,270,313,295,270,282,275,323,280,300,295,309,319,286,309,284,318,304,316,335,288,330,340,272,329,303,309,311,290,265,243,242,243,231,260,227,191,175,195,192,164,146,168,154,148,108,100,136,108,92,93,69,84,73,71,45,50,45,41,29,34,19,23,16,16,7,7,3,1,1,0,2,1,0,0,21283,232,258,282,259,285,269,277,304,278,300,289,252,296,274,304,288,294,317,272,197,201,234,227,222,240,255,257,244,286,297,286,267,278,271,238,255,261,244,270,292,274,259,265,287,285,317,331,299,338,341,311,300,359,306,311,304,252,264,264,260,259,237,260,293,203,201,223,186,184,178,150,161,169,152,160,170,125,127,128,133,124,104,84,105,86,84,69,64,55,52,47,28,38,11,17,9,11,3,5,6,3,0,0,41781,20806,1417,1536,1493,902,516,208,199,711,1327,1406,1487,1495,1561,1538,1341,469,674,370,495,668,477,307,209,20975,1314,1428,1415,898,469,201,232,686,1334,1325,1317,1363,1622,1585,1339,495,752,416,538,773,649,455,369,595,287,10,7,0,0,0,0,0,0,0,7,0,0,7,0,0,0,0,0,0,0,3,0,0,0,0,3,3,0,0,0,0,0,187,169,146,0,0,0,146,0,0,0,0,0,0,23,0,0,0,0,0,0,18,0,0,0,0,18,2,16,0,0,0,0,90,88,0,0,0,0,0,0,0,0,0,0,0,88,0,0,0,0,0,0,2,0,0,0,0,2,0,2,0,0,0,0,308,3,0,0,0,0,0,0,0,0,0,0,0,0,0,0,0,0,0,0,0,3,0,0,0,0,3,3,0,0,0,0,0,53,35,20,0,0,0,20,0,0,0,0,0,0,15,0,0,0,0,0,0,18,0,0,0,0,18,4,14,0,0,0,0,252,252,0,0,0,0,0,0,0,0,0,0,0,252,0,0,0,0,0,0,0,0,0,0,0,0,0,0,0,0,0,0
"G1800730","2010","IN","2","3","Indiana","18","Jasper County","073",,,,,,,,,,,,,,,"16980","23844","176",,,,,,,,,,,,,,,,,"1449421191","4560879","Jasper County","A","+41.0176883","-087.1188137","06","1",,33478,16666,195,201,233,221,249,225,240,231,222,239,274,284,227,230,270,280,290,245,323,286,259,241,213,184,160,175,164,192,189,204,205,216,190,215,201,216,176,217,202,209,195,226,219,214,206,232,241,250,254,296,261,264,256,253,219,220,214,191,222,191,201,199,195,174,156,167,146,185,134,120,133,119,113,94,98,94,88,87,69,60,60,46,49,54,31,38,29,24,14,26,14,11,10,7,0,1,1,1,0,0,1,0,0,16812,205,182,221,249,215,248,209,258,236,223,249,253,229,238,260,219,260,284,230,221,238,205,195,164,173,144,170,187,168,196,194,191,206,213,210,208,193,228,226,221,213,199,215,202,210,237,241,255,261,277,265,246,255,234,219,236,227,206,188,225,185,236,182,229,172,170,153,165,125,157,124,124,126,124,116,102,96,67,92,98,81,71,73,76,65,53,46,42,54,38,28,26,23,18,11,11,10,5,3,0,4,1,0,32552,16179,1099,1156,1273,789,474,186,170,491,904,1008,1016,1053,1266,1247,1037,400,524,312,436,551,394,233,160,16373,1072,1174,1218,745,364,160,154,488,854,1010,1073,1035,1267,1218,1080,421,582,320,445,606,443,338,306,926,487,39,37,0,0,0,0,0,0,0,37,0,37,0,0,0,0,0,0,0,0,2,2,0,0,0,0,0,0,0,0,0,0,410,91,80,0,0,0,67,13,0,7,0,7,0,4,0,0,0,0,0,0,319,319,0,0,0,0,0,0,0,0,0,0,38,38,0,0,0,0,0,0,0,0,0,0,0,38,0,0,0,0,0,0,0,0,0,0,0,0,0,0,0,0,0,0,439,29,27,0,0,0,0,0,0,0,27,0,27,0,0,0,0,0,0,0,0,2,2,0,0,0,0,0,0,0,0,0,0,290,25,15,0,0,0,9,6,0,1,0,1,0,9,0,0,0,0,0,0,265,265,0,0,0,0,0,0,0,0,0,0,120,120,0,0,0,0,0,0,0,0,0,0,0,120,0,0,0,0,0,0,0,0,0,0,0,0,0,0,0,0,0,0
"G1800750","2010","IN","2","3","Indiana","18","Jay County","075",,,,,,,,,,,,,,,"99999","99999","999",,,,,,,,,,,,,,,,,"994310208","458542","Jay County","A","+40.4349719","-085.0033804","06","9",,21253,10486,148,145,150,155,168,147,174,165,153,167,165,150,177,167,147,195,165,152,177,124,120,125,111,122,121,114,89,130,115,115,118,129,128,98,112,126,127,116,141,137,139,149,128,149,153,153,129,180,141,147,144,148,171,136,148,163,144,139,110,136,118,115,127,114,101,111,100,107,84,99,69,84,78,77,61,60,42,28,48,35,35,57,47,35,29,25,25,16,10,15,8,16,5,6,1,1,3,2,0,0,0,0,0,10767,143,136,161,141,142,138,144,140,178,150,154,186,159,144,148,167,167,156,163,123,96,106,85,108,121,109,104,108,122,126,121,120,105,88,111,117,121,150,134,154,142,132,133,132,148,152,167,144,158,171,142,131,149,156,161,143,143,163,123,128,125,116,159,138,117,102,97,100,88,104,100,88,76,88,63,86,67,64,62,77,59,65,67,54,45,41,53,39,33,29,25,20,11,10,7,11,5,1,4,2,4,1,0,21010,10385,766,806,803,503,297,118,123,351,554,577,642,711,744,739,690,233,342,211,284,363,211,195,122,10625,723,750,791,484,285,96,103,312,567,542,674,682,788,733,697,238,412,196,288,411,344,274,235,243,101,12,11,0,0,0,0,0,0,0,11,0,11,0,0,0,0,0,0,0,0,1,0,0,0,0,1,0,1,0,0,0,0,56,38,36,0,0,0,36,0,0,0,0,0,0,2,0,0,0,0,0,0,18,0,0,0,0,18,4,9,0,0,5,0,33,24,0,0,0,0,0,0,0,0,0,0,0,24,0,0,0,0,0,0,9,0,0,0,0,9,0,2,0,0,7,0,142,6,6,0,0,0,0,0,0,0,6,1,5,0,0,0,0,0,0,0,0,0,0,0,0,0,0,0,0,0,0,0,0,36,15,9,0,0,0,9,0,0,0,0,0,0,6,0,0,0,0,0,0,21,0,0,0,0,21,3,14,0,0,4,0,100,96,0,0,0,0,0,0,0,0,0,0,0,96,0,0,0,0,0,0,4,0,0,0,0,4,0,0,0,0,4,0
"G1800770","2010","IN","2","3","Indiana","18","Jefferson County","077",,,,,,,,,,,,,,,"31500","99999","999",,,,,,,,,,,,,,,,,"934029272","5848057","Jefferson County","A","+38.7836039","-085.4400900","06","2",,32428,15634,205,189,193,193,208,205,195,188,214,190,209,211,197,213,214,233,201,231,234,278,253,238,218,168,163,170,172,172,176,206,179,192,180,182,183,199,179,190,208,215,213,225,188,232,178,213,232,264,249,257,250,262,234,233,243,224,207,214,237,197,226,219,182,214,152,152,145,170,144,149,118,109,100,79,102,64,78,76,70,75,54,39,41,52,40,39,36,28,14,16,10,17,9,4,4,3,3,2,1,1,1,0,0,16794,175,174,201,175,156,205,199,167,182,210,183,192,196,221,239,264,253,253,263,298,319,251,201,163,156,187,186,207,213,204,208,181,182,210,191,217,202,201,208,212,218,209,231,217,217,248,273,248,255,264,255,237,269,277,260,208,213,238,211,212,206,205,208,246,167,165,180,158,154,146,141,120,108,123,95,85,89,117,89,109,96,81,104,63,59,78,55,50,44,44,22,26,21,19,9,10,11,9,10,2,4,1,0,30523,15018,988,991,1044,659,370,154,161,475,878,898,977,1013,1193,1199,1059,440,542,291,454,489,353,217,173,15505,881,962,1028,667,366,182,159,441,890,885,942,1012,1219,1266,1070,405,607,343,456,573,464,363,324,1905,616,7,7,2,0,0,0,2,0,0,5,5,0,0,0,0,0,0,0,0,0,0,0,0,0,0,0,0,0,0,0,0,0,541,162,68,0,0,0,68,0,0,1,1,0,0,16,77,11,66,0,0,0,379,371,0,0,0,8,0,5,3,0,0,0,68,61,0,0,0,0,0,0,0,0,0,0,0,50,11,0,11,0,0,0,7,0,0,0,0,7,0,7,0,0,0,0,1289,107,106,99,0,0,99,0,0,0,7,7,0,0,0,0,0,0,0,0,0,1,1,0,0,0,0,0,0,0,0,0,0,1008,564,502,0,0,492,10,0,0,0,0,0,0,28,34,9,25,0,0,0,444,442,0,0,0,2,0,2,0,0,0,0,174,172,0,0,0,0,0,0,0,0,0,0,0,168,4,0,4,0,0,0,2,0,0,0,0,2,0,2,0,0,0,0
"G1800790","2010","IN","2","3","Indiana","18","Jennings County","079",,,,,,,,,,,,,,,"35860","99999","294",,,,,,,,,,,,,,,,,"975346383","4563811","Jennings County","A","+38.9962339","-085.6281106","06","2",,28525,14288,180,174,198,205,188,200,199,191,219,196,215,225,249,212,245,234,265,246,227,198,168,155,158,151,171,152,146,162,147,149,154,157,160,161,168,193,194,186,208,243,204,196,244,217,220,213,215,209,207,218,273,244,230,188,217,204,202,168,188,144,169,148,166,180,133,158,127,158,122,115,101,90,93,76,72,76,50,54,40,45,34,36,34,37,26,22,10,17,13,7,9,7,4,0,4,2,1,0,1,0,1,0,0,14237,188,182,179,192,184,214,178,177,187,199,232,225,226,212,222,214,228,250,216,190,144,153,151,139,132,151,132,161,144,155,175,155,150,155,177,178,178,171,220,197,232,206,200,184,211,231,196,205,259,206,216,224,194,198,189,222,183,186,176,160,198,181,181,200,127,134,145,117,116,122,125,107,102,91,75,82,64,72,59,59,60,56,53,51,49,34,37,31,24,14,13,17,11,10,7,4,7,3,4,2,2,0,0,28227,14094,944,1005,1144,744,416,161,149,464,732,782,1005,1064,1046,1137,895,315,476,285,395,427,263,162,83,14133,925,953,1114,692,406,144,153,419,739,804,935,1029,1092,1015,923,379,506,278,352,498,323,255,199,298,194,4,4,0,0,0,0,0,0,0,4,4,0,0,0,0,0,0,0,0,0,0,0,0,0,0,0,0,0,0,0,0,0,163,122,116,0,0,0,116,0,0,0,0,0,0,6,0,0,0,0,0,0,41,0,0,0,0,41,3,38,0,0,0,0,27,27,0,0,0,0,0,0,0,0,0,0,0,27,0,0,0,0,0,0,0,0,0,0,0,0,0,0,0,0,0,0,104,5,3,0,0,0,0,0,0,0,3,3,0,0,0,0,0,0,0,0,0,2,0,0,0,0,2,2,0,0,0,0,0,45,21,14,0,0,0,14,0,0,0,0,0,0,7,0,0,0,0,0,0,24,0,0,0,0,24,0,24,0,0,0,0,54,54,0,0,0,0,0,0,0,0,0,0,0,54,0,0,0,0,0,0,0,0,0,0,0,0,0,0,0,0,0,0
"G1800810","2010","IN","2","3","Indiana","18","Johnson County","081",,,,,,,,,,,,,,,"26900","99999","294",,,,,,,,,,,,,,,,,"829903198","3528917","Johnson County","A","+39.4959859","-086.0946003","06","1",,139654,68697,944,972,1019,997,1007,1066,1128,1031,1081,1109,1102,1092,1077,1081,1109,1079,1015,1068,1000,855,818,759,832,758,841,835,843,825,942,882,910,875,935,883,859,982,923,942,1040,1050,1052,1013,975,963,995,1044,1085,1008,1066,1127,1037,972,970,938,867,900,852,831,778,772,755,743,758,743,543,538,556,553,490,435,450,370,363,334,326,283,247,234,260,239,218,194,192,159,175,142,127,102,94,66,56,42,24,26,7,14,12,9,0,3,3,1,0,70957,821,913,983,981,988,968,964,966,1029,1028,1033,1090,1008,1019,1078,1040,1007,1007,938,813,751,727,759,826,901,843,876,869,890,951,968,940,924,881,886,960,957,955,1022,1089,1024,900,988,951,1021,1095,1075,1105,1046,1078,1048,1001,963,935,1028,943,869,878,897,822,775,855,806,820,555,595,604,637,561,494,471,484,453,394,410,364,347,310,351,326,318,341,315,275,224,236,207,212,183,138,134,91,51,61,66,59,34,41,13,12,18,0,0,137322,67506,4939,5415,5448,3118,1730,708,686,2316,4231,4378,4856,4940,5267,4737,4103,1483,2029,1084,1463,1814,1227,884,650,69816,4686,4952,5222,3036,1612,664,653,2446,4415,4592,4972,4877,5386,4963,4395,1619,2172,1188,1673,2163,1600,1338,1192,2332,1191,57,57,2,0,0,0,2,0,0,36,0,0,36,0,19,19,0,0,0,0,0,0,0,0,0,0,0,0,0,0,0,0,912,617,512,0,0,316,196,0,0,48,0,0,48,50,7,7,0,0,0,0,295,279,0,0,0,16,0,12,4,0,0,0,222,220,7,0,0,2,5,0,0,0,0,0,0,213,0,0,0,0,0,0,2,0,0,0,0,2,0,2,0,0,0,0,1141,27,27,0,0,0,0,0,0,0,8,0,0,8,0,19,19,0,0,0,0,0,0,0,0,0,0,0,0,0,0,0,0,438,105,38,0,0,1,37,0,0,6,0,0,6,55,6,6,0,0,0,0,333,320,0,0,0,13,0,12,1,0,0,0,676,673,0,0,0,0,0,0,0,0,0,0,0,673,0,0,0,0,0,0,3,0,0,0,0,3,0,3,0,0,0,0
"G1800830","2010","IN","2","3","Indiana","18","Knox County","083",,,,,,,,,,,,,,,"47180","99999","999",,,,,,,,,,,,,,,,,"1336514262","20755159","Knox County","A","+38.6886629","-087.4201823","06","2",,38440,19338,224,213,222,264,240,228,223,192,223,216,266,212,209,246,229,273,253,282,357,838,672,458,306,255,259,260,268,231,235,228,243,220,200,183,193,197,192,201,208,235,210,227,209,202,246,262,302,232,267,300,295,283,257,283,270,288,289,237,258,224,228,227,226,221,171,165,171,144,138,150,139,141,147,132,118,104,105,84,90,73,83,70,77,53,45,47,29,39,33,29,18,8,9,5,9,6,2,5,0,0,2,0,0,19102,197,235,238,217,221,208,219,222,205,205,255,225,222,214,224,206,241,223,302,509,424,279,247,218,236,194,221,232,224,202,228,202,188,176,178,169,179,209,208,228,229,186,187,214,212,266,276,280,272,306,274,271,319,253,295,276,276,282,240,210,237,234,262,240,183,197,189,218,190,161,169,168,152,148,151,126,123,146,134,137,114,112,128,107,96,91,89,74,67,62,56,34,31,34,27,13,16,14,4,6,8,0,0,35795,17666,1163,1081,1146,747,559,322,315,700,1153,987,996,1067,1328,1370,1280,451,613,334,427,662,443,315,207,18129,1108,1059,1131,638,432,263,223,676,1061,963,983,1022,1395,1407,1280,466,678,381,561,770,638,506,488,2645,1672,78,74,2,0,0,0,1,1,0,72,17,37,18,0,0,0,0,0,0,0,4,4,0,0,0,0,0,0,0,0,0,0,1512,277,252,0,0,0,184,68,0,6,3,2,1,19,0,0,0,0,0,0,1235,1216,0,0,0,19,15,4,0,0,0,0,82,79,0,0,0,0,0,0,0,0,0,0,0,79,0,0,0,0,0,0,3,0,0,0,0,3,1,2,0,0,0,0,973,41,41,0,0,0,0,0,0,0,41,3,34,4,0,0,0,0,0,0,0,0,0,0,0,0,0,0,0,0,0,0,0,684,66,41,0,0,0,35,6,0,3,1,1,1,22,0,0,0,0,0,0,618,616,0,0,0,2,0,2,0,0,0,0,248,248,0,0,0,0,0,0,0,0,0,0,0,248,0,0,0,0,0,0,0,0,0,0,0,0,0,0,0,0,0,0
"G1800850","2010","IN","2","3","Indiana","18","Kosciusko County","085",,,,,,,,,,,,,,,"47700","99999","999",,,,,,,,,,,,,,,,,"1376269814","59601470","Kosciusko County","A","+41.2442928","-085.8615754","06","2",,77358,38466,522,527,530,568,584,580,558,501,546,600,583,553,582,588,582,580,585,581,594,509,470,494,476,435,482,489,473,476,523,532,520,482,479,435,453,494,474,407,519,493,493,539,479,505,495,541,537,580,578,571,636,546,588,589,571,557,525,513,505,434,460,434,482,456,347,362,338,351,312,247,280,265,243,229,202,189,189,167,144,164,142,139,117,84,76,90,67,53,50,33,38,21,15,12,7,10,2,2,2,1,2,1,0,38892,496,523,511,552,500,522,537,543,506,589,563,542,569,520,554,536,559,545,545,547,538,471,409,454,480,470,450,476,468,518,457,448,462,438,437,451,426,440,500,558,530,435,478,498,522,565,563,585,590,586,570,558,612,563,556,536,526,495,487,472,470,465,477,484,332,369,348,364,369,298,303,275,286,231,242,229,210,196,210,205,208,153,177,134,144,128,141,105,82,87,82,54,44,41,29,25,16,14,2,15,11,0,0,75790,37756,2729,2782,2887,1745,997,378,432,1330,2439,2320,2352,2473,2773,2901,2508,882,1276,699,903,1209,829,542,370,38034,2580,2696,2748,1628,908,409,377,1282,2367,2230,2357,2453,2872,2844,2498,930,1282,714,1023,1317,1024,771,724,1568,710,7,0,0,0,0,0,0,0,0,0,0,0,0,0,0,0,0,0,0,0,7,1,0,0,0,6,2,0,0,0,0,4,609,254,224,0,0,0,189,35,0,0,0,0,0,28,2,2,0,0,0,0,355,257,0,0,0,98,5,28,31,0,0,34,94,85,0,0,0,0,0,0,0,0,0,0,0,85,0,0,0,0,0,0,9,0,0,0,0,9,0,2,2,0,0,5,858,15,4,0,0,0,0,0,0,0,4,4,0,0,0,0,0,0,0,0,0,11,1,0,0,0,10,2,0,0,0,5,3,589,71,34,0,0,0,34,0,0,2,2,0,0,28,7,7,0,0,0,0,518,456,0,0,0,62,3,15,17,0,6,21,254,246,0,0,0,0,0,0,0,0,0,0,0,246,0,0,0,0,0,0,8,0,0,0,0,8,0,5,2,0,0,1
"G1800870","2010","IN","2","3","Indiana","18","LaGrange County","087",,,,,,,,,,,,,,,"99999","99999","999",,,,,,,,,,,,,,,,,"983222388","18332797","LaGrange County","A","+41.6424683","-085.4263018","06","9",,37128,18728,398,364,380,392,395,386,383,338,366,380,378,345,391,345,368,337,392,360,352,247,272,225,206,224,217,225,253,209,230,208,222,210,215,215,215,190,187,237,232,232,215,209,200,198,206,222,223,201,217,205,225,196,243,185,202,196,199,229,216,175,200,174,189,187,167,147,142,136,127,136,126,112,84,92,90,71,66,79,79,68,42,53,44,35,36,29,35,21,27,14,5,5,7,5,3,3,3,1,2,1,2,0,0,18400,328,368,386,357,370,336,352,351,338,356,361,336,301,323,311,295,325,314,299,214,236,224,205,240,223,193,219,227,210,230,210,201,221,211,197,203,181,241,205,186,219,202,220,199,188,240,214,245,197,238,224,205,212,189,227,214,218,203,206,196,189,180,168,190,169,154,143,170,141,131,136,120,114,104,105,100,76,86,83,78,75,76,72,58,43,47,42,32,40,30,24,25,13,23,4,3,4,3,3,2,4,0,0,36804,18569,1929,1851,1806,1022,582,272,225,647,1123,1077,1075,1026,1068,1050,1011,374,537,287,397,500,356,205,149,18235,1809,1733,1632,909,506,236,224,667,1079,1038,1014,1027,1130,1054,1031,368,522,296,435,569,418,301,237,324,159,90,23,0,0,0,0,0,0,0,23,0,23,0,0,0,0,0,0,0,0,67,64,0,0,0,3,0,0,0,0,3,0,35,9,0,0,0,0,0,0,0,1,0,1,0,8,0,0,0,0,0,0,26,17,0,0,0,9,0,3,0,0,6,0,34,33,0,0,0,0,0,0,0,0,0,0,0,33,0,0,0,0,0,0,1,0,0,0,0,1,0,0,0,0,1,0,165,25,0,0,0,0,0,0,0,0,0,0,0,0,0,0,0,0,0,0,0,25,25,0,0,0,0,0,0,0,0,0,0,32,13,0,0,0,0,0,0,0,0,0,0,0,13,0,0,0,0,0,0,19,6,0,0,0,13,0,9,0,0,4,0,108,105,0,0,0,0,0,0,0,0,0,0,0,105,0,0,0,0,0,0,3,0,0,0,0,3,0,3,0,0,0,0
"G1800890","2010","IN","2","3","Indiana","18","Lake County","089",,,,,,,,,,,,,,,"16980","23844","176",,,,,,,,,,,,,,,,,"1292303671","330480308","Lake County","A","+41.4722388","-087.3743368","06","1",,496005,239383,3393,3281,3397,3494,3397,3568,3642,3486,3589,3667,3768,3727,3570,3645,3827,3805,3789,3887,3812,3284,3204,2844,2758,2788,3019,3012,2825,3049,3097,3276,3208,2841,3114,2971,2909,2970,2879,2929,2942,3271,3205,2920,2993,3076,3071,3458,3459,3253,3521,3648,3759,3589,3787,3608,3582,3673,3312,3144,3158,2918,2887,2791,2717,2591,1872,1929,1736,1919,1719,1557,1434,1404,1328,1210,1181,1193,990,1021,1023,1021,874,868,736,703,677,568,498,402,358,274,220,171,139,95,52,55,32,23,20,13,13,1,0,256622,3269,3084,3298,3326,3319,3312,3470,3376,3463,3546,3603,3614,3533,3505,3564,3708,3702,3649,3656,3108,3038,2838,2801,2969,3087,3222,3064,3265,3314,3530,3570,3200,3100,3119,3137,3242,3015,3165,3205,3456,3408,3061,3160,3319,3343,3485,3545,3682,3814,3932,4008,3975,4040,3886,3810,3823,3591,3374,3206,3135,3127,3022,2968,2916,2137,2200,2180,2240,2099,1965,1820,1721,1717,1576,1496,1466,1369,1459,1400,1333,1391,1345,1252,1181,1070,1018,894,754,731,555,504,414,335,243,213,133,126,63,60,29,57,4,0,489656,235971,16943,17932,18499,11363,6766,2986,2676,8224,14971,14816,14818,15085,17102,18117,16001,5627,7130,3644,5151,6473,5155,3748,2744,253685,16276,17155,17800,11007,6429,2843,2714,8682,16298,16054,16042,16232,18370,19626,17048,6124,7977,4352,6238,8236,6871,5941,5370,6349,3412,195,144,10,0,0,0,10,0,0,126,19,44,63,0,8,8,0,0,0,0,51,2,0,0,0,49,26,0,0,0,0,23,2675,1393,1225,6,0,0,1108,111,0,19,6,9,4,149,0,0,0,0,0,0,1282,630,0,0,0,652,44,146,249,6,3,204,542,443,6,0,0,0,6,0,0,0,0,0,0,434,3,0,0,3,0,0,99,0,0,0,0,99,1,7,48,0,0,43,2937,103,60,1,0,0,0,1,0,0,47,19,16,12,0,12,12,0,0,0,0,43,3,0,0,0,40,24,0,0,0,0,16,1429,327,180,0,0,0,167,13,0,4,1,2,1,143,0,0,0,0,0,0,1102,787,0,0,0,315,35,101,78,1,5,95,1405,1292,0,0,0,0,0,0,0,0,0,0,0,1289,3,0,0,3,0,0,113,0,0,0,0,113,0,5,62,0,5,41
"G1800910","2010","IN","2","3","Indiana","18","LaPorte County","091",,,,,,,,,,,,,,,"33140","99999","176",,,,,,,,,,,,,,,,,"1549587772","38747148","LaPorte County","A","+41.5490111","-086.7447293","06","1",,111467,57641,650,680,674,682,677,703,641,685,682,755,730,710,798,743,696,775,815,878,811,707,787,726,690,796,732,841,750,858,869,816,943,852,813,743,755,796,726,752,857,863,817,778,810,829,832,855,905,872,883,875,924,897,898,863,876,844,842,853,838,722,717,708,695,692,532,551,512,553,420,393,370,350,350,292,297,260,219,231,231,244,210,185,202,160,161,126,108,91,96,62,37,31,33,13,15,15,4,3,0,1,1,0,0,53826,670,631,645,705,611,658,656,705,669,712,749,738,711,707,707,679,714,741,685,567,578,566,572,527,579,623,609,628,573,637,645,630,622,605,588,587,578,630,687,733,714,635,653,656,736,808,762,788,800,878,824,811,832,821,846,817,803,762,821,734,764,698,764,739,463,546,548,546,469,495,448,401,373,360,337,355,306,297,320,333,310,289,270,278,265,261,238,178,176,149,118,80,85,58,39,30,23,12,14,10,20,3,0,104844,51519,3354,3464,3673,2383,1399,626,566,1677,3025,3046,3192,3412,3808,4095,3871,1386,1871,1034,1344,1632,1162,894,605,53325,3258,3399,3608,2126,1249,577,562,1668,3053,3080,3208,3390,4022,4116,3919,1458,1958,1083,1501,1895,1560,1345,1290,6623,6122,100,89,3,0,0,0,3,0,0,86,0,0,86,0,0,0,0,0,0,0,11,0,0,0,0,11,7,0,0,0,2,2,5866,5719,5685,0,0,5344,293,48,0,12,0,0,12,22,0,0,0,0,0,0,147,0,0,0,0,147,28,18,12,0,25,64,156,144,53,0,0,51,2,0,0,0,0,0,0,91,0,0,0,0,0,0,12,0,0,0,0,12,0,0,0,0,0,12,501,17,11,0,0,0,0,0,0,0,11,0,0,11,0,0,0,0,0,0,0,6,0,0,0,0,6,0,0,0,0,4,2,118,78,49,0,0,4,42,3,0,0,0,0,0,29,0,0,0,0,0,0,40,0,0,0,0,40,2,8,7,0,12,11,366,339,0,0,0,0,0,0,0,0,0,0,0,339,0,0,0,0,0,0,27,0,0,0,0,27,0,0,0,0,19,8
"G1800930","2010","IN","2","3","Indiana","18","Lawrence County","093",,,,,,,,,,,,,,,"13260","99999","999",,,,,,,,,,,,,,,,,"1163339936","7150614","Lawrence County","A","+38.8398148","-086.4878198","06","2",,46134,22803,256,269,276,333,306,310,302,280,306,326,318,322,371,371,335,339,332,354,316,242,234,238,213,240,220,225,236,254,239,254,235,261,270,271,268,268,267,302,297,326,297,314,325,290,311,353,352,330,352,354,379,327,340,370,331,314,339,326,352,324,325,296,309,320,245,239,222,259,203,208,213,184,164,145,142,129,105,121,98,103,93,99,81,71,80,59,47,44,38,30,18,9,10,9,5,8,4,3,1,1,1,0,0,23331,259,251,242,275,256,277,240,301,305,308,318,287,327,302,280,319,306,313,248,226,239,190,235,238,210,243,234,246,245,229,311,271,249,279,274,233,298,261,304,304,286,291,285,288,328,398,370,354,343,327,386,339,363,362,326,381,317,337,362,309,323,293,338,311,265,256,257,269,235,235,208,178,203,187,181,179,141,165,162,156,134,121,134,108,133,109,82,83,79,52,67,40,30,44,23,19,16,12,5,0,9,3,1,45481,22495,1440,1524,1717,1025,553,222,230,648,1166,1279,1443,1523,1717,1731,1640,617,867,455,661,835,542,399,261,22986,1283,1431,1514,938,474,237,190,679,1191,1376,1390,1471,1785,1765,1692,609,906,507,732,935,768,587,526,653,308,0,0,0,0,0,0,0,0,0,0,0,0,0,0,0,0,0,0,0,0,0,0,0,0,0,0,0,0,0,0,0,0,215,185,133,0,0,0,133,0,0,0,0,0,0,52,0,0,0,0,0,0,30,0,0,0,0,30,0,30,0,0,0,0,93,89,0,0,0,0,0,0,0,0,0,0,0,89,0,0,0,0,0,0,4,0,0,0,0,4,0,4,0,0,0,0,345,0,0,0,0,0,0,0,0,0,0,0,0,0,0,0,0,0,0,0,0,0,0,0,0,0,0,0,0,0,0,0,0,84,69,24,0,0,0,24,0,0,0,0,0,0,45,0,0,0,0,0,0,15,0,0,0,0,15,0,15,0,0,0,0,261,261,0,0,0,0,0,0,0,0,0,0,0,261,0,0,0,0,0,0,0,0,0,0,0,0,0,0,0,0,0,0
"G1800950","2010","IN","2","3","Indiana","18","Madison County","095",,,,,,,,,,,,,,,"11300","99999","294",,,,,,,,,,,,,,,,,"1170454727","2562276","Madison County","A","+40.1662030","-085.7224543","06","1",,131636,65766,818,813,812,862,889,830,887,839,844,873,938,835,870,896,912,924,936,1029,904,915,853,879,844,809,845,776,816,817,927,889,910,861,923,887,874,875,813,873,945,967,947,929,831,911,949,1011,1005,955,953,956,947,870,979,981,887,894,849,858,838,734,760,766,860,803,608,690,620,658,517,495,443,448,421,374,370,373,349,313,309,299,265,261,221,206,187,152,143,123,111,92,58,50,34,29,23,14,13,8,3,2,2,0,0,65870,775,793,771,826,764,818,809,782,801,766,834,846,853,800,804,820,832,888,925,939,917,784,769,717,813,760,704,765,769,776,850,807,780,759,725,811,752,794,853,879,876,781,857,824,862,914,953,949,861,958,911,958,941,915,946,904,888,873,911,816,853,868,924,897,642,686,672,657,607,541,543,532,498,479,471,492,390,435,418,415,377,380,354,347,331,334,256,269,239,195,158,114,92,81,52,49,24,27,15,9,16,3,0,125359,60888,4186,4267,4419,2685,1524,646,700,2147,3599,3746,3930,4091,4447,4343,4006,1483,2224,1287,1643,2030,1614,1093,778,64471,3927,3970,4130,2509,1535,706,670,2235,3754,3899,4081,4185,4612,4650,4372,1710,2442,1348,1777,2490,2093,1680,1696,6277,4878,250,233,2,0,0,0,2,0,0,227,0,0,227,0,4,4,0,0,0,0,17,0,0,0,0,17,0,0,0,0,4,13,4397,3741,3638,0,0,3318,230,90,0,47,0,0,47,56,0,0,0,0,0,0,656,496,0,0,0,160,75,51,17,0,1,16,231,222,33,0,0,33,0,0,0,0,0,0,0,189,0,0,0,0,0,0,9,0,0,0,0,9,2,0,6,0,0,1,1399,46,10,0,0,0,0,0,0,0,3,0,0,3,0,7,7,0,0,0,0,36,0,0,0,0,36,6,0,0,0,24,6,879,95,38,0,0,0,38,0,0,0,0,0,0,52,5,5,0,0,0,0,784,705,0,0,0,79,19,41,6,0,3,10,474,457,0,0,0,0,0,0,0,0,0,0,0,457,0,0,0,0,0,0,17,0,0,0,0,17,0,0,17,0,0,0
"G1800970","2010","IN","2","3","Indiana","18","Marion County","097",,,,,,,,,,,,,,,"26900","99999","294",,,,,,,,,,,,,,,,,"1026408097","17377675","Marion County","C","+39.7829759","-086.1357939","06","1",,903393,435687,6973,6912,7011,7110,6692,6464,6586,6252,6232,6221,6365,6141,6022,5891,5977,6019,6346,6395,6474,6320,6325,6094,6218,6757,7150,7583,7329,7691,7293,7608,7574,6780,6655,6296,6023,6253,5714,5847,5973,6398,6161,5595,5636,5501,5775,6202,6214,6147,6168,6219,6484,6120,6277,5917,5776,5629,5260,5142,4729,4509,4382,4160,4240,3775,2932,2829,2753,2737,2391,2222,2054,2021,1834,1743,1632,1538,1361,1508,1333,1321,1229,1117,1081,975,861,811,675,611,562,423,305,257,176,135,87,73,49,18,18,13,20,0,0,467706,6877,6814,6706,6661,6404,6174,6092,6077,6008,6180,6004,5830,5815,5691,5754,5871,5913,6025,6228,6985,6732,6746,6870,7563,8127,8185,8040,7831,7713,7878,7694,6962,6757,6372,6217,6306,5890,6099,6109,6402,6182,5724,5782,5664,5960,6440,6553,6440,6684,6828,6838,6734,6713,6392,6258,6192,5799,5794,5456,5006,5029,4764,4806,4379,3358,3473,3296,3526,2951,2807,2572,2616,2500,2319,2296,2336,2080,2107,1972,2012,1992,1783,1766,1664,1578,1489,1357,1244,1145,962,830,601,539,380,319,254,170,125,94,61,106,7,0,886718,427569,34634,31708,30268,18568,11689,5635,5613,19536,36889,32819,29737,28191,30404,30102,24899,8451,10832,5526,7241,9127,6872,5004,3824,459149,33391,30483,29006,17670,11561,5844,6124,22022,39307,33843,30622,29147,32759,32723,28078,9715,12435,6693,9167,12058,10127,8214,8160,16675,8118,431,311,23,0,0,0,23,0,0,253,30,217,6,0,35,15,0,0,0,20,120,5,0,0,0,115,75,0,0,0,7,33,6508,3288,2709,154,0,320,1943,292,0,37,14,23,0,459,83,66,1,0,0,16,3220,2102,0,0,0,1118,349,297,173,0,83,216,1179,1139,13,0,0,2,11,0,0,0,0,0,0,1121,5,5,0,0,0,0,40,0,0,0,0,40,17,5,4,0,1,13,8557,346,210,2,0,0,0,2,0,0,168,9,100,59,0,40,20,0,0,0,20,136,5,0,0,0,131,89,0,0,0,9,33,5301,1491,469,18,0,69,275,107,0,538,3,16,519,428,56,40,1,0,0,15,3810,3167,0,0,0,643,224,176,77,0,48,118,2910,2828,0,0,0,0,0,0,0,0,0,0,0,2825,3,2,1,0,0,0,82,0,0,0,0,82,1,9,5,0,12,55
"G1800990","2010","IN","2","3","Indiana","18","Marshall County","099",,,,,,,,,,,,,,,"38500","99999","515",,,,,,,,,,,,,,,,,"1148992521","15836354","Marshall County","A","+41.3250032","-086.2690363","06","2",,47051,23282,338,304,343,345,347,344,360,330,348,424,336,387,416,370,380,353,385,409,379,286,264,247,254,277,250,243,257,283,257,278,273,254,262,285,266,273,267,262,293,324,297,279,305,286,334,352,363,335,332,334,363,346,347,355,342,316,312,344,302,294,261,271,273,293,181,196,190,226,191,157,159,154,136,126,104,118,108,109,95,121,98,97,90,77,82,66,46,39,29,26,19,13,13,10,1,5,4,2,2,1,2,0,0,23769,288,313,331,321,320,317,359,344,339,363,345,360,365,326,353,374,369,343,353,231,244,247,240,254,250,249,211,250,239,264,283,268,266,277,277,312,266,260,284,330,298,275,301,334,312,326,333,372,320,365,320,318,338,344,341,340,302,372,302,279,268,314,261,272,185,199,228,236,188,198,173,167,161,152,182,163,129,119,142,155,139,147,125,117,123,119,105,89,77,58,58,60,32,40,34,29,9,15,8,6,9,1,0,46381,23032,1677,1803,1876,1139,656,252,241,767,1292,1322,1408,1496,1704,1740,1557,529,745,383,563,670,541,421,250,23349,1573,1720,1743,1085,584,244,243,742,1210,1363,1442,1518,1710,1656,1576,579,711,423,608,814,671,584,550,670,250,24,24,1,0,0,0,1,0,0,23,0,23,0,0,0,0,0,0,0,0,0,0,0,0,0,0,0,0,0,0,0,0,142,99,87,0,0,0,87,0,0,3,0,3,0,9,0,0,0,0,0,0,43,0,0,0,0,43,0,39,4,0,0,0,84,75,0,0,0,0,0,0,0,0,0,0,0,75,0,0,0,0,0,0,9,0,0,0,0,9,0,3,0,0,0,6,420,9,9,0,0,0,0,0,0,0,9,0,9,0,0,0,0,0,0,0,0,0,0,0,0,0,0,0,0,0,0,0,0,69,20,11,0,0,0,11,0,0,0,0,0,0,9,0,0,0,0,0,0,49,0,0,0,0,49,0,34,8,0,0,7,342,286,0,0,0,0,0,0,0,0,0,0,0,286,0,0,0,0,0,0,56,0,0,0,0,56,0,4,0,0,0,52
"G1801010","2010","IN","2","3","Indiana","18","Martin County","101",,,,,,,,,,,,,,,"99999","99999","999",,,,,,,,,,,,,,,,,"869555038","12093384","Martin County","A","+38.7053220","-086.8018468","06","9",,10334,5223,69,64,75,64,81,70,66,73,67,79,68,75,75,79,75,79,70,75,69,52,47,42,61,44,58,57,68,62,74,47,47,55,51,59,71,61,62,81,59,67,51,58,77,78,70,68,73,99,74,104,76,94,77,90,80,95,70,88,69,75,76,77,61,72,48,48,45,63,46,48,37,37,37,50,25,23,34,24,24,24,22,19,23,18,18,8,11,13,6,7,2,6,4,1,1,0,0,0,0,0,0,1,0,5111,68,71,62,50,70,69,48,62,58,65,61,64,79,70,62,68,73,77,76,50,44,47,43,64,56,42,52,60,48,42,51,48,50,47,57,60,60,73,64,69,43,63,68,63,79,72,78,65,92,85,69,93,79,83,77,75,86,84,75,67,75,66,80,68,46,54,65,52,52,53,48,50,35,55,37,34,27,36,29,37,24,28,30,19,24,20,24,18,11,7,8,5,4,3,4,0,1,3,2,1,0,0,0,10241,5179,353,355,372,224,117,47,41,159,303,281,324,331,412,410,397,153,181,93,157,186,127,99,57,5062,321,302,336,218,122,44,45,160,241,252,323,314,390,400,387,141,194,119,153,225,158,118,99,93,44,0,0,0,0,0,0,0,0,0,0,0,0,0,0,0,0,0,0,0,0,0,0,0,0,0,0,0,0,0,0,0,0,38,2,0,0,0,0,0,0,0,0,0,0,0,2,0,0,0,0,0,0,36,0,29,29,0,7,0,7,0,0,0,0,6,6,0,0,0,0,0,0,0,0,0,0,0,6,0,0,0,0,0,0,0,0,0,0,0,0,0,0,0,0,0,0,49,0,0,0,0,0,0,0,0,0,0,0,0,0,0,0,0,0,0,0,0,0,0,0,0,0,0,0,0,0,0,0,0,21,0,0,0,0,0,0,0,0,0,0,0,0,0,0,0,0,0,0,0,21,0,21,21,0,0,0,0,0,0,0,0,28,28,0,0,0,0,0,0,0,0,0,0,0,28,0,0,0,0,0,0,0,0,0,0,0,0,0,0,0,0,0,0
"G1801030","2010","IN","2","3","Indiana","18","Miami County","103",,,,,,,,,,,,,,,"37940","99999","316",,,,,,,,,,,,,,,,,"968246709","9184679","Miami County","A","+40.7728813","-086.0442585","06","2",,36903,19687,188,207,196,251,234,226,256,221,219,265,232,253,234,230,254,259,275,243,252,248,230,251,264,284,255,239,273,256,295,301,291,292,284,286,284,295,297,268,310,324,346,298,293,300,314,311,297,323,322,324,328,320,293,272,248,289,278,278,246,247,262,237,234,228,178,174,165,166,130,165,145,125,97,107,101,90,76,77,86,66,70,69,65,56,54,45,39,24,34,25,15,13,5,5,3,1,1,1,2,0,1,1,0,17216,190,192,206,225,218,228,245,222,216,235,248,247,244,230,251,249,226,278,212,193,193,166,160,191,170,180,161,164,161,188,208,204,195,186,230,234,216,203,223,236,190,198,210,247,225,235,258,272,273,285,254,255,232,246,274,256,267,238,221,224,204,219,250,225,185,153,190,179,164,124,141,145,122,121,97,104,107,109,88,116,106,91,90,68,75,72,57,71,56,59,30,26,24,13,9,12,7,5,3,6,9,0,0,33487,16419,1076,1187,1203,777,445,165,164,551,839,918,1007,1140,1261,1220,1204,462,600,327,440,553,384,302,194,17068,1031,1146,1220,753,404,192,166,520,851,1019,1107,1067,1318,1258,1199,423,656,342,463,620,505,401,407,3416,3268,0,0,0,0,0,0,0,0,0,0,0,0,0,0,0,0,0,0,0,0,0,0,0,0,0,0,0,0,0,0,0,0,3169,3159,3143,0,0,3068,75,0,0,0,0,0,0,16,0,0,0,0,0,0,10,0,0,0,0,10,0,4,5,0,0,1,99,99,52,0,0,52,0,0,0,0,0,0,0,47,0,0,0,0,0,0,0,0,0,0,0,0,0,0,0,0,0,0,148,0,0,0,0,0,0,0,0,0,0,0,0,0,0,0,0,0,0,0,0,0,0,0,0,0,0,0,0,0,0,0,0,37,30,13,0,0,0,13,0,0,0,0,0,0,17,0,0,0,0,0,0,7,0,0,0,0,7,0,4,3,0,0,0,111,111,0,0,0,0,0,0,0,0,0,0,0,111,0,0,0,0,0,0,0,0,0,0,0,0,0,0,0,0,0,0
"G1801050","2010","IN","2","3","Indiana","18","Monroe County","105",,,,,,,,,,,,,,,"14020","99999","999",,,,,,,,,,,,,,,,,"1021773228","43542811","Monroe County","A","+39.1607509","-086.5233253","06","1",,137974,68840,696,643,739,687,636,667,661,610,630,648,643,670,604,635,612,587,669,614,1446,3987,4087,3805,3334,2071,1609,1342,1283,1182,1141,1059,1050,915,869,793,784,716,662,719,677,744,749,673,654,677,659,791,736,702,729,715,702,684,756,710,735,732,747,687,624,579,668,620,604,570,407,423,449,424,369,374,330,292,276,247,244,224,253,208,233,211,186,193,151,153,131,112,108,89,95,49,47,42,23,20,15,9,9,9,4,1,1,0,0,69134,635,612,600,607,648,615,579,640,604,603,603,555,599,582,600,582,580,576,1707,4127,4039,3566,3001,1690,1404,1247,1102,1099,1071,964,953,852,806,811,704,674,640,682,692,710,715,693,678,694,688,715,715,704,731,778,749,752,783,799,785,800,754,700,717,651,648,625,679,662,515,469,462,483,408,416,359,356,306,337,330,336,283,278,279,272,250,296,255,245,213,214,194,163,174,139,111,98,70,45,57,42,46,19,10,7,19,2,0,122998,61660,3380,3201,3150,1852,1620,2660,3145,6572,5775,4288,3422,3368,3616,3556,3341,1278,1569,869,1158,1372,1107,782,579,61338,3087,3020,2930,1716,1757,2597,2748,5544,5303,4028,3349,3448,3616,3855,3606,1261,1848,924,1302,1660,1398,1176,1165,14976,7180,68,14,0,0,0,0,0,0,0,14,14,0,0,0,0,0,0,0,0,0,54,6,0,0,0,48,6,0,0,0,0,42,6975,238,214,0,0,0,213,1,0,7,7,0,0,17,0,0,0,0,0,0,6737,6571,0,0,0,166,70,18,16,0,0,62,137,122,0,0,0,0,0,0,0,0,0,0,0,121,1,0,0,1,0,0,15,0,0,0,0,15,2,0,0,0,8,5,7796,67,0,0,0,0,0,0,0,0,0,0,0,0,0,0,0,0,0,0,0,67,18,0,0,0,49,4,0,0,0,0,45,7311,52,29,0,0,0,28,1,0,1,1,0,0,22,0,0,0,0,0,0,7259,7162,0,0,0,97,27,19,0,0,0,51,418,393,0,0,0,0,0,0,0,0,0,0,0,393,0,0,0,0,0,0,25,0,0,0,0,25,0,0,0,0,25,0
"G1801070","2010","IN","2","3","Indiana","18","Montgomery County","107",,,,,,,,,,,,,,,"18820","99999","294",,,,,,,,,,,,,,,,,"1306941391","2155351","Montgomery County","A","+40.0402962","-086.8927145","06","2",,38124,19205,259,220,257,249,243,251,252,250,268,241,266,258,243,262,270,282,259,287,360,417,406,342,372,220,194,207,209,227,215,225,188,207,227,224,191,235,214,223,245,270,282,255,224,265,226,266,311,285,276,315,285,302,298,301,253,290,255,240,246,224,192,203,201,242,143,161,170,190,154,171,149,121,140,143,123,107,104,92,100,83,78,67,64,60,59,44,38,26,36,21,21,22,14,15,4,6,0,5,1,0,1,0,0,18919,252,243,239,254,258,211,249,230,235,241,272,233,256,256,253,278,275,287,263,185,188,177,192,209,165,212,212,201,190,207,192,197,198,220,246,212,224,239,229,251,248,235,228,261,223,284,309,298,298,291,292,281,312,287,271,249,264,246,218,205,240,239,233,240,198,193,214,188,206,156,166,175,147,138,126,121,162,122,105,94,106,109,103,81,82,84,70,70,49,54,39,37,40,34,20,9,15,6,4,4,8,1,0,36953,18285,1228,1262,1299,826,509,209,219,669,1044,1013,1169,1229,1440,1426,1249,392,582,328,510,672,471,310,229,18668,1246,1166,1270,840,445,185,176,560,1016,1048,1152,1189,1474,1436,1172,479,668,403,546,737,579,450,431,1171,920,2,0,0,0,0,0,0,0,0,0,0,0,0,0,0,0,0,0,0,0,2,2,0,0,0,0,0,0,0,0,0,0,848,173,156,0,0,0,156,0,0,0,0,0,0,17,0,0,0,0,0,0,675,663,0,0,0,12,0,12,0,0,0,0,70,65,0,0,0,0,0,0,0,0,0,0,0,65,0,0,0,0,0,0,5,0,0,0,0,5,0,4,0,0,1,0,251,0,0,0,0,0,0,0,0,0,0,0,0,0,0,0,0,0,0,0,0,0,0,0,0,0,0,0,0,0,0,0,0,59,48,29,0,0,0,29,0,0,0,0,0,0,19,0,0,0,0,0,0,11,2,0,0,0,9,0,9,0,0,0,0,192,185,0,0,0,0,0,0,0,0,0,0,0,185,0,0,0,0,0,0,7,0,0,0,0,7,0,7,0,0,0,0
"G1801090","2010","IN","2","3","Indiana","18","Morgan County","109",,,,,,,,,,,,,,,"26900","99999","294",,,,,,,,,,,,,,,,,"1046274750","14136592","Morgan County","A","+39.4826458","-086.4474573","06","1",,68894,34164,400,472,460,452,420,465,474,481,476,512,547,554,560,470,528,562,516,551,542,378,406,312,340,370,349,334,312,365,365,391,382,375,402,364,399,411,407,390,459,522,533,495,482,557,483,540,572,519,606,608,612,582,552,538,527,567,515,473,382,451,443,471,458,408,318,331,317,316,272,278,233,241,206,209,169,175,137,140,114,124,103,111,79,92,67,42,50,47,30,32,23,19,11,10,12,2,3,1,1,0,0,0,0,34730,390,382,440,457,409,444,461,436,465,492,510,472,487,503,535,506,542,497,458,420,352,336,333,350,348,354,350,398,377,383,368,385,411,386,369,404,413,437,485,511,514,523,543,529,476,548,549,573,596,596,559,535,553,546,534,545,494,506,512,453,475,414,405,457,317,352,346,326,298,268,262,269,226,229,180,221,184,184,159,154,145,160,134,126,104,110,76,81,63,51,43,44,36,19,20,11,15,11,7,3,5,0,0,68302,33863,2200,2407,2656,1628,901,386,304,1038,1731,1889,2170,2532,2823,2799,2376,913,1181,642,863,1047,677,435,265,34439,2070,2295,2504,1543,872,348,334,1022,1853,1904,2238,2578,2848,2717,2505,885,1175,692,885,1157,881,620,513,592,301,9,0,0,0,0,0,0,0,0,0,0,0,0,0,0,0,0,0,0,0,9,0,0,0,0,9,8,0,0,0,0,1,224,209,191,0,0,0,191,0,0,0,0,0,0,18,0,0,0,0,0,0,15,4,0,0,0,11,11,0,0,0,0,0,68,68,2,0,0,0,2,0,0,0,0,0,0,57,9,3,6,0,0,0,0,0,0,0,0,0,0,0,0,0,0,0,291,16,2,0,0,0,0,0,0,0,0,0,0,0,0,2,0,2,0,0,0,14,0,0,0,0,14,13,0,0,0,0,1,101,59,34,0,0,0,34,0,0,0,0,0,0,19,6,0,6,0,0,0,42,4,0,0,0,38,31,0,0,0,0,7,174,174,0,0,0,0,0,0,0,0,0,0,0,165,9,5,4,0,0,0,0,0,0,0,0,0,0,0,0,0,0,0
"G1801110","2010","IN","2","3","Indiana","18","Newton County","111",,,,,,,,,,,,,,,"16980","23844","176",,,,,,,,,,,,,,,,,"1040550429","4349521","Newton County","A","+40.9623985","-087.4021716","06","1",,14244,7194,80,78,77,73,88,80,96,99,79,92,102,120,93,103,102,100,95,118,101,82,81,73,68,65,76,75,68,69,76,78,87,81,71,94,64,87,89,89,87,127,88,85,99,86,98,114,100,128,133,136,124,110,129,136,110,127,132,113,88,102,97,95,74,97,54,75,92,89,78,60,73,68,52,54,39,36,48,29,29,37,44,29,24,20,19,17,7,11,10,5,8,6,6,6,1,2,1,0,0,0,1,0,0,7050,85,79,69,114,70,78,84,83,76,89,102,88,91,111,88,103,97,97,97,92,55,55,53,76,63,63,63,81,71,65,96,81,60,82,77,68,73,83,86,81,93,84,88,76,106,98,105,132,111,122,131,105,111,103,103,116,108,94,105,106,101,80,89,97,67,69,74,91,85,69,70,64,62,48,59,42,40,47,35,35,40,35,50,37,34,36,22,23,23,24,22,16,14,7,5,5,6,2,2,1,0,0,0,14074,7121,396,446,520,313,183,77,71,204,358,390,475,454,610,604,558,190,222,164,226,280,176,131,73,6953,417,410,480,297,189,55,55,191,342,396,390,447,567,553,526,180,251,143,242,295,189,180,158,170,73,0,0,0,0,0,0,0,0,0,0,0,0,0,0,0,0,0,0,0,0,0,0,0,0,0,0,0,0,0,0,0,0,47,47,35,0,0,0,35,0,0,0,0,0,0,2,10,0,0,10,0,0,0,0,0,0,0,0,0,0,0,0,0,0,26,26,2,0,0,0,2,0,0,0,0,0,0,9,15,0,0,15,0,0,0,0,0,0,0,0,0,0,0,0,0,0,97,0,0,0,0,0,0,0,0,0,0,0,0,0,0,0,0,0,0,0,0,0,0,0,0,0,0,0,0,0,0,0,0,10,10,3,0,0,0,3,0,0,0,0,0,0,2,5,0,0,5,0,0,0,0,0,0,0,0,0,0,0,0,0,0,87,87,0,0,0,0,0,0,0,0,0,0,0,47,40,0,0,40,0,0,0,0,0,0,0,0,0,0,0,0,0,0
"G1801130","2010","IN","2","3","Indiana","18","Noble County","113",,,,,,,,,,,,,,,"28340","99999","258",,,,,,,,,,,,,,,,,"1064077860","17068252","Noble County","A","+41.4007941","-085.4178497","06","2",,47536,23785,313,359,362,375,346,362,335,334,361,378,385,386,396,371,372,361,383,365,350,298,269,252,301,281,293,287,270,295,282,277,299,287,317,318,295,324,318,302,306,354,345,299,328,287,345,364,348,350,324,378,361,364,383,373,375,338,311,313,324,282,276,280,283,283,209,208,174,190,180,145,130,135,136,112,100,107,82,85,97,81,89,86,48,53,46,51,32,41,38,34,18,10,5,9,7,6,3,2,0,0,3,0,0,23751,337,328,339,361,334,353,332,363,290,386,335,394,348,341,381,372,350,362,331,253,239,253,252,286,289,252,273,274,271,277,282,270,306,306,285,292,272,274,335,306,328,315,257,315,312,344,319,344,343,359,370,331,361,337,333,347,326,295,293,289,282,309,277,283,200,217,218,217,189,175,171,128,150,113,116,148,116,121,105,106,120,102,105,80,95,99,84,72,52,59,58,44,37,23,22,7,12,9,8,8,12,0,0,46705,23348,1753,1769,1910,1109,642,261,247,832,1344,1469,1554,1570,1730,1830,1555,556,770,381,508,608,442,303,205,23357,1697,1724,1799,1084,584,234,249,820,1334,1434,1476,1517,1699,1719,1544,589,755,428,577,658,565,459,412,831,437,3,0,0,0,0,0,0,0,0,0,0,0,0,0,0,0,0,0,0,0,3,0,0,0,0,3,0,0,0,0,0,3,338,302,292,0,0,148,144,0,0,0,0,0,0,10,0,0,0,0,0,0,36,0,0,0,0,36,13,10,8,0,0,5,96,94,0,0,0,0,0,0,0,0,0,0,0,94,0,0,0,0,0,0,2,0,0,0,0,2,0,0,0,0,0,2,394,2,0,0,0,0,0,0,0,0,0,0,0,0,0,0,0,0,0,0,0,2,0,0,0,0,2,0,0,0,0,0,2,93,55,33,0,0,1,32,0,0,0,0,0,0,22,0,0,0,0,0,0,38,6,0,0,0,32,14,3,6,0,0,9,299,299,0,0,0,0,0,0,0,0,0,0,0,299,0,0,0,0,0,0,0,0,0,0,0,0,0,0,0,0,0,0
"G1801150","2010","IN","2","3","Indiana","18","Ohio County","115",,,,,,,,,,,,,,,"17140","99999","178",,,,,,,,,,,,,,,,,"223101869","3352222","Ohio County","A","+38.9405270","-084.9642994","06","1",,6128,3033,26,34,18,28,36,37,40,39,41,46,34,44,40,46,25,33,35,41,52,39,31,30,34,33,28,30,27,28,32,32,41,34,25,32,28,29,45,41,36,54,33,39,37,42,37,64,62,63,49,50,62,64,45,46,44,54,70,56,39,43,36,30,47,38,29,28,37,41,27,26,24,37,26,23,15,22,8,10,20,10,21,7,14,10,8,12,6,4,6,3,4,0,0,1,0,0,0,0,0,0,0,0,0,3095,32,23,35,32,39,29,39,40,40,40,39,34,43,44,40,38,41,29,24,31,35,29,31,37,30,21,25,29,24,31,39,32,41,33,27,42,37,32,43,37,41,42,45,38,48,45,45,52,55,61,64,60,41,46,55,35,51,35,49,43,41,48,43,41,35,34,51,47,38,32,27,32,24,21,25,19,24,17,17,16,16,19,16,18,14,8,9,7,9,5,9,2,0,5,4,1,1,1,1,0,0,0,0,6076,3020,142,203,189,109,91,31,30,95,149,160,205,188,288,259,262,66,114,65,93,124,70,57,30,3056,161,188,200,108,55,35,29,98,128,172,191,214,258,265,213,87,118,85,114,125,90,76,46,52,13,0,0,0,0,0,0,0,0,0,0,0,0,0,0,0,0,0,0,0,0,0,0,0,0,0,0,0,0,0,0,0,0,2,2,0,0,0,0,0,0,0,0,0,0,0,2,0,0,0,0,0,0,0,0,0,0,0,0,0,0,0,0,0,0,11,11,0,0,0,0,0,0,0,0,0,0,0,11,0,0,0,0,0,0,0,0,0,0,0,0,0,0,0,0,0,0,39,0,0,0,0,0,0,0,0,0,0,0,0,0,0,0,0,0,0,0,0,0,0,0,0,0,0,0,0,0,0,0,0,6,6,0,0,0,0,0,0,0,0,0,0,0,6,0,0,0,0,0,0,0,0,0,0,0,0,0,0,0,0,0,0,33,33,0,0,0,0,0,0,0,0,0,0,0,33,0,0,0,0,0,0,0,0,0,0,0,0,0,0,0,0,0,0
"G1801170","2010","IN","2","3","Indiana","18","Orange County","117",,,,,,,,,,,,,,,"99999","99999","999",,,,,,,,,,,,,,,,,"1031818152","25394104","Orange County","A","+38.5473812","-086.4892570","06","9",,19840,9861,104,131,119,138,146,124,108,121,141,164,159,119,136,170,163,158,158,165,146,95,115,108,114,96,98,103,101,94,97,121,105,104,111,116,118,107,104,110,152,125,120,132,134,149,135,151,153,163,142,127,154,163,176,152,142,170,136,140,126,125,110,138,136,136,83,102,104,103,84,85,80,88,82,71,59,62,56,53,52,43,41,28,39,29,26,28,20,9,14,14,8,6,6,4,2,4,2,0,0,0,0,0,0,9979,112,90,114,139,129,119,133,119,131,142,119,140,136,174,144,157,123,142,141,119,93,84,89,99,105,114,77,113,113,112,89,108,129,122,133,83,117,123,124,123,123,109,137,124,175,131,158,131,150,139,161,162,172,153,143,131,125,131,125,130,132,145,145,156,90,113,88,95,102,109,85,87,89,72,57,81,64,63,55,60,66,51,53,51,48,35,45,33,20,20,21,17,9,12,9,4,2,2,3,3,3,1,0,19582,9741,638,658,747,481,239,113,103,301,505,536,587,661,727,781,691,247,354,205,269,375,258,156,109,9841,584,644,713,422,260,93,84,292,526,577,565,665,708,787,635,275,387,200,303,379,310,245,187,258,120,0,0,0,0,0,0,0,0,0,0,0,0,0,0,0,0,0,0,0,0,0,0,0,0,0,0,0,0,0,0,0,0,88,81,74,0,0,0,74,0,0,0,0,0,0,7,0,0,0,0,0,0,7,0,0,0,0,7,0,7,0,0,0,0,32,32,0,0,0,0,0,0,0,0,0,0,0,32,0,0,0,0,0,0,0,0,0,0,0,0,0,0,0,0,0,0,138,0,0,0,0,0,0,0,0,0,0,0,0,0,0,0,0,0,0,0,0,0,0,0,0,0,0,0,0,0,0,0,0,34,18,5,0,0,0,5,0,0,0,0,0,0,13,0,0,0,0,0,0,16,0,0,0,0,16,0,16,0,0,0,0,104,104,0,0,0,0,0,0,0,0,0,0,0,104,0,0,0,0,0,0,0,0,0,0,0,0,0,0,0,0,0,0
"G1801190","2010","IN","2","3","Indiana","18","Owen County","119",,,,,,,,,,,,,,,"14020","99999","999",,,,,,,,,,,,,,,,,"997892586","6570749","Owen County","A","+39.3173394","-086.8388453","06","1",,21575,10818,129,120,112,125,135,151,136,117,143,155,164,153,158,148,130,175,184,165,135,131,93,134,94,122,98,90,112,110,125,108,102,110,130,115,93,127,124,120,127,130,147,145,138,151,168,183,179,209,193,195,165,203,189,163,213,170,159,156,155,156,154,177,149,148,118,126,121,121,106,117,93,92,77,58,60,58,56,51,66,38,46,40,33,25,13,17,19,21,8,13,5,7,1,6,6,0,5,0,0,0,0,0,0,10757,110,114,129,116,127,107,125,135,122,154,150,121,156,152,167,150,133,143,161,117,126,118,94,110,112,113,110,111,90,114,107,109,99,111,112,134,113,138,118,142,152,145,138,151,158,176,164,180,188,179,201,201,189,155,169,168,174,171,167,166,166,132,145,141,124,106,112,121,105,87,100,82,80,79,86,71,62,82,75,69,42,39,41,26,37,35,22,19,23,19,20,10,9,4,5,8,7,1,2,1,0,0,0,21378,10717,621,702,753,523,261,91,129,308,536,544,623,741,952,924,788,328,411,245,341,376,265,151,104,10661,596,643,746,426,278,126,117,316,537,538,641,743,884,912,843,296,405,217,304,422,352,173,146,197,101,1,1,1,0,0,0,1,0,0,0,0,0,0,0,0,0,0,0,0,0,0,0,0,0,0,0,0,0,0,0,0,0,77,66,52,0,0,0,52,0,0,0,0,0,0,14,0,0,0,0,0,0,11,0,0,0,0,11,0,11,0,0,0,0,23,23,0,0,0,0,0,0,0,0,0,0,0,23,0,0,0,0,0,0,0,0,0,0,0,0,0,0,0,0,0,0,96,0,0,0,0,0,0,0,0,0,0,0,0,0,0,0,0,0,0,0,0,0,0,0,0,0,0,0,0,0,0,0,0,23,18,9,0,0,0,9,0,0,0,0,0,0,9,0,0,0,0,0,0,5,0,0,0,0,5,0,5,0,0,0,0,73,73,0,0,0,0,0,0,0,0,0,0,0,73,0,0,0,0,0,0,0,0,0,0,0,0,0,0,0,0,0,0
"G1801210","2010","IN","2","3","Indiana","18","Parke County","121",,,,,,,,,,,,,,,"99999","99999","999",,,,,,,,,,,,,,,,,"1151671026","13769482","Parke County","A","+39.7742496","-087.1969502","06","9",,17339,8123,105,94,103,118,115,91,112,100,95,102,120,99,123,91,113,125,103,130,122,107,101,95,77,102,77,100,85,97,74,86,87,71,66,70,92,73,102,85,94,106,102,87,95,109,108,130,132,128,117,121,158,133,139,123,107,122,137,134,112,101,105,106,119,120,80,99,102,77,92,84,78,78,79,62,64,63,62,44,28,36,32,35,24,30,21,21,17,13,13,15,6,6,5,1,1,0,2,0,0,0,0,0,0,9216,99,91,95,95,74,102,99,77,95,98,102,95,106,105,105,110,97,129,117,101,98,106,115,121,127,123,114,128,151,154,120,107,111,118,131,119,128,120,136,135,148,125,120,134,139,152,161,156,156,144,156,134,129,131,138,131,127,128,137,117,132,124,118,117,89,84,98,95,93,64,90,65,60,55,54,73,54,40,51,54,41,50,39,40,31,30,33,27,23,15,13,8,15,2,5,4,9,1,1,0,2,0,0,15598,7836,535,500,546,358,228,100,90,239,400,354,435,478,586,628,577,204,310,200,247,358,227,139,97,7762,454,471,513,336,205,73,71,231,388,342,429,476,612,623,595,243,315,176,248,317,269,198,177,1741,287,0,0,0,0,0,0,0,0,0,0,0,0,0,0,0,0,0,0,0,0,0,0,0,0,0,0,0,0,0,0,0,0,265,260,144,0,0,1,143,0,0,0,0,0,0,116,0,0,0,0,0,0,5,0,0,0,0,5,0,5,0,0,0,0,22,22,0,0,0,0,0,0,0,0,0,0,0,22,0,0,0,0,0,0,0,0,0,0,0,0,0,0,0,0,0,0,1454,0,0,0,0,0,0,0,0,0,0,0,0,0,0,0,0,0,0,0,0,0,0,0,0,0,0,0,0,0,0,0,0,1420,1395,1312,0,0,1295,17,0,0,0,0,0,0,83,0,0,0,0,0,0,25,0,0,0,0,25,0,3,0,0,22,0,34,34,3,0,0,3,0,0,0,0,0,0,0,31,0,0,0,0,0,0,0,0,0,0,0,0,0,0,0,0,0,0
"G1801230","2010","IN","2","3","Indiana","18","Perry County","123",,,,,,,,,,,,,,,"99999","99999","999",,,,,,,,,,,,,,,,,"988668708","11817628","Perry County","A","+38.0814361","-086.6265397","06","9",,19338,10249,125,111,112,116,124,109,121,112,113,119,116,123,119,101,143,123,120,127,137,126,147,116,119,153,138,163,143,165,171,143,169,155,174,140,148,119,133,150,156,151,125,137,123,143,168,146,169,166,165,174,155,150,153,158,186,136,138,161,131,135,158,134,145,103,87,90,68,79,89,72,61,61,63,60,62,43,61,44,48,41,43,38,30,39,25,30,18,14,18,18,12,6,7,4,2,1,1,2,0,3,0,0,0,9089,110,98,98,135,123,110,115,115,113,130,98,104,100,116,100,114,104,126,110,76,74,80,109,96,93,108,94,106,105,105,114,108,93,98,98,90,115,102,128,104,107,100,99,106,112,130,127,142,147,149,164,145,146,150,140,122,139,127,134,116,129,142,106,130,83,103,86,97,77,75,67,73,72,50,64,67,58,61,63,71,70,53,66,48,54,63,46,31,32,37,17,13,19,13,15,7,6,1,1,1,4,1,0,17806,8835,588,574,602,370,235,98,73,270,489,539,513,558,708,734,661,281,329,154,239,302,229,169,120,8971,564,583,518,344,186,73,80,298,518,511,538,524,694,745,638,271,319,189,245,318,310,265,240,1532,1414,0,0,0,0,0,0,0,0,0,0,0,0,0,0,0,0,0,0,0,0,0,0,0,0,0,0,0,0,0,0,0,0,1374,1348,1341,0,0,1317,24,0,0,0,0,0,0,7,0,0,0,0,0,0,26,0,0,0,0,26,0,0,0,0,24,2,40,40,7,0,0,5,2,0,0,0,0,0,0,33,0,0,0,0,0,0,0,0,0,0,0,0,0,0,0,0,0,0,118,0,0,0,0,0,0,0,0,0,0,0,0,0,0,0,0,0,0,0,0,0,0,0,0,0,0,0,0,0,0,0,0,3,3,3,0,0,0,3,0,0,0,0,0,0,0,0,0,0,0,0,0,0,0,0,0,0,0,0,0,0,0,0,0,115,115,0,0,0,0,0,0,0,0,0,0,0,115,0,0,0,0,0,0,0,0,0,0,0,0,0,0,0,0,0,0
"G1801250","2010","IN","2","3","Indiana","18","Pike County","125",,,,,,,,,,,,,,,"27540","99999","999",,,,,,,,,,,,,,,,,"865673554","17756536","Pike County","A","+38.3978982","-087.2325320","06","2",,12845,6419,78,74,85,89,82,73,62,72,95,84,83,74,80,83,83,96,89,73,78,85,68,55,79,63,74,58,66,65,65,96,65,65,73,74,67,85,73,74,80,88,89,76,88,88,100,105,119,91,111,93,107,88,130,107,108,116,94,120,86,74,86,103,82,78,63,68,53,75,65,68,45,66,49,54,44,58,39,37,34,27,25,25,28,18,24,14,9,6,7,8,5,4,6,0,0,1,1,0,1,1,1,0,0,6426,80,66,64,70,80,81,76,83,77,66,94,93,77,84,74,71,87,102,73,67,60,68,53,48,57,62,64,73,63,68,88,55,70,56,81,74,68,84,74,90,79,70,92,66,66,87,100,110,119,106,97,104,129,99,90,96,91,100,94,85,73,88,80,98,77,63,66,85,64,59,64,64,61,46,58,35,38,65,42,47,35,36,36,33,31,27,25,20,15,23,15,13,11,3,5,10,5,3,3,2,1,0,0,12632,6302,408,386,403,258,160,67,55,210,330,332,392,423,509,536,487,189,222,120,207,254,193,107,54,6330,360,383,422,260,140,60,67,156,329,348,386,371,520,519,461,160,253,129,207,287,216,161,135,213,117,0,0,0,0,0,0,0,0,0,0,0,0,0,0,0,0,0,0,0,0,0,0,0,0,0,0,0,0,0,0,0,0,86,70,67,0,0,0,67,0,0,0,0,0,0,3,0,0,0,0,0,0,16,0,0,0,0,16,0,12,4,0,0,0,31,28,0,0,0,0,0,0,0,0,0,0,0,28,0,0,0,0,0,0,3,0,0,0,0,3,0,3,0,0,0,0,96,0,0,0,0,0,0,0,0,0,0,0,0,0,0,0,0,0,0,0,0,0,0,0,0,0,0,0,0,0,0,0,0,22,14,6,0,0,0,6,0,0,0,0,0,0,8,0,0,0,0,0,0,8,0,0,0,0,8,0,8,0,0,0,0,74,74,0,0,0,0,0,0,0,0,0,0,0,74,0,0,0,0,0,0,0,0,0,0,0,0,0,0,0,0,0,0
"G1801270","2010","IN","2","3","Indiana","18","Porter County","127",,,,,,,,,,,,,,,"16980","23844","176",,,,,,,,,,,,,,,,,"1083011401","268394743","Porter County","A","+41.5099220","-087.0713082","06","1",,164343,80764,905,968,1030,1048,1069,1046,1156,1117,1197,1230,1175,1173,1220,1198,1192,1266,1186,1244,1279,1140,1085,1043,1034,1034,1019,1004,987,1004,1002,1024,1069,1006,929,1004,1017,1036,969,1046,1090,1260,1110,1037,1081,1092,1100,1209,1156,1177,1133,1227,1270,1277,1219,1299,1304,1273,1225,1138,1160,1129,1050,984,1004,949,787,734,695,723,592,549,484,451,427,396,380,376,307,332,285,267,256,235,246,190,144,145,126,91,106,81,66,49,49,21,19,17,10,10,3,4,7,0,0,83579,910,902,963,1010,987,1004,1103,1062,1093,1187,1186,1175,1110,1106,1200,1141,1131,1231,1198,1095,1092,1135,1052,971,1053,980,996,971,974,1002,1055,986,1023,996,1043,1005,1050,1023,1104,1248,1177,1116,1073,1148,1183,1245,1142,1217,1284,1380,1380,1291,1440,1322,1277,1299,1194,1213,1134,1142,1096,1052,1000,1022,709,764,730,748,653,551,545,584,504,488,453,464,427,334,368,381,378,362,330,301,332,234,250,226,216,175,147,140,119,82,68,49,26,22,11,11,13,4,0,160938,79096,5004,5742,5954,3670,2030,847,853,2911,4919,4947,5338,5362,5845,6323,5896,2024,2732,1422,1854,2117,1549,1030,727,81842,4763,5446,5768,3489,1911,842,934,2979,4892,5082,5405,5678,6245,6685,5954,2135,2714,1486,1935,2529,1928,1581,1461,3405,1668,50,26,1,0,0,0,1,0,0,25,0,0,25,0,0,0,0,0,0,0,24,0,0,0,0,24,20,0,0,0,1,3,1444,488,437,0,0,0,437,0,0,2,0,0,2,49,0,0,0,0,0,0,956,873,0,0,0,83,21,35,24,0,1,2,174,174,0,0,0,0,0,0,0,0,0,0,0,174,0,0,0,0,0,0,0,0,0,0,0,0,0,0,0,0,0,0,1737,35,21,0,0,0,0,0,0,0,21,0,0,21,0,0,0,0,0,0,0,14,2,0,0,0,12,9,0,0,0,1,2,1132,146,70,0,0,0,70,0,0,0,0,0,0,76,0,0,0,0,0,0,986,897,0,0,0,89,24,39,10,0,1,15,570,568,0,0,0,0,0,0,0,0,0,0,0,568,0,0,0,0,0,0,2,0,0,0,0,2,0,2,0,0,0,0
"G1801290","2010","IN","2","3","Indiana","18","Posey County","129",,,,,,,,,,,,,,,"21780","99999","999",,,,,,,,,,,,,,,,,"1060783261","25263904","Posey County","A","+38.0276138","-087.8686526","06","1",,25910,12893,152,150,145,151,152,169,178,161,167,170,185,177,183,198,193,198,229,244,196,165,156,151,150,124,144,125,118,112,140,136,136,150,166,110,130,148,106,155,149,183,174,152,151,159,164,208,228,187,211,232,241,270,231,232,222,245,229,209,202,180,165,163,173,148,125,116,115,142,100,91,104,94,93,75,80,64,58,49,55,61,55,46,48,34,26,19,33,17,19,11,10,3,5,9,3,1,1,1,2,0,0,0,0,13017,154,152,145,129,146,158,156,140,166,148,180,187,175,181,184,204,169,162,170,131,170,140,138,123,138,135,117,127,144,122,123,135,128,135,138,177,129,161,169,164,187,170,148,174,210,189,225,234,219,219,204,241,220,210,205,218,221,198,183,182,177,182,164,165,131,135,114,132,125,108,98,93,86,100,80,94,86,67,77,78,69,63,59,54,65,54,36,50,36,28,15,16,23,18,10,6,3,3,5,4,1,0,0,25668,12781,748,844,935,668,359,153,149,410,617,683,735,791,1063,1192,1062,326,444,231,330,441,279,200,121,12887,726,768,905,534,301,169,140,397,643,656,799,886,1082,1079,1001,356,460,248,358,450,388,289,252,242,112,7,0,0,0,0,0,0,0,0,0,0,0,0,0,0,0,0,0,0,0,7,0,0,0,0,7,3,0,0,0,0,4,67,50,44,0,0,0,44,0,0,0,0,0,0,6,0,0,0,0,0,0,17,0,0,0,0,17,2,11,0,0,0,4,38,38,0,0,0,0,0,0,0,0,0,0,0,38,0,0,0,0,0,0,0,0,0,0,0,0,0,0,0,0,0,0,130,3,0,0,0,0,0,0,0,0,0,0,0,0,0,0,0,0,0,0,0,3,0,0,0,0,3,1,0,0,0,0,2,21,11,10,0,0,0,10,0,0,0,0,0,0,1,0,0,0,0,0,0,10,0,0,0,0,10,4,3,0,0,0,3,106,105,0,0,0,0,0,0,0,0,0,0,0,105,0,0,0,0,0,0,1,0,0,0,0,1,0,0,0,0,0,1
"G1801310","2010","IN","2","3","Indiana","18","Pulaski County","131",,,,,,,,,,,,,,,"99999","99999","999",,,,,,,,,,,,,,,,,"1123145988","2291536","Pulaski County","A","+41.0452718","-086.6925383","06","9",,13402,6767,76,77,98,85,93,87,87,91,81,84,114,95,95,108,102,114,96,93,110,84,71,49,67,60,84,81,86,74,61,74,63,73,69,78,77,70,87,82,100,85,66,92,78,89,80,104,107,99,110,120,108,95,134,122,103,100,107,93,84,94,97,83,77,92,46,70,74,67,83,63,62,44,52,51,44,32,38,29,41,32,38,31,32,26,21,20,8,16,14,8,9,4,5,5,0,3,1,1,1,0,1,0,0,6635,68,72,66,72,82,85,94,79,93,72,94,75,91,109,89,92,100,89,110,62,57,66,52,63,53,70,73,71,60,73,80,75,56,70,62,80,78,70,69,100,90,68,75,110,93,126,87,114,111,82,91,118,99,112,120,93,87,108,96,90,70,69,79,91,66,75,76,72,67,66,52,63,63,38,39,47,53,55,38,45,31,34,33,41,31,27,26,32,23,23,8,13,10,14,10,4,5,1,3,0,0,0,0,13209,6640,429,430,514,303,189,65,45,200,353,347,409,392,528,555,474,178,214,142,213,252,168,146,94,6569,360,423,458,281,172,56,66,168,344,341,394,432,518,537,471,139,234,150,203,254,232,165,171,193,127,0,0,0,0,0,0,0,0,0,0,0,0,0,0,0,0,0,0,0,0,0,0,0,0,0,0,0,0,0,0,0,0,116,106,106,0,0,0,106,0,0,0,0,0,0,0,0,0,0,0,0,0,10,0,0,0,0,10,0,10,0,0,0,0,11,6,0,0,0,0,0,0,0,0,0,0,0,6,0,0,0,0,0,0,5,0,0,0,0,5,0,5,0,0,0,0,66,0,0,0,0,0,0,0,0,0,0,0,0,0,0,0,0,0,0,0,0,0,0,0,0,0,0,0,0,0,0,0,0,23,11,11,0,0,0,11,0,0,0,0,0,0,0,0,0,0,0,0,0,12,0,0,0,0,12,0,12,0,0,0,0,43,43,0,0,0,0,0,0,0,0,0,0,0,43,0,0,0,0,0,0,0,0,0,0,0,0,0,0,0,0,0,0
"G1801330","2010","IN","2","3","Indiana","18","Putnam County","133",,,,,,,,,,,,,,,"26900","99999","294",,,,,,,,,,,,,,,,,"1244562066","5604743","Putnam County","A","+39.6655445","-086.8533250","06","1",,37963,20051,195,211,202,208,172,210,233,223,220,239,260,220,211,238,287,274,277,262,366,491,449,456,416,282,232,260,282,301,269,284,297,302,292,235,258,239,266,251,265,274,304,307,273,283,270,331,352,336,315,304,323,304,312,268,329,250,262,251,253,236,214,235,185,206,169,151,151,166,133,146,118,141,116,113,111,114,89,97,89,81,70,73,59,42,33,34,43,22,16,16,18,2,7,5,4,1,4,1,2,0,2,0,0,17912,177,172,217,202,189,187,204,215,188,222,230,242,218,238,234,247,231,241,362,527,445,464,352,171,159,161,186,163,164,153,190,186,165,180,186,186,199,196,194,241,236,227,248,198,210,251,298,258,251,270,290,288,292,250,237,234,235,238,213,210,206,203,249,214,161,172,178,166,175,141,139,166,158,117,134,114,112,107,107,98,88,79,70,78,76,71,43,41,58,32,31,26,17,19,11,8,8,9,5,1,6,0,0,32539,16192,988,1124,1196,789,433,160,139,489,784,882,964,1155,1392,1364,1175,431,545,295,440,584,453,265,145,16347,957,1014,1155,712,384,163,158,482,822,896,1009,1113,1320,1352,1128,405,618,345,474,690,510,354,286,5424,3859,45,43,0,0,0,0,0,0,0,43,0,43,0,0,0,0,0,0,0,0,2,1,0,0,0,1,0,0,0,0,1,0,3726,2777,2760,0,0,2606,154,0,0,0,0,0,0,17,0,0,0,0,0,0,949,930,0,0,0,19,8,4,0,0,7,0,88,88,14,0,0,14,0,0,0,0,0,0,0,72,2,0,2,0,0,0,0,0,0,0,0,0,0,0,0,0,0,0,1565,16,8,0,0,0,0,0,0,0,8,0,8,0,0,0,0,0,0,0,0,8,5,0,0,0,3,3,0,0,0,0,0,1347,48,20,0,0,1,19,0,0,1,0,1,0,23,4,0,4,0,0,0,1299,1290,0,0,0,9,2,0,0,0,7,0,202,202,0,0,0,0,0,0,0,0,0,0,0,198,4,0,4,0,0,0,0,0,0,0,0,0,0,0,0,0,0,0
"G1801350","2010","IN","2","3","Indiana","18","Randolph County","135",,,,,,,,,,,,,,,"99999","99999","999",,,,,,,,,,,,,,,,,"1171656456","2420394","Randolph County","A","+40.1644141","-085.0050040","06","9",,26171,12910,153,151,158,165,156,147,183,175,183,185,209,215,195,200,211,190,176,219,187,149,143,140,138,127,146,149,130,109,117,124,159,142,151,162,137,141,152,184,184,168,195,176,160,154,166,203,163,199,209,186,218,185,201,179,195,196,207,168,142,157,176,160,186,148,119,151,137,109,127,100,124,95,90,95,89,86,70,92,64,56,45,65,53,50,45,48,37,31,28,17,15,13,3,1,7,6,2,1,0,0,0,0,0,13261,155,148,160,167,129,162,141,171,175,179,186,201,177,194,170,183,233,181,177,142,156,132,129,110,130,126,118,111,127,141,166,148,170,153,150,161,140,172,164,150,173,154,163,157,197,184,165,200,210,193,209,186,197,190,178,177,178,185,172,180,178,171,180,154,122,147,132,146,156,107,99,124,128,94,97,95,87,112,77,82,69,98,80,84,83,72,56,41,45,45,37,32,27,12,16,15,10,3,6,2,7,0,0,25842,12758,783,873,1030,585,330,138,136,402,615,731,814,840,950,967,865,336,451,288,334,488,362,251,189,13084,759,828,928,597,318,155,131,369,622,784,784,842,946,960,888,346,455,279,406,529,439,378,341,329,152,0,0,0,0,0,0,0,0,0,0,0,0,0,0,0,0,0,0,0,0,0,0,0,0,0,0,0,0,0,0,0,0,112,106,92,0,0,0,92,0,0,0,0,0,0,14,0,0,0,0,0,0,6,0,0,0,0,6,0,6,0,0,0,0,40,40,0,0,0,0,0,0,0,0,0,0,0,40,0,0,0,0,0,0,0,0,0,0,0,0,0,0,0,0,0,0,177,0,0,0,0,0,0,0,0,0,0,0,0,0,0,0,0,0,0,0,0,0,0,0,0,0,0,0,0,0,0,0,0,26,22,8,0,0,0,8,0,0,0,0,0,0,14,0,0,0,0,0,0,4,0,0,0,0,4,0,4,0,0,0,0,151,151,0,0,0,0,0,0,0,0,0,0,0,151,0,0,0,0,0,0,0,0,0,0,0,0,0,0,0,0,0,0
"G1801370","2010","IN","2","3","Indiana","18","Ripley County","137",,,,,,,,,,,,,,,"99999","99999","999",,,,,,,,,,,,,,,,,"1156236700","4237505","Ripley County","A","+39.1002301","-085.2605409","06","9",,28818,14215,168,219,191,204,192,194,196,242,236,221,206,218,243,239,246,228,217,247,233,151,155,144,135,135,141,136,144,168,166,164,161,159,168,169,171,166,147,180,156,202,199,192,195,193,234,197,220,215,232,204,225,229,197,209,195,212,217,171,171,188,163,154,167,170,130,137,159,139,112,109,92,96,100,87,98,69,93,59,45,70,41,70,39,34,33,27,42,18,32,21,14,3,5,9,8,8,4,3,0,2,0,0,0,14603,189,163,194,182,199,196,197,202,184,228,200,216,222,232,194,240,227,218,216,139,142,132,138,149,141,161,170,145,169,158,187,150,157,157,163,167,163,181,196,211,202,191,196,200,211,212,206,234,234,223,229,210,226,206,197,180,202,188,179,170,185,174,162,190,118,161,153,121,131,124,98,116,99,85,78,106,89,83,64,83,84,75,91,63,48,60,54,51,44,45,40,39,30,27,13,12,7,3,14,7,2,2,1,28369,14017,974,1089,1152,692,381,152,142,396,759,814,844,1004,1063,1044,950,315,464,291,349,458,319,196,169,14352,927,1007,1064,685,354,142,132,428,803,814,918,996,1105,1066,914,356,468,309,368,459,401,312,324,449,198,0,0,0,0,0,0,0,0,0,0,0,0,0,0,0,0,0,0,0,0,0,0,0,0,0,0,0,0,0,0,0,0,102,96,78,0,0,0,78,0,0,0,0,0,0,18,0,0,0,0,0,0,6,0,0,0,0,6,0,5,0,0,0,1,96,91,0,0,0,0,0,0,0,0,0,0,0,91,0,0,0,0,0,0,5,0,0,0,0,5,0,2,0,0,0,3,251,0,0,0,0,0,0,0,0,0,0,0,0,0,0,0,0,0,0,0,0,0,0,0,0,0,0,0,0,0,0,0,0,21,14,4,0,0,0,4,0,0,0,0,0,0,10,0,0,0,0,0,0,7,0,0,0,0,7,0,7,0,0,0,0,230,223,0,0,0,0,0,0,0,0,0,0,0,223,0,0,0,0,0,0,7,0,0,0,0,7,0,0,0,0,0,7
"G1801390","2010","IN","2","3","Indiana","18","Rush County","139",,,,,,,,,,,,,,,"99999","99999","999",,,,,,,,,,,,,,,,,"1057035473","872309","Rush County","A","+39.6223123","-085.4665265","06","9",,17392,8577,105,100,103,117,100,113,118,119,126,124,125,118,127,144,148,133,145,141,137,104,99,99,76,83,103,94,103,99,68,80,92,90,89,103,88,113,101,103,116,128,116,107,119,101,129,158,146,121,137,139,145,129,149,128,140,122,123,122,85,109,101,113,104,106,74,81,66,88,64,68,71,68,66,55,39,56,53,48,45,38,29,43,40,31,25,13,17,18,10,14,7,9,7,3,1,1,0,2,0,2,2,0,0,8815,81,96,91,135,103,99,115,124,130,133,125,121,133,122,118,126,133,116,119,98,93,78,98,86,89,94,78,97,75,80,92,103,87,104,80,102,106,87,114,124,112,139,110,114,126,122,120,150,146,127,137,140,125,138,134,122,133,117,118,108,96,112,126,115,82,77,91,81,89,73,79,75,82,66,62,61,57,50,51,51,62,57,51,32,53,32,19,30,47,25,25,20,14,11,14,12,6,2,2,0,2,0,0,17214,8509,525,600,662,419,240,95,95,259,435,459,556,569,699,689,557,208,280,147,220,296,237,162,100,8705,506,601,619,375,217,93,77,273,423,461,528,599,663,672,597,207,322,166,243,355,260,234,214,178,68,0,0,0,0,0,0,0,0,0,0,0,0,0,0,0,0,0,0,0,0,0,0,0,0,0,0,0,0,0,0,0,0,50,44,30,0,0,0,30,0,0,0,0,0,0,14,0,0,0,0,0,0,6,0,0,0,0,6,0,6,0,0,0,0,18,18,0,0,0,0,0,0,0,0,0,0,0,18,0,0,0,0,0,0,0,0,0,0,0,0,0,0,0,0,0,0,110,0,0,0,0,0,0,0,0,0,0,0,0,0,0,0,0,0,0,0,0,0,0,0,0,0,0,0,0,0,0,0,0,21,21,13,0,0,0,13,0,0,0,0,0,0,8,0,0,0,0,0,0,0,0,0,0,0,0,0,0,0,0,0,0,89,89,0,0,0,0,0,0,0,0,0,0,0,89,0,0,0,0,0,0,0,0,0,0,0,0,0,0,0,0,0,0
"G1801410","2010","IN","2","3","Indiana","18","St. Joseph County","141",,,,,,,,,,,,,,,"43780","99999","515",,,,,,,,,,,,,,,,,"1185826798","9156284","St. Joseph County","A","+41.6176989","-086.2881592","06","1",,266931,129412,1694,1814,1805,1822,1816,1917,1872,1862,1811,1935,1921,1990,1816,1771,1824,1935,2054,1993,2213,2329,2273,2200,2102,1707,1585,1841,1697,1696,1815,1731,1679,1642,1630,1527,1520,1512,1549,1523,1675,1690,1720,1549,1614,1593,1576,1718,1821,1743,1864,1826,1933,1848,1905,1853,1831,1812,1786,1812,1666,1596,1578,1439,1464,1348,1003,1000,988,997,873,761,703,670,649,572,611,593,542,485,542,570,453,499,487,412,403,359,303,252,247,184,147,103,91,77,56,28,24,20,13,4,7,1,0,137519,1707,1732,1726,1849,1784,1737,1666,1722,1772,1846,1821,1823,1767,1864,1791,1833,1805,1954,2144,2743,2535,2537,2289,1748,1759,1699,1646,1733,1693,1825,1779,1662,1630,1646,1606,1578,1507,1667,1646,1821,1758,1641,1626,1677,1642,1824,1878,1829,1896,1955,1926,1908,1897,1900,1914,1931,1916,1813,1769,1684,1622,1588,1486,1461,1047,1084,1136,1150,1013,918,861,834,792,755,765,775,723,845,753,784,814,719,765,701,672,671,555,479,458,395,304,234,215,170,141,100,72,61,53,25,44,3,0,255659,124189,8934,9379,9263,5767,3127,1442,1585,4977,8592,7841,7815,7924,8812,9213,8563,2981,3783,1963,2595,3145,2656,2129,1703,131470,8783,8724,9042,5545,2946,1421,1665,5344,8517,8275,8181,8294,9320,9471,9060,3184,3961,2203,3036,3940,3743,3458,3357,11272,5223,309,250,4,0,0,0,4,0,0,244,69,78,97,0,2,0,0,0,0,2,59,5,0,0,0,54,39,6,5,0,0,4,4379,773,631,0,0,101,530,0,0,5,4,0,1,113,24,0,12,0,0,12,3606,3080,0,0,0,526,157,129,53,0,0,187,535,387,0,0,0,0,0,0,0,0,0,0,0,387,0,0,0,0,0,0,148,0,0,0,0,148,0,14,9,0,0,125,6049,105,55,1,0,0,0,1,0,0,54,19,35,0,0,0,0,0,0,0,0,50,5,0,0,0,45,32,0,0,0,0,13,4842,193,58,0,0,1,57,0,0,14,11,3,0,105,16,0,16,0,0,0,4649,4346,0,0,0,303,86,86,4,0,1,126,1102,843,0,0,0,0,0,0,0,0,0,0,0,843,0,0,0,0,0,0,259,0,0,0,0,259,5,24,0,0,0,230
"G1801430","2010","IN","2","3","Indiana","18","Scott County","143",,,,,,,,,,,,,,,"42500","99999","350",,,,,,,,,,,,,,,,,"493127224","6089000","Scott County","A","+38.6794309","-085.7518981","06","2",,24181,11951,132,148,159,147,146,149,149,163,154,165,186,162,177,205,168,181,186,194,183,142,158,134,129,148,133,152,142,140,155,134,139,146,123,146,142,156,171,149,180,168,184,159,163,190,188,196,170,198,205,180,199,196,174,175,173,160,193,121,183,152,166,144,136,163,115,110,116,120,96,81,90,84,61,64,80,75,41,56,36,43,37,48,31,24,21,26,13,16,13,11,8,10,2,6,1,3,1,1,0,0,2,0,0,12230,147,146,157,166,137,140,142,150,133,170,152,156,178,180,177,170,176,164,155,117,180,131,138,142,155,127,130,130,131,149,139,162,151,153,142,154,148,175,164,182,162,182,157,155,223,179,176,205,216,194,191,190,185,192,137,180,184,156,136,158,154,154,161,174,115,118,130,129,105,123,89,87,94,89,78,72,73,55,48,53,45,53,51,45,53,26,38,30,15,38,21,17,11,5,11,4,4,2,3,1,2,0,0,23869,11773,732,780,895,538,320,156,130,401,708,684,815,875,932,906,807,305,407,222,295,372,242,152,99,12096,753,735,843,510,272,179,130,432,662,741,817,873,966,893,809,308,447,246,352,434,287,225,182,312,178,26,26,0,0,0,0,0,0,0,26,26,0,0,0,0,0,0,0,0,0,0,0,0,0,0,0,0,0,0,0,0,0,107,95,71,0,0,0,71,0,0,3,3,0,0,21,0,0,0,0,0,0,12,0,0,0,0,12,0,11,0,0,1,0,45,45,0,0,0,0,0,0,0,0,0,0,0,45,0,0,0,0,0,0,0,0,0,0,0,0,0,0,0,0,0,0,134,0,0,0,0,0,0,0,0,0,0,0,0,0,0,0,0,0,0,0,0,0,0,0,0,0,0,0,0,0,0,0,0,42,40,28,0,0,0,20,8,0,0,0,0,0,12,0,0,0,0,0,0,2,0,0,0,0,2,0,2,0,0,0,0,92,92,0,0,0,0,0,0,0,0,0,0,0,92,0,0,0,0,0,0,0,0,0,0,0,0,0,0,0,0,0,0
"G1801450","2010","IN","2","3","Indiana","18","Shelby County","145",,,,,,,,,,,,,,,"26900","99999","294",,,,,,,,,,,,,,,,,"1064866098","4167863","Shelby County","A","+39.5241345","-085.7921742","06","1",,44436,22020,270,260,324,266,287,318,282,305,319,335,297,328,310,330,330,345,345,336,330,248,250,243,247,277,274,240,214,231,261,239,266,254,254,257,242,303,278,277,315,323,279,277,275,303,335,373,343,336,378,384,370,335,431,386,362,334,343,288,290,296,259,260,278,281,177,178,207,189,172,172,160,173,125,136,101,88,95,90,88,74,86,75,66,71,54,48,30,30,26,27,16,15,14,13,7,3,2,2,1,1,2,0,0,22416,258,235,276,253,289,297,276,279,300,315,303,314,287,322,307,306,320,321,289,221,228,235,214,253,259,226,237,277,216,259,258,262,264,251,277,244,266,285,290,283,305,307,290,335,323,397,367,370,358,367,353,365,398,346,339,314,303,338,282,276,276,262,265,282,195,190,228,195,183,195,176,155,174,150,133,136,130,131,145,134,130,105,109,102,86,80,70,64,86,54,50,38,32,22,15,14,14,5,2,7,8,3,0,43753,21677,1407,1559,1593,1020,568,240,233,765,1128,1237,1468,1446,1796,1858,1544,518,734,384,524,687,424,338,206,22076,1311,1467,1533,945,509,222,234,711,1204,1295,1352,1555,1845,1797,1508,537,736,415,563,772,638,493,434,683,343,8,8,1,0,0,0,1,0,0,7,7,0,0,0,0,0,0,0,0,0,0,0,0,0,0,0,0,0,0,0,0,0,261,251,184,0,0,0,184,0,0,0,0,0,0,67,0,0,0,0,0,0,10,0,0,0,0,10,0,0,8,0,0,2,74,74,2,0,0,0,2,0,0,0,0,0,0,72,0,0,0,0,0,0,0,0,0,0,0,0,0,0,0,0,0,0,340,2,2,2,0,0,0,2,0,0,0,0,0,0,0,0,0,0,0,0,0,0,0,0,0,0,0,0,0,0,0,0,0,102,88,25,0,0,0,25,0,0,1,1,0,0,62,0,0,0,0,0,0,14,0,0,0,0,14,1,13,0,0,0,0,236,236,0,0,0,0,0,0,0,0,0,0,0,236,0,0,0,0,0,0,0,0,0,0,0,0,0,0,0,0,0,0
"G1801470","2010","IN","2","3","Indiana","18","Spencer County","147",,,,,,,,,,,,,,,"99999","99999","999",,,,,,,,,,,,,,,,,"1027562733","12126717","Spencer County","A","+38.0097889","-087.0106449","06","9",,20952,10542,121,112,122,128,123,150,146,127,155,152,135,143,154,152,144,152,173,183,144,124,98,100,94,79,106,104,115,110,122,126,116,111,141,106,117,97,116,127,125,151,128,139,142,153,147,168,174,179,166,193,198,195,183,166,147,174,199,154,133,153,135,160,136,162,115,93,109,108,101,76,93,76,78,64,72,60,50,52,46,54,40,30,42,29,29,28,18,21,23,7,12,10,9,4,1,1,4,1,0,1,0,0,0,10410,116,130,140,124,113,120,124,108,146,159,138,161,129,136,159,166,160,162,143,83,83,75,112,86,90,95,120,95,98,105,103,115,120,117,138,114,105,123,140,141,134,114,121,135,152,179,166,159,174,193,176,167,168,167,176,165,149,159,136,145,124,154,157,139,106,98,118,109,103,88,90,90,73,73,64,58,67,53,63,72,68,53,55,53,38,36,36,33,28,13,17,12,22,8,3,3,3,2,1,0,0,0,0,20584,10264,606,730,728,507,264,96,97,269,566,576,600,697,863,875,783,292,405,201,261,362,233,148,105,10320,623,657,723,488,226,82,75,287,513,593,622,656,869,850,751,274,401,215,292,387,306,249,181,368,278,1,1,1,0,0,0,1,0,0,0,0,0,0,0,0,0,0,0,0,0,0,0,0,0,0,0,0,0,0,0,0,0,145,73,56,0,0,0,56,0,0,0,0,0,0,17,0,0,0,0,0,0,72,0,0,0,0,72,0,0,0,0,0,72,132,38,0,0,0,0,0,0,0,0,0,0,0,38,0,0,0,0,0,0,94,0,0,0,0,94,0,0,0,0,0,94,90,0,0,0,0,0,0,0,0,0,0,0,0,0,0,0,0,0,0,0,0,0,0,0,0,0,0,0,0,0,0,0,0,17,17,3,0,0,0,3,0,0,0,0,0,0,14,0,0,0,0,0,0,0,0,0,0,0,0,0,0,0,0,0,0,73,70,0,0,0,0,0,0,0,0,0,0,0,70,0,0,0,0,0,0,3,0,0,0,0,3,0,0,0,0,0,3
"G1801490","2010","IN","2","3","Indiana","18","Starke County","149",,,,,,,,,,,,,,,"99999","99999","999",,,,,,,,,,,,,,,,,"800653661","7955177","Starke County","A","+41.2832203","-086.6475698","06","9",,23363,11536,150,124,160,178,134,143,146,155,141,167,146,160,166,165,178,177,183,187,173,151,124,130,116,140,113,117,107,128,107,148,126,133,132,126,138,129,117,152,170,152,136,154,150,140,166,153,175,170,162,201,181,182,195,183,174,225,156,173,194,156,150,129,127,131,125,110,116,122,93,108,98,102,100,91,89,78,71,67,46,56,48,41,34,34,36,28,19,19,13,10,4,8,7,3,3,1,4,0,0,0,0,0,0,11827,136,146,154,144,158,140,127,168,176,162,168,150,140,150,202,184,162,169,170,168,130,130,142,98,137,104,124,123,139,131,132,132,140,119,121,151,128,115,142,167,162,149,136,155,143,176,169,190,202,162,171,194,178,207,182,178,183,165,166,165,145,140,155,155,104,153,118,152,109,106,107,102,108,99,69,89,66,68,57,64,62,53,45,37,33,30,44,21,23,26,22,13,9,10,4,9,4,0,2,1,0,1,0,23347,11532,746,752,815,547,324,124,130,368,607,655,720,746,860,914,903,279,383,226,323,480,318,193,119,11815,738,773,810,515,338,129,130,376,621,644,703,743,895,931,855,284,414,271,367,485,344,230,219,16,4,0,0,0,0,0,0,0,0,0,0,0,0,0,0,0,0,0,0,0,0,0,0,0,0,0,0,0,0,0,0,0,0,4,0,0,0,0,0,0,0,0,0,0,0,0,0,0,0,0,0,0,0,4,0,0,0,0,4,0,4,0,0,0,0,0,0,0,0,0,0,0,0,0,0,0,0,0,0,0,0,0,0,0,0,0,0,0,0,0,0,0,0,0,0,0,0,12,0,0,0,0,0,0,0,0,0,0,0,0,0,0,0,0,0,0,0,0,0,0,0,0,0,0,0,0,0,0,0,0,12,0,0,0,0,0,0,0,0,0,0,0,0,0,0,0,0,0,0,0,12,0,0,0,0,12,0,12,0,0,0,0,0,0,0,0,0,0,0,0,0,0,0,0,0,0,0,0,0,0,0,0,0,0,0,0,0,0,0,0,0,0,0,0
"G1801510","2010","IN","2","3","Indiana","18","Steuben County","151",,,,,,,,,,,,,,,"11420","99999","258",,,,,,,,,,,,,,,,,"800149001","35034127","Steuben County","A","+41.6434372","-085.0024667","06","2",,34185,17250,173,170,212,206,192,208,221,217,202,239,206,223,251,228,255,242,262,261,295,401,370,322,281,192,177,179,159,173,182,190,184,180,179,208,173,179,199,185,245,234,201,241,215,227,248,268,246,230,259,248,267,249,303,235,256,270,260,250,240,253,248,227,238,226,164,184,189,180,172,149,120,131,126,118,118,86,94,84,87,63,71,42,46,42,50,46,25,20,24,16,12,6,8,7,3,2,3,0,2,0,0,0,0,16935,170,187,190,181,207,196,210,227,245,204,228,202,240,216,207,250,242,265,284,266,235,188,208,195,188,151,170,173,159,172,171,162,161,191,177,206,188,220,200,222,214,215,206,242,234,236,255,241,253,276,254,281,238,251,254,255,219,259,255,259,244,209,238,246,183,202,176,186,161,148,121,146,128,124,113,99,100,111,70,99,78,86,77,68,68,58,69,48,50,44,32,20,22,20,14,10,4,3,6,2,1,0,0,32885,16369,953,1087,1163,763,387,175,197,534,851,903,1026,1122,1240,1305,1268,475,625,372,500,612,410,245,156,16516,935,1082,1093,756,405,160,147,564,823,860,1032,1106,1257,1273,1242,453,663,378,494,628,477,355,333,1300,881,2,1,1,0,0,0,1,0,0,0,0,0,0,0,0,0,0,0,0,0,1,1,0,0,0,0,0,0,0,0,0,0,848,105,100,0,0,0,100,0,0,0,0,0,0,5,0,0,0,0,0,0,743,719,0,0,0,24,4,4,16,0,0,0,31,30,0,0,0,0,0,0,0,0,0,0,0,30,0,0,0,0,0,0,1,0,0,0,0,1,0,1,0,0,0,0,419,1,0,0,0,0,0,0,0,0,0,0,0,0,0,0,0,0,0,0,0,1,1,0,0,0,0,0,0,0,0,0,0,319,24,13,0,0,0,13,0,0,0,0,0,0,11,0,0,0,0,0,0,295,284,0,0,0,11,0,4,7,0,0,0,99,99,0,0,0,0,0,0,0,0,0,0,0,99,0,0,0,0,0,0,0,0,0,0,0,0,0,0,0,0,0,0
"G1801530","2010","IN","2","3","Indiana","18","Sullivan County","153",,,,,,,,,,,,,,,"45460","99999","999",,,,,,,,,,,,,,,,,"1158091682","18063039","Sullivan County","A","+39.0892251","-087.4158429","06","1",,21475,11668,116,118,138,107,114,125,129,129,125,136,141,156,136,145,116,164,142,183,174,165,162,144,164,169,167,173,162,173,191,180,178,161,185,189,174,163,173,166,179,187,154,202,186,176,169,191,209,182,176,184,165,157,164,183,164,182,165,172,131,135,123,138,120,147,108,114,108,104,106,68,85,78,59,60,60,69,44,47,36,44,40,43,40,23,41,30,16,10,21,7,13,4,4,6,4,0,1,1,0,0,0,0,0,9807,111,100,107,114,130,108,133,98,129,140,119,117,124,127,121,132,107,153,152,94,99,116,81,113,90,116,109,103,99,119,113,108,115,117,108,98,121,122,119,122,114,104,119,127,134,151,155,141,141,147,141,136,141,165,163,141,129,120,140,136,138,149,129,137,105,111,103,115,87,90,84,77,72,84,72,72,67,64,58,61,73,48,68,52,48,48,44,39,27,28,25,20,13,13,12,10,7,5,1,1,1,0,0,19177,9476,593,644,694,439,260,117,99,311,513,532,587,630,714,688,712,245,362,213,269,336,237,177,104,9701,562,608,608,392,246,99,115,284,544,561,582,596,731,742,664,285,369,214,291,382,310,270,246,2298,2192,50,50,50,0,0,50,0,0,0,0,0,0,0,0,0,0,0,0,0,0,0,0,0,0,0,0,0,0,0,0,0,0,2092,2085,2079,0,0,2079,0,0,0,0,0,0,0,6,0,0,0,0,0,0,7,0,0,0,0,7,0,3,3,0,0,1,50,50,25,0,0,25,0,0,0,0,0,0,0,25,0,0,0,0,0,0,0,0,0,0,0,0,0,0,0,0,0,0,106,0,0,0,0,0,0,0,0,0,0,0,0,0,0,0,0,0,0,0,0,0,0,0,0,0,0,0,0,0,0,0,0,19,10,2,0,0,2,0,0,0,0,0,0,0,8,0,0,0,0,0,0,9,0,0,0,0,9,0,7,0,0,0,2,87,87,0,0,0,0,0,0,0,0,0,0,0,87,0,0,0,0,0,0,0,0,0,0,0,0,0,0,0,0,0,0
"G1801550","2010","IN","2","3","Indiana","18","Switzerland County","155",,,,,,,,,,,,,,,"99999","99999","999",,,,,,,,,,,,,,,,,"571436429","7267108","Switzerland County","A","+38.8258455","-085.0296787","06","9",,10613,5412,89,82,73,94,84,76,82,83,77,72,79,92,79,79,82,73,68,85,74,77,56,57,50,54,65,50,61,64,69,62,55,68,69,53,57,72,61,72,72,55,77,67,60,88,63,91,100,79,77,94,80,89,64,95,70,73,59,73,59,68,80,74,57,73,57,59,58,61,44,55,37,50,55,53,23,24,23,27,22,20,10,10,16,11,19,7,9,9,3,3,4,2,4,2,0,3,0,0,0,0,0,0,0,5201,73,67,78,82,67,49,96,71,81,71,76,72,66,54,62,75,44,89,74,62,57,54,52,49,53,66,61,75,44,62,66,65,58,55,51,79,52,70,54,56,73,75,71,74,78,82,86,93,79,88,59,81,69,71,69,87,57,61,69,58,62,64,49,70,62,67,39,68,52,46,31,31,39,59,39,25,24,32,31,29,27,22,22,19,21,10,13,17,19,6,6,10,7,3,1,6,1,1,1,1,1,0,0,10506,5347,422,390,411,225,149,53,56,163,301,298,327,351,436,398,326,152,186,115,158,214,112,63,41,5159,367,368,330,208,135,57,53,153,307,294,311,371,427,347,332,126,181,106,164,195,137,103,87,107,65,1,1,1,0,0,0,1,0,0,0,0,0,0,0,0,0,0,0,0,0,0,0,0,0,0,0,0,0,0,0,0,0,44,42,35,0,0,0,35,0,0,0,0,0,0,7,0,0,0,0,0,0,2,0,0,0,0,2,0,2,0,0,0,0,20,18,2,0,0,0,2,0,0,0,0,0,0,16,0,0,0,0,0,0,2,0,0,0,0,2,0,2,0,0,0,0,42,0,0,0,0,0,0,0,0,0,0,0,0,0,0,0,0,0,0,0,0,0,0,0,0,0,0,0,0,0,0,0,0,8,8,4,0,0,0,4,0,0,0,0,0,0,4,0,0,0,0,0,0,0,0,0,0,0,0,0,0,0,0,0,0,34,34,0,0,0,0,0,0,0,0,0,0,0,34,0,0,0,0,0,0,0,0,0,0,0,0,0,0,0,0,0,0
"G1801570","2010","IN","2","3","Indiana","18","Tippecanoe County","157",,,,,,,,,,,,,,,"29140","99999","320",,,,,,,,,,,,,,,,,"1294491529","8902814","Tippecanoe County","A","+40.3892597","-086.8939426","06","1",,172780,88040,1176,1153,1121,1119,1049,1092,1007,1008,968,983,946,920,872,873,870,996,1002,1006,1901,4078,4386,4466,4140,2709,1957,1730,1583,1448,1372,1354,1260,1127,1085,1060,1017,971,921,933,996,1009,939,910,912,937,860,941,910,975,891,950,938,954,942,902,917,882,894,837,851,712,718,761,688,708,485,501,505,521,444,344,390,387,313,306,305,263,216,237,241,222,214,177,188,185,174,138,149,122,113,84,52,46,42,31,18,13,9,6,1,1,4,0,0,84740,1112,1067,1078,1114,1041,968,974,948,993,915,909,900,922,909,919,886,908,993,1709,3411,3591,3614,3031,1947,1642,1448,1357,1267,1196,1230,1215,1054,1085,1013,954,975,885,927,909,974,974,894,834,870,861,901,980,901,928,1011,1016,986,998,932,923,983,956,938,883,850,778,770,818,742,606,526,565,565,491,473,443,428,392,388,402,350,314,317,296,299,318,304,319,271,279,253,246,216,204,174,128,84,88,68,66,45,36,28,15,13,12,1,0,158317,79778,5611,5056,4460,2961,2675,2661,3419,7880,7215,5427,4754,4466,4573,4571,4106,1457,1847,989,1284,1664,1133,853,716,78539,5409,4793,4540,2760,2401,2365,2819,6104,6426,5278,4644,4404,4684,4833,4572,1535,2147,1072,1507,2012,1515,1374,1345,14463,8262,73,39,6,0,0,0,5,1,0,33,14,19,0,0,0,0,0,0,0,0,34,21,0,0,0,13,9,0,0,0,1,3,7866,664,550,0,0,0,429,121,0,2,0,2,0,112,0,0,0,0,0,0,7202,6924,0,0,0,278,61,128,11,0,1,77,323,313,2,0,0,0,2,0,0,0,0,0,0,311,0,0,0,0,0,0,10,0,0,0,0,10,0,0,0,0,0,10,6201,54,34,1,0,0,0,1,0,0,33,9,24,0,0,0,0,0,0,0,0,20,4,0,0,0,16,5,0,2,0,5,4,5555,168,66,0,0,0,56,10,0,20,1,19,0,82,0,0,0,0,0,0,5387,5213,0,0,0,174,35,69,30,0,1,39,592,560,0,0,0,0,0,0,0,0,0,0,0,560,0,0,0,0,0,0,32,0,0,0,0,32,0,0,0,0,0,32
"G1801590","2010","IN","2","3","Indiana","18","Tipton County","159",,,,,,,,,,,,,,,"29020","99999","316",,,,,,,,,,,,,,,,,"674797764","68029","Tipton County","A","+40.3102294","-086.0562066","06","1",,15936,7846,57,82,120,85,84,103,90,111,99,102,138,119,132,110,130,122,120,121,126,97,77,77,68,77,70,75,80,67,67,67,88,82,74,88,63,89,104,82,114,115,113,125,103,115,116,116,99,112,137,120,119,128,143,142,105,135,115,122,120,98,104,102,112,94,108,97,93,86,70,67,80,64,61,45,71,47,31,46,40,35,37,29,29,18,13,22,23,19,9,10,4,10,5,5,1,0,1,1,1,0,1,0,0,8090,61,82,70,78,103,109,93,106,98,97,104,105,110,97,111,109,124,121,104,68,91,59,60,79,79,74,62,71,84,60,91,67,77,91,79,88,100,110,113,113,112,120,107,106,105,131,125,119,146,124,125,139,125,103,131,137,111,115,108,112,109,91,102,139,83,93,103,96,98,70,69,64,69,52,68,59,47,61,51,52,39,43,33,33,39,49,40,42,33,31,34,17,18,8,15,17,9,4,4,1,6,0,0,15731,7779,427,503,629,363,222,76,75,211,349,391,496,571,581,637,587,206,311,189,222,315,197,124,97,7952,394,503,527,354,171,91,57,218,350,404,524,550,643,623,582,200,322,196,263,314,255,169,242,205,67,3,0,0,0,0,0,0,0,0,0,0,0,0,0,0,0,0,0,0,0,3,0,0,0,0,3,0,0,0,0,3,0,37,36,31,0,0,0,31,0,0,0,0,0,0,5,0,0,0,0,0,0,1,0,0,0,0,1,0,0,0,0,1,0,27,27,0,0,0,0,0,0,0,0,0,0,0,27,0,0,0,0,0,0,0,0,0,0,0,0,0,0,0,0,0,0,138,0,0,0,0,0,0,0,0,0,0,0,0,0,0,0,0,0,0,0,0,0,0,0,0,0,0,0,0,0,0,0,0,10,9,4,0,0,0,4,0,0,0,0,0,0,5,0,0,0,0,0,0,1,0,0,0,0,1,0,0,0,0,1,0,128,94,0,0,0,0,0,0,0,0,0,0,0,94,0,0,0,0,0,0,34,0,0,0,0,34,0,0,0,0,0,34
"G1801610","2010","IN","2","3","Indiana","18","Union County","161",,,,,,,,,,,,,,,"99999","99999","999",,,,,,,,,,,,,,,,,"417568462","10238544","Union County","A","+39.6231109","-084.9251523","06","9",,7516,3714,43,50,45,44,54,46,61,50,46,62,51,59,67,58,61,64,64,84,64,57,45,34,33,35,35,39,36,30,40,43,44,41,33,42,33,50,40,46,34,44,49,51,58,53,54,56,56,53,71,52,60,43,50,67,57,54,56,53,56,45,45,54,53,52,38,33,34,41,38,30,38,21,25,18,20,20,17,9,15,18,10,19,18,3,8,12,3,5,7,4,0,1,1,0,1,0,1,0,0,0,1,0,0,3802,41,38,37,39,50,45,57,42,45,50,54,50,60,65,45,46,67,45,56,51,33,36,30,46,28,54,33,42,35,46,43,37,51,40,36,42,45,38,52,66,53,55,64,39,57,60,57,64,52,63,59,63,50,54,53,52,49,65,53,53,57,52,69,42,35,39,38,33,35,38,39,26,23,25,30,35,19,26,13,17,21,25,23,16,15,12,15,5,6,5,7,8,4,2,3,7,1,2,2,0,1,0,0,7449,3692,236,265,296,212,120,44,33,99,183,191,213,265,287,276,263,99,143,67,109,119,79,57,36,3757,205,239,274,158,107,33,36,104,208,206,242,268,296,277,269,109,146,74,105,141,105,92,63,67,22,0,0,0,0,0,0,0,0,0,0,0,0,0,0,0,0,0,0,0,0,0,0,0,0,0,0,0,0,0,0,0,0,18,18,16,0,0,0,16,0,0,0,0,0,0,2,0,0,0,0,0,0,0,0,0,0,0,0,0,0,0,0,0,0,4,4,0,0,0,0,0,0,0,0,0,0,0,4,0,0,0,0,0,0,0,0,0,0,0,0,0,0,0,0,0,0,45,0,0,0,0,0,0,0,0,0,0,0,0,0,0,0,0,0,0,0,0,0,0,0,0,0,0,0,0,0,0,0,0,9,7,2,0,0,0,2,0,0,0,0,0,0,5,0,0,0,0,0,0,2,0,0,0,0,2,0,2,0,0,0,0,36,33,0,0,0,0,0,0,0,0,0,0,0,33,0,0,0,0,0,0,3,0,0,0,0,3,0,3,0,0,0,0
"G1801630","2010","IN","2","3","Indiana","18","Vanderburgh County","163",,,,,,,,,,,,,,,"21780","99999","999",,,,,,,,,,,,,,,,,"604697995","7393314","Vanderburgh County","A","+38.0200703","-087.5861659","06","1",,179703,86671,1206,1150,1191,1203,1143,1173,1180,1129,1111,1131,1164,1097,1050,1043,1070,1079,1076,1157,1246,1579,1552,1485,1414,1323,1331,1280,1299,1249,1324,1274,1197,1133,1147,1039,1004,1010,997,1035,1053,1078,1054,1048,1024,996,1067,1145,1219,1255,1281,1350,1389,1308,1329,1414,1297,1301,1280,1196,1139,1047,1023,1045,911,916,684,717,690,671,614,590,505,541,516,444,443,465,384,377,345,356,396,363,314,294,309,248,247,172,134,120,76,59,50,38,25,17,9,6,8,6,2,0,0,93032,1118,1162,1155,1196,1115,1101,1081,1070,1049,1101,1072,1012,1040,1045,1077,1041,1099,1009,1368,2022,1735,1760,1591,1419,1364,1254,1251,1244,1225,1263,1211,1157,1094,1045,1016,1012,968,991,1039,1125,1066,1027,1009,1088,1105,1180,1275,1312,1291,1424,1393,1328,1446,1420,1304,1342,1285,1235,1187,1106,1097,1120,1023,1087,840,760,769,815,717,682,692,668,677,624,601,565,551,607,551,562,586,553,550,498,441,429,401,340,373,270,239,196,151,132,106,78,50,35,29,15,31,1,0,172172,83344,5855,5711,5403,3281,2086,1164,1208,3780,6227,5389,5034,5052,6062,6569,5841,2028,2477,1388,1839,2396,1866,1595,1093,88828,5709,5378,5234,3138,2157,1188,1414,4083,6151,5431,5084,5237,6400,6820,6094,2186,2902,1498,2157,3164,2690,2407,2306,7531,3327,103,34,1,0,0,0,1,0,0,33,0,15,18,0,0,0,0,0,0,0,69,2,0,0,0,67,51,0,0,0,0,16,2850,779,579,0,0,0,579,0,0,3,0,0,3,106,91,91,0,0,0,0,2071,1534,0,0,0,537,237,53,14,0,3,230,374,340,2,0,0,0,2,0,0,0,0,0,0,324,14,14,0,0,0,0,34,0,0,0,0,34,6,4,0,0,0,24,4204,84,14,0,0,0,0,0,0,0,14,2,11,1,0,0,0,0,0,0,0,70,2,0,0,0,68,60,0,0,0,0,8,2997,281,109,0,0,0,109,0,0,3,3,0,0,121,48,48,0,0,0,0,2716,2348,0,0,0,368,141,63,20,0,5,139,1123,958,0,0,0,0,0,0,0,0,0,0,0,946,12,10,0,2,0,0,165,0,0,0,0,165,9,5,0,0,7,144
"G1801650","2010","IN","2","3","Indiana","18","Vermillion County","165",,,,,,,,,,,,,,,"45460","99999","999",,,,,,,,,,,,,,,,,"665311750","7904759","Vermillion County","A","+39.8540452","-087.4620713","06","1",,16212,8021,93,87,103,97,121,126,102,114,110,109,136,119,120,115,114,100,124,127,133,78,79,66,88,96,79,82,71,59,89,95,95,82,92,84,96,93,101,99,118,116,107,106,99,106,97,116,103,108,113,122,140,103,125,124,120,135,121,118,119,117,128,107,102,132,82,98,92,102,67,82,65,66,46,51,47,45,36,59,33,33,28,29,24,31,28,13,19,12,14,12,8,9,4,1,5,1,1,2,0,0,0,0,0,8191,77,68,84,66,97,81,98,121,80,98,126,94,114,103,111,93,110,106,91,82,74,74,85,75,66,67,84,80,92,76,99,86,96,97,87,94,92,105,108,135,120,110,81,107,98,125,104,124,133,130,138,104,115,128,129,132,135,124,130,111,110,117,131,126,84,103,80,81,72,66,86,67,67,73,76,59,68,52,48,56,45,55,56,48,42,37,44,25,31,31,22,31,17,12,7,6,4,1,3,0,2,0,0,16003,7969,501,561,604,351,211,79,66,263,396,447,526,513,561,612,607,235,315,189,247,266,201,131,87,8034,392,478,548,309,173,74,74,226,399,465,533,515,616,613,628,226,338,182,217,361,264,214,189,209,52,0,0,0,0,0,0,0,0,0,0,0,0,0,0,0,0,0,0,0,0,0,0,0,0,0,0,0,0,0,0,0,0,10,4,0,0,0,0,0,0,0,0,0,0,0,4,0,0,0,0,0,0,6,0,0,0,0,6,0,6,0,0,0,0,42,42,0,0,0,0,0,0,0,0,0,0,0,42,0,0,0,0,0,0,0,0,0,0,0,0,0,0,0,0,0,0,157,0,0,0,0,0,0,0,0,0,0,0,0,0,0,0,0,0,0,0,0,0,0,0,0,0,0,0,0,0,0,0,0,11,11,0,0,0,0,0,0,0,0,0,0,0,11,0,0,0,0,0,0,0,0,0,0,0,0,0,0,0,0,0,0,146,146,0,0,0,0,0,0,0,0,0,0,0,146,0,0,0,0,0,0,0,0,0,0,0,0,0,0,0,0,0,0
"G1801670","2010","IN","2","3","Indiana","18","Vigo County","167",,,,,,,,,,,,,,,"45460","99999","999",,,,,,,,,,,,,,,,,"1044574633","18486867","Vigo County","A","+39.4291426","-087.3903754","06","1",,107848,54545,621,663,676,627,622,644,646,650,705,682,658,669,613,668,627,658,708,729,882,1452,1403,1259,1246,964,895,863,839,788,762,805,834,708,766,719,670,700,667,718,742,781,688,735,699,720,708,758,785,727,724,727,716,791,796,793,777,735,751,654,684,625,623,575,603,588,408,437,417,384,380,370,310,298,286,263,224,227,224,189,198,179,176,166,152,154,144,123,116,80,105,66,44,28,24,25,13,7,4,9,0,0,4,0,0,53303,603,607,628,634,624,632,648,569,612,558,621,658,586,630,598,641,646,688,868,1312,1260,1234,934,824,780,721,690,724,635,667,693,565,598,575,575,594,539,620,631,682,626,589,612,597,637,696,700,660,731,668,767,725,783,725,718,754,673,724,719,628,667,618,613,623,461,506,464,472,470,390,417,362,375,304,347,315,252,293,322,301,326,323,302,278,292,241,218,198,170,161,133,104,86,65,52,33,32,31,20,11,19,0,0,98303,48089,3207,3310,3205,2054,1332,813,831,2569,3414,2923,2946,3054,3319,3557,3259,1152,1542,824,1096,1335,993,760,594,50214,3087,3004,3076,1952,1267,719,848,2282,3351,2977,3030,3035,3431,3693,3473,1273,1683,952,1304,1761,1393,1359,1264,9545,6456,90,59,0,0,0,0,0,0,0,59,5,54,0,0,0,0,0,0,0,0,31,7,0,0,0,24,4,0,0,0,0,20,6142,3487,3446,0,3170,0,276,0,0,4,0,4,0,37,0,0,0,0,0,0,2655,2448,0,0,0,207,73,48,8,0,2,76,224,208,87,0,87,0,0,0,0,0,0,0,0,121,0,0,0,0,0,0,16,0,0,0,0,16,0,2,0,0,8,6,3089,64,33,0,0,0,0,0,0,0,33,11,22,0,0,0,0,0,0,0,0,31,2,0,0,0,29,7,0,0,0,1,21,2373,77,36,0,3,0,33,0,0,3,3,0,0,38,0,0,0,0,0,0,2296,2136,0,0,0,160,26,56,0,0,0,78,652,530,0,0,0,0,0,0,0,0,0,0,0,530,0,0,0,0,0,0,122,0,0,0,0,122,0,4,0,0,35,83
"G1801690","2010","IN","2","3","Indiana","18","Wabash County","169",,,,,,,,,,,,,,,"47340","99999","999",,,,,,,,,,,,,,,,,"1068200229","22122011","Wabash County","A","+40.8437166","-085.7951745","06","2",,32888,15974,162,177,202,189,225,195,188,200,187,215,228,199,220,212,276,250,219,265,253,328,283,234,242,160,171,161,151,165,171,162,195,167,194,167,158,169,168,179,225,194,202,201,189,186,200,234,196,210,231,271,226,233,268,244,223,285,205,210,202,195,207,208,191,208,150,165,167,157,159,124,144,125,121,110,110,99,98,89,76,80,91,65,72,60,61,45,38,41,41,35,25,29,19,17,9,7,4,5,1,0,4,0,0,16914,178,220,190,196,185,151,194,216,174,216,208,198,194,199,235,229,247,220,245,301,276,256,204,182,160,165,159,169,166,168,166,157,159,188,154,201,159,191,180,201,201,181,201,191,226,233,226,223,233,272,259,230,238,241,255,222,252,240,241,201,211,199,237,216,169,172,211,162,159,144,139,142,128,137,150,132,140,140,120,117,104,119,112,117,111,100,98,89,78,51,62,60,38,29,19,22,23,7,10,7,9,1,0,31049,15116,951,979,1107,657,375,190,156,503,773,858,914,950,1128,1189,1088,414,543,331,433,587,421,318,251,15933,965,950,1023,644,344,153,192,505,806,815,919,987,1168,1216,1150,409,616,380,458,672,612,471,478,1839,858,115,107,1,0,0,0,1,0,0,106,0,0,106,0,0,0,0,0,0,0,8,0,0,0,0,8,0,0,0,0,8,0,591,147,86,0,0,0,86,0,0,8,0,0,8,53,0,0,0,0,0,0,444,408,0,0,0,36,0,10,0,0,26,0,152,147,0,0,0,0,0,0,0,0,0,0,0,147,0,0,0,0,0,0,5,0,0,0,0,5,0,5,0,0,0,0,981,68,62,0,0,0,0,0,0,0,62,0,0,62,0,0,0,0,0,0,0,6,0,0,0,0,6,0,0,0,0,6,0,525,77,22,0,0,0,22,0,0,6,0,0,6,49,0,0,0,0,0,0,448,408,0,0,0,40,0,14,0,0,26,0,388,386,0,0,0,0,0,0,0,0,0,0,0,386,0,0,0,0,0,0,2,0,0,0,0,2,0,0,0,0,2,0
"G1801710","2010","IN","2","3","Indiana","18","Warren County","171",,,,,,,,,,,,,,,"99999","99999","999",,,,,,,,,,,,,,,,,"944520687","4466123","Warren County","A","+40.3526584","-087.3758466","06","9",,8508,4269,59,53,52,54,46,47,50,54,60,66,69,63,57,56,55,64,61,70,60,46,48,48,33,42,44,48,37,53,35,32,57,32,35,57,35,44,45,50,56,64,67,54,56,49,67,69,78,72,77,76,77,76,82,66,56,66,65,59,60,63,53,56,68,47,48,44,34,50,40,40,34,40,39,30,31,25,21,26,27,13,21,24,11,12,11,10,11,9,8,5,3,0,2,1,1,2,0,0,0,0,0,0,0,4239,39,49,45,58,38,60,61,46,55,51,49,61,50,50,45,56,77,70,64,33,35,40,36,41,43,39,40,44,40,51,39,35,48,56,41,38,52,38,61,56,63,59,52,72,56,64,62,61,62,68,60,70,69,68,76,61,56,71,53,68,54,55,52,43,47,57,61,52,49,38,41,30,46,32,27,27,32,30,21,27,15,21,23,22,13,14,21,23,20,8,7,9,5,3,5,1,2,1,2,0,2,0,0,8424,4235,264,277,300,195,106,47,46,115,203,214,254,290,369,357,313,107,162,77,130,174,112,76,47,4189,229,273,255,203,97,35,40,120,212,218,244,302,317,343,308,108,142,116,136,174,129,85,103,84,34,0,0,0,0,0,0,0,0,0,0,0,0,0,0,0,0,0,0,0,0,0,0,0,0,0,0,0,0,0,0,0,0,25,25,23,0,0,0,23,0,0,0,0,0,0,2,0,0,0,0,0,0,0,0,0,0,0,0,0,0,0,0,0,0,9,9,0,0,0,0,0,0,0,0,0,0,0,9,0,0,0,0,0,0,0,0,0,0,0,0,0,0,0,0,0,0,50,0,0,0,0,0,0,0,0,0,0,0,0,0,0,0,0,0,0,0,0,0,0,0,0,0,0,0,0,0,0,0,0,6,6,3,0,0,0,3,0,0,0,0,0,0,3,0,0,0,0,0,0,0,0,0,0,0,0,0,0,0,0,0,0,44,44,0,0,0,0,0,0,0,0,0,0,0,44,0,0,0,0,0,0,0,0,0,0,0,0,0,0,0,0,0,0
"G1801730","2010","IN","2","3","Indiana","18","Warrick County","173",,,,,,,,,,,,,,,"21780","99999","999",,,,,,,,,,,,,,,,,"996667397","16155828","Warrick County","A","+38.0977639","-087.2720225","06","1",,59689,29402,379,422,384,409,372,439,461,412,463,494,490,451,530,462,486,492,475,446,457,293,291,242,241,265,281,241,292,294,304,322,342,340,340,347,362,301,379,404,448,458,428,416,404,384,403,470,452,438,438,481,518,443,475,472,437,454,406,392,430,375,399,425,358,402,280,284,272,317,275,219,210,188,195,151,150,132,126,121,95,106,86,88,84,61,54,53,51,37,43,30,18,18,17,9,8,3,1,0,4,4,1,0,0,30287,336,355,385,388,391,403,413,397,427,457,430,415,426,439,433,388,440,441,396,261,247,217,298,262,294,305,302,322,330,337,358,351,369,357,381,398,366,391,429,435,436,400,378,373,480,486,450,457,516,519,515,504,517,456,484,460,476,439,380,372,431,392,426,403,320,314,282,304,281,228,203,216,196,169,159,141,143,160,154,142,136,150,123,106,129,89,82,85,79,71,66,54,46,36,40,21,14,6,7,7,8,0,0,58963,29158,1966,2269,2418,1412,746,288,239,779,1433,1719,1978,2022,2272,2334,2054,822,1039,552,797,882,561,348,228,29805,1855,2097,2142,1267,657,247,216,854,1595,1808,2013,2067,2428,2466,2122,815,1144,594,801,915,695,543,464,726,244,2,2,0,0,0,0,0,0,0,2,2,0,0,0,0,0,0,0,0,0,0,0,0,0,0,0,0,0,0,0,0,0,99,63,58,0,0,0,58,0,0,0,0,0,0,5,0,0,0,0,0,0,36,0,0,0,0,36,0,36,0,0,0,0,143,139,0,0,0,0,0,0,0,0,0,0,0,139,0,0,0,0,0,0,4,0,0,0,0,4,0,4,0,0,0,0,482,3,1,0,0,0,0,0,0,0,1,1,0,0,0,0,0,0,0,0,0,2,0,0,0,0,2,0,0,0,0,2,0,44,25,6,0,0,0,6,0,0,0,0,0,0,19,0,0,0,0,0,0,19,0,0,0,0,19,0,17,0,0,2,0,435,435,0,0,0,0,0,0,0,0,0,0,0,435,0,0,0,0,0,0,0,0,0,0,0,0,0,0,0,0,0,0
"G1801750","2010","IN","2","3","Indiana","18","Washington County","175",,,,,,,,,,,,,,,"31140","99999","350",,,,,,,,,,,,,,,,,"1330542331","7444213","Washington County","A","+38.6006125","-086.1047514","06","1",,28262,14113,148,167,160,193,200,206,191,202,213,210,192,207,231,227,247,220,226,228,202,177,160,159,149,142,153,125,142,165,144,165,159,164,165,189,183,185,173,181,184,226,183,184,201,195,224,231,235,224,236,209,247,201,206,232,210,233,196,190,178,183,171,169,149,183,107,129,156,122,125,114,109,95,96,81,76,77,71,66,48,53,50,45,39,41,25,23,37,18,17,11,20,7,11,3,4,4,1,1,0,0,1,0,0,14149,174,157,164,160,173,204,197,194,215,195,206,205,183,218,225,196,195,197,210,155,153,133,175,153,135,144,133,145,159,173,180,179,178,158,169,166,168,184,195,200,174,193,200,215,182,198,233,219,230,227,228,239,222,218,197,222,165,185,187,163,195,175,185,184,159,105,125,126,124,126,131,102,97,78,79,85,81,80,78,70,61,49,64,60,51,51,51,26,24,31,25,17,13,13,5,7,1,4,4,1,6,0,0,28001,13976,868,1022,1104,674,377,158,156,437,726,850,942,979,1124,1084,979,333,435,281,358,450,300,190,149,14025,828,1005,1037,588,365,152,133,459,752,862,911,961,1101,1100,917,369,528,226,371,485,376,272,227,261,137,0,0,0,0,0,0,0,0,0,0,0,0,0,0,0,0,0,0,0,0,0,0,0,0,0,0,0,0,0,0,0,0,89,83,65,0,0,0,65,0,0,0,0,0,0,18,0,0,0,0,0,0,6,0,0,0,0,6,1,5,0,0,0,0,48,44,0,0,0,0,0,0,0,0,0,0,0,44,0,0,0,0,0,0,4,0,0,0,0,4,0,3,0,0,0,1,124,0,0,0,0,0,0,0,0,0,0,0,0,0,0,0,0,0,0,0,0,0,0,0,0,0,0,0,0,0,0,0,0,30,24,12,0,0,0,12,0,0,0,0,0,0,12,0,0,0,0,0,0,6,0,0,0,0,6,0,6,0,0,0,0,94,87,0,0,0,0,0,0,0,0,0,0,0,87,0,0,0,0,0,0,7,0,0,0,0,7,0,0,0,0,0,7
"G1801770","2010","IN","2","3","Indiana","18","Wayne County","177",,,,,,,,,,,,,,,"39980","99999","999",,,,,,,,,,,,,,,,,"1040502885","6736566","Wayne County","A","+39.8630908","-085.0067352","06","2",,68917,33463,452,439,445,440,450,478,415,406,448,420,477,459,471,418,490,457,492,539,502,506,501,488,449,395,359,382,379,359,375,400,425,416,402,368,421,423,389,376,412,451,482,426,398,430,427,505,489,503,478,500,522,502,542,473,501,486,459,438,433,399,440,421,408,413,282,337,313,314,282,292,256,251,248,189,226,180,171,160,159,147,170,153,143,145,129,96,78,60,53,48,24,29,18,25,13,5,9,5,2,1,1,0,0,35454,426,412,428,422,457,440,445,423,395,430,437,468,368,413,409,414,439,461,506,490,442,483,454,454,402,411,360,348,416,436,439,392,379,343,378,396,405,401,431,485,455,438,442,451,444,505,512,499,511,554,514,475,490,510,518,502,514,489,468,447,448,455,472,488,318,347,372,389,344,319,309,302,278,246,281,252,252,241,212,234,226,226,196,240,212,169,143,124,137,113,98,60,63,69,52,25,22,13,12,8,10,1,0,66303,32181,2226,2166,2304,1422,840,379,385,1074,1803,1956,1999,2103,2418,2480,2180,855,1088,644,876,1142,778,675,388,34122,2145,2131,2092,1285,790,316,376,1202,1931,1913,2098,2200,2547,2475,2401,895,1266,707,1033,1385,1113,980,841,2614,1282,78,53,0,0,0,0,0,0,0,48,0,48,0,0,5,5,0,0,0,0,25,0,0,0,0,25,0,0,0,0,19,6,975,434,241,0,0,0,241,0,0,5,0,5,0,21,167,167,0,0,0,0,541,419,0,0,0,122,30,34,16,0,15,27,229,222,0,0,0,0,0,0,0,0,0,0,0,216,6,6,0,0,0,0,7,0,0,0,0,7,0,5,0,0,0,2,1332,34,0,0,0,0,0,0,0,0,0,0,0,0,0,0,0,0,0,0,0,34,0,0,0,0,34,0,0,0,0,29,5,760,184,58,0,0,0,52,6,0,0,0,0,0,22,104,104,0,0,0,0,576,510,0,0,0,66,5,30,11,0,6,14,538,528,0,0,0,0,0,0,0,0,0,0,0,525,3,3,0,0,0,0,10,0,0,0,0,10,0,8,0,0,2,0
"G1801790","2010","IN","2","3","Indiana","18","Wells County","179",,,,,,,,,,,,,,,"23060","99999","258",,,,,,,,,,,,,,,,,"953341217","5596420","Wells County","A","+40.7352727","-085.2129742","06","1",,27636,13602,161,189,174,191,197,180,202,191,196,182,168,203,216,209,208,212,232,253,180,160,144,152,167,143,171,146,160,153,167,181,174,156,134,139,159,149,151,153,148,195,158,160,164,179,163,202,214,195,223,210,230,243,228,226,210,225,176,202,160,183,173,159,157,154,131,133,134,124,102,105,90,93,100,84,66,73,64,64,55,80,56,51,63,55,30,53,31,26,26,18,8,10,11,11,4,2,5,3,1,0,0,0,0,14034,164,201,164,184,185,180,212,160,164,184,161,168,206,203,195,200,208,196,212,140,168,118,134,149,152,127,152,191,141,160,168,147,163,147,149,127,140,153,157,190,177,172,162,162,176,208,228,212,209,228,211,258,217,221,204,198,201,186,189,182,193,159,166,163,123,113,129,141,136,140,86,117,118,103,89,102,74,87,91,92,86,90,81,79,86,70,64,58,42,48,49,31,16,24,16,18,6,9,3,9,5,1,0,27164,13393,912,951,1004,694,332,137,148,466,785,747,787,814,1036,1118,936,331,441,263,327,424,323,239,178,13771,898,900,933,604,349,167,117,433,767,773,765,846,1084,1107,953,349,446,241,405,494,418,380,342,472,209,3,3,0,0,0,0,0,0,0,3,3,0,0,0,0,0,0,0,0,0,0,0,0,0,0,0,0,0,0,0,0,0,129,119,96,0,0,0,96,0,0,0,0,0,0,23,0,0,0,0,0,0,10,0,0,0,0,10,0,10,0,0,0,0,77,77,0,0,0,0,0,0,0,0,0,0,0,77,0,0,0,0,0,0,0,0,0,0,0,0,0,0,0,0,0,0,263,0,0,0,0,0,0,0,0,0,0,0,0,0,0,0,0,0,0,0,0,0,0,0,0,0,0,0,0,0,0,0,0,34,23,8,0,0,0,8,0,0,1,1,0,0,14,0,0,0,0,0,0,11,0,0,0,0,11,0,5,6,0,0,0,229,227,0,0,0,0,0,0,0,0,0,0,0,227,0,0,0,0,0,0,2,0,0,0,0,2,0,2,0,0,0,0
"G1801810","2010","IN","2","3","Indiana","18","White County","181",,,,,,,,,,,,,,,"99999","99999","999",,,,,,,,,,,,,,,,,"1308266686","9206237","White County","A","+40.7509496","-086.8642934","06","9",,24643,12120,147,138,148,142,163,174,159,171,165,154,181,171,186,172,187,197,175,190,183,125,118,117,120,105,115,98,113,120,119,136,138,137,145,151,119,135,138,155,168,186,178,157,138,155,134,179,178,175,184,217,190,181,183,191,189,185,164,175,180,166,181,170,167,163,119,164,116,102,110,93,109,89,98,95,99,79,61,75,89,58,62,61,36,49,35,37,32,29,18,11,15,13,9,2,3,3,4,0,2,1,0,1,0,12523,152,163,139,153,134,144,166,174,191,174,179,165,170,156,164,190,158,168,179,93,125,104,108,115,116,105,98,123,112,155,123,123,145,128,143,140,121,139,159,155,163,151,158,140,159,177,203,180,185,198,183,186,205,202,192,194,193,171,172,181,170,161,156,181,143,140,137,126,125,98,129,103,104,108,103,93,86,83,86,93,94,68,63,75,78,51,64,45,45,39,28,24,27,11,9,6,8,2,4,2,13,0,0,24336,11962,738,823,897,562,298,110,112,322,572,683,767,750,925,928,864,350,447,278,299,484,354,236,163,12374,741,849,834,516,272,123,104,338,588,661,711,769,940,961,908,329,476,275,346,540,429,354,310,307,158,0,0,0,0,0,0,0,0,0,0,0,0,0,0,0,0,0,0,0,0,0,0,0,0,0,0,0,0,0,0,0,0,112,104,96,0,0,0,96,0,0,0,0,0,0,8,0,0,0,0,0,0,8,0,0,0,0,8,0,8,0,0,0,0,46,43,0,0,0,0,0,0,0,0,0,0,0,43,0,0,0,0,0,0,3,0,0,0,0,3,0,3,0,0,0,0,149,0,0,0,0,0,0,0,0,0,0,0,0,0,0,0,0,0,0,0,0,0,0,0,0,0,0,0,0,0,0,0,0,33,21,10,0,0,0,10,0,0,0,0,0,0,11,0,0,0,0,0,0,12,0,0,0,0,12,0,12,0,0,0,0,116,114,0,0,0,0,0,0,0,0,0,0,0,114,0,0,0,0,0,0,2,0,0,0,0,2,0,2,0,0,0,0
"G1801830","2010","IN","2","3","Indiana","18","Whitley County","183",,,,,,,,,,,,,,,"23060","99999","258",,,,,,,,,,,,,,,,,"869120901","6073420","Whitley County","A","+41.1364261","-085.5018918","06","1",,33292,16553,219,224,203,210,233,208,260,244,254,230,230,235,233,233,239,246,268,244,235,183,189,173,180,198,190,176,189,179,195,186,182,191,207,195,194,224,203,219,239,214,242,199,214,189,222,231,225,262,243,308,263,292,283,287,280,281,239,270,228,228,215,221,226,227,149,161,150,129,112,115,94,115,95,103,74,83,67,75,80,63,61,61,51,54,47,33,24,27,26,20,19,9,8,4,8,2,1,1,1,2,0,0,0,16739,198,188,203,214,192,210,203,224,212,197,247,223,231,239,258,242,248,241,206,159,166,163,174,175,182,164,165,177,186,175,185,187,194,204,176,202,197,193,214,237,217,228,197,215,231,252,238,248,243,301,302,276,277,284,243,267,245,260,252,205,234,220,208,197,174,151,149,169,125,125,114,133,105,99,111,78,97,101,96,100,101,79,103,98,68,55,66,63,61,53,33,30,18,30,14,13,8,11,9,3,5,0,0,32856,16330,1089,1196,1169,755,413,186,168,545,894,945,1074,1044,1257,1396,1236,435,601,310,354,474,357,263,169,16526,995,1046,1198,731,365,166,162,527,861,936,1035,1082,1277,1376,1225,454,578,299,417,553,454,411,378,436,223,4,3,3,0,0,0,2,1,0,0,0,0,0,0,0,0,0,0,0,0,1,0,0,0,0,1,1,0,0,0,0,0,171,147,141,0,0,0,92,49,0,0,0,0,0,6,0,0,0,0,0,0,24,0,0,0,0,24,1,23,0,0,0,0,48,42,0,0,0,0,0,0,0,0,0,0,0,42,0,0,0,0,0,0,6,0,0,0,0,6,0,6,0,0,0,0,213,0,0,0,0,0,0,0,0,0,0,0,0,0,0,0,0,0,0,0,0,0,0,0,0,0,0,0,0,0,0,0,0,51,30,26,0,0,0,18,8,0,0,0,0,0,4,0,0,0,0,0,0,21,0,0,0,0,21,2,19,0,0,0,0,162,160,0,0,0,0,0,0,0,0,0,0,0,160,0,0,0,0,0,0,2,0,0,0,0,2,0,2,0,0,0,0
"G1900010","2010","IA","2","4","Iowa","19","Adair County","001",,,,,,,,,,,,,,,"99999","99999","999",,,,,,,,,,,,,,,,,"1474404167","2597997","Adair County","A","+41.3285283","-094.4781643","06","9",,7682,3807,44,41,48,48,52,50,48,48,62,41,40,57,36,50,42,60,69,54,46,38,36,48,21,40,52,38,34,33,40,33,53,48,44,31,20,40,33,42,45,40,43,32,46,47,49,59,48,59,64,66,71,70,55,76,60,65,58,55,71,50,41,49,45,49,42,38,38,37,29,27,31,44,31,29,33,29,27,21,38,30,26,19,19,20,12,19,18,11,6,19,10,4,6,3,6,6,0,2,1,1,2,0,0,3875,40,30,38,45,63,48,44,49,53,46,39,52,59,45,43,47,49,45,29,17,27,32,18,42,24,40,40,36,57,43,39,38,37,47,43,36,36,27,31,44,37,45,43,42,57,48,55,49,81,74,61,60,59,63,55,45,56,56,50,40,61,42,52,38,36,45,32,49,43,41,43,37,39,36,43,31,33,34,40,37,28,27,30,23,28,33,35,18,19,20,25,14,17,12,13,8,3,5,6,2,3,0,0,7531,3765,233,249,225,183,84,36,48,113,178,196,200,217,293,332,299,90,136,75,92,165,141,92,88,3766,216,240,238,141,46,27,32,84,216,204,174,224,307,298,247,103,126,77,127,195,170,119,155,151,42,0,0,0,0,0,0,0,0,0,0,0,0,0,0,0,0,0,0,0,0,0,0,0,0,0,0,0,0,0,0,0,0,3,3,1,0,0,0,1,0,0,0,0,0,0,2,0,0,0,0,0,0,0,0,0,0,0,0,0,0,0,0,0,0,39,39,0,0,0,0,0,0,0,0,0,0,0,39,0,0,0,0,0,0,0,0,0,0,0,0,0,0,0,0,0,0,109,0,0,0,0,0,0,0,0,0,0,0,0,0,0,0,0,0,0,0,0,0,0,0,0,0,0,0,0,0,0,0,0,0,0,0,0,0,0,0,0,0,0,0,0,0,0,0,0,0,0,0,0,0,0,0,0,0,0,0,0,0,0,0,0,109,109,0,0,0,0,0,0,0,0,0,0,0,109,0,0,0,0,0,0,0,0,0,0,0,0,0,0,0,0,0,0
"G1900030","2010","IA","2","4","Iowa","19","Adams County","003",,,,,,,,,,,,,,,"99999","99999","999",,,,,,,,,,,,,,,,,"1096700733","5353423","Adams County","A","+41.0216555","-094.6969059","06","9",,4029,1994,30,25,20,23,24,16,28,21,23,27,25,34,13,31,21,17,23,28,29,15,21,26,11,19,17,19,17,28,27,23,16,18,17,18,12,20,23,24,25,22,21,16,19,24,23,19,25,35,35,42,41,44,37,31,37,29,26,25,28,31,26,28,35,29,23,19,16,22,31,20,22,24,20,17,10,13,15,20,8,19,20,11,15,12,9,7,5,11,6,3,4,4,2,2,0,1,0,0,1,0,0,0,0,2035,14,19,25,28,26,23,18,19,19,15,22,21,23,21,31,32,34,30,27,21,17,18,20,14,18,17,24,21,11,18,29,17,21,19,18,16,15,13,15,18,25,22,15,25,23,38,31,34,29,42,41,34,40,30,28,30,25,37,19,23,28,30,33,33,22,22,23,25,30,19,21,17,21,20,24,16,21,17,17,17,14,14,11,12,10,18,8,13,11,9,8,11,1,6,8,0,2,2,2,0,1,0,0,3915,1937,122,115,124,68,42,20,26,47,106,76,111,100,152,188,138,53,82,33,72,89,73,59,41,1978,112,94,118,96,47,17,18,52,87,104,77,106,172,170,128,57,85,44,72,98,85,57,82,114,57,0,0,0,0,0,0,0,0,0,0,0,0,0,0,0,0,0,0,0,0,0,0,0,0,0,0,0,0,0,0,0,0,35,5,2,0,0,0,2,0,0,0,0,0,0,3,0,0,0,0,0,0,30,0,0,0,0,30,0,12,18,0,0,0,22,16,0,0,0,0,0,0,0,0,0,0,0,16,0,0,0,0,0,0,6,0,0,0,0,6,0,0,6,0,0,0,57,0,0,0,0,0,0,0,0,0,0,0,0,0,0,0,0,0,0,0,0,0,0,0,0,0,0,0,0,0,0,0,0,24,2,2,0,0,0,2,0,0,0,0,0,0,0,0,0,0,0,0,0,22,0,0,0,0,22,0,12,10,0,0,0,33,26,0,0,0,0,0,0,0,0,0,0,0,26,0,0,0,0,0,0,7,0,0,0,0,7,0,0,7,0,0,0
"G1900050","2010","IA","2","4","Iowa","19","Allamakee County","005",,,,,,,,,,,,,,,"99999","99999","999",,,,,,,,,,,,,,,,,"1655214493","50995230","Allamakee County","A","+43.2749637","-091.3827510","06","9",,14330,7310,99,101,97,118,104,94,95,92,90,87,78,91,95,93,85,86,103,115,110,57,83,80,83,82,77,76,80,76,79,85,84,82,52,65,72,90,64,72,81,90,85,72,98,88,83,94,114,93,105,128,138,101,122,109,104,116,112,112,92,109,115,108,102,88,77,80,85,80,94,68,71,76,52,56,59,62,52,49,48,45,36,45,36,44,22,20,19,17,22,16,10,10,7,5,6,4,2,0,3,1,0,0,0,7020,86,84,80,98,78,84,91,92,81,88,100,77,87,73,103,94,95,96,105,59,52,56,54,76,56,58,81,63,53,81,59,84,68,71,73,61,56,71,68,64,85,70,80,80,93,86,98,108,121,98,121,117,100,93,122,93,126,112,106,100,94,104,93,86,77,84,73,80,71,79,68,62,83,52,58,63,43,51,48,54,48,48,53,49,49,43,31,32,36,20,27,15,21,14,7,8,9,8,7,2,5,0,0,13998,7151,519,458,442,304,167,79,76,227,386,342,386,419,531,571,534,220,263,162,236,308,243,162,116,6847,426,436,440,285,164,52,56,186,336,354,319,407,509,550,532,196,253,154,225,315,244,217,191,332,159,0,0,0,0,0,0,0,0,0,0,0,0,0,0,0,0,0,0,0,0,0,0,0,0,0,0,0,0,0,0,0,0,84,76,66,0,0,61,5,0,0,0,0,0,0,10,0,0,0,0,0,0,8,0,0,0,0,8,0,8,0,0,0,0,75,75,0,0,0,0,0,0,0,0,0,0,0,75,0,0,0,0,0,0,0,0,0,0,0,0,0,0,0,0,0,0,173,0,0,0,0,0,0,0,0,0,0,0,0,0,0,0,0,0,0,0,0,0,0,0,0,0,0,0,0,0,0,0,0,18,13,0,0,0,0,0,0,0,0,0,0,0,13,0,0,0,0,0,0,5,0,0,0,0,5,0,5,0,0,0,0,155,154,0,0,0,0,0,0,0,0,0,0,0,154,0,0,0,0,0,0,1,0,0,0,0,1,0,0,0,0,0,1
"G1900070","2010","IA","2","4","Iowa","19","Appanoose County","007",,,,,,,,,,,,,,,"99999","99999","999",,,,,,,,,,,,,,,,,"1287981483","49083877","Appanoose County","A","+40.7446826","-092.8703450","06","9",,12887,6271,80,95,89,86,87,63,102,66,88,82,81,66,71,87,73,92,80,90,102,59,76,56,59,54,68,72,60,56,71,65,66,65,72,51,67,66,67,62,78,67,73,60,79,76,82,82,107,95,92,92,95,87,106,101,118,113,98,101,82,72,86,81,84,88,69,68,81,67,64,64,69,52,49,45,42,54,44,47,34,36,36,41,29,29,28,24,22,23,17,11,5,6,5,6,10,3,2,2,0,0,0,0,0,6616,65,88,78,69,74,99,75,80,77,73,85,80,70,71,83,76,83,90,69,81,73,66,60,67,67,52,73,59,69,92,67,61,59,65,64,63,61,82,69,75,69,73,68,60,78,96,88,90,102,108,93,96,94,105,106,81,91,96,94,81,81,121,95,95,68,77,65,65,87,52,67,64,64,47,71,55,55,57,63,63,39,51,47,42,47,50,39,24,42,36,17,24,11,15,14,13,4,1,2,4,1,2,0,12761,6225,437,401,378,262,160,76,55,177,324,318,339,370,464,502,465,167,240,148,194,256,210,154,128,6536,374,404,389,249,149,73,66,192,344,316,349,348,482,493,441,201,257,141,200,306,285,220,257,126,46,0,0,0,0,0,0,0,0,0,0,0,0,0,0,0,0,0,0,0,0,0,0,0,0,0,0,0,0,0,0,0,0,21,17,12,0,0,0,12,0,0,0,0,0,0,5,0,0,0,0,0,0,4,0,0,0,0,4,0,4,0,0,0,0,25,24,0,0,0,0,0,0,0,0,0,0,0,24,0,0,0,0,0,0,1,0,0,0,0,1,0,0,0,0,1,0,80,0,0,0,0,0,0,0,0,0,0,0,0,0,0,0,0,0,0,0,0,0,0,0,0,0,0,0,0,0,0,0,0,12,7,3,0,0,0,3,0,0,0,0,0,0,4,0,0,0,0,0,0,5,0,0,0,0,5,0,2,0,0,3,0,68,61,0,0,0,0,0,0,0,0,0,0,0,61,0,0,0,0,0,0,7,0,0,0,0,7,0,0,0,0,7,0
"G1900090","2010","IA","2","4","Iowa","19","Audubon County","009",,,,,,,,,,,,,,,"99999","99999","999",,,,,,,,,,,,,,,,,"1147264459","1152260","Audubon County","A","+41.6791780","-094.9043119","06","9",,6119,2957,33,39,28,33,36,26,30,39,31,28,37,39,35,49,37,44,48,46,39,26,15,18,15,29,26,19,25,32,24,40,28,22,39,30,31,29,25,18,30,25,36,38,39,48,30,40,49,61,47,46,61,50,52,46,53,59,52,31,47,46,46,34,48,36,25,39,36,30,29,26,37,23,43,29,24,29,24,16,16,14,20,21,25,16,23,20,12,7,7,6,9,6,2,1,1,0,1,1,0,0,1,0,0,3162,29,36,35,33,33,36,31,29,35,27,38,43,45,36,44,56,49,46,52,17,19,21,23,24,21,26,33,26,16,22,26,28,25,23,27,22,30,33,38,34,36,38,25,33,50,39,51,54,55,45,56,53,43,48,56,49,44,39,25,37,42,40,36,49,27,39,33,34,35,30,42,34,33,32,24,32,16,22,34,28,37,36,29,25,23,24,24,23,27,21,15,18,17,14,5,9,2,3,1,4,0,0,0,5983,2923,169,154,197,138,65,15,18,70,139,149,127,190,243,262,235,78,108,74,85,151,94,96,66,3060,166,158,206,151,69,19,21,68,123,129,157,181,244,254,192,82,112,70,96,163,125,135,139,136,34,0,0,0,0,0,0,0,0,0,0,0,0,0,0,0,0,0,0,0,0,0,0,0,0,0,0,0,0,0,0,0,0,6,6,3,0,0,0,3,0,0,0,0,0,0,3,0,0,0,0,0,0,0,0,0,0,0,0,0,0,0,0,0,0,28,28,0,0,0,0,0,0,0,0,0,0,0,28,0,0,0,0,0,0,0,0,0,0,0,0,0,0,0,0,0,0,102,0,0,0,0,0,0,0,0,0,0,0,0,0,0,0,0,0,0,0,0,0,0,0,0,0,0,0,0,0,0,0,0,5,5,0,0,0,0,0,0,0,0,0,0,0,5,0,0,0,0,0,0,0,0,0,0,0,0,0,0,0,0,0,0,97,97,0,0,0,0,0,0,0,0,0,0,0,97,0,0,0,0,0,0,0,0,0,0,0,0,0,0,0,0,0,0
"G1900110","2010","IA","2","4","Iowa","19","Benton County","011",,,,,,,,,,,,,,,"16300","99999","999",,,,,,,,,,,,,,,,,"1855117342","5760770","Benton County","A","+42.0925474","-092.0576300","06","1",,26076,13027,135,162,152,194,201,175,201,165,179,201,189,217,197,178,218,218,236,218,196,134,135,107,86,119,110,143,123,122,125,154,167,145,128,148,153,164,142,142,178,155,193,166,182,164,209,243,200,232,229,229,234,213,243,210,222,193,175,174,177,174,136,133,149,158,121,113,115,113,114,89,97,91,79,67,85,63,80,78,62,69,50,53,49,53,37,25,35,24,26,19,21,11,15,6,4,4,3,4,0,1,1,0,0,13049,173,166,134,156,172,185,207,176,185,177,179,180,190,166,168,185,209,202,154,112,96,87,97,119,129,112,124,115,138,158,145,157,154,157,151,143,154,150,172,175,171,200,184,195,231,211,197,228,231,225,223,190,228,195,172,178,163,149,150,164,155,133,151,144,113,135,136,108,115,106,85,90,83,91,81,94,91,83,68,76,80,66,76,66,58,70,60,54,41,46,40,35,29,28,23,12,9,4,12,3,5,0,0,25763,12906,844,921,997,668,320,130,100,307,659,738,780,914,1128,1116,889,268,426,226,316,411,345,226,177,12857,801,930,883,596,260,96,84,323,645,764,792,978,1091,1004,797,288,405,270,323,424,394,324,385,313,121,6,6,0,0,0,0,0,0,0,0,0,0,0,0,6,0,0,0,0,6,0,0,0,0,0,0,0,0,0,0,0,0,60,16,9,0,0,0,9,0,0,0,0,0,0,5,2,0,0,0,0,2,44,0,0,0,0,44,0,0,25,0,19,0,55,52,0,0,0,0,0,0,0,0,0,0,0,52,0,0,0,0,0,0,3,0,0,0,0,3,0,0,3,0,0,0,192,0,0,0,0,0,0,0,0,0,0,0,0,0,0,0,0,0,0,0,0,0,0,0,0,0,0,0,0,0,0,0,0,53,13,1,0,0,0,1,0,0,0,0,0,0,11,1,0,0,0,0,1,40,0,0,0,0,40,0,0,11,0,29,0,139,137,0,0,0,0,0,0,0,0,0,0,0,137,0,0,0,0,0,0,2,0,0,0,0,2,0,0,2,0,0,0
"G1900130","2010","IA","2","4","Iowa","19","Black Hawk County","013",,,,,,,,,,,,,,,"47940","99999","999",,,,,,,,,,,,,,,,,"1465333940","17900114","Black Hawk County","A","+42.4728884","-092.3060590","06","1",,131090,63708,841,882,831,874,856,821,860,766,725,745,767,750,799,768,747,730,815,822,993,1427,1565,1671,1457,1339,1212,1089,956,991,950,897,892,819,821,758,782,686,690,633,723,724,796,726,698,698,714,766,758,767,807,816,802,808,877,832,831,925,910,873,865,751,786,743,711,700,506,531,480,524,466,408,375,390,373,357,328,268,297,304,303,254,257,235,253,208,202,182,167,114,124,82,89,49,44,30,25,23,8,3,7,3,5,0,0,67382,844,840,884,821,785,793,795,773,813,732,737,723,770,782,707,741,771,786,1180,1874,1923,1929,1613,1168,1077,914,896,956,934,817,885,838,811,750,667,688,701,671,661,719,739,703,691,672,711,740,824,852,800,787,942,859,952,935,936,971,903,888,879,840,822,704,765,736,599,529,515,503,502,492,457,453,444,442,422,370,376,366,357,328,378,407,373,355,293,294,266,249,210,205,148,121,118,110,84,63,44,29,24,12,21,3,0,125123,61177,4270,3905,3820,2338,1633,1092,1439,3770,4794,4012,3411,3582,3846,4066,4265,1508,1885,996,1385,1785,1395,1113,867,63946,4169,3897,3710,2276,1668,1249,1645,3661,4463,3933,3416,3482,3979,4584,4444,1510,2077,1032,1476,2191,1748,1691,1645,5967,2531,66,16,0,0,0,0,0,0,0,16,6,0,10,0,0,0,0,0,0,0,50,1,0,0,0,49,6,4,0,0,0,39,2238,286,122,0,0,0,0,122,0,0,0,0,0,162,2,0,0,2,0,0,1952,1674,0,0,0,278,18,99,8,0,2,151,227,225,0,0,0,0,0,0,0,0,0,0,0,225,0,0,0,0,0,0,2,0,0,0,0,2,0,2,0,0,0,0,3436,45,14,0,0,0,0,0,0,0,14,1,0,13,0,0,0,0,0,0,0,31,4,0,0,0,27,2,0,0,0,0,25,2811,140,29,0,0,0,0,29,0,2,0,0,2,109,0,0,0,0,0,0,2671,2521,0,0,0,150,27,52,2,0,2,67,580,577,0,0,0,0,0,0,0,0,0,0,0,573,4,0,0,4,0,0,3,0,0,0,0,3,0,3,0,0,0,0
"G1900150","2010","IA","2","4","Iowa","19","Boone County","015",,,,,,,,,,,,,,,"14340","99999","112",,,,,,,,,,,,,,,,,"1480356844","5364798","Boone County","A","+42.0386005","-093.9391375","06","2",,26306,13202,130,150,175,192,175,169,159,203,142,162,177,198,209,198,208,252,271,231,163,155,150,129,135,122,166,172,141,153,179,159,182,148,165,157,144,161,127,144,172,175,155,151,173,158,156,202,185,183,216,168,240,223,229,203,188,203,217,196,236,145,201,161,148,175,108,99,118,113,88,105,93,101,98,72,97,78,74,62,62,66,52,64,58,39,36,38,29,26,23,20,20,16,15,6,3,5,2,1,0,1,2,0,0,13104,155,131,153,152,148,152,158,157,175,167,167,167,171,174,148,184,156,163,167,155,143,133,120,123,140,168,143,141,142,172,181,145,162,138,151,134,137,141,133,161,169,158,149,149,153,181,202,189,237,204,240,208,221,199,192,205,220,196,199,158,170,146,163,156,120,124,146,123,111,97,95,88,108,89,91,96,77,99,85,93,83,86,85,84,69,82,66,53,54,48,25,33,22,24,24,14,11,7,7,7,6,0,0,25538,12738,822,835,953,571,300,142,125,410,783,780,760,779,931,1059,986,352,426,214,299,454,337,239,181,12800,739,809,827,502,322,141,132,378,757,772,702,775,1004,1051,967,312,433,264,327,455,430,365,336,768,464,220,217,0,0,0,0,0,0,0,217,0,217,0,0,0,0,0,0,0,0,3,0,0,0,0,3,0,1,2,0,0,0,186,31,8,0,0,0,8,0,0,15,0,15,0,8,0,0,0,0,0,0,155,0,0,0,0,155,0,15,140,0,0,0,58,51,0,0,0,0,0,0,0,0,0,0,0,51,0,0,0,0,0,0,7,0,0,0,0,7,0,0,7,0,0,0,304,1,0,0,0,0,0,0,0,0,0,0,0,0,0,0,0,0,0,0,0,1,0,0,0,0,1,0,0,1,0,0,0,68,9,0,0,0,0,0,0,0,0,0,0,0,9,0,0,0,0,0,0,59,0,0,0,0,59,0,10,49,0,0,0,235,229,0,0,0,0,0,0,0,0,0,0,0,228,1,0,0,1,0,0,6,0,0,0,0,6,0,0,6,0,0,0
"G1900170","2010","IA","2","4","Iowa","19","Bremer County","017",,,,,,,,,,,,,,,"47940","99999","999",,,,,,,,,,,,,,,,,"1127880105","10171939","Bremer County","A","+42.7808902","-092.3275863","06","1",,24276,11869,132,138,150,160,144,149,145,154,145,159,169,128,132,162,174,167,195,202,215,275,270,243,228,131,127,124,116,142,110,110,154,120,130,148,122,132,122,138,131,137,131,163,158,133,139,139,156,172,144,162,174,160,169,160,177,161,169,166,156,150,149,152,145,162,100,131,104,106,121,111,101,94,86,79,89,64,68,67,69,60,65,52,45,46,30,39,30,22,18,33,15,13,12,14,3,2,2,0,1,0,0,0,0,12407,105,146,144,148,147,151,140,143,136,138,145,130,173,161,165,177,176,183,218,296,284,259,220,124,114,117,108,122,112,136,131,128,110,121,119,134,141,120,129,153,140,153,133,158,146,128,186,175,163,177,167,182,168,179,156,149,171,148,165,130,147,146,157,146,133,121,127,125,127,118,120,99,100,100,94,90,87,80,77,72,80,65,77,53,72,70,66,67,53,43,46,40,35,26,18,15,12,5,7,4,8,1,0,22558,11112,724,752,752,544,238,89,128,402,593,666,657,720,771,838,800,301,406,235,333,444,319,220,180,11446,690,708,765,503,202,95,125,393,589,608,675,730,829,851,762,291,436,247,365,504,386,327,365,1718,757,33,33,0,0,0,0,0,0,0,33,33,0,0,0,0,0,0,0,0,0,0,0,0,0,0,0,0,0,0,0,0,0,663,28,26,0,0,0,26,0,0,1,1,0,0,1,0,0,0,0,0,0,635,630,0,0,0,5,0,5,0,0,0,0,61,61,0,0,0,0,0,0,0,0,0,0,0,61,0,0,0,0,0,0,0,0,0,0,0,0,0,0,0,0,0,0,961,42,39,0,0,0,0,0,0,0,39,39,0,0,0,0,0,0,0,0,0,3,3,0,0,0,0,0,0,0,0,0,0,713,12,0,0,0,0,0,0,0,0,0,0,0,12,0,0,0,0,0,0,701,700,0,0,0,1,0,1,0,0,0,0,206,206,0,0,0,0,0,0,0,0,0,0,0,206,0,0,0,0,0,0,0,0,0,0,0,0,0,0,0,0,0,0
"G1900190","2010","IA","2","4","Iowa","19","Buchanan County","019",,,,,,,,,,,,,,,"99999","99999","999",,,,,,,,,,,,,,,,,"1478934897","5427652","Buchanan County","A","+42.4703284","-091.8386658","06","9",,20958,10401,146,156,154,140,171,149,169,158,202,167,188,152,172,166,144,163,158,168,142,90,109,107,115,106,110,116,111,124,153,103,144,124,112,105,105,142,109,111,132,109,136,117,113,121,133,158,139,141,169,166,162,166,161,153,153,149,161,115,135,135,151,129,123,109,100,74,97,97,106,70,86,71,78,77,64,63,59,41,47,34,38,37,42,25,32,34,39,23,18,14,11,7,4,3,4,3,2,1,1,0,2,0,0,10557,162,135,173,166,163,146,156,154,141,146,168,155,130,136,160,159,136,167,141,79,103,96,104,95,125,104,116,114,132,108,119,109,135,120,106,105,95,110,127,127,131,124,125,160,123,164,168,143,151,159,163,169,168,134,171,151,136,123,130,126,130,110,117,130,127,85,90,101,90,89,72,83,89,75,76,78,53,80,49,58,66,60,70,53,56,64,40,32,28,36,26,27,16,15,13,6,7,8,4,2,4,0,0,20615,10244,766,836,801,456,228,109,105,323,603,584,597,615,767,789,690,276,331,170,269,373,241,167,148,10371,798,742,729,441,216,103,96,321,570,582,564,661,781,796,658,240,372,173,279,387,309,295,258,343,157,64,50,0,0,0,0,0,0,0,35,0,35,0,0,15,15,0,0,0,0,14,0,0,0,0,14,0,0,0,0,14,0,57,36,4,0,0,0,4,0,0,0,0,0,0,8,24,24,0,0,0,0,21,0,0,0,0,21,0,0,10,0,11,0,36,35,0,0,0,0,0,0,0,0,0,0,0,35,0,0,0,0,0,0,1,0,0,0,0,1,0,0,0,0,0,1,186,43,26,0,0,0,0,0,0,0,15,0,15,0,0,11,11,0,0,0,0,17,0,0,0,0,17,0,0,0,0,17,0,43,23,0,0,0,0,0,0,0,0,0,0,0,9,14,14,0,0,0,0,20,0,0,0,0,20,0,0,6,0,13,1,100,100,0,0,0,0,0,0,0,0,0,0,0,100,0,0,0,0,0,0,0,0,0,0,0,0,0,0,0,0,0,0
"G1900210","2010","IA","2","4","Iowa","19","Buena Vista County","021",,,,,,,,,,,,,,,"44740","99999","999",,,,,,,,,,,,,,,,,"1489022575","13758158","Buena Vista County","A","+42.7415220","-095.1414325","06","2",,20260,10142,151,149,164,124,140,150,149,135,132,140,129,115,153,142,121,148,176,182,180,219,204,175,174,143,149,117,135,147,127,110,109,109,100,115,101,118,111,113,107,94,125,109,128,119,108,115,140,142,142,146,158,168,176,156,157,159,159,150,150,115,112,103,115,96,75,74,63,64,64,63,50,51,49,57,48,39,42,46,54,41,52,39,51,44,50,39,35,29,26,21,20,12,6,11,9,6,0,6,1,0,0,0,0,10118,142,127,145,150,157,122,133,135,115,134,141,116,150,123,127,133,144,162,201,189,165,188,140,122,118,103,122,126,119,99,118,97,95,112,93,108,96,90,96,126,85,113,119,116,109,139,138,134,141,140,175,161,157,155,124,137,134,123,150,120,123,91,99,89,74,72,85,73,67,56,69,69,73,63,53,59,72,70,62,79,68,67,73,64,61,60,49,57,46,36,36,26,29,25,22,13,8,9,4,5,12,1,0,19246,9641,728,705,650,494,254,102,110,394,624,531,538,586,683,813,732,215,286,135,189,249,217,221,185,9605,721,639,657,437,247,92,104,336,567,515,514,540,691,769,657,212,261,156,192,323,335,306,334,1014,501,23,21,0,0,0,0,0,0,0,21,0,21,0,0,0,0,0,0,0,0,2,1,0,0,0,1,0,1,0,0,0,0,412,24,20,0,0,0,20,0,0,4,0,4,0,0,0,0,0,0,0,0,388,382,0,0,0,6,0,6,0,0,0,0,66,66,0,0,0,0,0,0,0,0,0,0,0,63,3,3,0,0,0,0,0,0,0,0,0,0,0,0,0,0,0,0,513,2,0,0,0,0,0,0,0,0,0,0,0,0,0,0,0,0,0,0,0,2,2,0,0,0,0,0,0,0,0,0,0,364,10,0,0,0,0,0,0,0,0,0,0,0,10,0,0,0,0,0,0,354,345,0,0,0,9,0,9,0,0,0,0,147,147,0,0,0,0,0,0,0,0,0,0,0,142,5,5,0,0,0,0,0,0,0,0,0,0,0,0,0,0,0,0
"G1900230","2010","IA","2","4","Iowa","19","Butler County","023",,,,,,,,,,,,,,,"99999","99999","999",,,,,,,,,,,,,,,,,"1502533262","4209738","Butler County","A","+42.7347076","-092.7800664","06","9",,14867,7337,86,104,89,110,98,105,95,94,99,108,101,87,102,99,116,87,106,98,82,53,66,58,54,63,60,75,88,70,94,82,91,82,88,85,77,84,74,80,88,89,85,86,78,74,104,91,91,106,103,100,109,118,106,123,128,118,133,97,119,109,117,105,90,109,94,79,86,78,82,65,51,62,54,58,54,50,43,50,43,56,30,44,42,39,33,29,20,32,32,15,15,8,9,2,7,5,2,1,0,0,1,0,0,7530,96,96,95,91,117,87,94,94,96,78,110,98,96,83,96,100,105,87,75,60,48,46,59,70,77,70,58,97,74,93,77,80,84,81,60,77,77,82,67,81,89,80,84,108,97,93,90,88,97,113,110,117,116,110,119,98,107,127,103,101,123,94,95,102,90,78,85,96,68,61,72,62,71,49,72,73,53,59,64,60,49,57,57,48,60,52,41,33,38,45,34,39,13,22,14,8,13,1,6,5,9,0,0,14625,7266,487,501,505,291,135,66,58,176,409,423,415,425,489,579,572,221,292,164,224,272,235,176,151,7359,495,449,483,292,135,48,46,206,392,382,384,458,480,569,532,217,282,161,218,320,298,248,264,242,71,0,0,0,0,0,0,0,0,0,0,0,0,0,0,0,0,0,0,0,0,0,0,0,0,0,0,0,0,0,0,0,0,16,16,5,0,0,0,5,0,0,0,0,0,0,11,0,0,0,0,0,0,0,0,0,0,0,0,0,0,0,0,0,0,55,55,0,0,0,0,0,0,0,0,0,0,0,55,0,0,0,0,0,0,0,0,0,0,0,0,0,0,0,0,0,0,171,0,0,0,0,0,0,0,0,0,0,0,0,0,0,0,0,0,0,0,0,0,0,0,0,0,0,0,0,0,0,0,0,13,13,1,0,0,0,1,0,0,0,0,0,0,12,0,0,0,0,0,0,0,0,0,0,0,0,0,0,0,0,0,0,158,158,0,0,0,0,0,0,0,0,0,0,0,158,0,0,0,0,0,0,0,0,0,0,0,0,0,0,0,0,0,0
"G1900250","2010","IA","2","4","Iowa","19","Calhoun County","025",,,,,,,,,,,,,,,"99999","99999","999",,,,,,,,,,,,,,,,,"1476209027","5560503","Calhoun County","A","+42.3861699","-094.6436829","06","9",,9670,4697,71,55,53,42,65,59,67,46,59,65,43,57,51,60,70,57,72,72,65,36,30,33,34,51,42,38,43,48,37,39,50,46,43,54,44,44,56,40,44,43,53,40,45,43,64,60,59,62,73,73,77,66,91,82,87,83,90,86,87,76,62,54,70,63,51,61,52,49,66,40,35,43,45,46,55,43,32,44,27,40,29,28,35,36,30,17,21,17,19,21,13,11,7,3,3,5,2,0,0,0,1,0,0,4973,54,37,56,55,62,64,59,49,45,70,53,49,58,55,55,65,44,58,73,32,37,36,46,44,48,35,47,50,40,54,49,38,43,36,49,48,36,41,41,53,55,57,46,58,57,63,59,52,74,77,81,71,86,71,98,94,69,70,76,78,62,60,51,65,63,69,63,48,47,43,45,63,53,52,55,53,42,55,52,47,50,49,38,41,42,38,37,36,26,36,25,25,18,16,12,7,9,6,7,4,6,1,0,9432,4606,286,296,281,201,101,29,33,124,200,233,221,237,325,394,417,112,181,112,154,218,180,151,120,4826,264,287,270,167,104,37,36,137,224,214,216,267,320,403,384,122,177,130,134,266,240,201,226,238,91,0,0,0,0,0,0,0,0,0,0,0,0,0,0,0,0,0,0,0,0,0,0,0,0,0,0,0,0,0,0,0,0,50,6,0,0,0,0,0,0,0,0,0,0,0,6,0,0,0,0,0,0,44,0,0,0,0,44,0,44,0,0,0,0,41,39,0,0,0,0,0,0,0,0,0,0,0,39,0,0,0,0,0,0,2,0,0,0,0,2,0,2,0,0,0,0,147,0,0,0,0,0,0,0,0,0,0,0,0,0,0,0,0,0,0,0,0,0,0,0,0,0,0,0,0,0,0,0,0,28,8,0,0,0,0,0,0,0,0,0,0,0,8,0,0,0,0,0,0,20,0,0,0,0,20,0,20,0,0,0,0,119,117,0,0,0,0,0,0,0,0,0,0,0,117,0,0,0,0,0,0,2,0,0,0,0,2,0,2,0,0,0,0
"G1900270","2010","IA","2","4","Iowa","19","Carroll County","027",,,,,,,,,,,,,,,"99999","99999","999",,,,,,,,,,,,,,,,,"1474835105","2145362","Carroll County","A","+42.0394920","-094.8676471","06","9",,20816,10141,140,153,179,148,149,128,136,137,132,133,134,148,148,136,153,173,146,161,136,71,79,85,104,98,117,96,132,112,115,114,112,107,110,116,128,109,98,100,114,130,125,116,120,143,128,164,161,146,153,174,167,189,184,169,173,164,139,155,140,138,133,120,99,91,78,93,92,67,85,81,65,81,76,78,58,61,54,74,61,83,59,39,39,57,32,35,46,23,33,17,23,11,13,7,5,4,1,0,2,0,0,0,0,10675,141,136,128,154,136,147,131,115,142,154,132,139,121,128,137,171,163,167,147,58,89,83,81,96,109,109,106,124,104,101,108,112,120,117,109,108,103,112,95,129,113,113,127,120,139,140,158,160,179,152,142,161,164,181,157,175,140,151,158,131,114,106,118,112,83,90,104,92,107,78,101,86,85,82,75,97,90,88,91,77,91,91,89,90,80,63,77,63,60,58,46,34,42,24,18,11,16,7,5,6,5,0,0,20349,9988,769,666,715,476,205,79,84,315,564,569,546,627,789,866,726,248,266,182,227,353,322,214,180,10361,695,689,654,497,204,88,81,283,538,557,545,605,777,797,744,218,303,189,269,421,423,400,384,467,153,8,8,0,0,0,0,0,0,0,8,0,8,0,0,0,0,0,0,0,0,0,0,0,0,0,0,0,0,0,0,0,0,68,25,8,0,0,0,8,0,0,0,0,0,0,17,0,0,0,0,0,0,43,0,0,0,0,43,0,41,0,0,1,1,77,73,0,0,0,0,0,0,0,0,0,0,0,73,0,0,0,0,0,0,4,0,0,0,0,4,0,3,0,0,0,1,314,7,6,0,0,0,0,0,0,0,6,0,6,0,0,0,0,0,0,0,0,1,0,0,0,0,1,0,1,0,0,0,0,74,20,3,0,0,0,3,0,0,0,0,0,0,17,0,0,0,0,0,0,54,0,0,0,0,54,0,48,0,0,0,6,233,228,0,0,0,0,0,0,0,0,0,0,0,228,0,0,0,0,0,0,5,0,0,0,0,5,0,5,0,0,0,0
"G1900290","2010","IA","2","4","Iowa","19","Cass County","029",,,,,,,,,,,,,,,"99999","99999","999",,,,,,,,,,,,,,,,,"1461450856","1758815","Cass County","A","+41.3338235","-094.9333023","06","9",,13956,6819,89,86,104,104,104,97,91,77,87,89,94,86,78,85,105,82,107,103,93,40,69,61,68,57,66,69,77,64,77,80,84,61,75,63,55,88,67,57,93,80,80,65,70,70,74,102,81,92,117,102,139,104,116,111,111,130,101,97,93,91,85,77,109,90,67,71,89,70,61,57,53,78,71,63,55,44,49,46,35,38,38,44,38,44,33,31,25,20,23,17,6,10,7,6,3,2,3,3,0,0,0,0,0,7137,86,87,93,90,80,83,77,94,70,87,91,83,85,68,72,78,103,93,88,54,66,60,61,48,67,69,67,66,80,81,81,79,55,77,75,76,61,65,68,62,75,68,74,74,68,105,99,111,125,121,106,114,117,104,98,119,89,111,97,104,103,88,86,83,81,66,82,85,82,67,83,90,69,72,63,65,73,63,60,59,47,66,53,47,63,44,41,44,33,33,29,29,19,15,15,10,11,3,7,1,2,0,0,13652,6700,486,441,448,292,131,69,59,187,364,333,377,354,487,572,508,162,262,155,186,315,203,186,123,6952,436,411,399,274,139,66,60,176,358,365,331,359,557,529,514,189,247,146,225,369,307,249,246,304,119,1,1,0,0,0,0,0,0,0,0,0,0,0,0,1,0,0,1,0,0,0,0,0,0,0,0,0,0,0,0,0,0,53,24,14,0,0,0,14,0,0,0,0,0,0,7,3,0,0,3,0,0,29,0,0,0,0,29,0,11,18,0,0,0,65,62,0,0,0,0,0,0,0,0,0,0,0,60,2,0,0,2,0,0,3,0,0,0,0,3,0,0,3,0,0,0,185,0,0,0,0,0,0,0,0,0,0,0,0,0,0,0,0,0,0,0,0,0,0,0,0,0,0,0,0,0,0,0,0,36,13,0,0,0,0,0,0,0,0,0,0,0,13,0,0,0,0,0,0,23,0,0,0,0,23,0,7,16,0,0,0,149,145,0,0,0,0,0,0,0,0,0,0,0,135,10,0,0,10,0,0,4,0,0,0,0,4,0,0,4,0,0,0
"G1900310","2010","IA","2","4","Iowa","19","Cedar County","031",,,,,,,,,,,,,,,"99999","99999","999",,,,,,,,,,,,,,,,,"1500731293","6385840","Cedar County","A","+41.7723547","-091.1321900","06","9",,18499,9151,130,124,112,125,107,127,120,118,116,140,106,112,131,132,167,132,150,157,127,92,63,80,76,94,83,79,98,92,97,107,107,114,108,98,99,103,97,112,118,104,116,126,111,111,129,144,136,147,143,140,170,150,167,160,140,143,145,125,153,130,126,140,126,114,84,88,82,85,68,73,89,54,57,53,55,54,53,41,46,49,38,43,44,45,34,22,29,20,19,20,12,17,7,9,3,3,5,0,2,2,0,0,0,9348,99,110,114,111,116,139,107,135,128,129,132,131,121,114,133,133,141,138,99,71,80,76,53,82,60,76,81,105,94,117,108,96,91,100,97,100,93,93,114,107,118,122,122,139,139,153,150,174,171,153,150,148,151,138,146,137,115,125,129,121,123,117,120,114,77,89,86,97,101,78,65,58,60,83,71,77,62,48,58,56,68,65,56,54,60,49,41,41,45,32,33,23,22,21,20,17,11,6,6,5,8,0,0,18175,9036,598,621,647,414,214,63,79,252,467,521,528,588,707,785,694,266,324,170,224,304,237,190,143,9139,550,637,630,400,164,80,76,194,467,492,505,638,796,732,626,240,309,175,273,332,287,273,263,324,115,26,8,6,0,0,0,6,0,0,2,2,0,0,0,0,0,0,0,0,0,18,0,0,0,0,18,0,0,0,0,18,0,36,16,15,0,0,0,15,0,0,0,0,0,0,1,0,0,0,0,0,0,20,0,0,0,0,20,0,2,0,0,18,0,53,50,0,0,0,0,0,0,0,0,0,0,0,50,0,0,0,0,0,0,3,0,0,0,0,3,0,0,0,0,3,0,209,14,0,0,0,0,0,0,0,0,0,0,0,0,0,0,0,0,0,0,0,14,0,0,0,0,14,0,0,0,0,14,0,26,2,2,0,0,0,2,0,0,0,0,0,0,0,0,0,0,0,0,0,24,0,0,0,0,24,0,3,0,0,21,0,169,157,0,0,0,0,0,0,0,0,0,0,0,157,0,0,0,0,0,0,12,0,0,0,0,12,0,0,0,0,12,0
"G1900330","2010","IA","2","4","Iowa","19","Cerro Gordo County","033",,,,,,,,,,,,,,,"32380","99999","999",,,,,,,,,,,,,,,,,"1471923432","17626527","Cerro Gordo County","A","+43.0751708","-093.2512660","06","2",,44151,21542,230,285,263,257,267,259,266,250,264,289,296,275,267,285,286,284,312,260,301,390,317,245,224,215,244,264,262,273,262,301,256,236,232,246,224,206,195,233,221,258,263,241,249,253,273,290,317,335,328,368,372,373,368,335,339,347,344,306,393,378,296,274,294,266,166,198,211,194,176,159,162,161,150,147,149,134,112,128,122,135,114,118,121,95,93,63,75,55,39,30,46,25,13,20,10,4,6,1,1,2,5,0,0,22609,234,225,263,255,264,236,215,242,238,225,263,258,276,255,293,292,286,276,311,309,241,224,215,250,235,234,238,264,255,248,230,223,246,237,215,232,189,235,225,275,246,262,251,232,267,332,325,327,382,373,365,363,386,382,370,353,352,300,393,315,314,290,316,305,236,226,218,200,205,207,200,185,206,202,172,160,162,184,182,187,191,150,174,151,149,130,152,101,117,100,84,65,46,37,23,22,18,14,4,9,11,1,0,42993,20989,1299,1317,1392,854,567,250,221,655,1337,1175,1099,1258,1619,1765,1747,560,716,405,521,758,608,517,349,22004,1238,1149,1335,850,543,216,214,688,1228,1142,1143,1245,1722,1841,1688,585,849,443,596,946,839,761,743,1158,553,33,29,0,0,0,0,0,0,0,29,2,27,0,0,0,0,0,0,0,0,4,0,0,0,0,4,4,0,0,0,0,0,404,98,82,0,0,0,39,43,0,5,5,0,0,9,2,2,0,0,0,0,306,203,0,0,0,103,13,83,6,0,0,1,116,105,0,0,0,0,0,0,0,0,0,0,0,105,0,0,0,0,0,0,11,0,0,0,0,11,0,11,0,0,0,0,605,24,15,0,0,0,0,0,0,0,15,2,13,0,0,0,0,0,0,0,0,9,0,0,0,0,9,7,0,0,0,0,2,264,42,10,0,0,0,6,4,0,2,2,0,0,29,1,1,0,0,0,0,222,104,0,0,0,118,22,78,16,0,0,2,317,302,0,0,0,0,0,0,0,0,0,0,0,299,3,0,0,3,0,0,15,0,0,0,0,15,0,11,0,0,0,4
"G1900350","2010","IA","2","4","Iowa","19","Cherokee County","035",,,,,,,,,,,,,,,"99999","99999","999",,,,,,,,,,,,,,,,,"1494180371","423187","Cherokee County","A","+42.7427375","-095.6332616","06","9",,12072,5954,73,60,74,69,59,66,61,70,64,65,65,74,66,66,82,85,95,76,76,46,62,54,54,53,62,84,54,74,72,49,57,64,63,63,50,54,37,65,59,52,79,59,67,56,70,76,81,86,119,108,117,95,123,105,107,115,107,114,106,97,91,89,72,92,65,58,49,60,63,67,45,37,37,54,43,42,37,54,41,49,49,38,41,30,25,39,16,22,27,14,20,2,3,4,10,2,2,2,1,0,1,0,0,6118,68,61,69,87,61,73,63,64,77,73,61,82,72,72,75,71,76,80,77,40,45,44,56,49,58,58,48,47,52,68,64,55,58,58,51,51,49,55,59,73,73,60,61,55,62,81,80,108,102,94,89,87,109,98,104,116,86,103,88,92,70,86,62,79,53,70,63,69,53,53,57,66,53,57,79,54,66,66,59,55,54,64,54,54,42,50,37,42,40,23,27,25,21,17,18,6,12,6,3,2,3,0,0,11701,5758,334,324,353,250,121,62,54,167,326,286,258,316,439,524,524,173,227,105,185,212,217,174,127,5943,346,349,361,227,117,45,44,163,271,283,285,310,463,479,479,154,193,132,174,308,290,244,226,371,196,9,9,0,0,0,0,0,0,0,8,0,0,8,0,1,0,1,0,0,0,0,0,0,0,0,0,0,0,0,0,0,0,123,119,5,0,0,0,5,0,0,0,0,0,0,20,94,0,94,0,0,0,4,0,0,0,0,4,0,2,2,0,0,0,64,64,0,0,0,0,0,0,0,0,0,0,0,56,8,0,8,0,0,0,0,0,0,0,0,0,0,0,0,0,0,0,175,2,2,0,0,0,0,0,0,0,1,0,0,1,0,1,0,1,0,0,0,0,0,0,0,0,0,0,0,0,0,0,0,27,20,1,0,0,0,1,0,0,0,0,0,0,9,10,0,10,0,0,0,7,0,0,0,0,7,0,3,4,0,0,0,146,146,0,0,0,0,0,0,0,0,0,0,0,143,3,0,3,0,0,0,0,0,0,0,0,0,0,0,0,0,0,0
"G1900370","2010","IA","2","4","Iowa","19","Chickasaw County","037",,,,,,,,,,,,,,,"99999","99999","999",,,,,,,,,,,,,,,,,"1306338733","3309332","Chickasaw County","A","+43.0597409","-092.3172101","06","9",,12439,6255,70,88,86,89,97,73,76,81,70,100,83,77,97,95,86,99,105,94,95,47,59,46,69,62,51,62,59,68,59,85,58,56,72,63,61,56,67,68,75,67,65,65,86,82,76,74,106,80,113,99,111,89,116,121,110,105,97,85,95,85,91,86,81,71,59,69,51,61,63,49,54,58,51,56,46,35,34,41,43,36,34,36,27,36,26,17,20,11,16,13,13,9,5,9,6,6,4,0,0,1,0,0,0,6184,69,75,73,79,96,89,84,73,78,108,69,59,80,62,76,105,96,98,59,39,47,62,61,47,50,43,45,59,78,84,59,69,55,62,47,61,56,50,64,69,62,54,73,68,77,88,93,78,83,96,119,105,89,109,87,99,102,84,107,74,74,77,78,70,63,74,71,71,63,51,66,63,55,58,45,55,45,38,44,45,55,54,46,34,42,40,39,37,23,23,16,13,17,14,15,10,6,2,4,2,4,0,0,12256,6183,430,400,438,298,141,59,45,179,329,309,330,372,469,543,459,170,210,120,173,262,186,155,106,6073,392,432,346,299,97,47,61,156,308,289,297,333,436,506,466,147,211,145,185,283,217,220,200,183,72,0,0,0,0,0,0,0,0,0,0,0,0,0,0,0,0,0,0,0,0,0,0,0,0,0,0,0,0,0,0,0,0,38,8,0,0,0,0,0,0,0,0,0,0,0,8,0,0,0,0,0,0,30,0,0,0,0,30,0,6,24,0,0,0,34,34,0,0,0,0,0,0,0,0,0,0,0,34,0,0,0,0,0,0,0,0,0,0,0,0,0,0,0,0,0,0,111,0,0,0,0,0,0,0,0,0,0,0,0,0,0,0,0,0,0,0,0,0,0,0,0,0,0,0,0,0,0,0,0,21,0,0,0,0,0,0,0,0,0,0,0,0,0,0,0,0,0,0,0,21,0,0,0,0,21,0,6,15,0,0,0,90,90,0,0,0,0,0,0,0,0,0,0,0,90,0,0,0,0,0,0,0,0,0,0,0,0,0,0,0,0,0,0
"G1900390","2010","IA","2","4","Iowa","19","Clarke County","039",,,,,,,,,,,,,,,"99999","99999","999",,,,,,,,,,,,,,,,,"1116716080","1524746","Clarke County","A","+41.0291908","-093.7840961","06","9",,9286,4626,54,80,70,73,83,66,76,54,71,70,58,54,73,56,81,65,68,76,71,49,61,43,50,54,56,54,55,64,47,52,55,49,51,50,63,54,49,41,48,48,56,57,63,52,56,65,57,69,62,70,66,85,79,70,67,85,70,48,59,70,54,65,58,64,42,26,55,36,32,41,31,31,31,36,23,25,28,25,19,25,22,15,20,21,27,20,9,7,6,8,4,8,6,2,1,1,1,1,1,0,1,0,0,4660,69,54,70,62,74,57,56,67,53,70,66,66,46,60,69,69,46,64,50,47,42,39,65,54,45,65,52,36,52,50,43,44,43,52,58,45,53,57,56,59,55,46,51,58,61,66,62,68,72,70,73,69,57,66,61,64,85,60,70,61,50,65,48,53,40,44,54,40,57,39,36,48,42,41,33,22,31,29,26,26,40,35,33,38,27,23,22,17,20,13,15,10,8,8,6,6,7,2,4,2,0,0,0,9134,4560,360,337,322,209,115,60,43,158,270,266,237,282,322,364,326,118,160,78,107,148,117,98,63,4574,329,303,307,179,97,40,39,164,255,238,269,269,338,325,337,114,137,97,132,194,128,164,119,152,66,0,0,0,0,0,0,0,0,0,0,0,0,0,0,0,0,0,0,0,0,0,0,0,0,0,0,0,0,0,0,0,0,32,18,15,0,0,0,15,0,0,0,0,0,0,3,0,0,0,0,0,0,14,0,0,0,0,14,0,10,0,0,4,0,34,28,0,0,0,0,0,0,0,0,0,0,0,28,0,0,0,0,0,0,6,0,0,0,0,6,0,4,0,0,2,0,86,0,0,0,0,0,0,0,0,0,0,0,0,0,0,0,0,0,0,0,0,0,0,0,0,0,0,0,0,0,0,0,0,16,5,1,0,0,0,1,0,0,0,0,0,0,4,0,0,0,0,0,0,11,0,0,0,0,11,0,11,0,0,0,0,70,65,0,0,0,0,0,0,0,0,0,0,0,65,0,0,0,0,0,0,5,0,0,0,0,5,0,0,0,0,5,0
"G1900410","2010","IA","2","4","Iowa","19","Clay County","041",,,,,,,,,,,,,,,"43980","99999","999",,,,,,,,,,,,,,,,,"1469139214","13866941","Clay County","A","+43.0798220","-095.1497261","06","2",,16667,8171,92,102,118,107,130,103,107,97,102,99,93,98,131,108,107,109,118,126,120,85,84,85,90,68,89,88,92,119,115,103,103,104,115,87,89,100,79,95,81,102,104,86,96,98,98,107,115,115,114,133,134,117,125,153,152,135,116,151,116,100,102,110,98,87,95,70,59,79,70,77,71,51,62,52,57,56,49,52,42,33,41,46,48,45,33,26,23,25,28,15,17,15,6,10,2,5,1,2,2,2,2,0,0,8496,89,115,105,112,108,119,111,88,116,100,118,100,103,83,106,99,99,112,111,60,71,66,73,92,83,94,90,95,97,95,94,109,105,93,86,96,83,78,102,82,84,91,85,92,98,112,110,115,130,138,152,109,118,146,138,149,142,132,104,117,100,115,105,108,76,66,92,72,81,65,76,73,56,68,67,62,68,68,61,76,70,76,58,62,57,44,47,57,50,42,32,31,37,9,17,12,12,9,8,4,7,0,0,16433,8085,549,508,537,353,198,80,83,244,515,497,452,480,582,680,617,211,280,127,225,291,226,199,151,8348,529,534,510,310,166,70,65,248,470,486,441,450,604,663,642,214,285,157,217,332,320,309,326,234,86,0,0,0,0,0,0,0,0,0,0,0,0,0,0,0,0,0,0,0,0,0,0,0,0,0,0,0,0,0,0,0,0,31,12,10,0,0,0,10,0,0,0,0,0,0,2,0,0,0,0,0,0,19,12,0,0,0,7,0,7,0,0,0,0,55,55,0,0,0,0,0,0,0,0,0,0,0,55,0,0,0,0,0,0,0,0,0,0,0,0,0,0,0,0,0,0,148,0,0,0,0,0,0,0,0,0,0,0,0,0,0,0,0,0,0,0,0,0,0,0,0,0,0,0,0,0,0,0,0,17,10,2,0,0,0,2,0,0,0,0,0,0,8,0,0,0,0,0,0,7,7,0,0,0,0,0,0,0,0,0,0,131,131,0,0,0,0,0,0,0,0,0,0,0,131,0,0,0,0,0,0,0,0,0,0,0,0,0,0,0,0,0,0
"G1900430","2010","IA","2","4","Iowa","19","Clayton County","043",,,,,,,,,,,,,,,"99999","99999","999",,,,,,,,,,,,,,,,,"2016405612","36586071","Clayton County","A","+42.8409979","-091.3235108","06","9",,18129,9079,114,107,120,120,110,115,126,95,119,104,122,143,121,120,123,122,134,134,111,82,96,75,70,77,84,76,90,102,95,99,79,84,87,85,87,91,113,89,115,106,85,106,100,95,113,139,131,133,146,132,182,142,182,172,149,147,149,152,134,152,136,124,123,128,105,100,101,85,88,92,69,80,76,71,67,76,61,60,59,62,60,46,38,44,44,38,31,29,17,20,16,15,12,6,5,2,3,2,3,2,0,0,0,9050,103,105,103,100,140,111,127,105,119,109,98,100,120,111,117,112,137,138,112,72,81,81,64,75,82,82,87,74,87,94,86,88,78,78,86,80,87,89,77,114,86,109,107,104,98,114,122,142,149,164,130,166,162,156,165,138,133,158,119,123,110,115,104,145,98,78,92,97,97,77,96,84,77,81,67,82,73,72,70,66,80,80,47,47,65,54,48,44,46,37,32,22,29,20,16,19,9,7,6,1,5,1,0,17842,8952,571,559,629,390,188,96,72,227,453,419,511,495,678,821,729,259,349,199,260,358,307,216,166,8890,551,571,546,387,182,80,81,219,416,415,444,497,691,774,666,225,346,170,268,398,356,297,310,287,127,0,0,0,0,0,0,0,0,0,0,0,0,0,0,0,0,0,0,0,0,0,0,0,0,0,0,0,0,0,0,0,0,53,14,6,0,0,0,6,0,0,0,0,0,0,8,0,0,0,0,0,0,39,0,0,0,0,39,0,39,0,0,0,0,74,74,0,0,0,0,0,0,0,0,0,0,0,74,0,0,0,0,0,0,0,0,0,0,0,0,0,0,0,0,0,0,160,0,0,0,0,0,0,0,0,0,0,0,0,0,0,0,0,0,0,0,0,0,0,0,0,0,0,0,0,0,0,0,0,35,6,3,0,0,0,3,0,0,0,0,0,0,3,0,0,0,0,0,0,29,0,0,0,0,29,0,29,0,0,0,0,125,125,0,0,0,0,0,0,0,0,0,0,0,125,0,0,0,0,0,0,0,0,0,0,0,0,0,0,0,0,0,0
"G1900450","2010","IA","2","4","Iowa","19","Clinton County","045",,,,,,,,,,,,,,,"17540","99999","999",,,,,,,,,,,,,,,,,"1799821282","39523759","Clinton County","A","+41.8980732","-090.5342431","06","2",,49116,24165,301,298,336,331,345,314,316,312,358,340,315,324,373,318,349,356,323,360,355,313,271,259,274,277,281,258,257,257,266,298,277,268,294,274,260,260,238,260,293,313,330,243,315,308,338,361,402,352,361,431,415,368,418,379,361,366,332,359,344,304,316,300,310,322,220,233,233,237,225,188,202,189,182,174,158,131,125,126,116,129,104,107,98,98,94,73,68,54,36,47,38,21,18,8,12,7,2,1,1,1,2,0,0,24951,296,280,300,294,314,286,289,300,308,319,328,350,310,299,339,322,328,359,331,274,298,259,265,262,276,263,251,280,272,261,311,264,273,253,254,266,266,257,252,336,294,310,294,287,328,348,392,378,378,401,427,398,411,370,389,361,340,348,337,290,321,330,318,306,221,251,236,249,220,203,213,213,204,196,204,176,156,181,174,169,173,163,142,136,147,130,110,115,107,86,73,67,61,47,28,33,26,13,14,4,8,1,0,48264,23818,1610,1639,1678,1038,616,242,244,806,1319,1360,1356,1521,1890,1929,1692,609,842,463,646,894,612,477,335,24446,1482,1500,1626,1009,541,275,243,789,1315,1350,1375,1510,1892,1986,1671,649,842,484,667,1011,820,703,706,852,347,4,0,0,0,0,0,0,0,0,0,0,0,0,0,0,0,0,0,0,0,4,1,0,0,0,3,2,0,0,0,0,1,232,47,32,0,0,0,32,0,0,0,0,0,0,15,0,0,0,0,0,0,185,101,0,0,0,84,41,40,3,0,0,0,111,110,0,0,0,0,0,0,0,0,0,0,0,108,2,0,0,2,0,0,1,0,0,0,0,1,0,0,0,0,0,1,505,4,0,0,0,0,0,0,0,0,0,0,0,0,0,0,0,0,0,0,0,4,0,0,0,0,4,4,0,0,0,0,0,163,12,0,0,0,0,0,0,0,0,0,0,0,12,0,0,0,0,0,0,151,107,0,0,0,44,8,20,14,0,0,2,338,309,0,0,0,0,0,0,0,0,0,0,0,304,5,0,0,5,0,0,29,0,0,0,0,29,0,0,0,0,0,29
"G1900470","2010","IA","2","4","Iowa","19","Crawford County","047",,,,,,,,,,,,,,,"99999","99999","999",,,,,,,,,,,,,,,,,"1849742893","2194275","Crawford County","A","+42.0431192","-095.3890903","06","9",,17096,8685,132,129,130,136,121,121,143,123,139,116,129,135,129,142,110,133,124,145,165,145,102,104,110,112,111,101,84,87,92,121,92,109,104,85,103,113,103,102,95,95,111,103,88,92,83,104,126,128,126,140,131,135,127,125,135,129,116,105,110,108,104,96,101,106,70,83,72,96,78,69,73,47,45,47,58,50,42,47,41,39,28,37,45,31,37,24,20,21,18,13,12,14,5,7,6,1,3,3,1,0,1,0,0,8411,122,121,127,130,121,118,112,128,104,108,130,95,131,123,123,158,110,118,143,95,88,93,80,72,88,69,89,84,82,93,98,87,86,99,88,104,98,79,91,89,89,107,91,93,93,113,114,120,117,123,113,125,130,115,119,101,104,112,94,98,105,93,104,100,85,84,70,88,75,62,58,59,69,57,75,63,61,54,47,45,59,54,48,52,37,50,44,43,45,33,36,32,17,15,10,8,10,9,1,5,4,0,0,16511,8405,634,642,644,377,237,73,84,309,478,486,504,476,622,646,567,198,274,151,237,258,214,170,124,8106,607,570,602,364,186,68,81,222,413,458,457,467,583,599,509,197,282,150,219,310,255,230,277,585,280,40,1,1,0,0,0,1,0,0,0,0,0,0,0,0,0,0,0,0,0,39,0,0,0,0,39,0,0,0,0,39,0,180,11,8,0,0,0,8,0,0,0,0,0,0,3,0,0,0,0,0,0,169,0,0,0,0,169,0,29,0,0,140,0,60,55,0,0,0,0,0,0,0,0,0,0,0,55,0,0,0,0,0,0,5,0,0,0,0,5,0,5,0,0,0,0,305,36,0,0,0,0,0,0,0,0,0,0,0,0,0,0,0,0,0,0,0,36,0,0,0,0,36,0,0,0,0,36,0,131,4,0,0,0,0,0,0,0,0,0,0,0,4,0,0,0,0,0,0,127,0,0,0,0,127,0,26,0,0,101,0,138,132,0,0,0,0,0,0,0,0,0,0,0,132,0,0,0,0,0,0,6,0,0,0,0,6,0,6,0,0,0,0
"G1900490","2010","IA","2","4","Iowa","19","Dallas County","049",,,,,,,,,,,,,,,"19780","99999","218",,,,,,,,,,,,,,,,,"1524070766","8421379","Dallas County","A","+41.6853206","-094.0407065","06","1",,66135,32349,576,561,620,602,561,598,552,551,560,538,618,564,549,494,485,448,427,430,379,219,205,206,256,308,403,464,476,508,494,515,579,524,558,483,500,548,434,483,530,552,603,510,479,492,486,489,515,440,421,435,517,422,436,384,347,368,348,394,335,306,333,295,312,311,216,211,200,200,174,182,155,135,147,134,129,100,86,115,98,96,81,72,73,78,41,53,44,37,36,29,18,20,22,8,8,6,6,1,1,0,1,0,0,33786,550,559,573,609,561,581,562,600,585,559,543,511,481,500,494,411,384,424,311,189,210,217,289,403,457,508,517,553,554,602,587,566,531,511,483,537,480,508,568,586,579,547,497,466,475,497,491,426,438,445,483,455,414,408,381,392,400,388,353,369,341,364,317,292,235,243,209,207,189,191,158,173,170,153,167,146,107,121,121,130,133,101,103,97,104,92,75,73,77,59,41,52,49,33,31,18,16,12,9,5,12,2,0,65619,32156,2918,2795,2707,1305,598,202,204,960,2449,2635,2538,2567,2292,2092,1740,624,836,409,552,691,479,334,229,33463,2852,2884,2528,1219,500,210,217,1148,2729,2674,2677,2561,2292,2135,1899,703,838,449,584,814,592,480,478,516,193,9,0,0,0,0,0,0,0,0,0,0,0,0,0,0,0,0,0,0,0,9,0,0,0,0,9,9,0,0,0,0,0,81,45,33,0,0,0,33,0,0,0,0,0,0,12,0,0,0,0,0,0,36,0,0,0,0,36,1,35,0,0,0,0,103,98,0,0,0,0,0,0,0,0,0,0,0,98,0,0,0,0,0,0,5,0,0,0,0,5,0,5,0,0,0,0,323,4,0,0,0,0,0,0,0,0,0,0,0,0,0,0,0,0,0,0,0,4,0,0,0,0,4,4,0,0,0,0,0,37,12,0,0,0,0,0,0,0,0,0,0,0,12,0,0,0,0,0,0,25,0,0,0,0,25,6,19,0,0,0,0,282,278,0,0,0,0,0,0,0,0,0,0,0,278,0,0,0,0,0,0,4,0,0,0,0,4,0,4,0,0,0,0
"G1900510","2010","IA","2","4","Iowa","19","Davis County","051",,,,,,,,,,,,,,,"99999","99999","999",,,,,,,,,,,,,,,,,"1300661956","6904100","Davis County","A","+40.7480892","-092.4103453","06","9",,8753,4340,81,75,67,80,70,75,68,50,77,72,55,73,84,85,84,72,64,76,56,59,64,48,35,38,39,35,43,43,43,45,38,42,52,34,39,47,40,50,47,63,47,46,48,48,42,54,57,59,65,57,70,68,52,62,73,68,57,57,46,52,62,56,55,49,49,21,34,50,37,36,29,36,26,42,34,21,24,28,33,18,20,22,19,13,23,13,12,4,7,5,9,5,1,2,4,1,0,1,0,0,2,1,0,4413,71,79,73,67,83,73,67,63,64,69,70,77,75,67,54,71,70,49,54,52,46,42,42,33,42,40,53,33,53,37,43,44,49,43,43,44,29,58,44,48,52,47,31,62,46,64,59,63,48,55,66,69,56,62,60,56,50,62,64,49,44,50,54,35,35,49,34,60,52,32,37,49,39,37,36,31,35,33,37,22,20,25,25,22,26,17,22,21,19,10,6,16,6,6,8,2,11,3,3,3,5,1,0,8629,4299,373,342,381,212,115,64,48,112,209,205,247,231,290,324,280,118,151,54,119,161,120,91,52,4330,373,336,343,190,106,46,42,117,216,221,223,238,289,311,279,94,122,82,140,190,153,106,113,124,41,0,0,0,0,0,0,0,0,0,0,0,0,0,0,0,0,0,0,0,0,0,0,0,0,0,0,0,0,0,0,0,0,5,5,0,0,0,0,0,0,0,0,0,0,0,5,0,0,0,0,0,0,0,0,0,0,0,0,0,0,0,0,0,0,36,36,0,0,0,0,0,0,0,0,0,0,0,36,0,0,0,0,0,0,0,0,0,0,0,0,0,0,0,0,0,0,83,0,0,0,0,0,0,0,0,0,0,0,0,0,0,0,0,0,0,0,0,0,0,0,0,0,0,0,0,0,0,0,0,7,7,0,0,0,0,0,0,0,0,0,0,0,7,0,0,0,0,0,0,0,0,0,0,0,0,0,0,0,0,0,0,76,76,0,0,0,0,0,0,0,0,0,0,0,76,0,0,0,0,0,0,0,0,0,0,0,0,0,0,0,0,0,0
"G1900530","2010","IA","2","4","Iowa","19","Decatur County","053",,,,,,,,,,,,,,,"99999","99999","999",,,,,,,,,,,,,,,,,"1377566066","4142102","Decatur County","A","+40.7363787","-093.7845799","06","9",,8457,4238,52,70,58,49,64,54,51,57,40,58,61,50,52,60,51,64,69,61,86,130,122,114,103,69,55,44,42,47,44,29,39,37,36,35,40,38,40,44,44,47,37,45,43,31,50,54,51,60,30,60,64,50,64,63,41,67,55,60,48,52,48,56,47,57,33,37,40,39,36,31,33,30,35,40,29,30,21,34,32,29,23,30,19,13,15,19,6,10,9,9,3,1,4,0,4,2,1,0,2,0,0,0,0,4219,50,52,44,49,44,55,55,47,46,47,46,49,54,49,50,59,57,44,92,102,113,121,73,41,48,44,42,32,40,46,42,39,33,40,35,43,47,30,46,40,52,44,32,36,42,40,63,52,67,58,46,66,61,46,58,61,65,53,56,45,45,50,39,48,41,42,46,44,38,43,41,38,42,37,25,38,29,43,31,33,33,25,26,25,29,25,19,17,20,9,13,15,7,9,7,7,3,1,4,2,0,1,0,7794,3908,293,260,274,193,95,59,59,171,204,185,210,205,255,282,281,103,136,77,105,164,143,94,60,3886,239,250,248,160,84,50,70,128,202,189,205,204,279,276,280,93,128,88,122,181,165,126,119,663,330,1,0,0,0,0,0,0,0,0,0,0,0,0,0,0,0,0,0,0,0,1,1,0,0,0,0,0,0,0,0,0,0,306,4,1,0,0,0,1,0,0,0,0,0,0,3,0,0,0,0,0,0,302,300,0,0,0,2,0,0,0,0,2,0,23,23,0,0,0,0,0,0,0,0,0,0,0,23,0,0,0,0,0,0,0,0,0,0,0,0,0,0,0,0,0,0,333,0,0,0,0,0,0,0,0,0,0,0,0,0,0,0,0,0,0,0,0,0,0,0,0,0,0,0,0,0,0,0,0,267,3,0,0,0,0,0,0,0,0,0,0,0,3,0,0,0,0,0,0,264,260,0,0,0,4,0,0,0,0,0,4,66,61,0,0,0,0,0,0,0,0,0,0,0,61,0,0,0,0,0,0,5,0,0,0,0,5,0,0,0,0,3,2
"G1900550","2010","IA","2","4","Iowa","19","Delaware County","055",,,,,,,,,,,,,,,"99999","99999","999",,,,,,,,,,,,,,,,,"1496381153","3082496","Delaware County","A","+42.4730031","-091.3594425","06","9",,17764,8875,105,116,115,142,121,118,127,129,108,135,127,130,105,122,130,160,131,151,116,82,76,74,78,85,73,72,98,103,94,104,114,89,87,93,100,92,88,93,109,108,107,102,108,113,133,137,146,148,145,158,169,157,179,151,149,164,130,136,121,103,114,125,102,82,78,73,67,85,67,72,79,68,62,69,73,61,47,41,52,41,44,40,42,43,31,32,26,18,18,21,12,9,10,2,7,3,2,0,0,0,1,0,0,8889,93,101,124,100,123,114,133,115,118,109,113,149,132,138,114,153,149,133,129,61,65,58,83,70,79,71,88,82,90,106,106,95,93,92,81,98,89,93,86,110,110,96,104,113,123,130,138,167,165,176,154,151,145,142,138,135,140,124,101,107,106,102,94,93,73,75,80,82,70,83,75,76,74,58,78,75,53,58,64,63,56,49,58,58,58,45,39,37,28,28,16,19,14,12,21,8,4,2,3,1,6,0,0,17546,8796,599,617,614,442,198,75,74,236,471,483,488,563,731,797,648,236,259,139,224,344,235,188,135,8750,541,589,646,435,190,64,58,232,436,467,474,543,776,726,602,205,257,152,234,349,302,253,219,218,79,0,0,0,0,0,0,0,0,0,0,0,0,0,0,0,0,0,0,0,0,0,0,0,0,0,0,0,0,0,0,0,0,26,1,0,0,0,0,0,0,0,0,0,0,0,1,0,0,0,0,0,0,25,0,0,0,0,25,0,0,24,0,0,1,53,46,0,0,0,0,0,0,0,0,0,0,0,46,0,0,0,0,0,0,7,0,0,0,0,7,0,0,7,0,0,0,139,0,0,0,0,0,0,0,0,0,0,0,0,0,0,0,0,0,0,0,0,0,0,0,0,0,0,0,0,0,0,0,0,22,0,0,0,0,0,0,0,0,0,0,0,0,0,0,0,0,0,0,0,22,0,0,0,0,22,0,0,22,0,0,0,117,111,0,0,0,0,0,0,0,0,0,0,0,111,0,0,0,0,0,0,6,0,0,0,0,6,0,0,6,0,0,0
"G1900570","2010","IA","2","4","Iowa","19","Des Moines County","057",,,,,,,,,,,,,,,"15460","99999","999",,,,,,,,,,,,,,,,,"1077754850","35294123","Des Moines County","A","+40.9153392","-091.1869253","06","2",,40325,19600,260,264,272,283,277,268,237,259,256,249,258,247,278,257,262,279,278,268,262,252,241,198,169,156,227,243,227,222,237,268,265,242,219,257,196,232,208,186,267,241,269,241,236,213,251,290,264,287,289,293,308,291,314,308,287,304,278,305,286,279,277,291,257,239,196,217,193,220,180,168,156,152,122,143,119,113,102,119,107,102,81,79,90,81,67,69,66,53,40,37,30,19,11,10,16,9,5,1,2,0,1,0,0,20725,236,261,256,284,245,269,234,261,257,266,251,250,268,262,237,238,259,257,241,212,204,207,201,225,213,259,225,270,254,269,257,231,218,210,205,238,219,212,232,238,244,270,225,235,214,293,299,300,306,317,301,294,293,317,277,312,282,321,278,282,275,275,306,272,190,202,204,227,196,173,201,168,193,139,156,168,159,133,136,162,156,138,135,119,135,133,86,106,131,72,60,53,36,36,23,17,18,20,3,9,10,3,0,39640,19240,1356,1269,1302,808,471,218,187,530,1155,1159,1113,1190,1399,1491,1437,565,688,408,566,687,528,381,332,20400,1282,1287,1268,748,446,196,205,634,1273,1114,1130,1180,1509,1477,1466,544,764,400,591,841,735,641,669,685,360,17,17,1,0,0,0,0,1,0,16,0,16,0,0,0,0,0,0,0,0,0,0,0,0,0,0,0,0,0,0,0,0,265,166,125,0,0,0,63,62,0,0,0,0,0,41,0,0,0,0,0,0,99,62,0,0,0,37,0,35,0,0,0,2,78,78,0,0,0,0,0,0,0,0,0,0,0,75,3,0,0,3,0,0,0,0,0,0,0,0,0,0,0,0,0,0,325,6,6,0,0,0,0,0,0,0,6,0,6,0,0,0,0,0,0,0,0,0,0,0,0,0,0,0,0,0,0,0,0,80,21,6,0,0,0,6,0,0,0,0,0,0,15,0,0,0,0,0,0,59,21,0,0,0,38,0,38,0,0,0,0,239,230,0,0,0,0,0,0,0,0,0,0,0,230,0,0,0,0,0,0,9,0,0,0,0,9,0,9,0,0,0,0
"G1900590","2010","IA","2","4","Iowa","19","Dickinson County","059",,,,,,,,,,,,,,,"44020","99999","999",,,,,,,,,,,,,,,,,"985764366","60490800","Dickinson County","A","+43.3896107","-095.1960572","06","2",,16667,8260,81,101,90,92,78,95,98,102,99,92,95,101,106,89,87,110,91,78,84,61,55,67,54,80,77,86,79,94,103,83,78,117,102,82,90,77,78,89,97,105,121,94,92,97,82,93,91,120,126,147,111,131,141,159,127,131,149,154,139,134,152,147,136,131,93,78,112,84,105,102,79,79,69,86,77,75,76,64,60,54,55,47,51,46,42,40,47,23,20,16,8,12,7,10,3,4,1,2,3,0,2,0,0,8407,61,80,81,76,77,103,83,70,73,114,96,85,91,82,82,75,98,115,82,55,56,54,62,62,72,85,66,70,88,81,102,97,86,60,80,62,71,72,93,95,97,96,91,93,81,115,110,115,141,145,128,136,122,137,142,160,150,141,157,144,130,143,126,142,99,105,105,109,88,92,83,93,88,120,80,76,86,70,96,66,74,59,81,55,65,67,51,40,40,31,26,30,23,13,8,16,8,8,5,6,10,0,0,16456,8193,442,486,478,279,145,55,66,209,444,466,442,483,577,663,704,298,359,190,290,390,323,229,175,8263,375,443,436,287,137,56,54,195,389,421,393,456,625,660,745,273,366,208,286,460,383,320,295,211,67,0,0,0,0,0,0,0,0,0,0,0,0,0,0,0,0,0,0,0,0,0,0,0,0,0,0,0,0,0,0,0,0,25,10,7,0,0,0,7,0,0,0,0,0,0,3,0,0,0,0,0,0,15,0,0,0,0,15,6,0,9,0,0,0,42,42,0,0,0,0,0,0,0,0,0,0,0,42,0,0,0,0,0,0,0,0,0,0,0,0,0,0,0,0,0,0,144,1,1,0,0,0,0,0,0,0,1,1,0,0,0,0,0,0,0,0,0,0,0,0,0,0,0,0,0,0,0,0,0,22,5,3,0,0,0,3,0,0,0,0,0,0,2,0,0,0,0,0,0,17,0,0,0,0,17,3,7,7,0,0,0,121,121,0,0,0,0,0,0,0,0,0,0,0,121,0,0,0,0,0,0,0,0,0,0,0,0,0,0,0,0,0,0
"G1900610","2010","IA","2","4","Iowa","19","Dubuque County","061",,,,,,,,,,,,,,,"20220","99999","999",,,,,,,,,,,,,,,,,"1575501687","21569071","Dubuque County","A","+42.4634808","-090.8787708","06","1",,93653,46132,621,591,639,582,575,649,647,628,636,603,641,623,681,616,649,606,674,656,790,829,747,754,655,637,635,639,671,576,594,583,655,527,453,526,492,479,485,484,524,561,601,574,578,607,596,642,695,664,731,729,699,639,703,692,701,630,638,643,591,581,611,588,513,478,352,386,382,402,322,326,320,341,313,283,270,280,228,234,226,207,196,184,178,157,133,137,100,87,90,70,52,34,27,21,19,18,7,6,3,3,1,0,0,47521,558,577,615,601,596,599,597,603,610,623,625,594,636,600,634,638,625,604,662,827,756,682,714,594,614,590,557,589,568,540,535,523,525,482,494,496,483,465,504,585,528,572,560,607,622,677,653,679,687,669,701,725,660,675,664,697,636,653,614,616,587,540,581,523,363,377,416,448,404,415,337,381,334,343,322,308,293,303,287,350,302,269,303,255,240,237,231,200,187,147,131,98,102,86,53,48,20,26,17,18,24,0,0,89385,44255,3005,3160,3192,1904,1092,503,546,1748,2951,2577,2481,2916,3400,3388,3044,1189,1328,762,1034,1505,1147,799,584,45130,2934,3030,3080,1854,969,492,515,1789,2796,2515,2510,2863,3340,3396,3181,1109,1448,776,1232,1639,1396,1167,1099,4268,1877,56,47,1,0,0,0,0,1,0,45,0,45,0,0,1,1,0,0,0,0,9,1,0,0,0,8,7,0,0,0,0,1,1609,307,215,0,0,0,136,79,0,1,0,1,0,84,7,7,0,0,0,0,1302,1151,3,3,0,148,35,43,50,0,0,20,212,187,0,0,0,0,0,0,0,0,0,0,0,187,0,0,0,0,0,0,25,0,0,0,0,25,0,20,2,0,3,0,2391,37,15,0,0,0,0,0,0,0,14,0,14,0,0,1,1,0,0,0,0,22,1,0,0,0,21,15,0,0,0,0,6,1351,120,32,0,0,0,23,9,0,0,0,0,0,82,6,6,0,0,0,0,1231,1109,0,0,0,122,25,41,16,0,2,38,1003,497,0,0,0,0,0,0,0,0,0,0,0,493,4,4,0,0,0,0,506,0,0,0,0,506,0,40,3,0,5,458
"G1900630","2010","IA","2","4","Iowa","19","Emmet County","063",,,,,,,,,,,,,,,"99999","99999","999",,,,,,,,,,,,,,,,,"1025333118","17196398","Emmet County","A","+43.3779844","-094.6693702","06","9",,10302,5143,69,55,75,73,74,57,71,59,65,65,72,63,55,59,55,56,71,66,89,150,118,60,56,52,82,50,52,67,63,75,63,65,52,49,67,49,59,45,56,57,55,48,46,56,66,57,53,74,75,73,78,69,91,80,73,98,78,75,75,69,61,73,59,60,44,43,43,54,48,36,38,41,36,42,42,30,30,33,25,31,26,29,26,27,24,23,14,16,15,10,10,6,8,8,1,3,1,2,0,0,0,0,0,5159,48,74,55,68,69,67,66,75,53,64,56,62,64,57,59,77,102,94,78,93,58,52,44,37,52,42,64,49,54,58,56,56,52,43,52,53,54,41,57,52,55,44,56,55,38,65,71,62,78,69,65,89,73,71,93,62,72,70,73,81,62,60,61,58,51,50,49,48,33,51,41,55,46,39,35,44,46,43,26,44,43,42,40,26,44,30,24,37,43,24,22,17,12,14,10,16,10,6,3,3,2,0,0,9762,4911,346,317,301,191,144,69,52,181,303,293,265,270,332,390,390,134,162,85,137,192,144,119,94,4851,314,325,289,190,111,45,48,127,267,258,256,248,344,389,358,119,170,99,130,213,194,177,180,540,232,5,5,0,0,0,0,0,0,0,5,5,0,0,0,0,0,0,0,0,0,0,0,0,0,0,0,0,0,0,0,0,0,177,10,5,0,0,0,5,0,0,0,0,0,0,5,0,0,0,0,0,0,167,164,0,0,0,3,0,2,0,0,0,1,50,50,0,0,0,0,0,0,0,0,0,0,0,50,0,0,0,0,0,0,0,0,0,0,0,0,0,0,0,0,0,0,308,92,92,0,0,0,0,0,0,0,92,24,68,0,0,0,0,0,0,0,0,0,0,0,0,0,0,0,0,0,0,0,0,91,7,2,0,0,0,2,0,0,3,1,2,0,2,0,0,0,0,0,0,84,78,0,0,0,6,0,5,0,0,0,1,125,125,0,0,0,0,0,0,0,0,0,0,0,125,0,0,0,0,0,0,0,0,0,0,0,0,0,0,0,0,0,0
"G1900650","2010","IA","2","4","Iowa","19","Fayette County","065",,,,,,,,,,,,,,,"99999","99999","999",,,,,,,,,,,,,,,,,"1892791345","1334074","Fayette County","A","+42.8644496","-091.8393728","06","9",,20880,10432,132,138,131,142,150,134,108,129,102,127,113,141,154,138,152,152,138,167,159,198,172,140,144,123,118,104,100,120,106,104,106,92,127,111,98,89,79,99,105,112,101,136,134,127,142,117,160,173,157,181,170,171,168,188,166,176,122,146,148,157,147,111,147,131,83,98,97,98,93,103,80,86,76,85,85,80,60,65,66,66,78,47,46,43,40,49,48,26,25,21,17,8,9,8,7,3,3,1,0,1,1,0,0,10448,130,114,111,117,98,111,116,99,122,132,130,130,126,124,139,140,152,152,181,143,153,143,107,110,80,110,107,91,97,91,108,121,99,70,92,105,85,99,97,109,113,112,106,126,132,131,142,139,176,153,142,179,163,158,152,168,146,150,145,136,128,126,127,118,103,113,96,129,102,115,107,115,98,90,105,102,82,86,90,81,74,85,71,61,67,81,61,49,55,40,39,30,24,23,15,15,10,9,8,1,7,0,0,20098,10044,693,600,698,456,240,117,122,358,511,517,475,622,774,846,744,254,359,192,289,407,324,243,203,10054,570,580,649,442,249,116,132,286,490,485,489,584,732,789,739,252,344,209,335,502,415,328,337,782,388,1,0,0,0,0,0,0,0,0,0,0,0,0,0,0,0,0,0,0,0,1,1,0,0,0,0,0,0,0,0,0,0,326,70,64,0,0,0,24,40,0,0,0,0,0,6,0,0,0,0,0,0,256,200,0,0,0,56,0,5,51,0,0,0,61,52,0,0,0,0,0,0,0,0,0,0,0,52,0,0,0,0,0,0,9,0,0,0,0,9,0,2,7,0,0,0,394,2,0,0,0,0,0,0,0,0,0,0,0,0,0,0,0,0,0,0,0,2,2,0,0,0,0,0,0,0,0,0,0,182,15,7,0,0,0,2,5,0,0,0,0,0,8,0,0,0,0,0,0,167,137,0,0,0,30,0,6,24,0,0,0,210,207,0,0,0,0,0,0,0,0,0,0,0,207,0,0,0,0,0,0,3,0,0,0,0,3,0,0,3,0,0,0
"G1900670","2010","IA","2","4","Iowa","19","Floyd County","067",,,,,,,,,,,,,,,"99999","99999","999",,,,,,,,,,,,,,,,,"1296631086","1942569","Floyd County","A","+43.0527410","-092.7873669","06","9",,16303,7989,79,116,113,118,104,113,102,96,110,119,97,102,109,106,118,128,135,120,122,97,74,88,62,79,76,85,80,92,81,88,93,81,62,75,81,85,89,89,89,97,75,87,99,85,101,104,126,118,132,124,126,112,121,120,104,124,111,127,103,113,103,114,119,89,79,80,85,92,78,94,72,64,67,56,64,59,51,50,38,49,50,52,40,48,45,33,22,31,18,14,15,15,10,8,6,6,3,0,5,1,2,0,0,8314,98,97,105,118,98,94,71,115,106,108,102,107,112,97,114,126,112,126,95,78,79,66,63,75,100,83,69,85,74,66,92,90,82,82,85,76,79,89,92,99,92,105,82,105,106,91,120,117,116,134,123,118,122,108,98,130,108,123,124,110,127,99,113,100,98,93,93,78,90,93,64,86,79,74,77,73,70,57,52,57,70,50,65,67,63,62,41,39,48,30,37,28,31,22,23,8,8,5,1,4,2,0,0,15999,7879,530,540,532,379,219,69,88,206,425,391,446,441,596,576,567,216,284,164,264,317,238,224,167,8120,516,492,523,364,173,77,66,229,373,428,432,486,573,567,590,225,306,184,254,369,300,288,305,304,110,4,4,0,0,0,0,0,0,0,4,4,0,0,0,0,0,0,0,0,0,0,0,0,0,0,0,0,0,0,0,0,0,57,31,0,0,0,0,0,0,0,14,14,0,0,17,0,0,0,0,0,0,26,0,0,0,0,26,0,13,13,0,0,0,49,49,0,0,0,0,0,0,0,0,0,0,0,49,0,0,0,0,0,0,0,0,0,0,0,0,0,0,0,0,0,0,194,11,11,0,0,0,0,0,0,0,11,11,0,0,0,0,0,0,0,0,0,0,0,0,0,0,0,0,0,0,0,0,0,43,21,0,0,0,0,0,0,0,12,12,0,0,9,0,0,0,0,0,0,22,0,0,0,0,22,0,11,11,0,0,0,140,138,0,0,0,0,0,0,0,0,0,0,0,138,0,0,0,0,0,0,2,0,0,0,0,2,0,0,2,0,0,0
"G1900690","2010","IA","2","4","Iowa","19","Franklin County","069",,,,,,,,,,,,,,,"99999","99999","999",,,,,,,,,,,,,,,,,"1507301318","1428932","Franklin County","A","+42.7365489","-093.2714247","06","9",,10680,5380,81,77,75,69,77,78,81,73,61,72,59,70,77,84,64,71,85,76,70,62,54,58,42,62,61,70,62,70,67,67,65,63,57,53,51,52,57,69,52,66,53,56,66,63,66,77,74,82,65,64,82,87,86,78,87,110,88,72,80,80,64,60,76,65,60,50,48,36,57,59,35,48,36,41,32,32,33,25,37,33,30,28,41,24,31,17,17,18,13,15,11,6,9,5,6,2,1,1,0,1,1,0,0,5300,50,48,75,61,59,76,57,65,73,80,75,62,57,65,77,70,89,78,58,41,43,41,43,48,43,57,61,63,42,46,61,57,48,57,60,45,61,46,52,56,61,64,56,65,76,61,60,79,76,82,87,79,73,85,97,83,75,86,68,60,77,59,73,60,54,55,56,63,42,48,48,44,58,51,27,44,51,43,46,43,52,30,32,36,41,48,32,31,30,29,20,7,12,12,11,7,2,2,1,1,3,0,0,10482,5312,379,365,354,232,132,54,58,165,335,289,296,303,359,419,425,123,197,98,151,187,150,142,99,5170,293,351,336,237,99,43,41,133,268,282,258,321,358,417,369,136,184,108,152,221,214,169,180,198,68,0,0,0,0,0,0,0,0,0,0,0,0,0,0,0,0,0,0,0,0,0,0,0,0,0,0,0,0,0,0,0,0,16,9,0,0,0,0,0,0,0,0,0,0,0,9,0,0,0,0,0,0,7,0,0,0,0,7,0,7,0,0,0,0,52,52,0,0,0,0,0,0,0,0,0,0,0,52,0,0,0,0,0,0,0,0,0,0,0,0,0,0,0,0,0,0,130,0,0,0,0,0,0,0,0,0,0,0,0,0,0,0,0,0,0,0,0,0,0,0,0,0,0,0,0,0,0,0,0,16,7,0,0,0,0,0,0,0,0,0,0,0,7,0,0,0,0,0,0,9,0,0,0,0,9,0,9,0,0,0,0,114,114,0,0,0,0,0,0,0,0,0,0,0,114,0,0,0,0,0,0,0,0,0,0,0,0,0,0,0,0,0,0
"G1900710","2010","IA","2","4","Iowa","19","Fremont County","071",,,,,,,,,,,,,,,"99999","99999","999",,,,,,,,,,,,,,,,,"1323872918","14214133","Fremont County","A","+40.7437257","-095.5995159","06","9",,7441,3695,45,52,39,41,56,38,54,41,50,39,47,50,49,42,45,70,53,58,55,32,35,39,36,34,34,38,31,34,35,35,36,51,34,32,34,44,35,46,39,54,33,47,34,47,38,49,51,58,54,59,54,63,68,82,46,60,57,59,66,56,47,59,60,54,42,47,31,43,43,36,28,23,29,36,20,29,34,28,19,25,16,24,18,22,12,13,11,14,6,8,7,7,5,4,1,1,0,0,0,0,0,0,0,3746,49,46,49,43,50,36,38,40,40,46,46,55,46,37,54,51,44,60,47,33,20,26,31,27,32,31,31,34,34,37,36,49,29,39,37,38,33,43,40,45,49,27,30,40,49,48,47,51,75,51,62,52,59,77,50,66,71,43,71,50,53,68,53,61,25,43,46,35,40,31,38,32,37,26,28,33,36,34,24,38,28,28,32,20,36,23,20,17,14,17,14,9,6,10,6,5,5,1,2,0,2,0,0,7306,3640,233,222,233,181,86,34,38,104,171,183,215,197,268,310,297,106,156,78,121,134,128,85,60,3666,237,200,238,155,80,20,26,87,167,189,198,195,270,300,299,120,139,89,104,157,158,133,105,135,55,0,0,0,0,0,0,0,0,0,0,0,0,0,0,0,0,0,0,0,0,0,0,0,0,0,0,0,0,0,0,0,0,21,9,7,0,0,0,7,0,0,0,0,0,0,2,0,0,0,0,0,0,12,0,0,0,0,12,0,0,12,0,0,0,34,34,0,0,0,0,0,0,0,0,0,0,0,34,0,0,0,0,0,0,0,0,0,0,0,0,0,0,0,0,0,0,80,0,0,0,0,0,0,0,0,0,0,0,0,0,0,0,0,0,0,0,0,0,0,0,0,0,0,0,0,0,0,0,0,10,3,0,0,0,0,0,0,0,0,0,0,0,3,0,0,0,0,0,0,7,0,0,0,0,7,0,0,7,0,0,0,70,70,0,0,0,0,0,0,0,0,0,0,0,70,0,0,0,0,0,0,0,0,0,0,0,0,0,0,0,0,0,0
"G1900730","2010","IA","2","4","Iowa","19","Greene County","073",,,,,,,,,,,,,,,"99999","99999","999",,,,,,,,,,,,,,,,,"1475188829","4249897","Greene County","A","+42.0424940","-094.3887028","06","9",,9336,4613,41,70,46,63,61,55,56,72,62,52,74,77,55,77,53,54,86,90,66,39,40,43,39,50,38,45,50,49,49,56,54,35,45,58,34,49,35,44,39,47,61,50,47,54,53,64,73,64,72,70,84,78,65,72,90,70,74,75,80,66,65,70,59,62,49,42,52,39,41,34,42,47,39,39,38,28,26,18,38,21,27,28,29,29,14,28,18,12,14,10,12,4,3,6,6,5,5,1,0,3,0,0,0,4723,47,47,47,56,42,49,55,62,48,73,53,62,64,62,61,54,62,68,55,34,38,29,36,34,35,50,42,42,45,44,44,37,47,36,42,40,33,38,53,52,52,52,43,59,50,61,84,71,71,77,75,72,85,79,77,76,82,59,65,72,56,63,58,62,51,47,50,55,40,51,44,53,53,34,44,41,41,42,51,46,51,29,45,43,29,38,35,21,23,26,22,20,11,23,12,9,6,7,5,2,3,1,0,9194,4573,281,297,336,230,105,40,43,126,249,224,213,264,341,386,361,134,169,93,114,205,130,114,118,4621,239,287,302,184,89,38,28,104,221,206,216,254,362,388,353,119,170,95,143,226,211,181,205,142,40,0,0,0,0,0,0,0,0,0,0,0,0,0,0,0,0,0,0,0,0,0,0,0,0,0,0,0,0,0,0,0,0,16,7,3,0,0,0,3,0,0,0,0,0,0,4,0,0,0,0,0,0,9,0,0,0,0,9,0,9,0,0,0,0,24,24,0,0,0,0,0,0,0,0,0,0,0,18,6,6,0,0,0,0,0,0,0,0,0,0,0,0,0,0,0,0,102,0,0,0,0,0,0,0,0,0,0,0,0,0,0,0,0,0,0,0,0,0,0,0,0,0,0,0,0,0,0,0,0,10,0,0,0,0,0,0,0,0,0,0,0,0,0,0,0,0,0,0,0,10,0,0,0,0,10,0,10,0,0,0,0,92,90,0,0,0,0,0,0,0,0,0,0,0,40,50,50,0,0,0,0,2,0,0,0,0,2,0,2,0,0,0,0
"G1900750","2010","IA","2","4","Iowa","19","Grundy County","075",,,,,,,,,,,,,,,"47940","99999","999",,,,,,,,,,,,,,,,,"1299805924","94406","Grundy County","A","+42.4033232","-092.7902613","06","1",,12453,6156,76,72,83,77,85,85,71,79,85,97,81,86,97,79,89,96,115,87,85,62,57,57,42,64,57,67,62,61,64,64,71,57,70,67,64,89,68,72,72,83,83,60,76,66,79,77,97,98,90,98,88,103,97,97,93,103,108,101,77,77,89,76,79,82,68,55,64,56,66,44,53,55,50,46,51,40,41,29,31,37,33,37,29,30,17,25,26,11,14,15,10,8,10,7,1,1,1,4,2,0,0,0,0,6297,77,81,80,85,70,72,69,84,77,72,65,79,83,82,78,85,107,79,84,42,50,44,50,62,50,61,61,61,62,67,55,72,59,74,68,58,66,57,84,71,64,75,88,86,70,76,98,93,94,95,115,93,93,102,109,84,83,92,81,86,77,72,94,75,76,57,61,64,58,49,62,58,58,62,47,53,47,46,42,53,50,45,58,46,43,33,30,31,39,32,25,24,13,15,11,8,5,2,2,4,10,0,0,12299,6117,393,417,432,298,147,57,57,163,318,329,384,364,460,478,466,165,229,116,164,252,174,141,113,6182,393,374,387,271,126,50,44,162,312,328,336,383,455,510,426,149,245,117,170,279,234,219,212,154,39,0,0,0,0,0,0,0,0,0,0,0,0,0,0,0,0,0,0,0,0,0,0,0,0,0,0,0,0,0,0,0,0,0,0,0,0,0,0,0,0,0,0,0,0,0,0,0,0,0,0,0,0,0,0,0,0,0,0,0,0,0,0,0,0,39,39,0,0,0,0,0,0,0,0,0,0,0,29,10,9,1,0,0,0,0,0,0,0,0,0,0,0,0,0,0,0,115,0,0,0,0,0,0,0,0,0,0,0,0,0,0,0,0,0,0,0,0,0,0,0,0,0,0,0,0,0,0,0,0,3,3,0,0,0,0,0,0,0,0,0,0,0,3,0,0,0,0,0,0,0,0,0,0,0,0,0,0,0,0,0,0,112,112,0,0,0,0,0,0,0,0,0,0,0,73,39,37,2,0,0,0,0,0,0,0,0,0,0,0,0,0,0,0
"G1900770","2010","IA","2","4","Iowa","19","Guthrie County","077",,,,,,,,,,,,,,,"19780","99999","218",,,,,,,,,,,,,,,,,"1529699184","6355537","Guthrie County","A","+41.6835728","-094.5012723","06","1",,10954,5443,55,60,71,60,61,61,93,84,66,77,101,78,82,97,61,97,72,94,79,40,34,34,38,42,42,53,48,43,51,46,61,57,46,73,60,52,60,50,53,80,65,63,50,72,80,94,77,88,93,110,105,80,74,83,86,91,80,90,94,82,75,66,79,71,35,73,64,59,59,53,42,43,52,46,47,45,26,42,34,31,36,30,32,23,20,15,20,8,12,5,11,5,4,5,2,0,1,1,0,1,1,0,0,5511,63,52,56,67,70,37,79,77,64,77,71,66,87,72,82,73,75,83,61,34,31,23,27,46,24,37,41,60,55,45,61,64,56,54,45,38,63,47,72,66,79,74,61,58,92,77,95,95,80,82,83,72,91,90,78,81,82,85,92,70,64,77,76,70,76,62,71,62,49,56,54,64,51,33,54,44,69,35,46,44,35,41,36,42,35,29,40,25,30,27,22,21,13,7,7,6,5,4,5,0,4,2,0,10784,5373,307,381,419,263,114,34,34,119,235,294,291,326,460,425,432,140,182,136,170,229,174,132,76,5411,308,334,378,231,95,31,23,97,237,280,286,361,428,413,410,138,220,131,167,248,233,173,189,170,70,0,0,0,0,0,0,0,0,0,0,0,0,0,0,0,0,0,0,0,0,0,0,0,0,0,0,0,0,0,0,0,0,39,6,6,0,0,0,6,0,0,0,0,0,0,0,0,0,0,0,0,0,33,0,0,0,0,33,0,4,29,0,0,0,31,28,0,0,0,0,0,0,0,0,0,0,0,27,1,0,0,1,0,0,3,0,0,0,0,3,0,0,3,0,0,0,100,0,0,0,0,0,0,0,0,0,0,0,0,0,0,0,0,0,0,0,0,0,0,0,0,0,0,0,0,0,0,0,0,11,6,1,0,0,0,1,0,0,0,0,0,0,4,1,0,0,1,0,0,5,0,0,0,0,5,0,0,5,0,0,0,89,85,0,0,0,0,0,0,0,0,0,0,0,85,0,0,0,0,0,0,4,0,0,0,0,4,0,0,4,0,0,0
"G1900790","2010","IA","2","4","Iowa","19","Hamilton County","079",,,,,,,,,,,,,,,"99999","99999","999",,,,,,,,,,,,,,,,,"1493777716","1965344","Hamilton County","A","+42.3907681","-093.7091980","06","9",,15673,7792,83,68,98,118,124,115,94,95,102,103,126,110,113,130,129,105,118,125,103,70,77,57,65,90,80,88,83,84,109,94,102,74,59,84,89,96,97,80,107,101,88,111,98,77,104,118,152,115,138,124,138,119,121,117,142,96,107,116,92,98,109,95,91,109,69,66,67,75,61,61,46,51,55,49,59,43,48,38,52,42,62,50,41,36,36,31,22,22,17,17,19,8,12,7,6,1,0,1,2,0,0,0,0,7881,93,90,114,76,108,89,102,95,95,98,104,132,114,105,92,99,103,104,89,59,72,61,61,65,71,77,73,74,83,79,94,93,77,86,95,90,83,83,84,88,111,83,96,86,96,126,109,109,128,113,142,112,127,102,120,113,126,111,99,98,108,93,91,106,94,80,56,68,75,68,63,50,59,77,85,59,63,60,66,77,49,67,54,44,54,60,41,41,43,39,29,26,13,15,5,13,11,7,5,5,4,1,0,15475,7718,491,508,608,348,173,76,56,234,454,405,477,477,646,634,508,204,269,131,195,254,212,214,144,7757,481,479,546,306,148,72,61,197,386,444,428,472,585,603,543,199,288,135,210,332,316,251,275,198,74,1,0,0,0,0,0,0,0,0,0,0,0,0,0,0,0,0,0,0,0,1,0,0,0,0,1,0,0,0,0,1,0,20,15,13,0,0,0,13,0,0,0,0,0,0,2,0,0,0,0,0,0,5,0,0,0,0,5,0,4,0,0,1,0,53,53,0,0,0,0,0,0,0,0,0,0,0,53,0,0,0,0,0,0,0,0,0,0,0,0,0,0,0,0,0,0,124,1,0,0,0,0,0,0,0,0,0,0,0,0,0,0,0,0,0,0,0,1,0,0,0,0,1,0,0,0,0,1,0,10,8,0,0,0,0,0,0,0,0,0,0,0,8,0,0,0,0,0,0,2,0,0,0,0,2,0,0,0,0,2,0,113,113,0,0,0,0,0,0,0,0,0,0,0,113,0,0,0,0,0,0,0,0,0,0,0,0,0,0,0,0,0,0
"G1900810","2010","IA","2","4","Iowa","19","Hancock County","081",,,,,,,,,,,,,,,"99999","99999","999",,,,,,,,,,,,,,,,,"1478894985","5265572","Hancock County","A","+43.0754105","-093.7436965","06","9",,11341,5656,52,75,55,85,76,67,82,91,72,72,81,99,78,82,77,77,77,82,68,45,50,33,44,48,44,53,77,68,67,71,52,58,66,65,51,63,55,59,65,57,69,58,43,69,60,83,97,100,95,85,83,110,84,97,110,99,78,109,95,111,71,76,80,89,45,54,53,62,48,67,34,51,44,39,48,50,33,29,35,28,22,31,32,22,25,24,20,19,5,9,11,5,6,3,2,4,0,4,1,0,1,0,0,5685,73,56,69,74,69,73,64,59,68,74,71,52,83,60,77,78,93,85,62,31,47,50,39,51,51,45,75,43,51,61,49,63,53,64,65,51,62,58,61,51,45,69,49,70,62,72,90,93,92,109,110,84,90,86,95,112,79,78,76,67,76,69,85,69,52,56,71,45,37,44,57,55,60,55,47,50,43,40,41,42,37,44,50,37,36,38,41,29,37,28,36,15,11,17,15,10,11,6,0,1,3,0,0,11156,5585,343,384,417,236,112,50,33,135,335,290,298,296,457,483,482,144,209,105,175,210,168,123,100,5571,341,338,343,256,93,47,50,141,274,293,282,292,451,463,406,144,203,124,123,267,211,191,238,185,71,0,0,0,0,0,0,0,0,0,0,0,0,0,0,0,0,0,0,0,0,0,0,0,0,0,0,0,0,0,0,0,0,31,11,3,0,0,0,3,0,0,0,0,0,0,8,0,0,0,0,0,0,20,0,0,0,0,20,0,20,0,0,0,0,40,33,0,0,0,0,0,0,0,0,0,0,0,33,0,0,0,0,0,0,7,0,0,0,0,7,0,7,0,0,0,0,114,0,0,0,0,0,0,0,0,0,0,0,0,0,0,0,0,0,0,0,0,0,0,0,0,0,0,0,0,0,0,0,0,23,3,0,0,0,0,0,0,0,0,0,0,0,3,0,0,0,0,0,0,20,0,0,0,0,20,0,20,0,0,0,0,91,88,0,0,0,0,0,0,0,0,0,0,0,88,0,0,0,0,0,0,3,0,0,0,0,3,0,3,0,0,0,0
"G1900830","2010","IA","2","4","Iowa","19","Hardin County","083",,,,,,,,,,,,,,,"99999","99999","999",,,,,,,,,,,,,,,,,"1474498672","1773894","Hardin County","A","+42.3899554","-093.2410810","06","9",,17534,8717,95,110,97,115,105,97,102,109,102,115,111,120,116,101,144,134,164,189,156,168,156,109,80,77,78,88,88,93,93,104,108,93,92,66,74,95,78,70,97,100,121,94,78,104,96,95,111,127,124,113,124,139,147,149,147,135,138,134,136,106,107,102,107,107,73,76,94,90,84,71,71,75,61,67,73,57,59,57,54,65,56,53,56,33,38,44,34,26,27,22,17,17,15,8,6,3,1,1,2,1,0,0,0,8817,86,114,112,103,121,101,80,102,117,117,125,96,96,105,110,118,109,110,108,107,90,68,75,73,82,81,82,93,95,97,99,79,55,78,80,89,72,85,90,85,78,81,101,96,102,125,112,147,140,111,134,122,149,114,153,124,114,131,114,108,96,128,108,91,92,86,93,92,114,94,104,87,67,86,96,80,76,78,88,68,81,64,74,68,74,60,55,53,52,36,49,41,26,28,23,18,13,15,9,3,10,0,0,16664,8185,522,525,584,357,180,94,85,218,448,419,434,485,567,703,648,206,286,170,241,339,276,224,174,8479,536,517,531,329,166,65,65,225,444,391,420,456,634,669,590,222,290,176,294,429,376,323,331,870,532,138,137,0,0,0,0,0,0,0,137,0,0,137,0,0,0,0,0,0,0,1,1,0,0,0,0,0,0,0,0,0,0,304,70,57,57,0,0,0,0,0,8,0,0,8,5,0,0,0,0,0,0,234,229,0,0,0,5,0,5,0,0,0,0,90,87,0,0,0,0,0,0,0,0,0,0,0,87,0,0,0,0,0,0,3,0,0,0,0,3,0,3,0,0,0,0,338,9,8,0,0,0,0,0,0,0,8,6,0,2,0,0,0,0,0,0,0,1,0,0,0,0,1,0,1,0,0,0,0,97,13,5,5,0,0,0,0,0,1,1,0,0,7,0,0,0,0,0,0,84,81,0,0,0,3,0,3,0,0,0,0,232,232,0,0,0,0,0,0,0,0,0,0,0,232,0,0,0,0,0,0,0,0,0,0,0,0,0,0,0,0,0,0
"G1900850","2010","IA","2","4","Iowa","19","Harrison County","085",,,,,,,,,,,,,,,"36540","99999","420",,,,,,,,,,,,,,,,,"1804827800","12417759","Harrison County","A","+41.6885844","-095.8271491","06","1",,14928,7348,87,91,105,106,96,75,91,89,96,92,97,96,112,96,129,111,103,134,106,68,68,61,60,73,79,76,73,62,65,80,81,78,67,76,64,103,94,88,87,97,95,93,79,89,97,90,123,122,136,131,122,124,132,115,131,118,113,97,107,106,101,110,105,94,60,65,85,73,58,67,72,64,46,54,48,42,45,46,40,31,34,34,31,34,22,28,27,21,12,14,15,10,8,5,3,1,3,3,2,2,1,0,0,7580,100,85,103,82,73,88,106,88,88,113,116,92,91,99,112,117,118,118,95,77,52,59,60,56,71,79,60,56,75,77,81,71,76,88,84,91,79,86,73,104,87,81,88,85,103,115,129,122,110,137,119,130,126,121,127,102,90,102,102,120,91,78,103,93,67,69,81,74,87,76,61,66,63,57,56,57,53,63,58,47,46,35,48,44,50,46,41,49,28,33,24,21,14,14,13,14,12,5,2,1,5,0,0,14645,7257,485,443,530,348,173,67,61,208,353,366,465,453,600,622,535,210,254,147,193,280,197,142,125,7388,443,483,510,349,170,52,59,187,347,392,433,443,607,620,511,168,258,150,233,293,257,203,220,283,91,0,0,0,0,0,0,0,0,0,0,0,0,0,0,0,0,0,0,0,0,0,0,0,0,0,0,0,0,0,0,0,0,29,16,7,0,0,0,7,0,0,0,0,0,0,9,0,0,0,0,0,0,13,0,0,0,0,13,0,8,5,0,0,0,62,62,0,0,0,0,0,0,0,0,0,0,0,62,0,0,0,0,0,0,0,0,0,0,0,0,0,0,0,0,0,0,192,4,0,0,0,0,0,0,0,0,0,0,0,0,0,0,0,0,0,0,0,4,0,0,0,0,4,0,0,0,0,0,4,31,13,0,0,0,0,0,0,0,0,0,0,0,13,0,0,0,0,0,0,18,0,0,0,0,18,0,4,0,0,0,14,157,151,0,0,0,0,0,0,0,0,0,0,0,151,0,0,0,0,0,0,6,0,0,0,0,6,0,0,0,0,0,6
"G1900870","2010","IA","2","4","Iowa","19","Henry County","087",,,,,,,,,,,,,,,"99999","99999","999",,,,,,,,,,,,,,,,,"1124904348","5780284","Henry County","A","+40.9858640","-091.5442697","06","9",,20145,10310,133,116,120,130,130,138,134,131,127,132,133,151,155,143,130,137,126,181,133,167,128,128,144,136,132,151,132,149,122,137,126,123,127,121,115,127,116,138,117,118,144,155,110,154,141,138,146,186,152,160,160,171,153,154,134,149,140,149,117,123,157,144,135,119,100,86,105,89,80,75,85,80,65,66,57,45,42,38,43,56,53,35,29,42,41,29,36,22,14,19,13,15,5,9,4,4,1,2,0,0,0,0,0,9835,100,114,99,115,113,107,113,136,115,126,132,129,148,122,147,156,135,115,128,98,148,109,121,116,92,98,117,96,105,107,103,106,102,112,101,117,118,97,132,133,115,134,111,137,125,140,151,123,137,145,145,145,144,144,135,138,133,132,125,116,146,143,121,131,98,90,104,92,87,75,89,80,68,74,79,80,58,68,65,58,66,60,62,53,59,41,40,47,51,35,35,28,24,21,15,11,11,5,4,2,5,1,0,18591,9191,629,662,709,439,205,79,78,277,537,487,515,601,697,712,630,284,338,185,234,347,212,185,149,9400,541,597,675,403,179,102,72,290,502,510,579,608,684,709,638,286,348,193,251,378,314,267,274,1554,1119,8,8,0,0,0,0,0,0,0,8,0,8,0,0,0,0,0,0,0,0,0,0,0,0,0,0,0,0,0,0,0,0,1038,826,815,0,0,811,4,0,0,0,0,0,0,11,0,0,0,0,0,0,212,194,0,0,0,18,0,1,17,0,0,0,73,73,21,0,0,21,0,0,0,0,0,0,0,52,0,0,0,0,0,0,0,0,0,0,0,0,0,0,0,0,0,0,435,6,6,0,0,0,0,0,0,0,6,0,6,0,0,0,0,0,0,0,0,0,0,0,0,0,0,0,0,0,0,0,0,263,88,76,0,0,74,2,0,0,0,0,0,0,12,0,0,0,0,0,0,175,165,0,0,0,10,0,2,8,0,0,0,166,155,0,0,0,0,0,0,0,0,0,0,0,155,0,0,0,0,0,0,11,0,0,0,0,11,0,9,2,0,0,0
"G1900890","2010","IA","2","4","Iowa","19","Howard County","089",,,,,,,,,,,,,,,"99999","99999","999",,,,,,,,,,,,,,,,,"1225706425","927963","Howard County","A","+43.3653125","-092.3219084","06","9",,9566,4746,67,77,65,76,73,77,76,49,64,68,67,73,64,66,56,76,77,77,65,33,28,36,27,53,56,52,48,57,52,54,52,61,56,72,47,51,41,45,39,58,48,69,47,55,63,82,62,67,87,75,78,80,65,82,69,68,71,78,76,67,57,53,48,56,26,51,51,51,35,44,22,48,31,29,31,28,31,25,24,33,35,19,28,24,19,17,21,17,16,14,14,9,6,0,3,2,2,3,2,1,0,0,0,4820,64,65,66,76,61,63,49,71,72,61,65,48,72,59,72,64,70,66,63,38,57,36,45,38,47,52,45,50,62,55,47,54,60,43,50,38,31,52,44,48,63,42,52,55,67,72,75,69,65,60,75,74,76,78,75,69,41,58,65,59,39,49,59,52,51,53,47,50,40,45,45,36,42,40,42,51,43,38,45,30,40,40,39,26,35,29,33,28,27,17,21,16,22,13,6,9,6,3,2,0,2,0,0,9353,4648,358,334,326,230,96,28,35,136,261,281,227,275,368,368,358,105,130,101,126,153,137,114,101,4705,331,316,316,200,101,57,35,129,262,252,213,276,340,374,290,88,159,98,132,198,199,163,176,213,98,0,0,0,0,0,0,0,0,0,0,0,0,0,0,0,0,0,0,0,0,0,0,0,0,0,0,0,0,0,0,0,0,44,13,6,0,0,0,6,0,0,0,0,0,0,7,0,0,0,0,0,0,31,0,0,0,0,31,0,6,25,0,0,0,54,46,0,0,0,0,0,0,0,0,0,0,0,45,1,0,0,1,0,0,8,0,0,0,0,8,0,8,0,0,0,0,115,1,1,0,0,0,0,0,0,0,0,0,0,0,0,1,0,1,0,0,0,0,0,0,0,0,0,0,0,0,0,0,0,19,8,3,0,0,0,3,0,0,0,0,0,0,3,2,0,2,0,0,0,11,0,0,0,0,11,0,2,9,0,0,0,95,84,0,0,0,0,0,0,0,0,0,0,0,83,1,0,1,0,0,0,11,0,0,0,0,11,0,11,0,0,0,0
"G1900910","2010","IA","2","4","Iowa","19","Humboldt County","091",,,,,,,,,,,,,,,"99999","99999","999",,,,,,,,,,,,,,,,,"1124967281","3406139","Humboldt County","A","+42.7822212","-094.2027754","06","9",,9815,4847,59,64,68,67,67,75,58,57,57,55,51,68,74,58,73,63,72,64,62,43,47,51,54,44,51,44,62,52,70,48,68,48,68,52,39,45,41,50,56,60,64,49,39,51,58,60,70,77,74,73,89,83,71,91,81,71,65,80,66,68,66,54,71,55,33,53,52,45,53,43,31,44,23,35,43,47,39,26,37,42,38,31,28,32,28,16,18,21,20,6,8,5,5,5,5,3,0,0,0,0,1,0,0,4968,58,54,67,66,55,67,65,67,65,58,59,62,56,62,65,60,59,63,65,37,42,44,49,42,66,43,48,39,47,55,61,49,47,43,50,39,50,40,47,44,53,56,47,48,64,65,71,80,69,86,86,86,94,69,93,58,86,67,58,58,64,50,59,57,51,48,33,64,53,43,45,49,49,47,47,47,27,49,45,46,51,43,29,42,37,35,29,32,29,19,16,15,12,15,10,9,3,7,2,3,7,1,0,9682,4807,325,302,324,199,105,47,51,149,276,275,252,261,354,415,348,120,159,103,140,176,182,146,98,4875,300,322,304,182,102,42,44,157,232,250,220,268,371,428,325,113,166,81,159,236,208,185,180,133,40,0,0,0,0,0,0,0,0,0,0,0,0,0,0,0,0,0,0,0,0,0,0,0,0,0,0,0,0,0,0,0,0,2,2,0,0,0,0,0,0,0,0,0,0,0,2,0,0,0,0,0,0,0,0,0,0,0,0,0,0,0,0,0,0,38,38,1,0,0,0,1,0,0,0,0,0,0,27,10,0,10,0,0,0,0,0,0,0,0,0,0,0,0,0,0,0,93,0,0,0,0,0,0,0,0,0,0,0,0,0,0,0,0,0,0,0,0,0,0,0,0,0,0,0,0,0,0,0,0,4,4,0,0,0,0,0,0,0,0,0,0,0,4,0,0,0,0,0,0,0,0,0,0,0,0,0,0,0,0,0,0,89,89,0,0,0,0,0,0,0,0,0,0,0,72,17,0,17,0,0,0,0,0,0,0,0,0,0,0,0,0,0,0
"G1900930","2010","IA","2","4","Iowa","19","Ida County","093",,,,,,,,,,,,,,,"99999","99999","999",,,,,,,,,,,,,,,,,"1117599646","1406468","Ida County","A","+42.3918601","-095.5074206","06","9",,7089,3539,63,49,49,50,53,43,58,54,52,45,46,34,50,56,46,53,57,47,34,22,19,24,41,34,32,39,35,40,44,42,51,33,32,39,35,31,32,28,36,44,39,30,41,39,38,37,42,51,54,63,60,63,54,60,65,61,39,60,49,56,75,45,40,45,35,41,36,21,38,30,23,24,33,29,28,33,19,25,26,24,22,20,25,18,21,16,19,14,13,4,8,6,2,0,1,2,2,1,1,1,0,0,0,3550,44,46,42,51,42,36,35,39,46,47,41,35,56,52,39,45,50,47,44,26,22,22,25,23,50,31,34,42,40,37,35,20,39,37,35,34,25,40,25,35,31,32,36,41,54,40,46,51,62,51,55,42,58,69,58,61,41,57,51,48,39,46,45,46,37,27,47,31,26,36,23,25,34,32,40,35,34,28,37,30,34,39,32,31,24,35,22,22,22,8,20,14,13,8,8,7,8,2,1,1,2,1,0,6967,3499,264,252,232,157,56,19,24,107,200,190,171,187,247,302,263,119,118,77,89,133,120,99,73,3468,225,203,223,142,70,22,22,98,184,166,159,194,250,282,256,85,128,73,93,150,158,151,134,122,40,0,0,0,0,0,0,0,0,0,0,0,0,0,0,0,0,0,0,0,0,0,0,0,0,0,0,0,0,0,0,0,0,5,5,0,0,0,0,0,0,0,0,0,0,0,5,0,0,0,0,0,0,0,0,0,0,0,0,0,0,0,0,0,0,35,35,0,0,0,0,0,0,0,0,0,0,0,35,0,0,0,0,0,0,0,0,0,0,0,0,0,0,0,0,0,0,82,0,0,0,0,0,0,0,0,0,0,0,0,0,0,0,0,0,0,0,0,0,0,0,0,0,0,0,0,0,0,0,0,2,2,0,0,0,0,0,0,0,0,0,0,0,2,0,0,0,0,0,0,0,0,0,0,0,0,0,0,0,0,0,0,80,80,0,0,0,0,0,0,0,0,0,0,0,80,0,0,0,0,0,0,0,0,0,0,0,0,0,0,0,0,0,0
"G1900950","2010","IA","2","4","Iowa","19","Iowa County","095",,,,,,,,,,,,,,,"99999","99999","999",,,,,,,,,,,,,,,,,"1518916014","2686847","Iowa County","A","+41.6839184","-092.0591226","06","9",,16355,8069,100,91,108,93,101,117,102,108,110,99,107,104,111,132,143,122,143,146,119,48,76,55,63,82,62,70,77,94,89,96,105,79,101,99,67,90,86,92,90,111,102,100,108,115,129,120,123,125,147,148,156,143,148,125,133,128,120,128,135,117,107,109,79,101,60,72,64,60,69,60,63,57,58,49,52,71,40,53,52,35,33,40,39,23,25,27,26,17,15,19,15,13,4,11,2,5,2,1,1,0,2,0,0,8286,91,99,87,118,112,74,115,111,107,109,100,115,101,137,112,136,134,122,111,66,58,58,71,65,81,66,71,68,99,88,96,81,84,89,83,86,74,97,115,108,109,104,92,129,103,112,133,115,158,138,143,138,140,146,126,122,141,93,109,90,70,95,87,90,72,61,72,64,64,64,81,80,70,55,79,55,59,66,63,63,65,55,45,54,49,61,31,39,34,45,32,31,21,21,10,15,8,13,6,0,5,0,0,16065,7974,489,534,593,411,165,73,55,204,421,447,465,550,663,702,621,215,238,134,189,277,241,151,136,8091,502,514,561,392,173,54,58,215,390,430,477,533,653,693,553,164,247,131,192,359,297,246,257,290,95,10,0,0,0,0,0,0,0,0,0,0,0,0,0,0,0,0,0,0,0,10,0,0,0,0,10,0,0,0,0,10,0,38,24,19,0,0,0,19,0,0,0,0,0,0,5,0,0,0,0,0,0,14,0,0,0,0,14,0,0,0,0,14,0,47,47,0,0,0,0,0,0,0,0,0,0,0,47,0,0,0,0,0,0,0,0,0,0,0,0,0,0,0,0,0,0,195,11,0,0,0,0,0,0,0,0,0,0,0,0,0,0,0,0,0,0,0,11,0,0,0,0,11,0,0,0,0,11,0,30,14,12,0,0,0,12,0,0,0,0,0,0,2,0,0,0,0,0,0,16,0,0,0,0,16,0,0,0,0,16,0,154,154,0,0,0,0,0,0,0,0,0,0,0,154,0,0,0,0,0,0,0,0,0,0,0,0,0,0,0,0,0,0
"G1900970","2010","IA","2","4","Iowa","19","Jackson County","097",,,,,,,,,,,,,,,"99999","99999","999",,,,,,,,,,,,,,,,,"1647332960","35141529","Jackson County","A","+42.1642812","-090.5745965","06","9",,19848,9846,111,113,112,103,105,124,117,120,134,147,146,134,158,148,151,150,149,142,161,103,75,87,84,95,90,92,105,96,102,109,102,106,87,94,110,106,112,88,96,119,134,111,108,143,151,160,154,146,182,177,174,155,158,165,157,164,170,133,159,122,121,137,123,128,103,113,110,90,107,73,93,100,67,81,74,61,57,68,70,68,54,46,38,36,35,35,30,26,27,14,15,7,9,8,7,1,4,1,0,1,2,0,0,10002,91,104,119,133,131,106,97,131,123,142,123,119,133,111,145,139,141,153,138,77,81,88,76,86,75,105,91,110,87,90,96,102,100,77,105,94,103,93,112,115,131,131,118,136,139,158,156,168,162,168,184,151,183,150,153,149,139,121,155,127,121,118,118,147,112,114,120,113,101,107,75,89,87,72,74,88,96,94,68,82,62,82,63,58,41,57,44,45,42,29,31,35,20,19,12,12,10,3,8,1,10,1,0,19647,9775,544,642,737,441,264,75,87,267,504,499,517,646,814,806,745,258,350,222,263,412,317,201,164,9872,578,599,631,433,215,80,88,237,482,478,516,655,808,819,688,239,375,229,319,394,414,291,304,201,71,0,0,0,0,0,0,0,0,0,0,0,0,0,0,0,0,0,0,0,0,0,0,0,0,0,0,0,0,0,0,0,0,22,13,5,0,0,0,5,0,0,0,0,0,0,8,0,0,0,0,0,0,9,0,0,0,0,9,0,9,0,0,0,0,49,49,0,0,0,0,0,0,0,0,0,0,0,49,0,0,0,0,0,0,0,0,0,0,0,0,0,0,0,0,0,0,130,0,0,0,0,0,0,0,0,0,0,0,0,0,0,0,0,0,0,0,0,0,0,0,0,0,0,0,0,0,0,0,0,16,5,0,0,0,0,0,0,0,0,0,0,0,5,0,0,0,0,0,0,11,0,0,0,0,11,0,11,0,0,0,0,114,112,0,0,0,0,0,0,0,0,0,0,0,112,0,0,0,0,0,0,2,0,0,0,0,2,0,2,0,0,0,0
"G1900990","2010","IA","2","4","Iowa","19","Jasper County","099",,,,,,,,,,,,,,,"35500","99999","218",,,,,,,,,,,,,,,,,"1891779160","6565706","Jasper County","A","+41.6856863","-093.0529712","06","2",,36842,18764,200,224,240,225,245,242,238,247,237,265,233,231,250,282,246,233,267,268,254,190,194,177,195,193,210,239,241,236,243,246,271,224,258,234,207,227,238,239,264,292,267,256,228,260,246,296,292,295,315,308,312,303,318,312,315,280,261,264,261,213,216,232,238,242,185,195,189,174,126,131,129,117,121,134,104,109,106,86,92,89,110,79,84,65,78,53,35,32,38,31,22,17,10,12,7,8,14,3,2,1,1,0,0,18078,199,200,201,202,226,244,238,217,244,222,252,204,218,206,248,242,232,249,219,131,149,146,151,187,186,196,189,180,208,218,221,187,197,177,195,172,200,203,210,221,247,219,235,236,267,241,270,307,290,312,281,276,290,280,276,254,217,247,265,273,236,221,253,224,189,176,189,196,159,148,168,167,152,155,146,125,120,131,131,112,142,123,103,110,103,98,89,64,61,49,64,53,33,32,26,10,14,13,7,6,9,1,0,35194,17385,1134,1229,1238,765,420,173,150,498,1016,973,1061,1095,1341,1452,1227,439,652,372,424,600,470,404,252,17809,1028,1165,1128,721,349,149,144,511,982,968,997,1199,1408,1384,1247,454,664,358,496,780,603,551,523,1648,1379,7,0,0,0,0,0,0,0,0,0,0,0,0,0,0,0,0,0,0,0,7,0,0,0,0,7,7,0,0,0,0,0,1290,1204,1170,0,0,1135,35,0,0,0,0,0,0,34,0,0,0,0,0,0,86,0,0,0,0,86,2,64,5,0,15,0,82,82,20,0,0,20,0,0,0,0,0,0,0,62,0,0,0,0,0,0,0,0,0,0,0,0,0,0,0,0,0,0,269,2,0,0,0,0,0,0,0,0,0,0,0,0,0,0,0,0,0,0,0,2,0,0,0,0,2,2,0,0,0,0,0,93,35,7,0,0,0,7,0,0,0,0,0,0,28,0,0,0,0,0,0,58,0,0,0,0,58,0,30,28,0,0,0,174,168,0,0,0,0,0,0,0,0,0,0,0,167,1,0,0,1,0,0,6,0,0,0,0,6,0,6,0,0,0,0
"G1901010","2010","IA","2","4","Iowa","19","Jefferson County","101",,,,,,,,,,,,,,,"99999","99999","999",,,,,,,,,,,,,,,,,"1127964789","3538407","Jefferson County","A","+41.0068799","-091.9671367","06","9",,16843,8997,69,84,88,83,81,78,82,84,88,83,81,79,93,108,103,96,95,116,110,85,103,302,290,237,197,178,138,170,119,125,127,96,87,108,92,97,82,84,86,97,97,77,71,78,85,89,100,94,113,113,108,125,136,129,152,176,176,173,219,192,213,161,177,142,124,90,76,93,54,54,64,51,43,45,46,48,34,27,31,32,25,33,30,35,27,24,22,24,8,11,10,4,8,8,6,4,2,2,2,1,2,0,0,7846,64,75,74,62,82,87,81,79,74,71,85,98,74,73,98,99,95,104,85,59,74,89,86,72,88,80,80,91,93,78,102,64,70,83,69,77,66,83,101,77,75,85,83,89,73,100,111,86,116,140,119,110,132,129,156,169,152,161,183,157,179,170,166,151,87,109,93,94,61,48,58,53,62,49,37,48,47,50,58,44,55,43,43,40,45,45,26,37,43,26,25,20,13,15,13,6,6,4,3,2,4,0,0,15112,7562,405,413,464,304,168,62,83,245,430,410,386,389,498,627,888,343,420,156,194,245,167,142,123,7550,357,392,423,296,134,69,80,204,400,377,395,400,545,632,802,342,388,199,198,249,239,203,226,1731,1435,5,0,0,0,0,0,0,0,0,0,0,0,0,0,0,0,0,0,0,0,5,0,0,0,0,5,0,0,0,0,5,0,1381,10,8,0,0,0,8,0,0,0,0,0,0,2,0,0,0,0,0,0,1371,1238,0,0,0,133,0,5,0,0,128,0,49,32,0,0,0,0,0,0,0,0,0,0,0,32,0,0,0,0,0,0,17,0,0,0,0,17,0,0,0,0,17,0,296,7,0,0,0,0,0,0,0,0,0,0,0,0,0,0,0,0,0,0,0,7,1,0,0,0,6,0,0,0,0,6,0,178,9,1,0,0,0,1,0,0,0,0,0,0,8,0,0,0,0,0,0,169,116,0,0,0,53,0,4,0,0,49,0,111,99,0,0,0,0,0,0,0,0,0,0,0,99,0,0,0,0,0,0,12,0,0,0,0,12,0,0,0,0,12,0
"G1901030","2010","IA","2","4","Iowa","19","Johnson County","103",,,,,,,,,,,,,,,"26980","99999","999",,,,,,,,,,,,,,,,,"1590355537","23595204","Johnson County","A","+41.6687365","-091.5888122","06","1",,130882,65462,887,835,829,820,795,732,778,736,717,726,715,670,683,722,642,681,642,669,1139,2198,2530,2484,2323,1854,1598,1600,1480,1241,1212,1193,1132,1051,1005,929,855,887,734,717,780,823,815,797,762,698,651,761,736,729,705,746,808,703,782,762,711,772,713,695,717,662,668,596,534,588,445,383,400,358,336,272,258,268,224,221,200,198,164,157,164,172,121,129,131,99,95,89,77,87,62,43,41,31,19,21,10,11,4,10,6,0,1,0,0,65420,810,773,799,781,746,763,744,690,716,684,694,639,680,633,635,573,629,650,1312,2427,2492,2542,2128,1631,1470,1413,1327,1230,1150,1144,1097,911,930,841,755,754,664,710,757,790,765,707,718,687,740,791,716,735,730,799,809,786,768,775,776,766,771,792,777,664,707,591,614,601,372,415,407,390,334,323,282,297,249,227,291,252,208,211,202,214,210,201,194,203,152,158,145,134,128,91,91,89,59,52,48,32,9,18,13,6,13,1,0,123025,61434,4161,3687,3430,1977,1530,1952,2275,5525,6509,4814,3818,3591,3551,3656,3482,1230,1550,765,952,1141,829,549,460,61591,3905,3597,3277,1839,1443,1857,2279,5137,6225,4503,3653,3598,3748,3891,3746,1286,1575,818,1036,1327,1046,902,903,7857,4028,24,15,3,0,0,3,0,0,0,7,7,0,0,0,5,0,5,0,0,0,9,8,0,0,0,1,1,0,0,0,0,0,3838,987,952,0,0,838,61,53,0,0,0,0,0,19,16,4,12,0,0,0,2851,2651,0,0,0,200,27,36,40,0,2,95,166,149,30,0,0,30,0,0,0,0,0,0,0,112,7,0,7,0,0,0,17,0,0,0,0,17,0,0,5,0,3,9,3829,21,8,0,0,0,0,0,0,0,3,3,0,0,0,5,0,5,0,0,0,13,11,0,0,0,2,2,0,0,0,0,0,3491,113,68,0,0,57,11,0,0,1,1,0,0,33,11,7,4,0,0,0,3378,3290,0,0,0,88,7,26,34,0,0,21,317,296,0,0,0,0,0,0,0,0,0,0,0,287,9,0,7,2,0,0,21,0,0,0,0,21,0,0,9,0,12,0
"G1901050","2010","IA","2","4","Iowa","19","Jones County","105",,,,,,,,,,,,,,,"16300","99999","999",,,,,,,,,,,,,,,,,"1490851138","3582593","Jones County","A","+42.1251175","-091.1169141","06","1",,20638,10713,107,103,129,121,150,134,123,137,122,121,124,142,132,124,116,153,157,148,133,91,104,104,92,125,140,109,115,122,135,149,136,136,150,130,155,115,112,135,143,135,143,149,152,156,163,167,176,184,192,206,175,187,160,160,168,183,143,176,182,156,146,127,120,156,100,90,88,111,98,88,82,72,79,76,73,71,65,62,57,53,44,49,50,37,41,34,31,18,29,19,11,9,14,11,8,2,1,2,1,0,1,0,0,9925,111,127,126,115,121,119,127,125,128,119,131,135,106,134,127,137,143,152,109,80,83,70,88,71,90,105,114,90,102,109,117,106,103,123,104,95,107,91,138,121,95,145,106,129,112,153,146,158,165,176,140,152,161,139,154,146,135,130,154,135,123,131,151,119,92,90,90,107,99,79,89,77,81,92,85,78,70,61,90,59,80,57,59,87,55,55,48,43,57,36,30,29,32,11,15,12,10,6,2,6,2,0,0,19334,9594,610,637,638,457,206,88,83,263,488,553,514,606,785,765,777,261,358,169,285,377,298,210,166,9740,600,618,630,420,189,82,70,247,520,551,552,586,794,744,693,254,361,180,284,416,342,310,297,1304,1119,1,1,0,0,0,0,0,0,0,1,0,1,0,0,0,0,0,0,0,0,0,0,0,0,0,0,0,0,0,0,0,0,1046,1025,1021,0,0,1016,5,0,0,0,0,0,0,4,0,0,0,0,0,0,21,0,0,0,0,21,0,6,15,0,0,0,72,72,27,0,0,27,0,0,0,0,0,0,0,45,0,0,0,0,0,0,0,0,0,0,0,0,0,0,0,0,0,0,185,15,15,0,0,0,0,0,0,0,15,0,15,0,0,0,0,0,0,0,0,0,0,0,0,0,0,0,0,0,0,0,0,20,5,2,0,0,0,2,0,0,0,0,0,0,3,0,0,0,0,0,0,15,0,0,0,0,15,0,0,15,0,0,0,150,150,0,0,0,0,0,0,0,0,0,0,0,150,0,0,0,0,0,0,0,0,0,0,0,0,0,0,0,0,0,0
"G1901070","2010","IA","2","4","Iowa","19","Keokuk County","107",,,,,,,,,,,,,,,"99999","99999","999",,,,,,,,,,,,,,,,,"1500067240","1929331","Keokuk County","A","+41.3311823","-092.1677213","06","9",,10511,5226,56,63,53,73,71,72,65,77,73,79,59,88,62,69,69,74,70,69,74,56,48,60,48,49,49,76,57,54,50,59,69,56,57,46,48,61,61,48,51,64,58,58,60,63,69,68,75,69,91,96,85,103,94,87,96,80,86,78,71,71,77,69,56,71,46,45,58,42,61,46,48,39,35,43,31,33,32,41,30,35,38,24,27,26,28,22,16,13,7,10,11,12,4,3,1,0,1,1,1,1,1,0,0,5285,61,59,63,57,54,60,56,65,64,59,75,70,70,72,62,83,78,92,74,38,36,44,36,40,42,70,52,64,53,60,50,53,60,46,54,42,40,48,75,60,55,52,63,49,62,72,81,82,93,90,92,78,71,93,93,72,88,66,64,71,52,55,88,60,51,43,49,71,60,46,46,41,40,52,45,49,50,47,54,48,43,27,39,33,20,35,37,19,31,25,15,28,16,13,9,5,4,6,1,4,4,0,0,10371,5185,316,366,347,213,129,48,60,144,296,275,283,306,397,465,386,144,173,101,147,193,169,138,89,5186,294,304,349,253,111,36,44,118,299,262,264,279,416,422,358,107,198,92,176,222,241,153,188,140,41,0,0,0,0,0,0,0,0,0,0,0,0,0,0,0,0,0,0,0,0,0,0,0,0,0,0,0,0,0,0,0,0,12,2,2,0,0,0,2,0,0,0,0,0,0,0,0,0,0,0,0,0,10,0,0,0,0,10,0,10,0,0,0,0,29,29,0,0,0,0,0,0,0,0,0,0,0,29,0,0,0,0,0,0,0,0,0,0,0,0,0,0,0,0,0,0,99,0,0,0,0,0,0,0,0,0,0,0,0,0,0,0,0,0,0,0,0,0,0,0,0,0,0,0,0,0,0,0,0,16,9,0,0,0,0,0,0,0,0,0,0,0,9,0,0,0,0,0,0,7,0,0,0,0,7,0,7,0,0,0,0,83,83,0,0,0,0,0,0,0,0,0,0,0,83,0,0,0,0,0,0,0,0,0,0,0,0,0,0,0,0,0,0
"G1901090","2010","IA","2","4","Iowa","19","Kossuth County","109",,,,,,,,,,,,,,,"99999","99999","999",,,,,,,,,,,,,,,,,"2519332852","4154729","Kossuth County","A","+43.2124777","-094.2139830","06","9",,15543,7708,95,89,94,105,116,91,81,103,90,84,102,104,81,113,112,119,116,113,101,62,49,72,55,68,85,68,81,72,76,84,78,72,73,78,67,67,53,82,57,92,80,76,78,93,92,93,104,133,128,134,140,146,143,141,155,133,137,121,110,99,116,100,96,87,97,83,75,67,49,82,65,88,70,75,69,78,56,61,67,54,37,49,42,53,47,33,35,31,25,17,12,10,18,13,5,4,4,1,0,0,1,0,0,7835,67,75,91,82,88,101,101,91,99,94,103,87,103,90,107,129,113,126,97,41,33,48,57,60,55,67,74,96,71,81,66,57,75,59,81,69,62,70,65,75,84,79,84,91,88,106,101,107,124,123,115,142,151,115,135,127,114,123,130,83,99,125,94,89,77,70,73,95,79,82,90,86,88,87,81,80,76,69,69,61,68,72,68,67,72,46,50,48,47,35,28,30,22,21,16,8,10,10,7,4,8,0,0,15286,7634,499,449,512,347,161,48,71,205,380,366,347,415,590,722,600,215,279,156,198,365,312,217,180,7652,403,486,490,368,138,33,48,170,385,335,336,422,556,656,575,222,259,143,255,424,343,320,285,257,74,1,0,0,0,0,0,0,0,0,0,0,0,0,0,0,0,0,0,0,0,1,0,0,0,0,1,0,1,0,0,0,0,25,13,12,0,0,0,12,0,0,0,0,0,0,1,0,0,0,0,0,0,12,0,0,0,0,12,0,12,0,0,0,0,48,48,0,0,0,0,0,0,0,0,0,0,0,48,0,0,0,0,0,0,0,0,0,0,0,0,0,0,0,0,0,0,183,0,0,0,0,0,0,0,0,0,0,0,0,0,0,0,0,0,0,0,0,0,0,0,0,0,0,0,0,0,0,0,0,30,4,0,0,0,0,0,0,0,0,0,0,0,4,0,0,0,0,0,0,26,0,0,0,0,26,0,26,0,0,0,0,153,153,0,0,0,0,0,0,0,0,0,0,0,153,0,0,0,0,0,0,0,0,0,0,0,0,0,0,0,0,0,0
"G1901110","2010","IA","2","4","Iowa","19","Lee County","111",,,,,,,,,,,,,,,"22800","99999","999",,,,,,,,,,,,,,,,,"1340366450","55293745","Lee County","A","+40.6475875","-091.4771574","06","2",,35862,18131,246,187,209,250,218,201,197,203,239,208,221,230,229,234,241,222,280,305,247,197,199,215,206,217,210,234,212,221,228,219,263,206,248,199,191,202,210,191,218,236,231,219,214,210,265,283,299,251,303,276,317,309,317,268,297,293,302,283,257,272,267,255,214,284,181,207,164,170,140,165,141,121,135,121,102,99,91,103,80,77,70,83,70,60,68,60,49,39,34,41,21,20,12,9,7,6,2,2,1,2,3,0,0,17731,203,168,214,207,176,218,206,220,190,202,233,190,240,221,241,214,224,274,219,189,182,173,169,177,192,178,182,182,194,186,204,181,196,174,165,189,180,160,211,208,218,193,201,235,227,231,289,255,268,276,283,266,262,266,287,281,280,273,258,269,223,272,249,246,188,182,222,197,181,180,143,133,131,114,122,122,138,125,131,112,129,102,145,104,94,87,107,77,92,68,60,49,40,23,28,23,13,13,2,6,8,0,0,34268,16870,1107,1048,1148,772,430,178,174,526,914,937,939,1014,1285,1411,1344,506,665,357,462,601,439,335,278,17398,967,1035,1121,693,404,179,172,535,920,914,946,1072,1315,1357,1351,490,681,398,550,627,597,521,553,1594,1261,45,8,0,0,0,0,0,0,0,8,0,0,8,0,0,0,0,0,0,0,37,0,0,0,0,37,0,0,0,0,37,0,1113,1092,1049,0,0,1028,21,0,0,0,0,0,0,43,0,0,0,0,0,0,21,0,0,0,0,21,7,5,0,0,7,2,103,103,27,0,0,27,0,0,0,0,0,0,0,76,0,0,0,0,0,0,0,0,0,0,0,0,0,0,0,0,0,0,333,25,0,0,0,0,0,0,0,0,0,0,0,0,0,0,0,0,0,0,0,25,0,0,0,0,25,0,0,0,0,25,0,51,33,5,0,0,0,5,0,0,0,0,0,0,28,0,0,0,0,0,0,18,8,0,0,0,10,3,3,0,0,2,2,257,257,0,0,0,0,0,0,0,0,0,0,0,257,0,0,0,0,0,0,0,0,0,0,0,0,0,0,0,0,0,0
"G1901130","2010","IA","2","4","Iowa","19","Linn County","113",,,,,,,,,,,,,,,"16300","99999","999",,,,,,,,,,,,,,,,,"1856710588","19748575","Linn County","A","+42.0779506","-091.5976735","06","1",,211226,103950,1432,1386,1476,1426,1443,1422,1474,1431,1489,1525,1552,1507,1466,1461,1449,1528,1447,1415,1571,1739,1675,1411,1368,1276,1371,1491,1449,1578,1557,1449,1606,1431,1405,1388,1344,1384,1219,1283,1397,1466,1455,1414,1312,1473,1465,1509,1517,1505,1550,1515,1573,1463,1550,1442,1399,1378,1415,1366,1196,1172,1170,1077,1131,1201,799,807,847,782,729,615,587,602,591,563,522,491,453,441,396,423,356,333,295,304,248,265,216,190,155,137,88,73,69,43,30,18,16,17,7,4,3,0,0,107276,1382,1416,1389,1441,1369,1396,1450,1397,1464,1477,1454,1474,1416,1376,1305,1382,1444,1486,1553,1778,1533,1387,1342,1311,1365,1477,1502,1447,1421,1407,1579,1422,1402,1404,1268,1332,1274,1299,1378,1497,1356,1449,1370,1336,1421,1515,1466,1523,1607,1545,1567,1545,1491,1491,1480,1348,1420,1352,1283,1272,1264,1224,1244,1179,860,947,911,847,785,759,697,705,714,678,682,657,522,561,544,550,494,504,486,463,451,436,363,346,301,266,240,198,137,135,121,82,61,48,24,21,34,1,1,206060,101509,7147,7312,7361,4290,2915,1340,1187,3781,7373,7074,6680,7029,7489,7321,6464,2221,3109,1643,2114,2826,2161,1460,1212,104551,6988,7164,6979,4263,2733,1170,1103,3836,7196,7042,6744,6894,7619,7529,6630,2473,3264,1840,2368,3414,2728,2242,2332,5166,2441,219,183,0,0,0,0,0,0,0,167,14,140,13,0,16,0,0,0,0,16,36,0,0,0,0,36,21,0,0,0,0,15,1922,564,420,0,0,0,282,138,0,5,0,5,0,134,5,0,0,0,0,5,1358,1021,0,0,0,337,45,116,1,0,27,148,300,279,2,0,0,0,0,2,0,0,0,0,0,267,10,0,0,10,0,0,21,0,0,0,0,21,0,0,6,0,8,7,2725,124,102,0,0,0,0,0,0,0,73,2,71,0,0,29,0,0,0,0,29,22,2,0,0,0,20,15,0,0,0,1,4,1753,190,60,0,0,0,29,31,0,2,0,2,0,103,25,0,0,0,0,25,1563,1345,0,0,0,218,53,71,0,0,25,69,848,776,0,0,0,0,0,0,0,0,0,0,0,743,33,0,0,33,0,0,72,0,0,0,0,72,0,0,29,0,10,33
"G1901150","2010","IA","2","4","Iowa","19","Louisa County","115",,,,,,,,,,,,,,,"34700","99999","999",,,,,,,,,,,,,,,,,"1040569636","40798459","Louisa County","A","+41.2182111","-091.2569936","06","2",,11387,5793,63,59,75,71,65,82,67,92,102,94,95,100,83,95,109,87,98,101,82,64,66,63,52,50,44,47,84,84,69,70,66,69,63,58,76,61,79,69,64,67,77,69,72,78,93,91,99,96,89,106,100,99,92,70,94,74,83,87,80,71,74,73,60,73,53,56,52,57,39,40,47,39,37,36,38,34,23,25,26,24,26,22,28,19,19,13,14,13,9,5,3,2,3,0,2,2,2,0,0,0,0,0,0,5594,55,66,76,78,64,65,75,81,77,76,71,84,99,80,82,104,96,76,63,49,65,46,42,50,57,63,50,74,52,68,73,62,60,82,55,80,56,56,50,74,64,69,79,67,83,92,103,81,101,88,79,88,77,74,89,75,83,85,64,75,65,56,55,64,57,48,55,57,51,38,38,43,43,43,50,29,31,42,32,34,41,33,44,25,27,18,27,10,17,16,8,5,3,10,10,5,8,1,4,3,0,0,0,11271,5760,333,437,482,286,146,66,63,146,353,332,339,389,479,455,395,146,184,104,133,196,130,108,58,5511,339,374,416,276,112,65,46,149,306,330,316,361,465,407,381,120,174,103,145,209,162,154,101,116,33,0,0,0,0,0,0,0,0,0,0,0,0,0,0,0,0,0,0,0,0,0,0,0,0,0,0,0,0,0,0,0,0,7,7,2,0,0,0,2,0,0,0,0,0,0,5,0,0,0,0,0,0,0,0,0,0,0,0,0,0,0,0,0,0,26,26,0,0,0,0,0,0,0,0,0,0,0,26,0,0,0,0,0,0,0,0,0,0,0,0,0,0,0,0,0,0,83,0,0,0,0,0,0,0,0,0,0,0,0,0,0,0,0,0,0,0,0,0,0,0,0,0,0,0,0,0,0,0,0,8,8,1,0,0,0,1,0,0,0,0,0,0,7,0,0,0,0,0,0,0,0,0,0,0,0,0,0,0,0,0,0,75,75,0,0,0,0,0,0,0,0,0,0,0,75,0,0,0,0,0,0,0,0,0,0,0,0,0,0,0,0,0,0
"G1901170","2010","IA","2","4","Iowa","19","Lucas County","117",,,,,,,,,,,,,,,"99999","99999","999",,,,,,,,,,,,,,,,,"1115231642","9852849","Lucas County","A","+41.0333440","-093.3314666","06","9",,8898,4432,45,63,58,60,56,43,54,59,74,78,69,77,66,63,56,74,81,71,64,55,33,35,36,39,40,30,31,36,43,54,43,49,54,29,45,52,34,44,59,45,56,50,49,46,56,72,76,64,55,73,68,71,66,57,69,65,60,86,74,67,62,52,53,58,36,49,64,52,51,27,47,47,43,28,28,31,33,33,25,24,24,25,28,17,18,20,13,7,13,11,10,7,6,1,4,3,0,3,1,1,0,0,0,4466,48,47,53,66,52,47,58,56,42,65,50,60,45,68,67,73,74,57,43,35,43,38,28,41,48,37,31,23,49,54,44,48,39,45,47,42,36,44,51,43,53,51,46,52,54,61,58,67,59,68,68,74,73,84,69,56,71,72,61,63,47,52,53,62,55,43,41,46,49,51,33,41,50,43,35,35,29,52,42,40,40,25,30,26,37,27,24,27,19,30,12,9,16,7,13,7,9,4,2,1,5,0,0,8820,4409,282,308,331,226,119,33,35,115,194,220,234,257,339,330,352,113,146,113,129,191,144,108,90,4411,266,268,290,204,78,43,38,117,194,223,216,256,312,368,322,99,170,84,145,200,194,145,179,78,23,0,0,0,0,0,0,0,0,0,0,0,0,0,0,0,0,0,0,0,0,0,0,0,0,0,0,0,0,0,0,0,0,4,3,0,0,0,0,0,0,0,0,0,0,0,3,0,0,0,0,0,0,1,0,0,0,0,1,0,1,0,0,0,0,19,19,0,0,0,0,0,0,0,0,0,0,0,19,0,0,0,0,0,0,0,0,0,0,0,0,0,0,0,0,0,0,55,0,0,0,0,0,0,0,0,0,0,0,0,0,0,0,0,0,0,0,0,0,0,0,0,0,0,0,0,0,0,0,0,2,1,0,0,0,0,0,0,0,0,0,0,0,1,0,0,0,0,0,0,1,0,0,0,0,1,0,1,0,0,0,0,53,53,0,0,0,0,0,0,0,0,0,0,0,53,0,0,0,0,0,0,0,0,0,0,0,0,0,0,0,0,0,0
"G1901190","2010","IA","2","4","Iowa","19","Lyon County","119",,,,,,,,,,,,,,,"99999","99999","999",,,,,,,,,,,,,,,,,"1522007130","334472","Lyon County","A","+43.3835796","-096.2072011","06","9",,11581,5783,80,99,94,98,94,107,97,105,105,87,93,84,73,99,99,68,108,92,90,54,44,61,50,48,46,57,61,49,82,75,74,86,67,70,53,69,71,64,63,61,86,55,55,71,78,78,92,71,81,81,98,86,83,82,83,93,65,91,73,73,74,54,60,61,55,41,35,47,36,52,28,35,40,36,30,29,41,42,40,30,35,27,24,31,23,16,14,20,24,11,12,6,6,4,2,2,1,4,1,2,0,0,0,5798,79,82,96,101,106,90,82,84,66,93,87,99,76,75,61,86,78,82,85,36,48,45,52,60,46,50,44,68,76,63,76,60,82,72,83,55,59,65,68,54,58,65,54,75,80,76,75,59,82,81,79,61,86,84,77,96,90,73,70,66,67,58,75,72,48,45,46,32,44,34,59,39,47,55,52,52,34,51,48,55,26,43,37,45,40,40,26,28,22,21,22,23,12,10,7,5,7,6,4,2,2,0,0,11420,5727,465,501,448,268,141,44,61,143,322,349,325,343,401,430,393,128,176,74,133,169,177,132,104,5693,464,415,398,246,121,48,45,158,301,373,301,331,373,385,393,125,193,91,109,249,231,174,169,161,56,0,0,0,0,0,0,0,0,0,0,0,0,0,0,0,0,0,0,0,0,0,0,0,0,0,0,0,0,0,0,0,0,18,18,16,0,0,0,16,0,0,0,0,0,0,2,0,0,0,0,0,0,0,0,0,0,0,0,0,0,0,0,0,0,38,38,0,0,0,0,0,0,0,0,0,0,0,38,0,0,0,0,0,0,0,0,0,0,0,0,0,0,0,0,0,0,105,0,0,0,0,0,0,0,0,0,0,0,0,0,0,0,0,0,0,0,0,0,0,0,0,0,0,0,0,0,0,0,0,7,7,1,0,0,0,1,0,0,0,0,0,0,6,0,0,0,0,0,0,0,0,0,0,0,0,0,0,0,0,0,0,98,98,0,0,0,0,0,0,0,0,0,0,0,98,0,0,0,0,0,0,0,0,0,0,0,0,0,0,0,0,0,0
"G1901210","2010","IA","2","4","Iowa","19","Madison County","121",,,,,,,,,,,,,,,"19780","99999","218",,,,,,,,,,,,,,,,,"1452999410","2983842","Madison County","A","+41.3306216","-094.0151842","06","1",,15679,7797,114,108,123,124,109,137,134,120,129,128,121,131,126,139,128,120,126,134,90,60,56,55,46,57,80,75,54,58,86,80,102,105,93,94,79,98,85,101,102,120,128,109,107,102,110,129,112,123,111,138,126,130,102,117,97,112,129,99,100,116,98,108,96,78,73,68,65,62,64,62,63,53,53,53,46,36,37,38,33,40,38,37,25,20,17,29,12,13,18,7,5,7,5,4,3,4,0,3,0,0,0,0,0,7882,99,103,113,94,112,111,107,114,114,131,128,124,101,132,112,93,115,114,101,52,52,60,63,53,67,70,64,67,65,101,103,87,104,86,111,98,93,98,111,128,135,100,98,118,117,120,124,119,112,125,127,134,107,114,120,135,103,105,111,105,73,87,87,103,51,74,71,71,74,60,69,67,48,49,52,40,52,47,38,42,35,34,43,29,37,33,28,28,43,26,16,28,16,12,15,5,3,5,4,1,6,0,0,15487,7746,578,648,645,380,149,55,53,182,352,471,506,556,610,572,555,201,244,133,184,264,179,129,100,7741,521,577,597,322,153,52,59,183,367,489,527,565,595,599,557,159,239,142,198,277,208,157,198,192,51,0,0,0,0,0,0,0,0,0,0,0,0,0,0,0,0,0,0,0,0,0,0,0,0,0,0,0,0,0,0,0,0,20,20,7,0,0,0,7,0,0,0,0,0,0,13,0,0,0,0,0,0,0,0,0,0,0,0,0,0,0,0,0,0,31,31,0,0,0,0,0,0,0,0,0,0,0,31,0,0,0,0,0,0,0,0,0,0,0,0,0,0,0,0,0,0,141,0,0,0,0,0,0,0,0,0,0,0,0,0,0,0,0,0,0,0,0,0,0,0,0,0,0,0,0,0,0,0,0,20,16,1,0,0,0,1,0,0,0,0,0,0,15,0,0,0,0,0,0,4,0,0,0,0,4,0,4,0,0,0,0,121,116,0,0,0,0,0,0,0,0,0,0,0,116,0,0,0,0,0,0,5,0,0,0,0,5,0,5,0,0,0,0
"G1901230","2010","IA","2","4","Iowa","19","Mahaska County","123",,,,,,,,,,,,,,,"36820","99999","999",,,,,,,,,,,,,,,,,"1478527687","6564800","Mahaska County","A","+41.3307969","-092.6363663","06","2",,22381,11252,145,154,158,168,166,181,151,150,165,166,172,162,147,159,146,131,164,172,181,209,161,152,166,153,147,129,121,140,125,141,145,152,132,122,113,143,138,99,131,122,149,134,119,126,149,162,160,154,161,178,160,160,183,175,167,163,149,164,158,160,136,116,123,112,108,103,95,93,88,73,78,69,78,77,68,62,52,52,59,51,49,54,45,52,32,45,26,33,24,31,15,13,8,4,7,4,2,1,1,1,2,0,0,11129,141,148,133,145,157,118,160,131,145,141,157,154,138,140,149,147,127,153,156,113,159,150,144,143,133,118,118,127,124,139,135,131,129,142,129,133,122,119,108,133,135,127,151,131,109,139,125,149,171,190,164,165,168,149,146,149,158,171,156,148,125,134,143,116,70,99,102,103,78,104,104,89,76,74,67,71,54,93,76,68,78,75,59,66,60,96,59,46,49,40,39,31,13,23,18,15,6,7,8,1,4,0,0,21722,10881,791,812,786,465,266,106,119,422,649,659,630,670,812,839,790,248,337,195,245,365,259,222,194,10841,722,695,738,426,217,131,128,410,620,664,613,649,767,789,775,254,326,200,282,403,350,311,371,659,371,3,0,0,0,0,0,0,0,0,0,0,0,0,0,0,0,0,0,0,0,3,0,0,0,0,3,0,2,0,0,0,1,301,12,12,0,0,0,12,0,0,0,0,0,0,0,0,0,0,0,0,0,289,245,0,0,0,44,10,14,20,0,0,0,67,61,0,0,0,0,0,0,0,0,0,0,0,61,0,0,0,0,0,0,6,0,0,0,0,6,0,0,6,0,0,0,288,3,0,0,0,0,0,0,0,0,0,0,0,0,0,0,0,0,0,0,0,3,0,0,0,0,3,0,1,0,0,0,2,151,11,4,0,0,0,4,0,0,0,0,0,0,7,0,0,0,0,0,0,140,106,0,0,0,34,3,13,11,0,0,7,134,131,0,0,0,0,0,0,0,0,0,0,0,131,0,0,0,0,0,0,3,0,0,0,0,3,0,0,3,0,0,0
"G1901250","2010","IA","2","4","Iowa","19","Marion County","125",,,,,,,,,,,,,,,"37800","99999","218",,,,,,,,,,,,,,,,,"1436237259","41374638","Marion County","A","+41.3314552","-093.0938490","06","2",,33309,16541,227,226,263,239,215,238,257,235,253,219,244,238,229,246,226,245,249,292,267,309,298,272,248,161,175,164,180,180,181,175,192,164,175,201,184,181,176,175,198,226,199,185,188,211,219,239,231,239,232,264,256,291,258,221,218,250,217,237,218,211,198,173,207,158,146,161,149,144,123,130,120,98,118,106,108,96,98,73,76,65,96,68,67,55,55,47,37,39,25,23,21,11,14,8,7,10,3,0,1,0,0,0,0,16768,209,189,208,217,227,218,200,218,229,219,241,249,221,218,244,240,241,233,279,319,278,273,219,145,155,175,166,177,187,193,186,183,192,163,172,192,163,187,191,215,207,178,210,217,211,222,242,232,238,261,259,228,258,233,238,214,227,203,241,190,179,181,182,210,136,149,141,162,141,145,117,137,140,96,137,105,109,85,115,115,114,88,85,87,93,68,63,76,68,69,60,38,31,23,24,17,20,7,3,3,8,1,0,31616,15755,1170,1202,1183,786,353,134,147,471,867,908,949,995,1190,1231,1117,366,498,307,392,537,402,327,223,15861,1050,1084,1173,713,321,105,121,431,889,890,944,1017,1185,1203,1067,359,524,290,443,615,510,437,490,1693,786,0,0,0,0,0,0,0,0,0,0,0,0,0,0,0,0,0,0,0,0,0,0,0,0,0,0,0,0,0,0,0,0,722,23,18,0,0,0,18,0,0,0,0,0,0,5,0,0,0,0,0,0,699,623,0,0,0,76,0,43,33,0,0,0,64,52,0,0,0,0,0,0,0,0,0,0,0,52,0,0,0,0,0,0,12,0,0,0,0,12,0,10,2,0,0,0,907,1,0,0,0,0,0,0,0,0,0,0,0,0,0,0,0,0,0,0,0,1,1,0,0,0,0,0,0,0,0,0,0,751,17,6,0,0,0,6,0,0,0,0,0,0,11,0,0,0,0,0,0,734,685,0,0,0,49,0,17,32,0,0,0,155,147,0,0,0,0,0,0,0,0,0,0,0,147,0,0,0,0,0,0,8,0,0,0,0,8,0,0,8,0,0,0
"G1901270","2010","IA","2","4","Iowa","19","Marshall County","127",,,,,,,,,,,,,,,"32260","99999","999",,,,,,,,,,,,,,,,,"1482770678","1803086","Marshall County","A","+42.0416910","-092.9814523","06","2",,40648,20428,286,302,299,303,307,299,293,260,273,307,297,288,299,267,328,307,322,320,301,240,292,227,249,199,263,248,254,236,264,246,267,207,216,205,248,214,210,218,217,249,246,212,230,259,258,257,280,279,253,307,314,260,295,303,299,318,285,278,297,295,298,240,286,242,201,191,213,161,196,149,141,147,133,129,135,97,108,109,112,112,98,94,81,105,65,85,62,65,60,38,29,31,22,15,11,3,4,3,1,1,3,0,0,20220,249,297,275,285,263,247,304,271,272,275,282,284,255,265,256,293,293,281,279,255,209,191,213,212,242,235,203,231,220,244,232,233,236,206,215,206,213,206,247,240,230,211,220,227,270,259,266,267,268,312,311,293,337,284,300,289,272,286,285,265,255,233,239,276,182,180,197,187,163,181,167,127,167,137,134,128,121,146,137,128,125,127,142,121,117,89,89,80,90,84,58,56,52,47,25,21,17,8,5,7,7,1,0,39273,19503,1497,1428,1473,943,498,258,211,683,1203,1114,1078,1182,1342,1408,1405,503,665,378,470,634,460,366,304,19770,1369,1369,1341,865,510,198,184,660,1131,1113,1107,1147,1361,1514,1386,484,689,372,524,711,626,549,560,1375,925,16,10,1,0,0,0,1,0,0,9,4,5,0,0,0,0,0,0,0,0,6,0,0,0,0,6,2,0,0,0,0,4,512,425,174,0,0,0,132,42,0,0,0,0,0,251,0,0,0,0,0,0,87,67,0,0,0,20,2,7,0,0,0,11,397,396,0,0,0,0,0,0,0,0,0,0,0,396,0,0,0,0,0,0,1,0,0,0,0,1,0,0,0,0,0,1,450,3,1,0,0,0,0,0,0,0,1,1,0,0,0,0,0,0,0,0,0,2,0,0,0,0,2,1,0,0,0,0,1,121,67,16,0,0,0,8,8,0,0,0,0,0,51,0,0,0,0,0,0,54,37,0,0,0,17,9,4,0,0,0,4,326,326,0,0,0,0,0,0,0,0,0,0,0,326,0,0,0,0,0,0,0,0,0,0,0,0,0,0,0,0,0,0
"G1901290","2010","IA","2","4","Iowa","19","Mills County","129",,,,,,,,,,,,,,,"36540","99999","420",,,,,,,,,,,,,,,,,"1132956394","8306523","Mills County","A","+41.0337028","-095.6191010","06","1",,15059,7572,79,96,107,92,116,100,115,114,121,107,100,109,107,132,117,123,132,112,108,79,71,59,63,62,65,63,72,77,72,78,92,81,67,89,78,98,97,79,107,94,110,94,100,84,104,106,116,135,108,154,135,120,130,129,142,120,121,117,130,114,115,107,115,100,93,81,72,69,49,56,56,46,48,56,37,44,38,30,40,28,25,19,15,22,27,21,12,7,14,15,4,4,2,2,1,0,1,0,2,0,0,0,0,7487,94,82,113,96,83,101,105,82,104,106,99,116,116,104,98,122,112,107,96,59,61,56,52,60,66,75,69,65,71,107,80,78,90,82,91,84,77,85,91,121,100,101,78,109,98,112,119,120,112,138,137,125,135,111,128,132,142,113,117,102,113,97,119,104,89,64,72,48,61,48,47,55,38,51,50,32,34,43,32,31,45,39,41,30,29,25,26,20,19,26,20,14,14,7,9,0,4,2,3,1,0,0,0,14451,7202,490,557,565,353,175,69,54,181,337,377,458,465,573,603,559,211,286,146,165,227,173,100,78,7249,468,498,532,332,152,60,53,166,371,417,455,466,583,604,577,205,302,135,149,234,157,171,162,608,370,14,14,8,0,0,8,0,0,0,6,6,0,0,0,0,0,0,0,0,0,0,0,0,0,0,0,0,0,0,0,0,0,302,232,193,0,0,185,8,0,0,0,0,0,0,39,0,0,0,0,0,0,70,0,0,0,0,70,0,10,60,0,0,0,54,47,20,0,0,20,0,0,0,0,0,0,0,27,0,0,0,0,0,0,7,0,0,0,0,7,0,0,7,0,0,0,238,10,9,2,0,0,2,0,0,0,7,7,0,0,0,0,0,0,0,0,0,1,0,0,0,0,1,0,1,0,0,0,0,156,99,79,0,0,79,0,0,0,0,0,0,0,20,0,0,0,0,0,0,57,0,0,0,0,57,0,26,31,0,0,0,72,61,6,0,0,6,0,0,0,0,0,0,0,55,0,0,0,0,0,0,11,0,0,0,0,11,0,0,11,0,0,0
"G1901310","2010","IA","2","4","Iowa","19","Mitchell County","131",,,,,,,,,,,,,,,"99999","99999","999",,,,,,,,,,,,,,,,,"1215049026","1118418","Mitchell County","A","+43.3485643","-092.7844663","06","9",,10776,5309,54,68,89,66,73,74,64,60,76,86,80,84,92,65,101,64,91,90,77,53,47,52,50,56,44,59,41,53,57,51,45,53,46,56,46,48,57,52,45,57,53,62,59,67,55,79,89,81,85,88,85,91,78,82,82,76,83,75,68,65,66,67,53,70,39,57,50,51,60,51,42,37,41,53,41,37,34,40,35,39,31,33,40,31,31,31,18,19,14,16,17,8,14,2,4,4,2,1,2,1,2,0,0,5467,54,67,57,59,78,61,72,80,77,73,80,65,68,72,83,80,79,82,79,49,54,45,38,41,52,40,41,49,53,61,52,33,46,51,43,60,50,45,54,57,53,68,50,72,67,65,86,83,88,79,82,78,71,87,86,65,71,60,70,72,52,62,59,62,46,55,55,61,54,50,51,57,52,69,39,56,50,45,59,45,45,55,42,51,39,41,43,36,29,35,22,24,24,9,13,14,9,6,4,8,6,0,0,10529,5216,350,360,422,245,129,45,52,145,259,244,249,293,420,415,366,133,160,107,159,208,182,153,120,5313,315,363,368,241,128,54,45,131,243,223,264,309,399,401,337,111,166,110,164,262,242,213,224,247,93,0,0,0,0,0,0,0,0,0,0,0,0,0,0,0,0,0,0,0,0,0,0,0,0,0,0,0,0,0,0,0,0,33,21,18,0,0,0,18,0,0,0,0,0,0,3,0,0,0,0,0,0,12,0,0,0,0,12,0,12,0,0,0,0,60,57,0,0,0,0,0,0,0,0,0,0,0,57,0,0,0,0,0,0,3,0,0,0,0,3,0,3,0,0,0,0,154,0,0,0,0,0,0,0,0,0,0,0,0,0,0,0,0,0,0,0,0,0,0,0,0,0,0,0,0,0,0,0,0,16,6,3,0,0,0,3,0,0,0,0,0,0,3,0,0,0,0,0,0,10,0,0,0,0,10,0,10,0,0,0,0,138,135,0,0,0,0,0,0,0,0,0,0,0,135,0,0,0,0,0,0,3,0,0,0,0,3,0,3,0,0,0,0
"G1901330","2010","IA","2","4","Iowa","19","Monona County","133",,,,,,,,,,,,,,,"99999","99999","999",,,,,,,,,,,,,,,,,"1797638295","12591879","Monona County","A","+42.0494317","-095.9565661","06","9",,9243,4516,48,45,45,61,64,59,47,56,61,51,60,53,70,68,54,61,61,81,67,28,37,38,33,32,46,31,44,38,54,45,37,41,44,38,34,47,52,43,43,46,59,48,42,36,40,60,64,74,91,75,70,79,76,78,73,77,77,70,70,77,60,60,61,69,52,51,72,48,59,45,43,51,42,35,47,38,41,39,33,24,25,37,25,27,19,17,19,13,12,8,9,12,6,4,6,4,0,2,1,0,1,0,0,4727,42,51,39,59,47,57,65,66,52,50,54,49,58,55,65,62,65,67,62,29,32,23,28,37,39,36,43,47,38,39,40,45,47,41,43,35,37,47,54,56,40,45,44,50,56,41,54,74,81,85,73,98,72,77,63,66,69,68,70,62,50,60,56,46,51,52,57,69,53,51,59,42,40,41,49,65,43,50,41,40,56,43,43,49,39,36,24,32,34,34,20,29,17,12,5,8,10,10,5,7,10,0,0,9043,4464,263,274,305,203,95,37,37,110,212,194,230,225,364,375,371,118,179,120,151,214,168,123,96,4579,238,290,281,194,91,32,23,104,203,216,229,234,335,383,335,110,153,106,171,226,224,206,195,200,52,0,0,0,0,0,0,0,0,0,0,0,0,0,0,0,0,0,0,0,0,0,0,0,0,0,0,0,0,0,0,0,0,9,9,3,0,0,0,3,0,0,0,0,0,0,6,0,0,0,0,0,0,0,0,0,0,0,0,0,0,0,0,0,0,43,42,0,0,0,0,0,0,0,0,0,0,0,42,0,0,0,0,0,0,1,0,0,0,0,1,0,1,0,0,0,0,148,0,0,0,0,0,0,0,0,0,0,0,0,0,0,0,0,0,0,0,0,0,0,0,0,0,0,0,0,0,0,0,0,1,1,0,0,0,0,0,0,0,0,0,0,0,1,0,0,0,0,0,0,0,0,0,0,0,0,0,0,0,0,0,0,147,138,0,0,0,0,0,0,0,0,0,0,0,138,0,0,0,0,0,0,9,0,0,0,0,9,0,9,0,0,0,0
"G1901350","2010","IA","2","4","Iowa","19","Monroe County","135",,,,,,,,,,,,,,,"99999","99999","999",,,,,,,,,,,,,,,,,"1123316981","1522806","Monroe County","A","+41.0288473","-092.8696415","06","9",,7970,3976,55,51,60,57,43,48,57,63,54,48,62,49,57,53,72,42,60,63,55,42,38,33,45,46,45,38,28,44,50,44,41,58,44,39,36,40,35,53,56,43,56,51,54,49,48,46,57,56,52,62,69,51,65,58,50,66,57,57,71,56,40,55,38,62,37,34,52,42,46,28,34,21,41,33,36,25,19,27,20,33,29,20,21,17,12,8,18,13,12,7,7,2,3,2,3,0,0,0,1,0,0,0,0,3994,43,44,54,57,57,53,53,50,41,60,38,42,53,51,48,62,65,60,58,33,38,32,35,37,30,37,40,40,49,41,48,42,45,40,47,39,36,30,51,52,47,42,37,58,57,48,47,63,55,69,60,48,67,44,60,70,43,55,52,58,48,63,52,57,47,39,41,36,37,32,47,44,38,39,30,23,24,29,30,39,23,22,21,22,32,24,21,26,24,14,11,9,11,10,6,3,2,3,0,1,3,0,0,7848,3937,266,270,293,165,96,38,33,136,204,216,226,258,273,292,305,91,136,86,110,163,123,90,67,3911,255,257,232,187,91,38,32,102,207,222,208,241,282,277,272,110,155,79,102,189,140,111,122,122,39,0,0,0,0,0,0,0,0,0,0,0,0,0,0,0,0,0,0,0,0,0,0,0,0,0,0,0,0,0,0,0,0,12,12,4,0,0,0,4,0,0,0,0,0,0,8,0,0,0,0,0,0,0,0,0,0,0,0,0,0,0,0,0,0,27,27,0,0,0,0,0,0,0,0,0,0,0,27,0,0,0,0,0,0,0,0,0,0,0,0,0,0,0,0,0,0,83,0,0,0,0,0,0,0,0,0,0,0,0,0,0,0,0,0,0,0,0,0,0,0,0,0,0,0,0,0,0,0,0,10,10,0,0,0,0,0,0,0,0,0,0,0,10,0,0,0,0,0,0,0,0,0,0,0,0,0,0,0,0,0,0,73,73,0,0,0,0,0,0,0,0,0,0,0,73,0,0,0,0,0,0,0,0,0,0,0,0,0,0,0,0,0,0
"G1901370","2010","IA","2","4","Iowa","19","Montgomery County","137",,,,,,,,,,,,,,,"99999","99999","999",,,,,,,,,,,,,,,,,"1098405666","2410460","Montgomery County","A","+41.0217348","-095.1577896","06","9",,10740,5209,51,53,58,74,73,76,60,75,69,68,79,76,65,75,86,79,70,88,70,43,39,42,40,47,38,46,52,73,43,56,46,51,53,53,53,64,64,46,62,67,64,60,72,52,57,72,66,81,73,89,94,89,83,107,86,77,82,82,98,80,71,78,79,72,55,53,31,57,49,51,47,36,37,26,36,39,44,39,35,35,24,37,30,21,22,25,17,16,12,13,5,9,8,5,2,5,0,0,0,0,1,0,0,5531,50,57,59,59,61,54,54,66,71,74,66,84,72,79,86,82,77,85,72,44,46,34,29,51,39,62,59,47,44,32,55,55,42,59,57,55,62,58,70,56,66,66,69,49,78,72,81,71,92,84,86,72,97,85,92,101,58,68,89,69,89,66,78,62,53,59,37,60,67,62,59,45,51,41,37,46,29,59,51,56,53,45,41,43,36,31,31,40,29,42,30,24,21,13,12,10,6,1,3,4,0,0,0,10527,5152,309,348,381,237,113,39,42,125,269,256,301,305,378,455,415,148,206,84,155,175,187,125,99,5375,286,319,387,244,116,45,34,117,244,264,301,328,398,431,385,155,193,96,187,229,230,190,196,213,57,0,0,0,0,0,0,0,0,0,0,0,0,0,0,0,0,0,0,0,0,0,0,0,0,0,0,0,0,0,0,0,0,15,7,0,0,0,0,0,0,0,0,0,0,0,7,0,0,0,0,0,0,8,0,0,0,0,8,0,8,0,0,0,0,42,42,0,0,0,0,0,0,0,0,0,0,0,42,0,0,0,0,0,0,0,0,0,0,0,0,0,0,0,0,0,0,156,0,0,0,0,0,0,0,0,0,0,0,0,0,0,0,0,0,0,0,0,0,0,0,0,0,0,0,0,0,0,0,0,10,0,0,0,0,0,0,0,0,0,0,0,0,0,0,0,0,0,0,0,10,0,0,0,0,10,0,10,0,0,0,0,146,146,0,0,0,0,0,0,0,0,0,0,0,146,0,0,0,0,0,0,0,0,0,0,0,0,0,0,0,0,0,0
"G1901390","2010","IA","2","4","Iowa","19","Muscatine County","139",,,,,,,,,,,,,,,"34700","99999","999",,,,,,,,,,,,,,,,,"1133040484","30198875","Muscatine County","A","+41.4837760","-091.1186992","06","2",,42745,21227,277,301,321,333,292,314,329,332,336,314,292,357,291,318,340,337,337,334,319,239,240,250,225,230,269,271,275,246,273,259,272,227,270,256,260,263,231,248,256,281,271,298,253,296,282,294,306,309,346,342,323,345,305,325,296,335,311,287,264,284,274,223,277,263,190,189,190,176,149,126,123,148,120,106,102,93,96,110,81,76,78,83,69,67,61,55,52,22,34,26,15,26,16,9,4,5,2,2,1,0,1,0,0,21518,304,322,319,315,285,282,257,337,288,287,338,290,297,303,290,262,320,313,280,272,239,194,212,211,242,263,221,257,274,277,290,235,250,254,237,285,217,269,276,314,273,290,282,269,279,299,301,324,317,352,329,310,298,328,313,303,300,294,287,259,245,271,279,232,176,176,189,208,168,171,151,161,137,142,128,115,114,111,117,96,118,106,96,87,107,86,77,90,65,67,59,43,26,27,14,27,24,6,6,6,9,0,0,42192,20964,1521,1615,1591,1008,554,239,244,715,1294,1258,1263,1386,1576,1581,1466,494,725,378,448,592,439,340,237,21228,1541,1440,1513,895,550,239,192,660,1288,1261,1356,1393,1586,1576,1440,514,683,364,539,705,529,474,490,553,263,20,0,0,0,0,0,0,0,0,0,0,0,0,0,0,0,0,0,0,0,20,0,0,0,0,20,4,0,0,0,0,16,164,117,99,0,0,0,99,0,0,0,0,0,0,18,0,0,0,0,0,0,47,0,0,0,0,47,32,4,0,0,0,11,79,79,0,0,0,0,0,0,0,0,0,0,0,79,0,0,0,0,0,0,0,0,0,0,0,0,0,0,0,0,0,0,290,20,0,0,0,0,0,0,0,0,0,0,0,0,0,0,0,0,0,0,0,20,0,0,0,0,20,1,0,0,0,0,19,41,22,13,0,0,0,13,0,0,0,0,0,0,9,0,0,0,0,0,0,19,0,0,0,0,19,4,6,0,0,0,9,229,226,0,0,0,0,0,0,0,0,0,0,0,226,0,0,0,0,0,0,3,0,0,0,0,3,0,0,0,0,0,3
"G1901410","2010","IA","2","4","Iowa","19","O'Brien County","141",,,,,,,,,,,,,,,"99999","99999","999",,,,,,,,,,,,,,,,,"1484154091","447448","O'Brien County","A","+43.0837455","-095.6256244","06","9",,14398,7166,73,95,98,94,113,123,89,95,101,110,105,87,102,107,98,95,111,108,106,63,78,53,51,90,74,71,95,90,99,70,97,76,90,89,62,73,62,80,62,85,80,94,74,76,81,89,79,93,117,108,130,124,101,124,129,119,108,105,115,97,89,87,85,70,57,68,61,59,51,61,60,44,49,57,49,56,41,58,58,46,45,51,58,42,28,27,21,31,18,21,13,12,9,8,3,5,1,3,0,1,0,0,0,7232,105,100,87,71,86,82,85,82,82,88,86,95,90,78,100,84,94,94,84,48,52,73,58,59,68,69,70,86,84,66,78,76,63,84,71,57,77,62,60,73,84,74,79,66,75,80,91,120,106,130,110,103,126,118,103,113,104,111,117,93,85,69,94,80,72,62,67,73,62,52,57,57,59,63,67,83,84,70,63,66,74,63,69,58,66,61,54,44,54,36,38,27,11,25,15,16,9,7,3,2,4,1,0,14032,6988,473,518,499,313,168,77,51,206,408,404,350,391,475,585,530,170,207,127,167,250,253,215,151,7044,449,419,449,272,132,50,72,183,370,367,324,371,515,548,525,153,244,126,187,297,357,308,326,366,178,1,1,1,0,0,0,1,0,0,0,0,0,0,0,0,0,0,0,0,0,0,0,0,0,0,0,0,0,0,0,0,0,125,31,27,0,0,0,27,0,0,0,0,0,0,4,0,0,0,0,0,0,94,0,0,0,0,94,0,30,64,0,0,0,52,46,0,0,0,0,0,0,0,0,0,0,0,46,0,0,0,0,0,0,6,0,0,0,0,6,0,0,6,0,0,0,188,0,0,0,0,0,0,0,0,0,0,0,0,0,0,0,0,0,0,0,0,0,0,0,0,0,0,0,0,0,0,0,0,67,9,1,0,0,0,1,0,0,0,0,0,0,8,0,0,0,0,0,0,58,0,0,0,0,58,0,19,37,0,2,0,121,121,0,0,0,0,0,0,0,0,0,0,0,121,0,0,0,0,0,0,0,0,0,0,0,0,0,0,0,0,0,0
"G1901430","2010","IA","2","4","Iowa","19","Osceola County","143",,,,,,,,,,,,,,,"99999","99999","999",,,,,,,,,,,,,,,,,"1032587437","1835265","Osceola County","A","+43.3785421","-095.6337878","06","9",,6462,3243,41,37,39,38,52,48,47,49,38,40,28,45,50,45,35,44,46,61,43,29,33,33,31,41,36,28,35,36,36,27,43,43,33,29,32,40,28,32,37,42,45,30,51,37,29,39,40,57,45,56,60,53,67,61,70,57,56,48,34,32,32,35,40,43,31,35,26,25,31,23,28,34,35,16,13,17,22,26,25,19,25,21,19,16,19,15,8,11,8,9,3,2,3,5,3,2,0,0,0,1,0,0,0,3219,37,43,36,39,39,49,33,36,29,36,37,47,40,27,55,32,44,48,46,26,28,29,24,22,30,32,25,33,34,30,41,31,27,40,34,24,21,35,34,42,42,49,28,42,34,34,46,48,60,48,53,71,49,59,54,54,47,32,41,43,33,26,39,35,26,34,39,38,35,30,28,31,27,27,37,30,35,27,29,25,24,27,18,18,17,33,20,21,15,12,12,12,9,6,4,3,3,2,0,1,2,0,0,6350,3201,207,222,203,150,71,33,33,108,161,178,178,192,236,311,226,65,114,61,78,125,107,90,52,3149,194,183,206,124,70,28,29,76,154,173,154,195,234,286,217,59,98,72,103,148,136,100,110,112,42,1,1,1,0,0,0,1,0,0,0,0,0,0,0,0,0,0,0,0,0,0,0,0,0,0,0,0,0,0,0,0,0,9,4,3,0,0,0,3,0,0,0,0,0,0,1,0,0,0,0,0,0,5,0,0,0,0,5,0,5,0,0,0,0,32,32,0,0,0,0,0,0,0,0,0,0,0,32,0,0,0,0,0,0,0,0,0,0,0,0,0,0,0,0,0,0,70,0,0,0,0,0,0,0,0,0,0,0,0,0,0,0,0,0,0,0,0,0,0,0,0,0,0,0,0,0,0,0,0,8,3,0,0,0,0,0,0,0,0,0,0,0,3,0,0,0,0,0,0,5,0,0,0,0,5,0,5,0,0,0,0,62,62,0,0,0,0,0,0,0,0,0,0,0,62,0,0,0,0,0,0,0,0,0,0,0,0,0,0,0,0,0,0
"G1901450","2010","IA","2","4","Iowa","19","Page County","145",,,,,,,,,,,,,,,"99999","99999","999",,,,,,,,,,,,,,,,,"1385494422","1359125","Page County","A","+40.7390902","-095.1442898","06","9",,15932,8261,92,84,100,96,97,96,90,85,79,84,89,91,94,112,112,136,150,156,105,81,82,89,91,89,103,112,81,92,100,103,108,126,96,107,95,93,119,86,110,118,112,124,105,96,102,104,120,117,116,151,138,129,112,116,150,112,126,124,125,116,122,115,94,115,82,85,85,83,76,61,75,63,66,57,69,37,46,49,48,36,42,45,42,30,40,31,33,14,19,22,15,15,10,7,3,0,2,2,1,0,0,0,0,7671,83,110,95,87,75,77,91,72,75,83,94,93,111,100,84,113,121,99,91,61,60,64,62,59,76,54,52,66,73,93,71,64,102,62,70,83,83,86,83,82,81,82,59,66,82,91,121,98,98,118,88,121,118,133,133,135,122,105,112,99,103,101,104,92,83,85,87,87,73,76,77,70,67,67,77,79,56,60,80,75,87,62,64,73,55,59,49,44,60,40,23,30,21,20,18,9,10,8,3,9,6,0,0,14464,7014,469,434,474,296,151,65,59,175,332,397,387,392,485,572,565,220,280,166,215,326,208,188,158,7450,450,398,479,294,149,60,64,197,336,365,413,368,519,589,569,199,277,170,232,348,335,322,317,1468,1247,170,170,2,0,0,2,0,0,0,168,11,0,157,0,0,0,0,0,0,0,0,0,0,0,0,0,0,0,0,0,0,0,1029,1014,993,0,0,987,6,0,0,14,0,0,14,7,0,0,0,0,0,0,15,0,0,0,0,15,0,4,11,0,0,0,48,48,15,0,0,15,0,0,0,0,0,0,0,33,0,0,0,0,0,0,0,0,0,0,0,0,0,0,0,0,0,0,221,42,42,0,0,0,0,0,0,0,42,1,0,41,0,0,0,0,0,0,0,0,0,0,0,0,0,0,0,0,0,0,0,37,27,19,0,0,17,2,0,0,2,0,0,2,6,0,0,0,0,0,0,10,0,0,0,0,10,0,6,4,0,0,0,142,142,7,0,0,7,0,0,0,0,0,0,0,135,0,0,0,0,0,0,0,0,0,0,0,0,0,0,0,0,0,0
"G1901470","2010","IA","2","4","Iowa","19","Palo Alto County","147",,,,,,,,,,,,,,,"99999","99999","999",,,,,,,,,,,,,,,,,"1460349241","14480046","Palo Alto County","A","+43.0758537","-094.6672965","06","9",,9421,4678,48,66,52,87,48,65,65,64,71,56,51,55,59,58,76,55,65,69,63,119,60,53,53,59,58,52,51,52,52,47,55,49,55,44,44,51,47,46,50,51,38,51,36,36,47,54,73,60,76,78,79,88,68,85,63,56,71,79,51,66,63,61,74,57,33,47,51,41,40,43,24,33,22,38,44,45,31,35,43,31,28,18,36,26,22,17,21,16,13,14,7,6,4,3,1,5,2,4,0,1,2,0,0,4743,49,67,63,53,53,65,56,63,37,56,55,50,41,50,40,59,48,53,68,66,65,56,40,45,47,48,38,61,60,52,54,45,45,38,40,43,47,40,46,48,44,41,42,57,42,74,48,60,64,73,65,70,89,50,78,87,56,62,69,55,68,48,53,58,45,51,51,48,36,41,44,45,50,48,52,51,47,46,40,52,45,39,48,34,45,33,31,26,30,31,18,28,14,15,15,11,7,8,10,1,4,0,0,9077,4548,301,321,299,189,132,35,43,169,252,246,244,208,341,381,323,124,159,97,123,161,181,123,96,4529,285,277,236,160,103,46,52,131,257,222,223,226,319,352,326,116,156,98,119,234,223,186,182,344,130,0,0,0,0,0,0,0,0,0,0,0,0,0,0,0,0,0,0,0,0,0,0,0,0,0,0,0,0,0,0,0,0,97,9,2,0,0,0,2,0,0,0,0,0,0,7,0,0,0,0,0,0,88,88,0,0,0,0,0,0,0,0,0,0,33,33,0,0,0,0,0,0,0,0,0,0,0,33,0,0,0,0,0,0,0,0,0,0,0,0,0,0,0,0,0,0,214,0,0,0,0,0,0,0,0,0,0,0,0,0,0,0,0,0,0,0,0,0,0,0,0,0,0,0,0,0,0,0,0,61,5,2,0,0,0,2,0,0,0,0,0,0,3,0,0,0,0,0,0,56,56,0,0,0,0,0,0,0,0,0,0,153,153,0,0,0,0,0,0,0,0,0,0,0,153,0,0,0,0,0,0,0,0,0,0,0,0,0,0,0,0,0,0
"G1901490","2010","IA","2","4","Iowa","19","Plymouth County","149",,,,,,,,,,,,,,,"99999","99999","999",,,,,,,,,,,,,,,,,"2234881736","2177308","Plymouth County","A","+42.7375854","-096.2158638","06","9",,24986,12373,148,165,178,172,184,164,183,202,186,178,212,176,201,185,197,201,189,218,197,91,101,100,109,96,94,148,115,127,143,140,132,143,153,116,140,135,155,122,139,147,153,158,159,175,176,182,145,156,214,217,226,201,218,179,217,197,191,173,198,180,157,129,156,130,102,127,117,115,111,80,70,84,77,72,84,65,83,69,78,74,62,60,68,49,48,38,29,33,29,15,17,10,12,10,8,2,3,0,3,0,0,0,0,12613,150,147,182,165,161,175,168,154,162,162,162,193,181,214,167,204,188,210,186,94,95,77,99,113,113,127,111,104,125,158,141,141,126,160,130,149,119,123,140,160,167,145,138,155,144,185,174,198,227,188,216,211,203,203,195,215,171,177,180,154,145,158,147,127,107,112,121,120,112,105,89,88,97,92,79,94,87,97,97,95,84,88,74,78,77,78,48,43,54,43,42,30,43,13,17,11,15,8,8,2,5,1,0,24637,12263,847,913,971,608,287,100,100,298,668,680,694,817,907,1034,930,284,385,241,304,380,360,272,183,12374,805,821,917,602,280,95,77,324,624,697,690,745,968,1020,887,302,376,227,333,434,448,362,340,349,110,0,0,0,0,0,0,0,0,0,0,0,0,0,0,0,0,0,0,0,0,0,0,0,0,0,0,0,0,0,0,0,0,48,9,0,0,0,0,0,0,0,0,0,0,0,9,0,0,0,0,0,0,39,0,0,0,0,39,0,2,37,0,0,0,62,60,0,0,0,0,0,0,0,0,0,0,0,60,0,0,0,0,0,0,2,0,0,0,0,2,0,0,2,0,0,0,239,0,0,0,0,0,0,0,0,0,0,0,0,0,0,0,0,0,0,0,0,0,0,0,0,0,0,0,0,0,0,0,0,36,17,0,0,0,0,0,0,0,0,0,0,0,17,0,0,0,0,0,0,19,0,0,0,0,19,0,3,16,0,0,0,203,201,0,0,0,0,0,0,0,0,0,0,0,201,0,0,0,0,0,0,2,0,0,0,0,2,0,0,2,0,0,0
"G1901510","2010","IA","2","4","Iowa","19","Pocahontas County","151",,,,,,,,,,,,,,,"99999","99999","999",,,,,,,,,,,,,,,,,"1495047042","3666526","Pocahontas County","A","+42.7340333","-094.6782789","06","9",,7310,3633,38,47,45,42,45,47,42,35,42,51,52,28,53,35,42,47,54,64,49,31,31,36,29,29,34,32,38,34,29,37,27,40,34,38,32,41,20,39,28,34,34,31,35,52,35,53,55,60,60,74,55,77,57,91,74,69,57,58,44,64,54,48,62,40,45,39,37,39,32,29,34,29,34,49,36,31,21,24,23,28,24,22,16,27,16,16,22,14,13,15,9,6,4,5,1,1,1,1,0,0,0,0,0,3677,35,40,44,38,57,45,35,41,38,34,33,40,35,46,56,48,45,50,44,24,36,27,24,26,27,37,36,34,36,32,23,31,27,27,30,33,32,17,32,35,39,41,28,44,43,51,62,66,59,70,59,73,70,49,56,61,63,55,57,50,62,44,32,47,47,35,33,44,41,45,51,46,35,45,28,28,39,37,21,36,37,34,29,27,28,24,23,20,18,19,23,17,14,13,7,5,6,2,4,2,3,0,0,7169,3588,217,217,210,165,80,31,36,92,170,170,161,187,301,350,289,101,145,74,99,177,122,102,92,3581,214,193,210,143,68,36,27,77,175,138,149,194,304,304,284,104,123,67,129,204,153,143,142,141,45,0,0,0,0,0,0,0,0,0,0,0,0,0,0,0,0,0,0,0,0,0,0,0,0,0,0,0,0,0,0,0,0,13,13,5,0,0,0,5,0,0,0,0,0,0,8,0,0,0,0,0,0,0,0,0,0,0,0,0,0,0,0,0,0,32,32,0,0,0,0,0,0,0,0,0,0,0,32,0,0,0,0,0,0,0,0,0,0,0,0,0,0,0,0,0,0,96,0,0,0,0,0,0,0,0,0,0,0,0,0,0,0,0,0,0,0,0,0,0,0,0,0,0,0,0,0,0,0,0,15,15,0,0,0,0,0,0,0,0,0,0,0,15,0,0,0,0,0,0,0,0,0,0,0,0,0,0,0,0,0,0,81,81,0,0,0,0,0,0,0,0,0,0,0,81,0,0,0,0,0,0,0,0,0,0,0,0,0,0,0,0,0,0
"G1901530","2010","IA","2","4","Iowa","19","Polk County","153",,,,,,,,,,,,,,,"19780","99999","218",,,,,,,,,,,,,,,,,"1486121332","45945876","Polk County","A","+41.6842807","-093.5697204","06","1",,430640,211171,3225,3328,3415,3480,3332,3198,3163,3140,3103,3194,3182,2979,3048,3068,2966,2766,3004,2840,2802,2640,2804,2417,2581,2903,3262,3612,3363,3423,3580,3423,3762,3276,3212,2973,2963,3200,2754,2789,3061,3108,3420,3017,2939,2843,2789,3232,2997,3069,3044,3079,3202,2808,2816,2742,2801,2789,2528,2454,2469,2253,2295,2082,2157,2038,1512,1460,1357,1490,1215,1158,1071,996,905,873,792,840,708,695,674,611,568,570,574,474,453,373,328,272,276,183,140,94,99,82,37,26,20,15,11,6,10,0,1,219469,3182,3115,3249,3272,3218,3108,3139,2991,2904,2923,3040,2884,2842,2803,2633,2731,2765,2695,2791,2774,2857,2609,2900,3105,3429,3695,3466,3601,3593,3481,3680,3266,3199,2994,2936,3010,2772,2809,2954,3174,3309,3005,2809,2880,2883,3061,2988,3109,3133,3191,3316,2866,2986,2909,2950,2880,2725,2610,2668,2459,2467,2363,2280,2251,1694,1714,1608,1662,1373,1337,1296,1214,1127,1015,1087,1088,883,949,945,909,942,814,849,794,741,677,669,580,515,470,371,313,301,214,159,119,107,80,60,41,62,2,1,421284,206659,16735,15768,15149,8519,4727,2365,2228,8446,17124,15900,14661,14731,15064,14070,12308,4309,5643,2778,3818,4568,3440,2533,1775,214625,15989,15023,14145,8100,4572,2305,2366,9169,17597,15885,14530,14726,15333,14922,13251,4803,6179,3298,4329,5670,4645,3865,3923,9356,4512,260,163,2,0,0,1,1,0,0,161,34,122,5,0,0,0,0,0,0,0,97,1,0,0,0,96,32,0,0,0,0,64,3707,1315,1106,0,0,0,858,248,0,9,7,2,0,140,60,58,0,2,0,0,2392,1309,0,0,0,1083,482,97,235,0,12,257,545,506,6,0,0,0,4,2,0,0,0,0,0,444,56,50,0,6,0,0,39,0,0,0,0,39,13,5,8,0,0,13,4844,237,120,2,0,0,1,1,0,0,118,27,90,1,0,0,0,0,0,0,0,117,5,0,0,0,112,33,0,10,0,0,69,3249,894,758,0,0,542,153,63,0,14,6,8,0,114,8,5,0,2,0,1,2355,1848,0,0,0,507,101,78,163,0,7,158,1358,1341,5,0,0,5,0,0,0,0,0,0,0,1334,2,2,0,0,0,0,17,0,0,0,0,17,2,2,0,0,4,9
"G1901550","2010","IA","2","4","Iowa","19","Pottawattamie County","155",,,,,,,,,,,,,,,"36540","99999","420",,,,,,,,,,,,,,,,,"2461213949","22925740","Pottawattamie County","A","+41.3401835","-095.5449053","06","1",,93158,45690,662,645,619,638,624,670,642,618,668,621,692,591,634,595,584,672,603,645,729,792,681,558,508,591,595,587,618,557,623,604,620,577,603,523,548,590,529,530,538,612,561,556,593,605,588,649,673,690,686,725,751,702,748,656,642,665,592,663,678,585,556,517,571,546,352,379,376,379,361,324,306,266,242,266,262,230,199,222,206,191,169,195,166,155,116,114,86,95,82,63,36,31,28,19,20,10,2,2,0,2,4,0,0,47468,667,617,632,571,643,591,622,618,613,580,598,596,596,595,621,628,628,640,662,700,619,524,532,630,607,604,573,573,599,623,565,577,554,506,513,548,503,542,572,573,589,557,539,580,580,603,693,758,771,752,730,689,722,731,697,717,650,682,639,621,545,588,573,564,414,419,456,421,410,380,333,315,360,320,347,304,281,299,258,302,290,199,257,245,236,226,187,167,129,109,83,93,87,45,62,32,11,22,21,7,15,1,0,91082,44539,3179,3203,3060,1893,1197,554,514,1631,2921,2813,2745,2844,3376,3466,3155,1066,1464,750,1053,1321,1028,762,544,46543,3119,3017,2984,1866,1133,562,511,1727,2941,2692,2722,2829,3556,3553,3299,1130,1546,872,1204,1644,1404,1151,1081,2076,1151,88,67,0,0,0,0,0,0,0,41,3,32,6,0,26,2,0,0,0,24,21,0,0,0,0,21,20,0,0,0,0,1,917,353,299,0,0,0,172,127,0,3,3,0,0,33,18,10,0,0,0,8,564,478,0,0,0,86,15,31,6,0,0,34,146,144,0,0,0,0,0,0,0,0,0,0,0,144,0,0,0,0,0,0,2,0,0,0,0,2,0,0,0,0,0,2,925,70,55,0,0,0,0,0,0,0,21,2,19,0,0,34,4,0,0,0,30,15,2,0,0,0,13,13,0,0,0,0,0,482,124,63,0,0,0,31,32,0,0,0,0,0,45,16,10,0,0,0,6,358,302,0,0,0,56,23,18,13,0,0,2,373,373,0,0,0,0,0,0,0,0,0,0,0,370,3,3,0,0,0,0,0,0,0,0,0,0,0,0,0,0,0,0
"G1901570","2010","IA","2","4","Iowa","19","Poweshiek County","157",,,,,,,,,,,,,,,"99999","99999","999",,,,,,,,,,,,,,,,,"1514967877","2939136","Poweshiek County","A","+41.6845262","-092.5228819","06","9",,18914,9257,88,89,104,110,103,107,110,105,101,154,115,121,109,122,129,139,120,124,182,240,243,229,198,97,87,112,104,81,87,85,79,93,92,88,101,85,87,96,92,89,99,108,113,113,117,116,125,119,136,133,156,130,139,139,143,131,122,128,126,118,105,107,132,112,100,83,82,90,80,82,90,65,92,69,50,52,66,49,65,50,49,51,41,36,50,31,32,20,26,25,18,10,9,11,4,4,1,4,2,1,3,0,0,9657,90,123,100,100,100,99,102,120,98,103,85,106,105,108,118,110,112,123,178,259,280,226,192,94,83,115,70,96,90,84,99,68,87,84,84,90,88,106,90,100,106,86,108,117,99,132,116,133,135,137,141,158,150,140,130,143,121,135,100,124,131,118,121,122,94,101,89,107,105,90,82,72,76,81,80,84,74,62,59,60,77,66,69,43,67,60,56,68,40,36,20,41,34,29,19,13,15,7,7,2,4,0,0,17287,8535,494,577,596,382,181,73,105,300,466,450,447,547,623,704,622,210,342,165,244,358,276,206,167,8752,513,522,522,343,158,74,99,289,455,422,474,514,651,717,620,246,330,189,298,379,322,290,325,1627,722,1,0,0,0,0,0,0,0,0,0,0,0,0,0,0,0,0,0,0,0,1,1,0,0,0,0,0,0,0,0,0,0,644,11,9,0,0,0,9,0,0,0,0,0,0,2,0,0,0,0,0,0,633,612,0,0,0,21,0,6,15,0,0,0,77,73,0,0,0,0,0,0,0,0,0,0,0,73,0,0,0,0,0,0,4,0,0,0,0,4,0,0,4,0,0,0,905,2,0,0,0,0,0,0,0,0,0,0,0,0,0,0,0,0,0,0,0,2,2,0,0,0,0,0,0,0,0,0,0,711,10,0,0,0,0,0,0,0,0,0,0,0,10,0,0,0,0,0,0,701,692,0,0,0,9,0,1,8,0,0,0,192,189,0,0,0,0,0,0,0,0,0,0,0,189,0,0,0,0,0,0,3,0,0,0,0,3,0,0,3,0,0,0
"G1901590","2010","IA","2","4","Iowa","19","Ringgold County","159",,,,,,,,,,,,,,,"99999","99999","999",,,,,,,,,,,,,,,,,"1386933932","8721518","Ringgold County","A","+40.7353342","-094.2442514","06","9",,5131,2492,32,35,32,36,34,41,36,31,42,39,45,32,29,45,49,20,28,32,23,26,29,17,21,22,25,35,12,24,29,20,18,28,30,20,28,19,29,23,19,34,21,20,25,25,29,25,39,31,36,30,29,31,42,51,41,33,33,33,31,40,34,30,47,36,24,25,22,39,28,27,28,21,23,16,19,29,18,17,15,18,20,23,12,22,13,16,15,15,6,9,0,3,2,2,0,1,2,0,0,0,1,0,0,2639,29,35,27,35,37,31,33,36,30,35,40,33,32,34,23,42,32,41,31,21,18,24,19,25,23,26,27,21,19,27,20,25,22,26,27,25,15,21,23,20,30,24,28,24,23,36,33,39,38,31,32,35,51,41,29,29,28,33,41,31,28,40,40,35,28,37,27,29,25,26,23,35,17,32,27,25,23,26,18,30,25,14,30,19,27,22,15,21,20,20,20,10,8,6,12,13,5,1,6,3,5,0,0,4952,2439,169,189,200,80,49,29,17,68,120,124,124,120,160,190,167,63,106,47,94,102,90,81,50,2513,163,165,162,115,52,18,24,67,119,120,104,128,177,187,162,66,99,64,80,127,116,92,106,179,53,0,0,0,0,0,0,0,0,0,0,0,0,0,0,0,0,0,0,0,0,0,0,0,0,0,0,0,0,0,0,0,0,10,6,1,0,0,0,1,0,0,0,0,0,0,5,0,0,0,0,0,0,4,0,0,0,0,4,0,4,0,0,0,0,43,43,0,0,0,0,0,0,0,0,0,0,0,43,0,0,0,0,0,0,0,0,0,0,0,0,0,0,0,0,0,0,126,0,0,0,0,0,0,0,0,0,0,0,0,0,0,0,0,0,0,0,0,0,0,0,0,0,0,0,0,0,0,0,0,9,5,0,0,0,0,0,0,0,0,0,0,0,5,0,0,0,0,0,0,4,0,0,0,0,4,0,4,0,0,0,0,117,117,0,0,0,0,0,0,0,0,0,0,0,117,0,0,0,0,0,0,0,0,0,0,0,0,0,0,0,0,0,0
"G1901610","2010","IA","2","4","Iowa","19","Sac County","161",,,,,,,,,,,,,,,"99999","99999","999",,,,,,,,,,,,,,,,,"1489272900","8596902","Sac County","A","+42.3875259","-095.1052244","06","9",,10350,5064,54,57,52,70,67,66,65,60,56,62,74,73,59,60,71,73,61,78,59,52,34,44,50,37,40,64,39,46,47,50,64,44,57,52,45,39,44,44,48,64,74,69,52,52,66,62,80,66,76,87,87,102,102,95,86,84,93,89,81,66,77,61,70,52,58,46,57,48,47,42,40,36,43,47,54,45,24,42,36,34,42,30,42,37,22,24,27,16,15,13,11,3,8,4,8,3,0,7,0,3,0,0,0,5286,50,57,55,74,60,67,61,61,67,67,60,50,85,73,80,71,65,64,59,28,33,21,39,39,36,49,41,37,54,41,41,43,58,46,45,48,49,59,54,54,51,54,49,55,74,74,61,67,79,95,87,91,84,75,78,83,86,83,68,79,70,62,70,78,57,44,50,48,51,52,49,59,40,50,60,42,61,48,55,34,53,57,50,34,51,49,36,51,37,30,29,24,16,22,15,10,11,6,2,3,6,0,0,10127,4995,300,309,337,212,110,34,43,126,243,261,239,311,369,472,410,138,179,103,135,217,173,158,116,5132,296,323,348,200,87,33,21,114,222,232,264,283,375,413,395,130,201,93,148,256,228,223,247,223,69,0,0,0,0,0,0,0,0,0,0,0,0,0,0,0,0,0,0,0,0,0,0,0,0,0,0,0,0,0,0,0,0,15,8,6,0,0,0,6,0,0,0,0,0,0,2,0,0,0,0,0,0,7,0,0,0,0,7,0,7,0,0,0,0,54,54,0,0,0,0,0,0,0,0,0,0,0,54,0,0,0,0,0,0,0,0,0,0,0,0,0,0,0,0,0,0,154,0,0,0,0,0,0,0,0,0,0,0,0,0,0,0,0,0,0,0,0,0,0,0,0,0,0,0,0,0,0,0,0,14,9,1,0,0,0,1,0,0,0,0,0,0,8,0,0,0,0,0,0,5,0,0,0,0,5,0,5,0,0,0,0,140,140,0,0,0,0,0,0,0,0,0,0,0,140,0,0,0,0,0,0,0,0,0,0,0,0,0,0,0,0,0,0
"G1901630","2010","IA","2","4","Iowa","19","Scott County","163",,,,,,,,,,,,,,,"19340","99999","999",,,,,,,,,,,,,,,,,"1186444226","26215864","Scott County","A","+41.6416793","-090.6222899","06","1",,165224,80977,1145,1127,1113,1185,1179,1104,1200,1130,1112,1190,1133,1173,1110,1186,1151,1156,1142,1201,1125,1046,980,884,926,1061,1180,1175,1129,1092,1201,1159,1180,1053,1050,962,1044,1026,928,972,1062,1082,1139,1004,1100,1098,1105,1167,1137,1189,1149,1209,1304,1146,1244,1182,1209,1220,1164,1132,1107,1034,1015,972,980,989,720,677,697,673,531,544,459,509,464,390,371,369,349,360,287,326,263,229,220,224,214,184,172,158,126,104,73,56,58,36,35,16,10,11,7,2,4,0,0,84247,1098,1076,1095,1103,1132,1192,1097,1137,1125,1116,1085,1074,1066,1083,1066,1051,1100,1133,1111,981,1072,1011,1064,1144,1177,1228,1144,1152,1123,1099,1137,1054,1078,1002,1031,949,960,954,1056,1105,1138,1067,1061,1091,1066,1065,1176,1221,1273,1297,1378,1238,1308,1288,1197,1261,1180,1106,1116,1067,1015,1036,1016,1005,723,742,683,693,669,597,571,541,542,554,510,453,434,415,447,420,421,381,343,365,333,358,318,279,239,212,190,158,145,102,81,43,55,36,26,17,23,1,0,161890,79339,5742,5731,5723,3448,1854,817,798,3079,5664,5225,4990,5354,5717,5996,5593,1969,2667,1368,1734,2176,1660,1119,915,82551,5496,5658,5364,3271,1746,884,885,3321,5707,5279,4984,5393,5998,6370,5710,2037,2731,1415,1947,2679,2107,1714,1855,3334,1638,93,78,3,0,0,0,3,0,0,75,4,71,0,0,0,0,0,0,0,0,15,0,0,0,0,15,10,2,0,0,0,3,1309,430,356,0,0,0,240,116,0,0,0,0,0,74,0,0,0,0,0,0,879,503,0,0,0,376,77,15,107,0,1,176,236,213,0,0,0,0,0,0,0,0,0,0,0,210,3,0,0,3,0,0,23,0,0,0,0,23,2,0,3,0,1,17,1696,40,11,0,0,0,0,0,0,0,11,0,11,0,0,0,0,0,0,0,0,29,0,0,0,0,29,13,2,0,0,0,14,976,119,51,0,0,0,29,22,0,0,0,0,0,68,0,0,0,0,0,0,857,698,0,0,0,159,40,13,24,0,2,80,680,606,0,0,0,0,0,0,0,0,0,0,0,595,11,0,0,11,0,0,74,0,0,0,0,74,0,4,11,0,6,53
"G1901650","2010","IA","2","4","Iowa","19","Shelby County","165",,,,,,,,,,,,,,,"99999","99999","999",,,,,,,,,,,,,,,,,"1530110414","1486135","Shelby County","A","+41.6790143","-095.3089173","06","9",,12167,5942,74,71,58,77,66,80,79,100,76,89,90,93,91,72,83,76,66,86,94,39,46,41,36,65,50,53,53,40,46,56,49,62,49,56,53,53,61,65,77,66,83,70,71,72,72,88,79,105,97,104,119,118,101,115,87,107,100,75,83,71,86,84,79,75,61,59,59,65,58,49,48,54,38,56,50,42,28,45,47,42,36,43,39,30,40,33,23,24,24,23,14,6,7,5,7,3,4,0,0,1,1,0,0,6225,69,53,77,62,77,54,78,82,72,71,79,89,78,88,92,100,104,114,72,47,40,46,36,47,50,51,41,46,48,58,48,62,60,60,56,79,56,57,66,63,69,85,69,80,68,90,91,108,106,115,93,84,97,84,91,98,98,79,99,81,63,76,75,90,71,58,53,68,58,52,50,55,55,54,67,44,65,58,61,56,63,48,53,48,40,57,48,34,32,35,21,31,13,15,8,7,6,6,6,4,8,0,0,11947,5867,346,424,429,228,133,46,41,150,248,268,319,366,471,538,435,169,214,118,169,241,195,179,140,6080,338,357,426,318,119,40,46,133,244,286,319,371,510,449,454,138,233,109,174,274,267,229,246,220,75,0,0,0,0,0,0,0,0,0,0,0,0,0,0,0,0,0,0,0,0,0,0,0,0,0,0,0,0,0,0,0,0,14,14,6,0,0,0,6,0,0,0,0,0,0,8,0,0,0,0,0,0,0,0,0,0,0,0,0,0,0,0,0,0,61,61,0,0,0,0,0,0,0,0,0,0,0,58,3,0,0,3,0,0,0,0,0,0,0,0,0,0,0,0,0,0,145,0,0,0,0,0,0,0,0,0,0,0,0,0,0,0,0,0,0,0,0,0,0,0,0,0,0,0,0,0,0,0,0,7,6,1,0,0,0,1,0,0,0,0,0,0,5,0,0,0,0,0,0,1,0,0,0,0,1,0,0,0,0,0,1,138,137,0,0,0,0,0,0,0,0,0,0,0,131,6,0,1,5,0,0,1,0,0,0,0,1,0,0,0,0,0,1
"G1901670","2010","IA","2","4","Iowa","19","Sioux County","167",,,,,,,,,,,,,,,"99999","99999","999",,,,,,,,,,,,,,,,,"1989969635","1707495","Sioux County","A","+43.0828542","-096.1779289","06","9",,33704,16831,286,272,264,262,250,264,278,233,257,252,267,227,256,219,237,226,267,290,340,461,419,360,309,216,220,221,248,200,216,222,214,230,203,209,172,208,151,164,174,162,180,194,188,170,169,213,216,206,214,222,247,226,232,216,208,199,192,215,216,206,163,154,165,131,119,111,97,124,116,98,103,88,99,87,94,90,78,66,83,75,66,63,72,70,54,52,48,40,39,38,27,15,23,11,6,3,1,1,2,2,2,0,0,16873,248,249,267,259,282,282,244,274,249,222,235,235,213,259,237,249,214,222,343,478,387,385,296,196,197,205,175,189,176,232,216,192,196,167,162,160,183,121,185,192,153,154,161,159,201,194,178,197,228,194,221,264,198,222,209,207,211,207,182,176,163,141,162,146,108,115,130,133,108,134,125,112,105,94,122,108,78,118,107,111,98,100,108,105,92,75,72,63,73,59,50,38,29,23,26,19,8,7,7,6,6,0,0,31294,15774,1334,1284,1206,776,466,174,168,609,1088,1013,847,893,1066,1128,1018,315,412,208,334,469,384,313,269,15520,1305,1271,1179,679,360,122,148,569,971,927,836,824,983,1113,976,300,414,243,372,550,511,453,414,2410,1057,7,7,0,0,0,0,0,0,0,7,0,7,0,0,0,0,0,0,0,0,0,0,0,0,0,0,0,0,0,0,0,0,983,60,52,0,0,0,25,27,0,1,0,1,0,7,0,0,0,0,0,0,923,894,0,0,0,29,0,29,0,0,0,0,67,67,0,0,0,0,0,0,0,0,0,0,0,67,0,0,0,0,0,0,0,0,0,0,0,0,0,0,0,0,0,0,1353,6,3,0,0,0,0,0,0,0,3,3,0,0,0,0,0,0,0,0,0,3,3,0,0,0,0,0,0,0,0,0,0,1126,19,8,0,0,0,6,2,0,1,1,0,0,10,0,0,0,0,0,0,1107,1075,0,0,0,32,0,31,0,0,0,1,221,219,0,0,0,0,0,0,0,0,0,0,0,217,2,0,0,2,0,0,2,0,0,0,0,2,0,2,0,0,0,0
"G1901690","2010","IA","2","4","Iowa","19","Story County","169",,,,,,,,,,,,,,,"11180","99999","112",,,,,,,,,,,,,,,,,"1483592867","2152172","Story County","A","+42.0375379","-093.4660934","06","1",,89542,46412,493,514,511,490,479,457,472,441,456,460,469,457,385,414,416,393,415,458,1100,2656,2685,2703,2336,1714,1201,1005,913,802,750,656,663,643,595,498,463,509,425,399,422,477,434,404,430,397,415,432,447,424,432,455,484,479,503,459,436,521,454,459,477,458,382,374,394,333,269,239,254,247,238,214,210,165,181,199,179,174,126,138,142,134,111,121,108,99,96,67,85,66,57,46,39,36,29,18,10,7,9,9,6,3,2,1,0,43130,450,447,496,465,458,440,420,454,416,446,425,400,394,420,417,411,382,432,1158,2204,2294,2169,1717,1149,878,730,707,665,609,608,570,488,532,429,443,421,406,390,346,410,388,408,433,419,404,432,461,435,492,498,469,482,510,504,501,478,506,483,435,449,393,379,391,366,238,252,314,276,252,223,229,234,208,196,200,193,172,176,180,176,186,163,165,147,135,125,131,120,100,88,81,69,70,59,34,30,35,21,15,11,11,2,1,81368,41954,2483,2267,2117,1243,1296,1833,2245,4959,4063,2825,2210,2063,2160,2346,2353,750,991,488,695,927,698,511,431,39414,2309,2165,2037,1200,1206,1648,1879,3604,3300,2450,1968,2040,2302,2455,2345,769,987,556,749,1050,875,740,780,8174,4458,70,44,0,0,0,0,0,0,0,44,0,44,0,0,0,0,0,0,0,0,26,6,0,0,0,20,15,1,0,0,0,4,4273,132,113,0,0,0,77,36,0,1,0,1,0,18,0,0,0,0,0,0,4141,4051,0,0,0,90,50,20,7,0,0,13,115,114,0,0,0,0,0,0,0,0,0,0,0,113,1,0,0,1,0,0,1,0,0,0,0,1,1,0,0,0,0,0,3716,62,23,0,0,0,0,0,0,0,23,0,23,0,0,0,0,0,0,0,0,39,15,0,0,0,24,10,0,0,0,0,14,3324,37,18,0,0,0,12,6,0,1,0,1,0,17,1,0,0,1,0,0,3287,3224,0,0,0,63,15,27,4,0,0,17,330,328,0,0,0,0,0,0,0,0,0,0,0,328,0,0,0,0,0,0,2,2,0,0,0,0,0,0,0,0,0,0
"G1901710","2010","IA","2","4","Iowa","19","Tama County","171",,,,,,,,,,,,,,,"99999","99999","999",,,,,,,,,,,,,,,,,"1867411117","2769451","Tama County","A","+42.0748481","-092.5294115","06","9",,17767,8731,94,101,97,119,113,135,153,122,118,125,143,124,139,135,126,150,136,173,136,73,81,89,96,67,91,96,91,85,84,80,79,99,96,73,81,103,67,73,99,128,114,113,116,116,121,121,125,115,140,121,122,140,121,155,136,153,118,134,114,120,111,114,108,99,90,72,85,84,81,85,77,68,79,73,51,53,59,55,45,53,45,44,41,60,26,31,30,18,29,18,15,8,8,10,5,5,5,1,3,1,1,0,0,9036,101,126,140,99,121,110,93,111,133,115,129,120,118,160,134,147,140,140,118,83,71,68,74,82,87,85,94,92,87,86,101,93,88,86,93,93,89,88,93,115,119,106,131,114,119,113,119,127,143,122,123,139,139,145,112,147,112,115,108,119,116,109,107,97,82,89,87,91,81,79,85,67,74,67,86,64,70,64,80,86,64,61,56,53,46,48,57,36,35,38,31,41,25,16,25,15,9,9,8,4,3,0,0,17368,8605,524,653,659,447,206,79,87,253,432,427,466,580,618,673,637,223,293,157,245,345,257,195,149,8763,587,562,652,381,199,71,67,243,441,458,475,585,623,654,595,223,285,174,245,376,348,255,264,399,126,20,20,0,0,0,0,0,0,0,20,0,0,20,0,0,0,0,0,0,0,0,0,0,0,0,0,0,0,0,0,0,0,30,16,12,0,0,0,12,0,0,0,0,0,0,4,0,0,0,0,0,0,14,0,0,0,0,14,0,0,14,0,0,0,76,76,0,0,0,0,0,0,0,0,0,0,0,76,0,0,0,0,0,0,0,0,0,0,0,0,0,0,0,0,0,0,273,55,55,0,0,0,0,0,0,0,55,0,0,55,0,0,0,0,0,0,0,0,0,0,0,0,0,0,0,0,0,0,0,30,9,2,0,0,0,2,0,0,0,0,0,0,7,0,0,0,0,0,0,21,0,0,0,0,21,0,3,18,0,0,0,188,188,0,0,0,0,0,0,0,0,0,0,0,188,0,0,0,0,0,0,0,0,0,0,0,0,0,0,0,0,0,0
"G1901730","2010","IA","2","4","Iowa","19","Taylor County","173",,,,,,,,,,,,,,,"99999","99999","999",,,,,,,,,,,,,,,,,"1377618597","7133648","Taylor County","A","+40.7379489","-094.6971082","06","9",,6317,3147,35,39,35,42,45,44,38,46,40,50,42,50,41,43,44,46,24,45,43,27,23,30,30,26,21,45,26,25,39,57,34,37,37,27,24,28,30,28,31,35,30,45,35,40,47,49,46,34,33,58,55,43,41,47,45,45,51,52,50,41,44,40,51,48,36,37,36,30,30,38,23,31,25,25,21,30,16,23,16,15,23,18,23,19,16,14,19,11,13,16,7,6,2,1,2,0,2,1,0,0,0,0,0,3170,21,31,39,42,45,47,24,41,36,45,41,38,54,30,43,44,59,47,25,17,32,19,31,33,24,41,26,29,31,29,38,29,35,28,27,28,35,23,39,41,25,38,36,25,24,43,51,45,57,50,44,49,41,49,43,47,46,45,46,54,31,47,39,29,41,33,46,33,29,29,26,20,35,37,24,37,24,20,30,22,27,32,27,18,18,28,21,22,15,19,14,7,11,5,9,8,3,1,3,2,3,0,0,6221,3118,196,218,220,115,70,23,30,77,191,159,152,196,220,231,238,84,133,73,97,122,97,93,83,3103,178,193,206,150,42,32,19,88,155,157,166,147,245,226,237,78,106,79,90,139,129,111,130,96,29,0,0,0,0,0,0,0,0,0,0,0,0,0,0,0,0,0,0,0,0,0,0,0,0,0,0,0,0,0,0,0,0,5,5,2,0,0,0,2,0,0,0,0,0,0,3,0,0,0,0,0,0,0,0,0,0,0,0,0,0,0,0,0,0,24,24,0,0,0,0,0,0,0,0,0,0,0,24,0,0,0,0,0,0,0,0,0,0,0,0,0,0,0,0,0,0,67,0,0,0,0,0,0,0,0,0,0,0,0,0,0,0,0,0,0,0,0,0,0,0,0,0,0,0,0,0,0,0,0,7,7,2,0,0,0,2,0,0,0,0,0,0,5,0,0,0,0,0,0,0,0,0,0,0,0,0,0,0,0,0,0,60,60,0,0,0,0,0,0,0,0,0,0,0,60,0,0,0,0,0,0,0,0,0,0,0,0,0,0,0,0,0,0
"G1901750","2010","IA","2","4","Iowa","19","Union County","175",,,,,,,,,,,,,,,"99999","99999","999",,,,,,,,,,,,,,,,,"1097235730","5575916","Union County","A","+41.0285502","-094.2450907","06","9",,12534,6106,76,94,98,91,90,90,72,91,74,77,80,72,72,77,92,93,93,69,98,111,95,67,74,71,56,83,67,71,76,74,51,84,46,66,75,68,58,70,64,81,78,54,60,84,71,76,80,98,94,87,102,88,102,84,84,78,85,64,90,91,88,80,96,73,63,55,55,64,59,44,49,46,53,48,47,45,32,34,32,35,33,33,31,22,18,19,16,13,22,8,9,8,6,3,2,3,1,4,0,0,0,0,0,6428,82,75,71,84,68,81,81,87,79,81,87,95,92,80,79,66,67,80,93,97,76,69,53,67,77,71,83,67,76,69,81,57,58,71,72,74,61,87,69,78,56,62,66,73,54,83,85,80,112,102,88,107,86,93,82,85,86,103,91,93,69,92,94,73,54,68,74,62,57,67,62,57,47,41,48,47,46,55,53,46,51,36,45,36,50,33,27,36,23,31,33,19,14,11,10,11,7,3,6,1,4,1,0,12182,5945,447,403,390,253,165,76,63,195,364,318,336,346,431,454,404,165,229,108,165,234,171,133,95,6237,377,408,432,210,158,57,66,193,359,335,365,310,459,452,453,157,221,141,184,247,239,196,218,352,161,8,0,0,0,0,0,0,0,0,0,0,0,0,0,0,0,0,0,0,0,8,0,0,0,0,8,0,1,0,0,0,7,110,9,8,0,0,0,8,0,0,0,0,0,0,1,0,0,0,0,0,0,101,60,0,0,0,41,0,22,0,0,0,19,43,29,0,0,0,0,0,0,0,0,0,0,0,29,0,0,0,0,0,0,14,0,0,0,0,14,0,8,0,0,0,6,191,8,0,0,0,0,0,0,0,0,0,0,0,0,0,0,0,0,0,0,0,8,0,0,0,0,8,0,2,0,0,0,6,90,3,1,0,0,0,1,0,0,0,0,0,0,2,0,0,0,0,0,0,87,52,0,0,0,35,0,14,0,0,0,21,93,85,0,0,0,0,0,0,0,0,0,0,0,85,0,0,0,0,0,0,8,0,0,0,0,8,0,3,0,0,0,5
"G1901770","2010","IA","2","4","Iowa","19","Van Buren County","177",,,,,,,,,,,,,,,"99999","99999","999",,,,,,,,,,,,,,,,,"1255597645","14839903","Van Buren County","A","+40.7541168","-091.9529430","06","9",,7570,3806,53,50,42,55,59,49,51,49,47,80,42,50,45,58,49,57,60,65,47,35,29,46,26,29,30,45,37,41,39,45,44,39,41,41,34,50,30,49,42,38,50,45,41,44,51,42,47,52,51,54,61,60,49,60,66,55,54,62,64,53,54,45,66,39,33,47,33,53,39,37,38,37,40,28,34,27,32,28,28,16,15,19,21,15,21,21,13,10,9,4,6,8,0,5,1,1,1,2,0,0,1,0,0,3764,56,42,48,39,48,45,44,43,54,48,47,52,60,31,42,49,59,54,47,35,31,35,36,35,35,27,41,43,50,39,27,42,40,39,31,34,39,29,36,48,41,35,49,46,44,60,49,45,69,47,70,44,59,58,55,47,60,52,55,49,53,50,45,43,51,37,35,52,38,39,44,45,30,41,42,34,20,26,31,21,24,23,34,25,22,23,18,23,15,11,11,9,6,6,2,3,7,2,4,1,4,0,0,7473,3769,259,276,244,182,82,29,46,85,207,198,208,230,245,292,283,98,136,80,127,175,130,86,71,3704,233,234,232,162,82,31,34,105,200,178,184,214,269,285,262,101,136,72,126,199,128,122,115,97,37,0,0,0,0,0,0,0,0,0,0,0,0,0,0,0,0,0,0,0,0,0,0,0,0,0,0,0,0,0,0,0,0,16,1,1,0,0,0,1,0,0,0,0,0,0,0,0,0,0,0,0,0,15,0,0,0,0,15,0,15,0,0,0,0,21,18,0,0,0,0,0,0,0,0,0,0,0,18,0,0,0,0,0,0,3,0,0,0,0,3,0,3,0,0,0,0,60,0,0,0,0,0,0,0,0,0,0,0,0,0,0,0,0,0,0,0,0,0,0,0,0,0,0,0,0,0,0,0,0,14,1,0,0,0,0,0,0,0,0,0,0,0,1,0,0,0,0,0,0,13,0,0,0,0,13,0,13,0,0,0,0,46,42,0,0,0,0,0,0,0,0,0,0,0,42,0,0,0,0,0,0,4,0,0,0,0,4,0,4,0,0,0,0
"G1901790","2010","IA","2","4","Iowa","19","Wapello County","179",,,,,,,,,,,,,,,"36900","99999","999",,,,,,,,,,,,,,,,,"1118443326","10846138","Wapello County","A","+41.0312631","-092.4094822","06","2",,35625,17422,238,257,255,234,222,221,240,211,239,211,208,205,208,243,217,229,257,217,244,325,280,254,214,209,243,235,217,238,226,231,246,198,196,224,222,206,186,204,211,220,233,192,218,246,210,197,242,248,251,257,251,277,255,258,264,250,259,275,233,231,220,204,219,192,140,162,146,158,154,133,132,115,103,107,107,108,91,85,96,93,76,86,85,65,56,53,49,37,41,39,22,12,11,14,5,7,7,2,0,1,1,0,0,18203,226,219,230,231,249,209,217,221,223,246,196,207,238,194,215,226,226,234,255,296,239,211,225,212,228,229,186,189,218,203,230,214,213,201,207,222,182,195,201,213,200,217,200,186,217,239,249,255,254,259,283,271,283,278,279,265,285,271,228,232,213,204,248,229,185,155,180,164,157,174,135,152,138,143,125,136,143,138,128,134,132,101,118,106,89,124,93,63,72,69,50,29,32,32,20,23,14,7,6,4,8,3,0,34758,16977,1206,1121,1079,699,463,222,220,622,1118,1064,1019,1073,1178,1290,1241,422,548,307,440,557,459,354,275,17781,1148,1112,1048,680,447,200,190,654,1022,1062,1006,1008,1245,1385,1274,414,656,335,491,684,662,512,546,867,445,7,6,0,0,0,0,0,0,0,6,3,0,3,0,0,0,0,0,0,0,1,1,0,0,0,0,0,0,0,0,0,0,371,113,87,0,0,0,43,44,0,0,0,0,0,5,21,21,0,0,0,0,258,236,0,0,0,22,0,11,3,0,0,8,67,67,0,0,0,0,0,0,0,0,0,0,0,67,0,0,0,0,0,0,0,0,0,0,0,0,0,0,0,0,0,0,422,19,14,0,0,0,0,0,0,0,14,4,0,10,0,0,0,0,0,0,0,5,3,0,0,0,2,0,0,0,0,0,2,236,45,19,0,0,0,6,13,0,4,0,0,4,9,13,13,0,0,0,0,191,168,0,0,0,23,0,8,0,0,0,15,167,167,0,0,0,0,0,0,0,0,0,0,0,167,0,0,0,0,0,0,0,0,0,0,0,0,0,0,0,0,0,0
"G1901810","2010","IA","2","4","Iowa","19","Warren County","181",,,,,,,,,,,,,,,"19780","99999","218",,,,,,,,,,,,,,,,,"1475844938","9125380","Warren County","A","+41.3367685","-093.5643662","06","1",,46225,22507,283,292,292,307,330,323,293,347,364,395,378,385,390,373,333,326,364,365,363,373,316,299,320,168,221,233,249,245,231,257,268,253,268,244,238,270,277,254,312,333,314,318,318,304,340,354,327,358,331,389,364,318,321,302,314,313,314,287,295,293,279,243,262,282,210,190,201,187,152,155,175,118,114,103,128,126,109,99,94,106,68,61,57,66,70,35,39,44,25,23,16,14,14,14,8,5,4,2,1,1,1,0,0,23718,258,266,332,301,313,313,319,301,304,348,340,364,344,348,400,335,355,337,339,373,376,339,282,212,238,236,242,251,270,235,284,264,278,240,244,283,255,304,348,361,344,325,321,312,330,356,381,361,356,387,392,340,366,308,336,350,304,264,295,302,275,284,295,259,209,226,198,182,184,212,150,172,151,141,130,125,141,111,133,123,116,86,97,97,102,88,90,89,87,68,39,41,42,26,15,20,18,9,8,4,12,1,0,44483,21804,1504,1722,1859,1054,525,205,195,616,1211,1267,1440,1585,1748,1605,1488,515,744,389,486,624,524,296,202,22679,1470,1585,1796,1026,458,193,206,632,1220,1307,1546,1622,1838,1735,1507,556,756,415,571,724,589,442,485,1742,703,1,1,0,0,0,0,0,0,0,1,1,0,0,0,0,0,0,0,0,0,0,0,0,0,0,0,0,0,0,0,0,0,598,71,14,0,0,0,14,0,0,0,0,0,0,57,0,0,0,0,0,0,527,517,0,0,0,10,0,10,0,0,0,0,104,104,0,0,0,0,0,0,0,0,0,0,0,104,0,0,0,0,0,0,0,0,0,0,0,0,0,0,0,0,0,0,1039,1,0,0,0,0,0,0,0,0,0,0,0,0,0,0,0,0,0,0,0,1,1,0,0,0,0,0,0,0,0,0,0,730,34,3,0,0,0,3,0,0,0,0,0,0,31,0,0,0,0,0,0,696,673,0,0,0,23,0,23,0,0,0,0,308,296,0,0,0,0,0,0,0,0,0,0,0,296,0,0,0,0,0,0,12,0,0,0,0,12,0,12,0,0,0,0
"G1901830","2010","IA","2","4","Iowa","19","Washington County","183",,,,,,,,,,,,,,,"26980","99999","999",,,,,,,,,,,,,,,,,"1473276393","5399692","Washington County","A","+41.3294011","-091.7250523","06","1",,21704,10626,136,145,131,142,143,147,166,139,159,172,209,156,139,141,168,151,174,167,139,125,84,88,103,93,103,112,104,133,120,121,102,116,128,136,113,130,97,113,112,134,113,154,113,144,179,151,171,151,163,180,153,180,156,155,154,163,175,160,152,108,164,136,149,124,97,96,86,116,95,72,79,82,77,65,70,72,47,71,45,65,48,45,49,54,34,35,29,23,25,24,26,19,10,12,6,6,5,0,0,0,2,0,0,11078,128,133,147,157,124,147,146,138,160,144,154,136,174,172,136,159,160,159,133,87,76,98,75,105,105,106,109,109,105,135,106,113,136,129,108,120,99,123,130,143,139,146,146,140,138,185,151,149,166,161,180,169,160,155,158,139,159,185,153,145,137,134,145,113,133,106,108,101,89,91,84,87,70,86,76,67,78,80,83,84,78,74,72,57,55,75,57,68,62,60,43,33,31,28,19,12,11,13,10,10,10,0,0,21394,10517,697,783,813,492,263,84,85,298,583,592,582,701,812,794,747,298,368,179,282,369,287,210,198,10877,689,735,772,478,220,76,98,283,564,592,613,708,810,819,777,271,387,212,279,393,371,309,421,310,109,0,0,0,0,0,0,0,0,0,0,0,0,0,0,0,0,0,0,0,0,0,0,0,0,0,0,0,0,0,0,0,0,44,34,22,0,0,0,22,0,0,0,0,0,0,12,0,0,0,0,0,0,10,0,0,0,0,10,0,10,0,0,0,0,65,65,0,0,0,0,0,0,0,0,0,0,0,65,0,0,0,0,0,0,0,0,0,0,0,0,0,0,0,0,0,0,201,0,0,0,0,0,0,0,0,0,0,0,0,0,0,0,0,0,0,0,0,0,0,0,0,0,0,0,0,0,0,0,0,18,14,4,0,0,0,4,0,0,0,0,0,0,10,0,0,0,0,0,0,4,0,0,0,0,4,0,4,0,0,0,0,183,183,0,0,0,0,0,0,0,0,0,0,0,183,0,0,0,0,0,0,0,0,0,0,0,0,0,0,0,0,0,0
"G1901850","2010","IA","2","4","Iowa","19","Wayne County","185",,,,,,,,,,,,,,,"99999","99999","999",,,,,,,,,,,,,,,,,"1360874542","4441137","Wayne County","A","+40.7399827","-093.3326126","06","9",,6403,3118,43,40,41,31,39,47,52,36,33,46,41,32,35,36,34,55,38,50,57,43,25,30,27,29,25,27,41,31,31,44,29,32,31,21,27,25,33,31,35,33,18,31,33,38,46,37,51,58,58,47,44,53,57,59,48,48,44,52,52,35,35,32,41,44,34,39,34,37,24,33,23,25,31,24,29,24,22,22,21,24,19,13,18,21,17,16,16,10,7,8,3,6,5,6,4,2,1,1,1,1,0,0,0,3285,35,43,45,48,34,35,42,46,59,39,52,38,38,38,47,42,45,45,35,31,39,20,34,30,30,49,34,30,18,28,30,25,22,24,29,29,29,21,39,35,29,29,23,36,30,36,61,48,68,47,42,36,55,46,53,42,44,38,42,37,35,34,35,40,36,26,48,51,36,42,36,34,34,26,28,26,34,35,27,32,35,29,25,20,25,23,13,22,27,21,17,11,8,6,13,6,6,3,4,1,1,0,0,6312,3083,194,214,178,143,98,25,30,80,170,139,156,166,251,260,228,67,119,71,92,130,110,83,79,3229,205,221,213,132,66,39,20,94,159,130,152,146,260,232,201,69,110,72,127,155,151,124,151,91,35,0,0,0,0,0,0,0,0,0,0,0,0,0,0,0,0,0,0,0,0,0,0,0,0,0,0,0,0,0,0,0,0,13,11,8,0,0,0,8,0,0,0,0,0,0,3,0,0,0,0,0,0,2,0,0,0,0,2,0,2,0,0,0,0,22,18,0,0,0,0,0,0,0,0,0,0,0,18,0,0,0,0,0,0,4,0,0,0,0,4,0,3,0,0,1,0,56,0,0,0,0,0,0,0,0,0,0,0,0,0,0,0,0,0,0,0,0,0,0,0,0,0,0,0,0,0,0,0,0,5,4,2,0,0,0,2,0,0,0,0,0,0,2,0,0,0,0,0,0,1,0,0,0,0,1,0,1,0,0,0,0,51,46,0,0,0,0,0,0,0,0,0,0,0,46,0,0,0,0,0,0,5,0,0,0,0,5,0,4,0,0,1,0
"G1901870","2010","IA","2","4","Iowa","19","Webster County","187",,,,,,,,,,,,,,,"22700","99999","999",,,,,,,,,,,,,,,,,"1853443769","7277623","Webster County","A","+42.4343970","-094.1791565","06","2",,38013,19467,216,217,237,234,240,239,247,268,224,236,244,238,237,246,252,248,315,270,329,520,478,323,291,286,282,281,277,287,279,296,229,221,253,209,197,193,189,170,196,191,224,218,229,220,241,238,204,285,278,338,304,307,293,298,282,320,274,245,247,249,251,225,207,228,163,164,183,157,133,143,145,120,119,123,120,118,134,91,94,101,112,91,78,77,77,63,51,51,51,35,28,13,11,6,8,5,6,1,2,1,2,0,0,18546,221,235,210,219,219,204,206,184,246,213,206,221,246,217,252,228,247,237,272,319,290,239,171,206,218,189,207,213,208,194,236,216,170,183,151,190,157,182,188,203,223,200,174,192,210,246,222,271,298,313,268,282,304,307,264,278,279,260,276,265,248,224,277,260,169,164,199,171,141,166,151,146,144,150,143,162,150,130,127,139,142,159,121,118,97,112,100,76,76,72,74,45,43,24,23,18,8,3,7,10,12,0,0,35386,17451,1143,1214,1196,794,463,228,188,579,1074,956,859,1059,1275,1453,1314,467,591,344,423,614,516,411,290,17935,1101,1052,1141,703,440,208,213,581,1001,952,912,991,1343,1418,1349,466,702,359,472,723,681,583,544,2627,2016,61,47,5,0,0,5,0,0,0,42,0,42,0,0,0,0,0,0,0,0,14,5,0,0,0,9,9,0,0,0,0,0,1839,1291,1227,0,0,1149,23,55,0,2,0,2,0,22,40,0,0,0,0,40,548,503,0,0,0,45,7,11,24,0,0,3,116,112,4,0,0,4,0,0,0,0,0,0,0,108,0,0,0,0,0,0,4,0,0,0,0,4,0,0,4,0,0,0,611,14,0,0,0,0,0,0,0,0,0,0,0,0,0,0,0,0,0,0,0,14,4,0,0,0,10,9,0,0,0,0,1,336,45,13,0,0,0,9,4,0,0,0,0,0,23,9,0,0,0,0,9,291,256,0,0,0,35,16,9,10,0,0,0,261,261,0,0,0,0,0,0,0,0,0,0,0,256,5,0,0,5,0,0,0,0,0,0,0,0,0,0,0,0,0,0
"G1901890","2010","IA","2","4","Iowa","19","Winnebago County","189",,,,,,,,,,,,,,,"99999","99999","999",,,,,,,,,,,,,,,,,"1037261544","3182052","Winnebago County","A","+43.3781243","-093.7434883","06","9",,10866,5383,52,67,50,65,63,52,67,66,58,67,58,75,84,76,73,80,79,85,110,73,75,89,85,67,61,66,64,55,54,56,57,46,59,49,67,52,47,61,58,66,66,67,46,69,57,67,73,74,82,88,88,77,80,93,87,93,102,97,89,80,79,73,60,65,52,47,50,51,44,42,40,40,41,32,37,33,26,42,30,19,42,27,32,30,21,21,14,17,14,5,19,9,9,2,4,1,1,1,0,0,2,0,0,5483,51,62,64,62,58,62,60,53,86,77,61,62,68,62,58,51,69,71,73,74,76,89,57,59,47,48,39,43,55,40,53,60,50,62,47,56,51,52,67,62,54,51,51,57,69,68,90,77,72,72,91,83,76,103,92,97,82,101,90,63,63,68,61,64,43,49,61,65,54,41,53,44,58,37,45,42,42,51,38,57,42,48,52,39,35,35,30,34,35,29,19,28,20,13,11,11,9,5,9,2,5,0,0,10378,5159,297,310,366,244,116,38,58,190,288,276,280,297,380,423,457,152,177,96,137,189,146,142,100,5219,297,338,311,191,87,44,67,150,223,269,284,279,373,441,431,131,167,109,159,234,217,205,212,488,224,0,0,0,0,0,0,0,0,0,0,0,0,0,0,0,0,0,0,0,0,0,0,0,0,0,0,0,0,0,0,0,0,189,26,6,0,0,0,6,0,0,0,0,0,0,20,0,0,0,0,0,0,163,161,0,0,0,2,0,2,0,0,0,0,35,35,0,0,0,0,0,0,0,0,0,0,0,35,0,0,0,0,0,0,0,0,0,0,0,0,0,0,0,0,0,0,264,0,0,0,0,0,0,0,0,0,0,0,0,0,0,0,0,0,0,0,0,0,0,0,0,0,0,0,0,0,0,0,0,152,23,0,0,0,0,0,0,0,0,0,0,0,23,0,0,0,0,0,0,129,128,0,0,0,1,0,1,0,0,0,0,112,112,0,0,0,0,0,0,0,0,0,0,0,112,0,0,0,0,0,0,0,0,0,0,0,0,0,0,0,0,0,0
"G1901910","2010","IA","2","4","Iowa","19","Winneshiek County","191",,,,,,,,,,,,,,,"99999","99999","999",,,,,,,,,,,,,,,,,"1786750121","698598","Winneshiek County","A","+43.2929889","-091.8507880","06","9",,21056,10450,109,94,115,109,115,104,146,123,131,102,117,118,133,131,122,146,141,141,233,365,308,344,259,124,117,113,100,104,91,86,108,111,89,98,89,89,80,93,95,97,121,120,121,123,137,148,158,139,153,145,145,193,182,169,176,166,147,129,140,115,141,118,119,112,89,102,78,85,85,73,84,79,78,78,80,63,58,55,50,49,59,46,62,40,44,38,28,22,23,17,19,12,13,8,13,4,0,2,3,2,2,0,0,10606,105,95,118,117,104,126,91,109,113,119,117,117,117,121,133,138,113,147,237,397,360,356,224,108,92,91,79,90,91,101,107,80,80,93,91,96,94,90,99,91,112,113,115,109,124,135,132,143,155,174,165,160,155,145,161,130,148,146,140,135,121,134,122,105,87,88,105,81,91,86,86,90,81,84,70,91,57,73,78,70,82,63,62,62,73,70,50,45,42,33,37,30,25,24,20,13,8,7,5,4,6,1,0,18768,9478,542,606,621,426,256,100,143,369,488,493,453,621,740,864,693,257,320,178,240,393,271,237,167,9290,539,558,605,398,151,74,121,291,448,450,470,572,739,785,697,255,311,191,253,403,354,314,311,2288,972,2,0,0,0,0,0,0,0,0,0,0,0,0,0,0,0,0,0,0,0,2,2,0,0,0,0,0,0,0,0,0,0,902,19,12,0,0,0,12,0,0,0,0,0,0,7,0,0,0,0,0,0,883,879,0,0,0,4,0,3,0,0,0,1,68,68,0,0,0,0,0,0,0,0,0,0,0,68,0,0,0,0,0,0,0,0,0,0,0,0,0,0,0,0,0,0,1316,0,0,0,0,0,0,0,0,0,0,0,0,0,0,0,0,0,0,0,0,0,0,0,0,0,0,0,0,0,0,0,0,1149,8,1,0,0,0,1,0,0,0,0,0,0,7,0,0,0,0,0,0,1141,1139,0,0,0,2,0,2,0,0,0,0,167,167,0,0,0,0,0,0,0,0,0,0,0,167,0,0,0,0,0,0,0,0,0,0,0,0,0,0,0,0,0,0
"G1901930","2010","IA","2","4","Iowa","19","Woodbury County","193",,,,,,,,,,,,,,,"43580","99999","512",,,,,,,,,,,,,,,,,"2260629616","12793293","Woodbury County","A","+42.3932198","-096.0532956","06","1",,102172,50394,769,783,813,834,820,805,775,755,735,752,759,761,723,743,763,757,764,812,759,921,802,760,762,685,716,719,687,665,677,672,699,637,677,593,587,585,541,616,657,711,634,611,594,616,671,647,673,730,673,751,688,671,682,684,692,713,629,641,665,598,588,539,530,509,370,371,361,375,346,305,321,268,250,279,249,196,199,200,171,190,187,195,176,147,149,125,101,86,68,65,42,43,16,13,16,13,6,6,6,3,0,0,0,51778,771,767,812,804,754,758,731,731,689,751,735,702,697,727,671,688,746,757,768,840,767,790,749,696,677,658,645,653,622,650,735,629,663,608,585,644,580,651,603,686,594,583,566,616,646,628,700,705,679,735,711,649,730,744,668,699,692,688,631,623,588,599,599,522,412,420,432,408,333,329,363,303,304,333,293,279,283,275,294,268,280,240,258,278,231,216,176,161,156,136,113,88,90,77,50,32,28,24,13,7,9,1,0,99536,49083,3999,3812,3734,2311,1324,613,650,2057,3346,3139,3068,3077,3441,3374,3209,1111,1389,725,1019,1346,939,832,568,50453,3888,3648,3521,2176,1243,583,630,2030,3208,3200,3136,2979,3418,3486,3309,1169,1520,847,1061,1576,1365,1226,1234,2636,1311,67,54,0,0,0,0,0,0,0,54,7,20,27,0,0,0,0,0,0,0,13,0,0,0,0,13,11,1,0,0,0,1,1129,232,178,0,0,0,128,50,0,0,0,0,0,54,0,0,0,0,0,0,897,722,0,0,0,175,49,90,0,0,18,18,115,104,0,0,0,0,0,0,0,0,0,0,0,104,0,0,0,0,0,0,11,0,0,0,0,11,2,6,0,0,0,3,1325,58,48,0,0,0,0,0,0,0,48,7,15,26,0,0,0,0,0,0,0,10,1,0,0,0,9,8,0,0,0,0,1,995,92,25,0,0,0,23,2,0,6,0,0,6,61,0,0,0,0,0,0,903,785,0,0,0,118,42,38,10,0,13,15,272,258,0,0,0,0,0,0,0,0,0,0,0,258,0,0,0,0,0,0,14,0,0,0,0,14,1,6,0,0,4,3
"G1901950","2010","IA","2","4","Iowa","19","Worth County","195",,,,,,,,,,,,,,,"32380","99999","999",,,,,,,,,,,,,,,,,"1036314948","4709127","Worth County","A","+43.3734910","-093.2485332","06","2",,7598,3786,35,37,40,54,35,34,41,45,44,46,51,44,46,61,59,59,69,56,64,52,26,33,24,26,34,39,52,43,47,43,36,34,37,36,49,42,55,28,42,39,46,46,48,54,45,57,62,64,61,74,62,76,75,56,70,63,65,58,58,45,48,73,50,42,37,40,44,26,44,42,36,27,31,31,27,31,21,19,22,17,13,19,14,18,13,15,10,9,8,13,10,2,4,3,1,2,2,0,0,0,0,0,0,3812,44,43,41,49,36,37,54,42,42,34,73,61,65,44,50,62,66,58,48,20,25,25,35,27,35,31,41,32,38,44,46,32,41,32,33,37,43,42,41,63,41,38,43,50,46,44,64,53,58,62,57,51,63,60,69,61,67,54,59,48,53,44,49,51,39,39,44,39,29,27,33,28,30,30,33,32,26,27,33,25,24,21,25,25,34,28,20,22,14,17,10,10,11,4,12,4,10,6,3,0,1,0,0,7508,3753,201,210,261,184,116,25,32,84,223,191,205,239,318,339,289,121,129,84,109,151,105,69,68,3755,213,209,293,186,68,25,25,97,185,184,226,218,281,300,289,97,139,83,94,153,140,120,130,90,33,0,0,0,0,0,0,0,0,0,0,0,0,0,0,0,0,0,0,0,0,0,0,0,0,0,0,0,0,0,0,0,0,5,5,5,0,0,0,5,0,0,0,0,0,0,0,0,0,0,0,0,0,0,0,0,0,0,0,0,0,0,0,0,0,28,28,0,0,0,0,0,0,0,0,0,0,0,28,0,0,0,0,0,0,0,0,0,0,0,0,0,0,0,0,0,0,57,0,0,0,0,0,0,0,0,0,0,0,0,0,0,0,0,0,0,0,0,0,0,0,0,0,0,0,0,0,0,0,0,1,1,0,0,0,0,0,0,0,0,0,0,0,1,0,0,0,0,0,0,0,0,0,0,0,0,0,0,0,0,0,0,56,56,0,0,0,0,0,0,0,0,0,0,0,56,0,0,0,0,0,0,0,0,0,0,0,0,0,0,0,0,0,0
"G1901970","2010","IA","2","4","Iowa","19","Wright County","197",,,,,,,,,,,,,,,"99999","99999","999",,,,,,,,,,,,,,,,,"1503286817","4703964","Wright County","A","+42.7330073","-093.7347352","06","9",,13229,6575,65,82,73,104,74,89,89,97,86,76,97,88,79,85,87,86,103,114,106,59,58,63,72,51,69,86,71,70,58,75,73,57,67,68,65,71,68,59,70,63,76,89,92,62,71,77,78,101,94,108,107,87,108,115,119,119,111,107,110,96,83,76,82,90,53,56,59,72,61,54,53,54,50,60,52,61,45,42,59,42,45,44,33,40,32,25,27,30,15,23,16,14,7,10,3,0,3,2,0,1,1,0,0,6654,102,75,91,88,100,71,91,78,78,85,92,96,70,92,62,79,81,81,87,53,50,51,54,59,65,68,71,70,56,61,53,60,73,73,64,70,59,55,84,66,57,69,66,65,70,85,95,99,98,101,92,100,102,98,93,104,107,81,103,76,81,77,91,86,66,70,64,64,55,69,67,56,60,47,64,67,50,52,63,64,71,52,63,58,58,48,37,47,55,44,25,23,13,11,15,14,7,8,4,6,6,1,0,13031,6491,398,437,436,301,162,56,59,187,359,328,330,389,454,534,534,159,225,115,186,266,242,181,153,6540,456,403,412,241,140,50,51,177,326,321,333,325,477,483,468,155,242,134,187,290,292,278,299,198,84,2,0,0,0,0,0,0,0,0,0,0,0,0,0,0,0,0,0,0,0,2,0,0,0,0,2,0,2,0,0,0,0,34,11,8,0,0,0,8,0,0,0,0,0,0,3,0,0,0,0,0,0,23,0,0,0,0,23,0,23,0,0,0,0,48,48,0,0,0,0,0,0,0,0,0,0,0,48,0,0,0,0,0,0,0,0,0,0,0,0,0,0,0,0,0,0,114,0,0,0,0,0,0,0,0,0,0,0,0,0,0,0,0,0,0,0,0,0,0,0,0,0,0,0,0,0,0,0,0,16,2,1,0,0,0,1,0,0,0,0,0,0,1,0,0,0,0,0,0,14,0,0,0,0,14,0,14,0,0,0,0,98,98,0,0,0,0,0,0,0,0,0,0,0,98,0,0,0,0,0,0,0,0,0,0,0,0,0,0,0,0,0,0
"G2200010","2010","LA","3","7","Louisiana","22","Acadia Parish","001",,,,,,,,,,,,,,,"18940","99999","318",,,,,,,,,,,,,,,,,"1696750566","6048801","Acadia Parish","A","+30.2914970","-092.4110366","15","2",,61773,30161,450,467,492,497,519,538,478,457,455,460,520,499,509,483,474,461,477,504,472,427,474,420,404,378,376,385,397,387,407,395,389,382,351,335,319,307,264,359,364,328,365,372,385,406,391,457,420,478,459,469,454,458,432,451,430,425,375,367,369,336,313,342,297,309,218,252,221,224,219,228,211,195,145,173,159,140,133,122,115,113,103,100,96,65,64,56,30,25,33,29,20,15,11,6,4,5,2,3,0,1,4,0,1,31612,461,462,455,408,458,436,482,414,448,433,458,471,465,443,453,468,454,454,481,446,377,398,355,388,415,434,379,422,412,424,414,415,365,367,381,330,360,370,386,388,379,371,426,432,422,437,424,497,497,453,471,434,469,485,435,418,450,386,386,333,311,321,364,334,284,286,295,270,226,232,218,228,213,210,199,175,186,170,169,166,157,133,134,110,135,84,111,72,68,59,56,47,38,28,28,15,13,12,7,4,7,2,0,60723,29586,2422,2384,2468,1409,888,466,408,1127,1912,1732,1570,1869,2245,2184,1842,641,810,462,659,863,601,408,216,31137,2242,2212,2288,1374,926,377,397,1155,2067,1928,1826,2014,2284,2267,1957,624,974,568,711,1030,818,604,494,1050,575,57,43,7,0,0,0,0,7,0,36,0,36,0,0,0,0,0,0,0,0,14,0,0,0,0,14,4,0,0,0,0,10,404,298,243,0,0,0,19,224,0,0,0,0,0,55,0,0,0,0,0,0,106,0,0,0,0,106,28,34,0,0,6,38,114,108,0,0,0,0,0,0,0,0,0,0,0,107,1,1,0,0,0,0,6,0,0,0,0,6,2,3,0,0,0,1,475,7,0,0,0,0,0,0,0,0,0,0,0,0,0,0,0,0,0,0,0,7,0,0,0,0,7,3,0,0,0,0,4,130,48,10,0,0,0,0,10,0,0,0,0,0,38,0,0,0,0,0,0,82,0,0,0,0,82,16,46,0,0,0,20,338,328,0,0,0,0,0,0,0,0,0,0,0,322,6,6,0,0,0,0,10,0,0,0,0,10,0,5,0,0,0,5
"G2200030","2010","LA","3","7","Louisiana","22","Allen Parish","003",,,,,,,,,,,,,,,"99999","99999","999",,,,,,,,,,,,,,,,,"1973174715","10636650","Allen Parish","A","+30.6527435","-092.8196052","15","9",,25764,14490,154,158,168,184,163,161,139,175,191,146,174,176,191,165,135,183,181,168,146,136,173,181,198,201,196,222,259,263,275,276,287,276,269,261,248,228,222,271,216,279,244,237,208,245,217,241,257,217,227,252,220,221,198,207,173,187,188,162,178,150,161,144,150,140,93,117,97,95,104,98,70,102,87,61,65,68,56,49,45,55,51,32,41,37,27,22,18,18,14,11,15,3,4,2,3,2,0,0,0,1,5,3,0,11274,152,148,178,188,175,172,154,122,148,152,167,154,133,167,170,170,172,160,150,121,156,145,133,110,133,121,115,130,150,159,120,123,147,120,132,121,135,133,140,121,139,151,144,126,131,161,149,161,159,165,180,147,161,165,138,163,144,138,145,128,119,128,133,137,115,118,137,120,102,101,94,88,77,94,79,68,94,66,65,61,61,46,50,54,41,35,30,35,22,27,19,17,18,9,8,4,3,3,0,2,1,1,0,21564,10449,827,812,841,530,256,131,130,352,635,575,614,635,754,741,694,253,335,193,269,357,255,159,101,11115,841,748,791,501,271,156,143,376,672,637,649,689,794,786,710,244,381,251,311,419,327,236,182,4200,4041,2,2,2,0,0,0,2,0,0,0,0,0,0,0,0,0,0,0,0,0,0,0,0,0,0,0,0,0,0,0,0,0,3895,3895,3868,0,2387,0,1481,0,0,0,0,0,0,27,0,0,0,0,0,0,0,0,0,0,0,0,0,0,0,0,0,0,144,143,65,0,35,0,30,0,0,0,0,0,0,78,0,0,0,0,0,0,1,0,0,0,0,1,0,0,0,0,0,1,159,1,0,0,0,0,0,0,0,0,0,0,0,0,0,0,0,0,0,0,0,1,0,0,0,0,1,0,1,0,0,0,0,34,33,14,0,8,0,6,0,0,0,0,0,0,19,0,0,0,0,0,0,1,0,0,0,0,1,0,1,0,0,0,0,124,124,0,0,0,0,0,0,0,0,0,0,0,124,0,0,0,0,0,0,0,0,0,0,0,0,0,0,0,0,0,0
"G2200050","2010","LA","3","7","Louisiana","22","Ascension Parish","005",,,,,,,,,,,,,,,"12940","99999","132",,,,,,,,,,,,,,,,,"751046853","33164667","Ascension Parish","A","+30.2029461","-090.9100234","15","1",,107215,52947,840,848,824,933,862,869,946,860,866,899,932,875,833,888,908,873,905,840,756,623,631,634,632,699,660,717,667,723,770,684,728,697,767,712,762,698,747,785,836,899,815,822,770,816,776,852,790,827,781,751,777,771,716,717,636,689,626,615,595,550,536,525,516,546,358,352,366,364,318,278,268,243,220,179,177,170,148,123,117,117,113,88,93,83,71,42,42,40,30,39,19,11,14,6,6,4,4,1,0,0,0,0,0,54268,710,842,827,852,856,824,826,865,869,880,855,931,777,789,840,775,853,783,741,654,606,568,566,575,653,695,723,747,797,746,835,760,760,836,814,805,803,740,826,925,891,881,801,915,796,872,866,821,817,763,802,743,738,739,668,721,649,600,645,551,581,508,540,542,341,417,369,440,386,345,266,242,264,222,198,218,194,185,150,182,164,122,144,117,93,78,97,88,76,61,52,45,37,34,15,15,15,8,3,2,4,0,0,106425,52400,4300,4439,4434,2602,1366,624,605,1915,3483,3592,3932,3960,3973,3590,3044,1055,1407,711,951,1075,667,432,243,54025,4084,4257,4191,2409,1395,606,560,1792,3706,3990,4092,4281,4122,3673,3162,1086,1413,783,1168,1177,909,606,563,790,547,26,24,14,0,0,0,14,0,0,10,0,10,0,0,0,0,0,0,0,0,2,0,0,0,0,2,0,2,0,0,0,0,454,426,387,0,0,0,387,0,0,0,0,0,0,39,0,0,0,0,0,0,28,0,0,0,0,28,13,15,0,0,0,0,67,65,0,0,0,0,0,0,0,0,0,0,0,65,0,0,0,0,0,0,2,0,0,0,0,2,0,2,0,0,0,0,243,13,13,0,0,0,0,0,0,0,13,0,13,0,0,0,0,0,0,0,0,0,0,0,0,0,0,0,0,0,0,0,0,88,82,59,0,0,0,59,0,0,2,0,2,0,21,0,0,0,0,0,0,6,0,0,0,0,6,1,3,0,0,0,2,142,142,0,0,0,0,0,0,0,0,0,0,0,142,0,0,0,0,0,0,0,0,0,0,0,0,0,0,0,0,0,0
"G2200070","2010","LA","3","7","Louisiana","22","Assumption Parish","007",,,,,,,,,,,,,,,"38200","99999","132",,,,,,,,,,,,,,,,,"877120860","67008877","Assumption Parish","A","+29.8998836","-091.0505282","15","2",,23421,11456,151,130,161,168,145,141,137,146,170,150,169,168,170,178,154,190,194,209,189,171,159,149,115,156,134,139,126,133,136,146,143,148,131,124,156,105,129,125,160,133,143,143,164,157,149,178,174,175,159,181,191,169,188,160,196,169,138,145,155,149,179,132,149,137,124,109,112,110,88,89,86,84,74,55,53,69,54,38,44,45,29,52,36,43,19,21,19,18,14,15,11,7,5,5,7,0,0,0,0,2,1,0,0,11965,134,140,149,145,156,147,148,148,150,156,149,171,146,176,151,196,177,186,169,149,146,142,141,128,156,140,149,134,160,151,149,141,172,131,125,114,141,130,154,171,175,170,166,144,187,185,168,190,191,190,201,177,200,185,177,193,173,181,143,175,137,123,132,125,128,136,111,118,103,98,85,99,75,61,57,66,68,70,52,48,60,41,43,42,43,42,30,35,29,20,22,21,18,8,12,3,4,4,2,2,3,0,0,23222,11330,755,744,839,590,353,153,145,401,668,686,638,749,863,899,752,310,407,220,286,344,242,171,115,11892,724,749,793,559,318,146,142,425,734,718,708,842,923,937,861,259,381,246,314,369,299,219,226,199,126,3,3,3,0,0,0,3,0,0,0,0,0,0,0,0,0,0,0,0,0,0,0,0,0,0,0,0,0,0,0,0,0,87,78,72,0,0,0,72,0,0,0,0,0,0,6,0,0,0,0,0,0,9,0,0,0,0,9,0,8,0,0,0,1,36,36,0,0,0,0,0,0,0,0,0,0,0,36,0,0,0,0,0,0,0,0,0,0,0,0,0,0,0,0,0,0,73,0,0,0,0,0,0,0,0,0,0,0,0,0,0,0,0,0,0,0,0,0,0,0,0,0,0,0,0,0,0,0,0,15,8,0,0,0,0,0,0,0,0,0,0,0,8,0,0,0,0,0,0,7,0,0,0,0,7,0,5,0,0,0,2,58,54,0,0,0,0,0,0,0,0,0,0,0,54,0,0,0,0,0,0,4,0,0,0,0,4,0,4,0,0,0,0
"G2200090","2010","LA","3","7","Louisiana","22","Avoyelles Parish","009",,,,,,,,,,,,,,,"99999","99999","999",,,,,,,,,,,,,,,,,"2155994488","86273188","Avoyelles Parish","A","+31.0850937","-091.9937975","15","9",,42073,21097,292,342,268,289,274,311,307,304,251,260,307,305,278,255,323,289,296,311,317,297,247,254,263,295,241,289,287,311,303,319,325,289,338,250,240,270,252,251,294,253,269,295,293,296,298,308,317,334,317,331,295,314,282,317,308,280,274,264,277,259,243,237,244,237,173,207,209,197,169,132,141,144,137,114,127,118,85,86,98,77,56,80,63,70,48,34,40,37,33,24,14,10,16,8,6,1,1,2,3,1,0,0,0,20976,269,286,261,305,253,265,284,272,253,297,326,288,272,261,262,274,272,321,248,231,245,259,222,258,277,257,291,260,279,262,242,235,266,243,239,252,213,259,264,255,262,261,270,283,277,303,291,288,330,278,339,284,288,299,297,299,251,280,285,258,248,229,252,255,204,210,205,199,175,194,158,178,189,163,154,134,113,113,127,125,110,113,115,112,78,58,71,68,54,55,42,44,29,23,33,13,13,8,4,3,4,0,0,38730,18601,1465,1433,1467,892,559,198,213,617,1123,1067,991,1165,1343,1334,1253,453,629,390,478,635,440,272,184,20129,1374,1370,1409,865,472,235,251,723,1259,1149,1159,1282,1427,1483,1359,473,701,407,550,807,573,438,363,3343,2496,5,4,4,0,0,0,4,0,0,0,0,0,0,0,0,0,0,0,0,0,1,0,0,0,0,1,0,0,0,0,1,0,2302,2238,2199,0,0,1528,671,0,0,0,0,0,0,39,0,0,0,0,0,0,64,0,0,0,0,64,0,24,35,0,2,3,189,189,37,0,0,35,2,0,0,0,0,0,0,152,0,0,0,0,0,0,0,0,0,0,0,0,0,0,0,0,0,0,847,3,2,2,0,0,0,2,0,0,0,0,0,0,0,0,0,0,0,0,0,1,0,0,0,0,1,0,0,0,0,1,0,495,468,438,0,0,0,438,0,0,0,0,0,0,30,0,0,0,0,0,0,27,0,0,0,0,27,0,14,7,0,3,3,349,347,5,0,0,0,5,0,0,0,0,0,0,342,0,0,0,0,0,0,2,0,0,0,0,2,0,0,0,0,0,2
"G2200110","2010","LA","3","7","Louisiana","22","Beauregard Parish","011",,,,,,,,,,,,,,,"19760","99999","256",,,,,,,,,,,,,,,,,"2997501973","21999317","Beauregard Parish","A","+30.6450184","-093.3402526","15","2",,35654,18170,260,270,255,273,234,239,239,233,257,290,299,300,283,265,285,276,294,277,253,269,220,236,202,254,239,215,266,222,251,278,269,234,284,215,323,245,302,205,252,263,244,224,274,199,254,249,243,245,213,262,292,273,250,252,202,239,221,214,205,221,208,195,194,206,168,164,156,162,136,130,132,117,120,101,103,105,74,66,80,48,60,53,48,40,37,32,26,25,19,7,10,11,14,14,1,4,0,0,1,1,0,0,0,17484,234,224,222,259,244,243,233,221,240,279,238,258,240,245,253,264,282,287,222,190,176,176,187,182,204,208,212,220,232,213,228,225,212,207,223,224,216,189,224,237,257,235,241,248,208,254,267,233,267,245,249,273,246,253,222,228,228,254,226,229,205,202,238,220,158,166,176,199,147,146,125,138,117,126,98,110,92,96,98,87,78,67,70,54,50,57,46,42,19,22,20,21,11,16,6,5,4,5,4,3,3,1,0,34354,17026,1292,1258,1432,847,461,203,203,534,1008,1009,1144,1115,1175,1252,1091,402,565,318,418,564,363,226,146,17328,1183,1216,1234,832,412,173,176,570,1083,1089,1085,1184,1263,1238,1158,405,612,335,481,592,471,295,241,1300,1144,0,0,0,0,0,0,0,0,0,0,0,0,0,0,0,0,0,0,0,0,0,0,0,0,0,0,0,0,0,0,0,0,1082,1082,1066,0,0,919,147,0,0,0,0,0,0,16,0,0,0,0,0,0,0,0,0,0,0,0,0,0,0,0,0,0,62,62,2,0,0,2,0,0,0,0,0,0,0,60,0,0,0,0,0,0,0,0,0,0,0,0,0,0,0,0,0,0,156,1,1,1,0,0,0,1,0,0,0,0,0,0,0,0,0,0,0,0,0,0,0,0,0,0,0,0,0,0,0,0,0,45,35,18,0,0,0,18,0,0,0,0,0,0,17,0,0,0,0,0,0,10,0,0,0,0,10,0,10,0,0,0,0,110,108,0,0,0,0,0,0,0,0,0,0,0,108,0,0,0,0,0,0,2,0,0,0,0,2,0,2,0,0,0,0
"G2200130","2010","LA","3","7","Louisiana","22","Bienville Parish","013",,,,,,,,,,,,,,,"99999","99999","999",,,,,,,,,,,,,,,,,"2101174885","27977807","Bienville Parish","A","+32.3442678","-093.0615128","15","9",,14353,6921,66,83,99,91,92,89,91,95,75,102,92,107,124,95,91,96,97,125,118,79,101,97,95,93,64,95,86,63,70,74,60,69,73,59,56,72,63,71,85,99,83,75,90,84,91,83,107,85,108,128,105,117,98,92,104,84,118,87,83,100,83,85,91,88,75,63,73,75,65,67,68,67,52,51,58,51,39,51,52,32,42,30,25,29,27,14,23,18,17,5,9,8,4,5,3,0,0,1,0,1,0,0,0,7432,72,91,67,93,92,90,94,88,105,109,82,96,76,87,99,95,97,98,85,116,79,81,85,89,76,82,89,79,79,85,91,85,75,54,92,61,77,69,71,94,89,88,79,90,103,102,99,104,144,122,104,105,112,103,87,102,111,90,98,87,94,80,96,109,83,72,71,105,73,69,83,65,70,54,54,67,62,57,62,71,48,51,44,42,30,45,30,30,31,16,26,22,22,14,11,9,10,4,4,0,2,0,0,14034,6793,431,452,509,318,196,99,97,244,379,310,388,415,506,512,469,165,251,136,197,282,208,141,88,7241,415,486,440,290,201,79,81,250,414,397,372,442,569,506,481,173,281,140,238,311,289,186,200,319,128,0,0,0,0,0,0,0,0,0,0,0,0,0,0,0,0,0,0,0,0,0,0,0,0,0,0,0,0,0,0,0,0,55,54,44,0,0,0,44,0,0,0,0,0,0,10,0,0,0,0,0,0,1,0,0,0,0,1,0,1,0,0,0,0,73,73,0,0,0,0,0,0,0,0,0,0,0,73,0,0,0,0,0,0,0,0,0,0,0,0,0,0,0,0,0,0,191,0,0,0,0,0,0,0,0,0,0,0,0,0,0,0,0,0,0,0,0,0,0,0,0,0,0,0,0,0,0,0,0,29,22,0,0,0,0,0,0,0,0,0,0,0,22,0,0,0,0,0,0,7,0,0,0,0,7,0,7,0,0,0,0,162,162,0,0,0,0,0,0,0,0,0,0,0,162,0,0,0,0,0,0,0,0,0,0,0,0,0,0,0,0,0,0
"G2200150","2010","LA","3","7","Louisiana","22","Bossier Parish","015",,,,,,,,,,,,,,,"43340","99999","508",,,,,,,,,,,,,,,,,"2175737961","70351401","Bossier Parish","A","+32.6962022","-093.6179774","15","1",,116979,57511,892,885,873,897,891,917,882,914,901,859,896,830,822,840,791,807,757,843,783,749,776,792,854,898,883,949,968,962,965,907,913,805,797,810,767,719,737,756,822,820,771,717,675,692,731,771,839,822,830,845,803,744,763,774,723,699,695,661,615,563,624,509,648,600,428,437,417,425,385,363,338,314,330,343,293,273,245,282,220,200,209,156,155,91,93,81,78,78,60,57,36,20,14,14,13,7,6,2,2,1,1,1,0,59468,821,811,902,871,825,791,823,833,772,800,865,745,770,756,837,746,802,767,762,692,766,782,835,874,944,937,917,988,875,921,866,842,783,836,701,775,716,772,826,849,831,765,773,711,707,829,836,813,855,813,879,810,800,796,850,813,716,691,703,640,658,652,657,599,489,516,466,505,467,421,409,428,430,349,352,392,307,303,276,286,235,212,193,217,215,167,152,122,127,102,80,51,55,28,33,24,25,9,13,8,9,2,0,115018,56252,4435,4473,4172,2375,1401,656,687,2467,4648,4041,3794,3532,4059,3770,3209,1121,1647,832,1153,1588,1174,652,366,58766,4229,4018,3959,2294,1423,733,762,2633,4624,4014,3914,3761,4122,4103,3536,1304,1731,971,1376,1932,1508,999,820,1961,1259,42,40,4,0,0,0,4,0,0,31,6,0,25,0,5,0,0,5,0,0,2,0,1,1,0,1,0,1,0,0,0,0,942,356,293,0,0,0,292,0,1,0,0,0,0,62,1,0,0,1,0,0,586,0,490,490,0,96,0,92,4,0,0,0,275,271,0,0,0,0,0,0,0,0,0,0,0,271,0,0,0,0,0,0,4,0,0,0,0,4,0,4,0,0,0,0,702,37,37,0,0,0,0,0,0,0,30,10,0,20,0,7,0,0,7,0,0,0,0,0,0,0,0,0,0,0,0,0,0,285,58,15,0,0,0,14,0,1,0,0,0,0,39,4,0,0,4,0,0,227,0,96,96,0,131,0,123,8,0,0,0,380,375,0,0,0,0,0,0,0,0,0,0,0,375,0,0,0,0,0,0,5,0,0,0,0,5,0,5,0,0,0,0
"G2200170","2010","LA","3","7","Louisiana","22","Caddo Parish","017",,,,,,,,,,,,,,,"43340","99999","508",,,,,,,,,,,,,,,,,"2275405029","150956656","Caddo Parish","A","+32.5771951","-093.8824228","15","1",,254969,121191,1778,1860,1873,1808,1765,1788,1740,1748,1761,1832,1778,1663,1703,1732,1719,1666,1768,1822,1933,1737,1779,1771,1714,1767,1835,1774,1826,1826,1763,1835,1756,1640,1555,1494,1427,1394,1351,1408,1493,1536,1466,1401,1381,1378,1358,1590,1654,1667,1576,1726,1871,1707,1771,1701,1777,1717,1648,1659,1528,1449,1504,1403,1438,1318,977,992,981,990,883,837,730,718,678,595,625,632,545,510,518,468,466,382,366,373,305,296,255,195,174,157,120,78,56,58,44,25,17,10,11,6,11,1,0,133778,1739,1741,1813,1776,1706,1749,1688,1642,1701,1776,1751,1684,1685,1634,1575,1704,1662,1824,1873,1870,1818,1752,1904,1878,2031,1948,2023,1939,1912,1939,1891,1700,1647,1690,1601,1574,1526,1548,1661,1711,1625,1591,1482,1513,1562,1668,1737,1808,1850,1910,1918,1885,1876,1954,2002,2017,1854,1784,1750,1734,1724,1586,1503,1497,1127,1202,1144,1134,1061,1039,965,938,891,848,872,862,753,759,744,725,731,710,651,600,587,508,498,411,385,316,326,216,151,112,95,95,56,45,36,19,43,6,1,248722,117408,9065,8858,8577,5150,3328,1601,1634,5024,8600,7535,6897,6737,7937,8547,7808,2859,3665,1942,2630,3245,2586,1801,1382,131314,8743,8548,8326,5152,3392,1654,1659,5720,9702,8468,7972,7704,8883,9565,9044,3274,4079,2313,3183,4422,3692,3032,2787,6247,3783,154,71,21,0,0,1,20,0,0,50,11,39,0,0,0,0,0,0,0,0,83,1,0,0,0,82,31,0,0,0,43,8,3107,2187,1943,0,0,605,1324,14,0,2,1,1,0,242,0,0,0,0,0,0,920,439,0,0,0,481,201,124,47,0,84,25,522,504,33,0,0,28,3,2,0,0,0,0,0,465,6,0,0,6,0,0,18,0,0,0,0,18,5,7,0,0,0,6,2464,81,9,5,0,0,0,5,0,0,4,4,0,0,0,0,0,0,0,0,0,72,1,0,0,0,71,38,1,0,0,27,5,1277,376,192,0,0,16,172,4,0,2,2,0,0,182,0,0,0,0,0,0,901,597,0,0,0,304,105,100,20,0,49,30,1106,1094,0,0,0,0,0,0,0,0,0,0,0,1086,8,0,0,8,0,0,12,0,0,0,0,12,4,0,0,0,0,8
"G2200190","2010","LA","3","7","Louisiana","22","Calcasieu Parish","019",,,,,,,,,,,,,,,"29340","99999","324",,,,,,,,,,,,,,,,,"2754864273","79292408","Calcasieu Parish","A","+30.2295588","-093.3580154","15","1",,192768,94038,1350,1437,1397,1450,1339,1367,1330,1460,1346,1422,1462,1330,1300,1310,1370,1393,1449,1436,1371,1472,1431,1436,1344,1370,1329,1371,1287,1325,1372,1359,1328,1275,1185,1132,1151,1092,1063,1115,1188,1227,1167,1191,1126,1134,1153,1220,1342,1397,1350,1347,1423,1452,1352,1359,1338,1369,1327,1225,1162,1121,1080,1027,1016,1047,742,829,674,745,647,566,584,608,512,518,476,516,403,427,342,342,345,285,269,226,220,187,148,120,110,78,78,37,28,27,16,10,8,7,4,4,4,0,0,98730,1360,1296,1423,1424,1330,1299,1379,1230,1268,1322,1452,1266,1339,1317,1307,1325,1375,1352,1352,1440,1396,1428,1478,1326,1390,1434,1410,1384,1343,1324,1345,1204,1286,1207,1183,1092,1063,1120,1250,1207,1230,1214,1181,1181,1214,1331,1367,1405,1459,1512,1458,1484,1485,1479,1394,1412,1394,1235,1201,1178,1153,1073,1087,1112,839,903,866,867,758,716,724,675,662,617,570,616,543,526,522,494,474,447,445,417,359,337,251,228,202,158,122,95,94,78,37,39,29,21,12,10,12,0,0,188972,91621,6970,6922,6754,4244,2649,1322,1351,3867,6416,5818,5510,5577,6440,6742,6082,2065,2756,1467,1922,2649,1983,1300,815,97351,6826,6496,6678,4045,2589,1300,1382,4119,6833,6164,5699,5959,7031,7231,6364,2205,3021,1755,2320,3188,2621,2007,1518,3796,2417,58,48,6,0,0,5,1,0,0,42,0,28,14,0,0,0,0,0,0,0,10,0,0,0,0,10,7,1,0,0,0,2,2095,1464,1287,0,0,609,509,169,0,0,0,0,0,171,6,6,0,0,0,0,631,302,0,0,0,329,67,146,42,0,11,63,264,238,13,0,0,8,5,0,0,0,0,0,0,225,0,0,0,0,0,0,26,0,0,0,0,26,8,5,0,0,0,13,1379,19,8,0,0,0,0,0,0,0,8,0,8,0,0,0,0,0,0,0,0,11,1,0,0,0,10,4,0,0,0,0,6,843,311,192,0,0,140,7,45,0,0,0,0,0,114,5,5,0,0,0,0,532,394,0,0,0,138,33,50,13,0,1,41,517,512,2,0,0,2,0,0,0,0,0,0,0,510,0,0,0,0,0,0,5,0,0,0,0,5,0,4,0,0,0,1
"G2200210","2010","LA","3","7","Louisiana","22","Caldwell Parish","021",,,,,,,,,,,,,,,"99999","99999","999",,,,,,,,,,,,,,,,,"1371203807","29277275","Caldwell Parish","A","+32.1012436","-092.1141796","15","9",,10132,5188,62,63,70,71,60,60,51,72,83,70,59,75,77,72,67,61,65,84,72,87,50,82,62,70,72,77,57,67,69,75,70,63,60,74,69,61,63,70,79,78,62,72,63,68,73,81,79,71,84,86,80,83,70,86,57,94,67,68,62,74,57,71,76,61,56,58,43,46,32,30,47,41,43,40,29,33,22,24,15,18,18,17,12,17,15,10,5,4,2,2,4,3,1,0,4,1,0,1,0,0,1,0,0,4944,58,66,65,55,62,81,62,76,65,81,74,52,57,65,44,62,57,70,65,55,51,38,68,44,48,49,47,50,51,57,68,66,49,55,69,44,59,68,62,59,73,70,73,54,47,66,58,86,69,74,62,62,87,64,74,82,80,55,69,72,58,67,83,69,50,46,49,58,49,44,53,46,42,32,49,41,31,38,32,36,22,24,22,23,6,19,24,15,10,12,10,10,4,5,3,6,0,2,0,2,1,0,0,9548,4669,326,336,350,209,151,41,57,156,239,245,288,273,357,352,354,123,185,98,106,200,111,77,35,4879,306,365,292,189,120,51,38,160,254,306,292,317,352,348,356,124,199,93,148,214,170,86,99,584,519,1,1,0,0,0,0,0,0,0,1,1,0,0,0,0,0,0,0,0,0,0,0,0,0,0,0,0,0,0,0,0,0,507,501,498,0,0,164,334,0,0,0,0,0,0,3,0,0,0,0,0,0,6,0,0,0,0,6,0,6,0,0,0,0,11,11,2,0,0,0,2,0,0,0,0,0,0,9,0,0,0,0,0,0,0,0,0,0,0,0,0,0,0,0,0,0,65,0,0,0,0,0,0,0,0,0,0,0,0,0,0,0,0,0,0,0,0,0,0,0,0,0,0,0,0,0,0,0,0,9,9,2,0,0,2,0,0,0,0,0,0,0,7,0,0,0,0,0,0,0,0,0,0,0,0,0,0,0,0,0,0,56,56,0,0,0,0,0,0,0,0,0,0,0,56,0,0,0,0,0,0,0,0,0,0,0,0,0,0,0,0,0,0
"G2200230","2010","LA","3","7","Louisiana","22","Cameron Parish","023",,,,,,,,,,,,,,,"29340","99999","324",,,,,,,,,,,,,,,,,"3327842145","1688107736","Cameron Parish","A","+29.8719894","-093.1654370","15","1",,6839,3395,44,44,36,32,37,47,43,34,42,59,49,58,57,48,49,50,55,49,63,49,32,40,31,38,39,42,36,36,39,39,54,41,46,38,41,38,30,27,39,49,44,40,52,39,51,65,74,52,58,62,67,70,51,61,57,53,41,50,36,44,40,40,35,46,31,43,24,33,36,27,28,25,26,24,6,24,16,11,12,7,15,11,7,6,11,4,7,1,6,4,0,1,1,0,0,0,0,0,0,0,0,0,0,3444,30,41,46,41,49,41,45,40,57,45,52,42,59,49,42,50,58,36,56,37,42,33,50,25,49,37,34,41,43,43,44,49,33,45,35,31,35,46,32,42,40,43,50,43,64,65,51,75,45,73,72,78,59,52,60,53,38,38,35,55,48,30,39,44,24,33,28,22,20,43,23,31,25,25,18,19,14,27,14,6,19,23,13,14,4,9,5,2,7,4,3,5,3,2,2,2,0,0,0,0,0,0,0,6839,3395,193,225,261,154,112,32,40,108,192,220,183,226,311,306,224,80,112,67,96,109,70,50,24,3444,207,228,244,144,93,42,33,124,198,206,186,240,309,321,219,78,107,61,85,122,80,73,44,0,0,0,0,0,0,0,0,0,0,0,0,0,0,0,0,0,0,0,0,0,0,0,0,0,0,0,0,0,0,0,0,0,0,0,0,0,0,0,0,0,0,0,0,0,0,0,0,0,0,0,0,0,0,0,0,0,0,0,0,0,0,0,0,0,0,0,0,0,0,0,0,0,0,0,0,0,0,0,0,0,0,0,0,0,0,0,0,0,0,0,0,0,0,0,0,0,0,0,0,0,0,0,0,0,0,0,0,0,0,0,0,0,0,0,0,0,0,0,0,0,0,0,0,0,0,0,0,0,0,0,0,0,0,0,0,0,0,0,0,0,0,0,0,0,0,0,0,0,0,0,0,0,0,0,0,0,0,0,0,0,0,0,0,0,0,0,0,0,0,0,0,0,0,0,0,0,0,0,0,0,0,0,0,0,0,0,0,0,0,0,0,0,0,0
"G2200250","2010","LA","3","7","Louisiana","22","Catahoula Parish","025",,,,,,,,,,,,,,,"99999","99999","999",,,,,,,,,,,,,,,,,"1833789263","81301245","Catahoula Parish","A","+31.6665170","-091.8467030","15","9",,10407,5505,54,78,61,64,83,75,72,71,59,60,82,69,73,54,54,58,82,73,80,82,78,75,69,80,95,89,83,111,93,90,92,98,87,73,62,63,60,73,72,67,72,74,64,61,72,67,79,87,86,93,81,73,76,100,87,85,60,83,73,75,68,57,67,61,53,48,39,50,33,43,32,43,36,30,29,26,31,19,29,24,20,27,25,14,4,13,14,4,7,4,5,1,1,2,1,0,2,1,0,0,0,0,0,4902,58,61,68,74,51,77,66,45,69,61,59,62,67,64,52,70,64,60,70,66,44,56,49,38,47,58,63,56,60,63,70,69,62,57,43,37,53,56,52,63,61,44,38,46,75,78,74,70,68,78,80,71,89,67,74,90,66,68,78,77,64,57,67,75,41,50,36,46,49,49,39,58,46,44,36,57,29,42,32,45,16,20,24,13,13,12,20,12,9,13,8,4,7,7,1,2,2,1,1,3,0,0,0,9541,4679,340,337,332,209,134,57,42,151,270,272,254,259,348,378,362,122,175,87,124,166,124,87,49,4862,312,318,304,194,136,44,56,134,299,301,261,263,368,381,378,121,183,85,143,218,201,82,80,866,826,4,4,4,0,0,4,0,0,0,0,0,0,0,0,0,0,0,0,0,0,0,0,0,0,0,0,0,0,0,0,0,0,802,802,787,0,0,772,15,0,0,0,0,0,0,15,0,0,0,0,0,0,0,0,0,0,0,0,0,0,0,0,0,0,20,20,0,0,0,0,0,0,0,0,0,0,0,20,0,0,0,0,0,0,0,0,0,0,0,0,0,0,0,0,0,0,40,0,0,0,0,0,0,0,0,0,0,0,0,0,0,0,0,0,0,0,0,0,0,0,0,0,0,0,0,0,0,0,0,3,3,2,0,0,2,0,0,0,0,0,0,0,1,0,0,0,0,0,0,0,0,0,0,0,0,0,0,0,0,0,0,37,37,0,0,0,0,0,0,0,0,0,0,0,37,0,0,0,0,0,0,0,0,0,0,0,0,0,0,0,0,0,0
"G2200270","2010","LA","3","7","Louisiana","22","Claiborne Parish","027",,,,,,,,,,,,,,,"99999","99999","999",,,,,,,,,,,,,,,,,"1955125902","32473234","Claiborne Parish","A","+32.8275848","-092.9911250","15","9",,17195,9611,94,76,93,94,92,98,74,89,91,108,90,97,124,102,93,83,110,107,129,113,117,132,170,145,135,167,176,198,217,167,145,195,182,121,156,127,106,154,129,136,150,169,155,132,137,141,139,184,150,142,169,151,121,148,152,116,128,124,145,103,115,106,109,118,83,92,87,68,70,68,71,54,63,59,72,53,36,48,49,41,51,30,31,33,21,12,14,16,12,14,6,5,2,4,1,4,3,0,1,1,0,0,0,7584,90,89,90,103,88,79,83,79,77,79,103,88,96,87,111,99,126,98,80,78,75,88,89,77,83,77,87,80,88,80,70,57,74,91,69,76,73,63,84,97,91,97,94,104,89,106,98,121,99,101,100,109,120,124,109,114,113,119,104,104,79,121,104,120,81,72,97,91,88,70,62,90,63,64,75,77,78,64,57,43,52,44,48,39,39,36,32,38,26,28,23,16,10,14,9,7,3,1,3,2,1,0,0,14278,6838,449,460,506,300,225,73,101,215,347,315,306,410,497,549,498,186,290,152,193,304,220,155,87,7440,460,397,485,323,158,75,86,245,400,352,391,470,519,556,550,200,300,167,245,349,312,200,200,2917,2773,0,0,0,0,0,0,0,0,0,0,0,0,0,0,0,0,0,0,0,0,0,0,0,0,0,0,0,0,0,0,0,0,2692,2692,2678,0,0,2678,0,0,0,0,0,0,0,14,0,0,0,0,0,0,0,0,0,0,0,0,0,0,0,0,0,0,81,81,47,0,0,47,0,0,0,0,0,0,0,34,0,0,0,0,0,0,0,0,0,0,0,0,0,0,0,0,0,0,144,0,0,0,0,0,0,0,0,0,0,0,0,0,0,0,0,0,0,0,0,0,0,0,0,0,0,0,0,0,0,0,0,55,55,42,0,0,42,0,0,0,0,0,0,0,13,0,0,0,0,0,0,0,0,0,0,0,0,0,0,0,0,0,0,89,89,0,0,0,0,0,0,0,0,0,0,0,89,0,0,0,0,0,0,0,0,0,0,0,0,0,0,0,0,0,0
"G2200290","2010","LA","3","7","Louisiana","22","Concordia Parish","029",,,,,,,,,,,,,,,"35020","99999","999",,,,,,,,,,,,,,,,,"1805014057","130488156","Concordia Parish","A","+31.4698055","-091.6263140","15","2",,20822,10474,142,157,139,130,129,133,145,151,141,166,160,148,165,123,161,152,165,138,149,126,147,161,138,155,155,157,146,150,166,177,178,159,139,137,155,103,120,134,117,114,144,123,125,121,128,151,143,161,137,144,134,164,148,135,171,174,145,116,123,113,141,101,111,118,93,93,77,108,81,64,60,64,68,56,63,64,47,56,42,46,46,51,34,37,27,20,11,15,15,7,11,2,6,0,3,2,1,2,1,1,1,0,0,10348,128,156,152,143,157,147,128,151,136,140,154,122,140,132,159,150,145,148,135,114,118,104,113,97,106,121,114,99,123,118,132,153,125,106,115,97,92,107,109,144,133,101,130,119,116,142,146,126,143,162,173,141,170,158,154,170,172,134,142,145,143,127,116,130,81,109,108,94,93,85,101,79,74,83,76,83,78,65,69,64,66,52,48,56,33,26,32,26,26,19,17,17,11,13,15,11,1,4,1,5,3,1,0,19337,9117,697,736,757,453,246,105,117,285,487,512,443,522,615,696,647,234,316,168,250,305,250,185,91,10220,736,702,707,442,249,118,104,314,573,629,543,594,714,789,759,269,326,215,262,407,350,233,185,1485,1357,2,2,2,0,0,0,2,0,0,0,0,0,0,0,0,0,0,0,0,0,0,0,0,0,0,0,0,0,0,0,0,0,1322,1317,1296,0,0,0,1296,0,0,0,0,0,0,21,0,0,0,0,0,0,5,0,0,0,0,5,0,0,5,0,0,0,33,29,0,0,0,0,0,0,0,0,0,0,0,29,0,0,0,0,0,0,4,0,0,0,0,4,0,0,4,0,0,0,128,1,0,0,0,0,0,0,0,0,0,0,0,0,0,0,0,0,0,0,0,1,0,0,0,0,1,0,0,1,0,0,0,35,32,13,0,0,0,13,0,0,0,0,0,0,19,0,0,0,0,0,0,3,0,0,0,0,3,0,0,3,0,0,0,92,86,0,0,0,0,0,0,0,0,0,0,0,86,0,0,0,0,0,0,6,0,0,0,0,6,0,0,6,0,0,0
"G2200310","2010","LA","3","7","Louisiana","22","De Soto Parish","031",,,,,,,,,,,,,,,"43340","99999","508",,,,,,,,,,,,,,,,,"2267739158","49233952","De Soto Parish","A","+32.0592476","-093.7407968","15","1",,26656,12862,188,177,190,201,187,176,178,165,175,212,196,161,177,186,224,181,209,228,188,139,148,144,151,165,158,132,146,158,125,146,143,148,143,147,129,138,140,149,164,169,137,146,171,175,180,182,172,195,210,199,181,222,204,199,234,184,180,190,152,167,154,153,187,169,129,138,115,148,107,105,100,81,85,83,75,78,81,71,44,44,53,43,48,35,28,39,16,26,13,18,10,6,6,4,1,4,1,0,2,0,1,0,0,13794,162,148,208,162,173,182,170,156,168,174,190,217,193,168,169,198,194,207,192,148,153,150,155,125,158,175,169,136,160,165,173,157,177,169,163,176,126,154,180,152,173,187,155,164,181,210,202,188,226,197,265,200,216,224,212,194,213,192,185,209,194,182,198,182,154,148,135,135,120,110,96,115,119,101,101,93,70,67,72,68,72,53,71,65,45,37,29,27,30,31,29,33,19,8,4,10,10,5,3,3,3,2,0,26441,12719,943,906,944,617,320,141,144,459,683,695,756,798,942,1031,869,306,483,252,358,422,315,201,134,13722,852,849,936,598,340,153,150,437,802,839,785,859,1017,1115,991,374,533,281,364,529,366,301,251,215,143,1,0,0,0,0,0,0,0,0,0,0,0,0,0,0,0,0,0,0,0,1,0,0,0,0,1,1,0,0,0,0,0,115,107,91,0,0,0,91,0,0,0,0,0,0,4,12,12,0,0,0,0,8,0,0,0,0,8,0,8,0,0,0,0,27,26,0,0,0,0,0,0,0,0,0,0,0,24,2,2,0,0,0,0,1,0,0,0,0,1,0,1,0,0,0,0,72,4,0,0,0,0,0,0,0,0,0,0,0,0,0,0,0,0,0,0,0,4,0,0,0,0,4,4,0,0,0,0,0,21,19,7,0,0,0,7,0,0,0,0,0,0,7,5,5,0,0,0,0,2,0,0,0,0,2,2,0,0,0,0,0,47,47,0,0,0,0,0,0,0,0,0,0,0,47,0,0,0,0,0,0,0,0,0,0,0,0,0,0,0,0,0,0
"G2200330","2010","LA","3","7","Louisiana","22","East Baton Rouge Parish","033",,,,,,,,,,,,,,,"12940","99999","132",,,,,,,,,,,,,,,,,"1179412087","38490958","East Baton Rouge Parish","B","+30.5440017","-091.0931740","15","1",,440171,211488,3027,3067,2981,3041,2944,2748,2860,2852,2820,2952,3033,2854,2859,2807,2847,2946,2921,3091,3638,4582,4724,4693,4555,4323,4420,4190,3909,3708,3661,3480,3424,2884,2870,2675,2530,2439,2503,2443,2448,2528,2509,2444,2406,2332,2356,2719,2683,2698,2676,2718,2860,2770,2704,2790,2695,2723,2570,2616,2447,2317,2277,2223,2196,2149,1597,1598,1549,1510,1280,1137,1023,1033,998,898,836,802,688,672,596,631,566,576,494,453,425,409,339,273,216,198,132,111,95,53,45,30,34,15,7,5,9,0,0,228683,2964,2897,2900,2960,2726,2698,2820,2838,2850,2816,2829,2726,2801,2740,2712,2816,2907,3015,3704,4782,4958,4753,4476,4499,4227,4071,3861,3862,3709,3466,3406,2948,3030,2697,2772,2570,2535,2723,2561,2773,2761,2587,2629,2661,2724,2914,2932,3065,3021,3174,3317,3130,3115,3088,3157,3159,3013,2819,2823,2799,2732,2605,2456,2435,1875,1858,1792,1747,1510,1503,1364,1288,1267,1159,1135,1091,964,1042,1015,945,887,905,863,809,795,712,639,550,495,441,380,291,217,153,136,94,91,52,29,23,46,6,0,429066,205289,15036,14221,14333,8754,6834,4285,4392,12790,18441,13968,11990,11696,13092,13488,12418,4437,5864,3110,3873,4702,3327,2422,1816,223777,14435,14008,13787,8707,6666,4397,4388,12947,18858,14760,13084,13294,15016,15736,14519,5309,6720,3623,4694,6110,4905,4002,3812,11105,6199,306,260,33,0,0,33,0,0,0,191,63,20,108,0,36,0,0,0,0,36,46,3,0,0,0,43,17,6,1,0,0,19,5407,2525,2125,0,24,2101,0,0,0,20,4,0,16,362,18,5,0,0,0,13,2882,2004,0,0,0,878,305,248,193,0,0,132,486,477,2,0,0,2,0,0,0,0,0,0,0,475,0,0,0,0,0,0,9,0,0,0,0,9,2,0,0,0,0,7,4906,78,39,1,0,0,1,0,0,0,15,1,11,3,0,23,0,0,0,0,23,39,7,0,0,0,32,19,0,0,0,0,13,3680,430,203,0,0,203,0,0,0,0,0,0,0,209,18,3,0,0,0,15,3250,2968,0,0,0,282,82,97,41,0,0,62,1148,1130,0,0,0,0,0,0,0,0,0,0,0,1130,0,0,0,0,0,0,18,0,0,0,0,18,1,6,0,0,0,11
"G2200350","2010","LA","3","7","Louisiana","22","East Carroll Parish","035",,,,,,,,,,,,,,,"99999","99999","999",,,,,,,,,,,,,,,,,"1089619046","56273969","East Carroll Parish","A","+32.7301699","-091.2341409","15","9",,7759,4154,52,58,58,75,64,61,45,59,49,52,66,54,53,47,49,54,56,53,59,71,63,81,45,79,71,67,89,66,94,93,69,63,78,56,61,62,55,62,50,46,56,46,52,59,56,70,57,69,66,70,51,62,51,64,52,52,49,41,49,45,47,37,24,31,30,25,26,28,17,25,20,24,18,22,23,19,19,12,14,9,8,15,6,10,14,7,4,7,3,1,0,4,2,0,0,0,0,0,0,0,1,0,0,3605,47,55,52,53,55,71,59,58,51,55,46,61,40,58,56,52,63,56,52,47,42,68,51,28,39,54,45,44,55,35,42,42,28,45,41,36,35,31,34,44,38,42,43,34,38,53,38,32,48,59,52,62,40,47,47,56,39,40,41,42,48,44,45,35,28,31,32,30,44,31,26,27,29,27,21,29,16,26,26,24,23,17,22,19,9,16,14,8,10,5,9,3,3,5,1,1,1,2,0,0,1,0,0,6692,3122,307,266,269,156,114,44,45,93,167,171,141,158,232,221,200,77,81,50,69,106,73,53,29,3570,262,294,261,171,99,42,63,112,228,196,174,192,225,246,217,92,108,63,105,130,121,90,79,1067,1032,7,7,7,0,0,0,7,0,0,0,0,0,0,0,0,0,0,0,0,0,0,0,0,0,0,0,0,0,0,0,0,0,1022,1022,1022,0,0,424,598,0,0,0,0,0,0,0,0,0,0,0,0,0,0,0,0,0,0,0,0,0,0,0,0,0,3,3,3,0,0,3,0,0,0,0,0,0,0,0,0,0,0,0,0,0,0,0,0,0,0,0,0,0,0,0,0,0,35,0,0,0,0,0,0,0,0,0,0,0,0,0,0,0,0,0,0,0,0,0,0,0,0,0,0,0,0,0,0,0,0,35,35,35,0,0,0,35,0,0,0,0,0,0,0,0,0,0,0,0,0,0,0,0,0,0,0,0,0,0,0,0,0,0,0,0,0,0,0,0,0,0,0,0,0,0,0,0,0,0,0,0,0,0,0,0,0,0,0,0,0,0,0,0,0
"G2200370","2010","LA","3","7","Louisiana","22","East Feliciana Parish","037",,,,,,,,,,,,,,,"12940","99999","132",,,,,,,,,,,,,,,,,"1174325549","6133295","East Feliciana Parish","A","+30.8397837","-091.0434338","15","1",,20267,10898,96,98,98,95,116,119,107,115,106,131,121,127,119,118,128,151,135,162,150,164,143,155,135,132,164,149,137,161,182,156,175,129,150,146,129,140,141,163,152,161,142,161,148,148,149,193,187,185,168,180,219,180,206,205,184,209,174,137,161,170,159,143,165,137,98,97,101,81,95,83,80,81,68,64,55,41,48,34,36,28,31,34,34,30,15,21,21,11,14,7,6,4,2,2,4,3,0,1,1,0,1,0,0,9369,122,110,107,125,126,104,102,101,102,107,135,128,106,118,101,108,110,138,120,98,116,127,85,116,105,110,115,114,113,124,104,93,103,97,90,94,114,87,104,112,110,120,121,118,119,130,152,134,143,153,178,161,173,203,135,178,150,177,146,145,137,151,123,125,98,98,106,104,95,76,84,72,74,58,79,39,50,46,56,40,44,40,33,30,34,24,10,28,13,18,9,7,5,6,3,5,5,1,1,0,4,1,0,17876,8648,503,578,600,413,250,99,106,295,539,466,488,500,636,770,696,276,355,180,249,317,164,112,56,9228,590,516,588,356,217,115,127,301,571,477,500,573,685,835,780,286,338,202,269,361,227,180,134,2391,2250,48,48,14,0,0,14,0,0,0,34,0,34,0,0,0,0,0,0,0,0,0,0,0,0,0,0,0,0,0,0,0,0,2046,2038,1523,0,0,1523,0,0,0,0,0,0,0,102,413,413,0,0,0,0,8,0,0,0,0,8,0,8,0,0,0,0,156,156,25,0,0,25,0,0,0,0,0,0,0,116,15,15,0,0,0,0,0,0,0,0,0,0,0,0,0,0,0,0,141,0,0,0,0,0,0,0,0,0,0,0,0,0,0,0,0,0,0,0,0,0,0,0,0,0,0,0,0,0,0,0,0,116,110,0,0,0,0,0,0,0,0,0,0,0,24,86,86,0,0,0,0,6,0,0,0,0,6,0,2,4,0,0,0,25,25,0,0,0,0,0,0,0,0,0,0,0,22,3,3,0,0,0,0,0,0,0,0,0,0,0,0,0,0,0,0
"G2200390","2010","LA","3","7","Louisiana","22","Evangeline Parish","039",,,,,,,,,,,,,,,"99999","99999","999",,,,,,,,,,,,,,,,,"1715550341","44667621","Evangeline Parish","A","+30.7206932","-092.4040858","15","9",,33984,17115,277,229,259,247,290,267,250,223,279,246,259,286,244,258,251,269,303,266,308,281,257,255,212,225,281,215,230,226,219,203,215,232,219,209,227,180,192,184,198,234,265,240,203,222,216,232,227,238,257,243,264,259,216,252,224,201,236,195,214,185,187,179,176,156,152,146,128,140,136,146,130,112,103,82,83,110,60,85,61,55,47,51,59,50,43,26,23,20,8,19,15,5,9,4,8,2,2,0,0,1,2,0,0,16869,271,243,243,253,248,227,243,234,209,261,282,266,255,253,223,247,253,253,253,204,193,218,194,228,188,205,214,213,217,201,206,189,189,204,194,169,166,175,205,215,192,220,207,233,218,255,246,268,265,252,225,239,210,225,231,245,212,214,188,200,164,207,190,181,159,183,140,146,131,165,150,124,145,109,87,93,99,98,85,100,90,73,70,76,69,50,33,39,32,24,28,16,13,17,17,6,5,2,1,1,2,0,0,32605,15926,1302,1265,1298,830,513,200,176,562,889,916,839,1052,1161,1185,1015,362,476,267,414,496,353,231,124,16679,1258,1174,1279,753,457,193,218,609,1050,982,929,1068,1282,1126,1050,366,524,318,435,604,449,340,215,1379,1189,8,8,8,0,0,8,0,0,0,0,0,0,0,0,0,0,0,0,0,0,0,0,0,0,0,0,0,0,0,0,0,0,1095,1080,1051,473,0,578,0,0,0,0,0,0,0,29,0,0,0,0,0,0,15,0,0,0,0,15,0,12,0,0,0,3,86,86,0,0,0,0,0,0,0,0,0,0,0,86,0,0,0,0,0,0,0,0,0,0,0,0,0,0,0,0,0,0,190,0,0,0,0,0,0,0,0,0,0,0,0,0,0,0,0,0,0,0,0,0,0,0,0,0,0,0,0,0,0,0,0,32,31,2,2,0,0,0,0,0,0,0,0,0,29,0,0,0,0,0,0,1,0,0,0,0,1,0,1,0,0,0,0,158,158,0,0,0,0,0,0,0,0,0,0,0,158,0,0,0,0,0,0,0,0,0,0,0,0,0,0,0,0,0,0
"G2200410","2010","LA","3","7","Louisiana","22","Franklin Parish","041",,,,,,,,,,,,,,,"99999","99999","999",,,,,,,,,,,,,,,,,"1617667724","28107889","Franklin Parish","A","+32.1382785","-091.6721010","15","9",,20767,10072,160,142,160,178,161,158,134,165,159,155,132,155,136,166,168,127,122,154,173,121,136,110,100,128,134,116,113,129,146,136,110,115,124,120,98,134,100,105,110,109,103,124,131,117,130,126,146,152,135,140,148,143,149,160,145,151,163,112,132,141,117,117,125,98,70,104,94,98,85,80,79,86,71,71,72,51,56,53,41,46,43,30,48,33,28,30,21,10,19,7,9,10,9,8,0,4,1,0,0,1,0,0,0,10695,161,147,154,156,143,124,145,162,136,150,140,150,125,139,137,149,131,136,149,114,125,133,109,133,127,112,129,115,114,118,135,128,130,115,116,122,105,110,113,126,119,122,125,116,129,156,138,158,161,156,157,144,146,155,134,142,153,130,132,144,134,120,146,134,91,123,96,96,102,111,105,92,102,85,101,69,89,90,67,66,82,44,62,61,43,40,40,35,34,23,28,22,16,13,11,6,8,11,6,6,5,0,0,20035,9545,801,771,757,402,277,122,99,306,557,508,506,555,662,710,677,226,287,195,251,366,233,169,108,10490,761,717,691,416,263,125,133,366,587,620,572,607,766,726,694,253,364,216,301,469,362,254,227,732,527,1,1,1,0,0,0,1,0,0,0,0,0,0,0,0,0,0,0,0,0,0,0,0,0,0,0,0,0,0,0,0,0,450,362,338,0,0,0,338,0,0,0,0,0,0,24,0,0,0,0,0,0,88,0,0,0,0,88,0,23,65,0,0,0,76,76,0,0,0,0,0,0,0,0,0,0,0,76,0,0,0,0,0,0,0,0,0,0,0,0,0,0,0,0,0,0,205,0,0,0,0,0,0,0,0,0,0,0,0,0,0,0,0,0,0,0,0,0,0,0,0,0,0,0,0,0,0,0,0,44,34,12,0,0,0,12,0,0,0,0,0,0,22,0,0,0,0,0,0,10,0,0,0,0,10,0,10,0,0,0,0,161,161,0,0,0,0,0,0,0,0,0,0,0,161,0,0,0,0,0,0,0,0,0,0,0,0,0,0,0,0,0,0
"G2200430","2010","LA","3","7","Louisiana","22","Grant Parish","043",,,,,,,,,,,,,,,"10780","99999","999",,,,,,,,,,,,,,,,,"1665428895","56014737","Grant Parish","A","+31.5977873","-092.5617156","15","1",,22309,12491,136,132,159,159,143,130,146,143,143,159,147,177,155,149,153,156,181,159,132,128,126,133,114,160,180,185,222,226,224,261,259,254,272,255,244,221,231,216,193,232,235,183,174,197,199,204,185,186,198,158,168,186,166,145,174,135,143,143,122,133,146,127,135,111,97,92,96,97,84,75,79,63,80,50,58,54,67,50,32,31,34,33,32,29,24,13,17,8,9,6,9,5,4,4,4,2,2,1,0,1,1,0,0,9818,146,137,150,129,141,121,135,131,107,141,134,127,138,135,144,142,122,144,131,98,110,114,107,121,139,107,106,120,133,127,136,145,105,100,110,116,122,119,129,126,116,129,113,145,135,163,150,150,135,142,169,133,139,156,152,135,121,131,124,108,109,120,126,106,122,107,102,92,96,77,77,91,65,65,69,58,59,48,43,40,54,34,42,28,27,30,18,20,21,14,15,11,12,3,6,6,6,5,1,0,2,0,0,19372,9663,729,721,781,496,252,118,106,308,561,545,560,628,732,715,628,262,324,182,250,319,223,144,79,9709,703,635,678,408,229,110,114,367,593,594,611,637,736,744,610,226,349,206,260,362,237,173,127,2937,2828,0,0,0,0,0,0,0,0,0,0,0,0,0,0,0,0,0,0,0,0,0,0,0,0,0,0,0,0,0,0,0,0,2779,2764,2739,0,2641,0,98,0,0,0,0,0,0,25,0,0,0,0,0,0,15,0,0,0,0,15,0,15,0,0,0,0,49,49,4,0,4,0,0,0,0,0,0,0,0,45,0,0,0,0,0,0,0,0,0,0,0,0,0,0,0,0,0,0,109,0,0,0,0,0,0,0,0,0,0,0,0,0,0,0,0,0,0,0,0,0,0,0,0,0,0,0,0,0,0,0,0,30,29,2,0,2,0,0,0,0,0,0,0,0,27,0,0,0,0,0,0,1,0,0,0,0,1,0,1,0,0,0,0,79,79,0,0,0,0,0,0,0,0,0,0,0,79,0,0,0,0,0,0,0,0,0,0,0,0,0,0,0,0,0,0
"G2200450","2010","LA","3","7","Louisiana","22","Iberia Parish","045",,,,,,,,,,,,,,,"35340","99999","318",,,,,,,,,,,,,,,,,"1486940445","1182115443","Iberia Parish","A","+29.6060126","-091.8427057","15","2",,73240,35756,547,537,574,604,571,520,519,558,553,585,573,629,558,566,517,553,545,613,599,519,498,473,453,488,465,475,485,446,468,478,488,469,474,387,415,396,356,384,406,468,464,438,425,452,476,517,512,522,543,551,579,577,540,513,508,501,527,448,399,392,411,364,344,384,326,306,281,233,236,237,228,194,219,193,144,168,179,132,130,149,109,117,103,72,77,64,54,55,38,29,17,15,15,11,10,4,6,0,2,1,3,0,0,37484,518,500,560,557,516,555,516,518,542,517,576,547,522,590,536,561,543,546,520,490,520,459,480,480,499,507,476,504,487,486,531,431,449,469,410,411,426,391,439,470,487,497,471,523,535,594,509,562,539,609,569,578,547,575,564,577,464,430,432,415,417,376,380,414,282,314,313,313,286,273,282,257,236,214,231,224,178,200,205,168,161,147,147,121,120,107,71,101,70,72,71,35,51,29,23,16,14,6,10,7,10,0,0,72296,35116,2832,2732,2839,1708,1084,478,449,1346,2266,2149,1965,2206,2596,2685,2244,766,1043,584,699,963,731,453,298,37180,2649,2648,2770,1650,1005,518,458,1455,2449,2279,2130,2500,2806,2821,2308,789,1070,624,863,1190,943,662,593,944,640,11,3,3,0,0,0,3,0,0,0,0,0,0,0,0,0,0,0,0,0,8,0,0,0,0,8,4,0,0,0,0,4,526,474,439,0,0,0,439,0,0,0,0,0,0,35,0,0,0,0,0,0,52,0,0,0,0,52,7,11,0,0,0,34,103,103,0,0,0,0,0,0,0,0,0,0,0,103,0,0,0,0,0,0,0,0,0,0,0,0,0,0,0,0,0,0,304,3,0,0,0,0,0,0,0,0,0,0,0,0,0,0,0,0,0,0,0,3,0,0,0,0,3,1,0,0,0,0,2,93,55,34,0,0,0,34,0,0,0,0,0,0,21,0,0,0,0,0,0,38,0,0,0,0,38,4,25,0,0,0,9,208,208,0,0,0,0,0,0,0,0,0,0,0,208,0,0,0,0,0,0,0,0,0,0,0,0,0,0,0,0,0,0
"G2200470","2010","LA","3","7","Louisiana","22","Iberville Parish","047",,,,,,,,,,,,,,,"12940","99999","132",,,,,,,,,,,,,,,,,"1602236448","88658351","Iberville Parish","A","+30.2883936","-091.3631498","15","1",,33387,17020,209,216,202,227,242,199,198,202,206,221,230,249,195,203,189,217,236,250,267,271,230,254,248,271,269,246,260,256,227,286,294,234,226,226,206,242,194,227,184,234,242,273,205,228,246,274,279,286,273,295,286,288,276,258,289,243,214,253,212,227,204,178,207,170,148,135,129,127,111,86,123,97,121,81,71,67,61,59,69,43,58,46,51,29,22,21,20,24,19,10,7,12,9,6,0,5,2,1,0,0,1,0,0,16367,189,198,189,217,181,218,206,172,174,240,219,191,196,161,182,223,216,239,242,209,210,177,201,201,219,240,262,258,220,239,221,226,208,212,189,189,176,194,211,239,215,238,212,237,231,274,255,266,264,257,259,240,259,256,251,248,252,214,198,228,181,166,173,205,153,144,165,143,132,120,130,118,93,108,93,105,80,86,83,86,65,56,65,65,50,53,47,39,41,29,14,15,17,10,10,1,6,5,2,2,3,0,0,29408,14308,1096,1026,1066,674,433,186,198,594,935,810,761,889,1076,1127,983,340,484,249,306,470,286,196,123,15100,974,1010,949,647,419,197,157,558,1053,889,839,948,1156,1156,1090,337,515,303,380,529,432,288,274,3979,2712,29,3,3,0,0,3,0,0,0,0,0,0,0,0,0,0,0,0,0,0,26,0,0,0,0,26,0,0,0,0,26,0,2590,2429,2388,0,0,2388,0,0,0,0,0,0,0,41,0,0,0,0,0,0,161,3,45,45,0,113,0,0,0,0,112,1,93,93,52,0,0,52,0,0,0,0,0,0,0,41,0,0,0,0,0,0,0,0,0,0,0,0,0,0,0,0,0,0,1267,31,1,1,0,0,1,0,0,0,0,0,0,0,0,0,0,0,0,0,0,30,0,0,0,0,30,0,0,0,0,30,0,1161,1097,1071,0,0,1071,0,0,0,0,0,0,0,26,0,0,0,0,0,0,64,3,7,7,0,54,0,6,0,0,48,0,75,75,18,0,0,18,0,0,0,0,0,0,0,57,0,0,0,0,0,0,0,0,0,0,0,0,0,0,0,0,0,0
"G2200490","2010","LA","3","7","Louisiana","22","Jackson Parish","049",,,,,,,,,,,,,,,"40820","99999","999",,,,,,,,,,,,,,,,,"1474178126","28732791","Jackson Parish","A","+32.3044796","-092.5566722","15","2",,16274,8273,115,87,129,121,116,101,102,107,133,107,98,93,106,97,81,100,105,114,119,112,114,102,105,117,128,100,136,112,112,134,137,113,127,126,92,95,90,109,116,85,115,93,109,115,112,124,111,131,116,107,108,115,110,113,90,104,105,110,95,101,110,110,106,108,68,75,92,95,95,64,77,78,63,63,51,68,31,39,37,34,34,29,20,22,19,22,20,9,10,12,5,8,6,3,2,6,3,2,0,0,0,0,0,8001,113,102,93,96,122,91,96,91,94,87,107,111,90,114,115,105,81,84,99,92,80,85,86,79,117,107,111,95,86,81,101,84,93,81,99,100,91,93,75,98,89,89,85,105,95,120,112,104,112,123,103,114,86,106,99,132,99,111,114,119,101,117,108,124,86,101,95,100,73,81,73,69,67,61,70,74,57,63,53,49,48,37,53,32,30,35,29,20,16,24,15,25,11,12,10,8,11,9,5,1,5,1,0,15236,7365,568,550,475,317,213,95,71,253,411,437,395,466,509,500,487,215,270,161,244,322,199,111,96,7871,526,459,537,270,190,79,85,282,479,457,454,462,568,506,565,214,312,195,249,335,275,186,186,1038,908,2,2,2,0,0,0,0,2,0,0,0,0,0,0,0,0,0,0,0,0,0,0,0,0,0,0,0,0,0,0,0,0,845,834,807,0,0,0,0,807,0,0,0,0,0,27,0,0,0,0,0,0,11,0,0,0,0,11,0,6,0,0,5,0,61,61,4,0,0,0,0,4,0,0,0,0,0,57,0,0,0,0,0,0,0,0,0,0,0,0,0,0,0,0,0,0,130,0,0,0,0,0,0,0,0,0,0,0,0,0,0,0,0,0,0,0,0,0,0,0,0,0,0,0,0,0,0,0,0,33,28,3,0,0,0,0,3,0,0,0,0,0,25,0,0,0,0,0,0,5,0,0,0,0,5,0,0,0,0,5,0,97,97,0,0,0,0,0,0,0,0,0,0,0,97,0,0,0,0,0,0,0,0,0,0,0,0,0,0,0,0,0,0
"G2200510","2010","LA","3","7","Louisiana","22","Jefferson Parish","051",,,,,,,,,,,,,,,"35380","99999","406",,,,,,,,,,,,,,,,,"765682649","957754757","Jefferson Parish","A","+29.5033000","-090.0362310","15","1",,432552,210008,2815,2900,2900,2887,2763,2678,2658,2597,2644,2771,2722,2695,2575,2653,2668,2743,2857,3027,2791,2569,2640,2702,2915,3106,3275,3379,3216,3249,3161,3243,3172,2925,2868,2854,2611,2664,2657,2653,2744,2789,2820,2628,2714,2747,2843,3090,3042,3130,3124,3159,3320,3230,3178,3222,3136,3196,3014,2824,2857,2621,2548,2523,2496,2499,1861,1904,1863,1754,1589,1385,1338,1298,1187,1074,1005,931,829,856,815,822,754,684,751,613,581,507,438,359,300,221,188,116,99,62,42,24,22,12,10,5,9,3,0,222544,2812,2786,2897,2881,2725,2660,2655,2629,2557,2571,2547,2553,2504,2624,2454,2612,2685,2692,2571,2500,2697,2884,2911,3094,3227,3408,3269,3297,3211,3066,3184,2910,2875,2732,2600,2656,2574,2544,2626,2884,2757,2652,2724,2774,3005,3341,3267,3219,3353,3313,3524,3392,3406,3375,3435,3334,3172,3046,3100,2929,2893,2690,2882,2794,2065,2158,2149,2077,1852,1728,1624,1530,1437,1364,1329,1304,1245,1180,1251,1235,1269,1265,1156,1069,988,913,840,733,610,544,390,306,254,181,165,118,93,62,40,36,43,0,0,429241,208036,14260,13345,13295,8501,5239,2588,2650,9181,16077,14297,13380,13627,15382,15924,14382,5037,6815,3741,4694,5839,4192,3281,2309,221205,14094,13071,12678,7982,5066,2693,2872,9215,16225,14265,13256,13879,16459,17079,15530,5564,7701,4288,5618,7207,6092,5559,4812,3311,1972,152,143,38,0,0,0,38,0,0,105,4,0,101,0,0,0,0,0,0,0,9,0,0,0,0,9,6,0,0,0,0,3,1426,987,799,0,0,0,799,0,0,32,6,0,26,156,0,0,0,0,0,0,439,0,7,7,0,432,5,131,274,0,3,19,394,381,4,0,0,0,4,0,0,0,0,0,0,377,0,0,0,0,0,0,13,0,0,0,0,13,0,6,4,0,0,3,1339,19,7,1,0,0,0,1,0,0,6,6,0,0,0,0,0,0,0,0,0,12,0,0,0,0,12,8,1,0,0,0,3,358,214,101,0,0,0,101,0,0,0,0,0,0,113,0,0,0,0,0,0,144,3,0,0,0,141,14,102,3,0,2,20,962,917,0,0,0,0,0,0,0,0,0,0,0,917,0,0,0,0,0,0,45,0,0,0,0,45,0,21,10,0,4,10
"G2200530","2010","LA","3","7","Louisiana","22","Jefferson Davis Parish","053",,,,,,,,,,,,,,,"27660","99999","324",,,,,,,,,,,,,,,,,"1686931782","18718325","Jefferson Davis Parish","A","+30.2695293","-092.8162205","15","2",,31594,15467,228,207,236,276,227,236,206,264,251,267,237,251,227,233,249,256,246,239,250,218,154,186,179,184,179,186,188,185,188,239,203,178,184,209,149,179,148,172,175,191,182,197,187,182,188,217,194,252,232,223,252,233,239,246,219,215,203,168,200,171,168,167,160,153,116,132,118,122,130,130,121,97,101,106,86,104,63,64,83,70,67,55,64,59,61,39,33,28,34,19,19,11,7,7,4,6,0,0,1,1,1,0,0,16127,224,199,235,240,236,226,239,213,194,218,238,194,221,233,226,235,253,238,250,180,161,184,170,188,189,161,201,193,204,206,186,176,211,174,185,165,185,195,194,241,191,185,177,223,212,229,243,228,231,283,248,240,236,223,226,230,192,195,201,204,202,193,198,185,149,144,156,135,130,140,136,131,122,99,115,115,83,94,106,91,103,81,93,74,63,52,51,51,44,26,22,19,20,14,12,5,3,6,5,0,1,0,0,31027,15119,1174,1224,1197,740,463,151,179,525,954,902,857,926,1107,1171,947,329,422,241,371,496,353,243,147,15908,1134,1090,1112,726,429,161,184,547,960,928,975,985,1210,1163,1016,394,525,297,395,585,457,369,266,567,348,1,1,1,0,0,0,1,0,0,0,0,0,0,0,0,0,0,0,0,0,0,0,0,0,0,0,0,0,0,0,0,0,155,143,110,0,0,0,110,0,0,0,0,0,0,31,2,2,0,0,0,0,12,0,0,0,0,12,0,12,0,0,0,0,192,192,0,0,0,0,0,0,0,0,0,0,0,188,4,4,0,0,0,0,0,0,0,0,0,0,0,0,0,0,0,0,219,0,0,0,0,0,0,0,0,0,0,0,0,0,0,0,0,0,0,0,0,0,0,0,0,0,0,0,0,0,0,0,0,46,34,9,0,0,0,9,0,0,0,0,0,0,21,4,4,0,0,0,0,12,0,0,0,0,12,0,12,0,0,0,0,173,173,0,0,0,0,0,0,0,0,0,0,0,164,9,9,0,0,0,0,0,0,0,0,0,0,0,0,0,0,0,0
"G2200550","2010","LA","3","7","Louisiana","22","Lafayette Parish","055",,,,,,,,,,,,,,,"29180","99999","318",,,,,,,,,,,,,,,,,"695980407","1266845","Lafayette Parish","B","+30.2065065","-092.0641700","15","1",,221578,108156,1600,1648,1690,1535,1537,1503,1508,1441,1505,1486,1514,1584,1523,1438,1539,1486,1530,1549,1708,1917,1971,2000,2070,2018,1972,1971,1901,1840,1781,1773,1864,1625,1591,1429,1467,1368,1380,1370,1354,1448,1406,1376,1341,1323,1376,1468,1445,1438,1484,1525,1526,1619,1467,1510,1477,1460,1343,1251,1238,1129,1100,1062,1094,1054,702,743,661,660,597,559,556,486,453,463,429,436,360,356,358,323,298,285,261,231,187,179,138,115,91,72,56,43,41,21,18,10,8,7,3,2,2,0,0,113422,1634,1488,1557,1523,1457,1519,1447,1432,1434,1454,1521,1446,1453,1387,1425,1475,1515,1480,1808,2041,2240,2176,2018,1879,1829,1884,1845,1827,1773,1700,1714,1581,1497,1561,1394,1349,1266,1373,1405,1495,1470,1451,1424,1355,1428,1507,1615,1666,1623,1786,1725,1685,1625,1703,1555,1543,1398,1350,1335,1266,1212,1132,1100,1102,785,778,801,803,732,701,622,653,625,580,584,517,528,527,526,504,469,424,421,376,310,276,263,255,200,171,156,116,87,70,52,41,38,26,15,13,19,0,0,216428,105318,8000,7440,7586,4542,3167,1745,1842,5785,8930,7729,6729,6636,7173,7457,6349,2136,2823,1386,1797,2330,1791,1206,739,111110,7644,7281,7225,4442,3225,2020,2021,5545,8915,7675,6845,7108,8153,8265,6848,2329,2964,1562,2207,3004,2506,1853,1473,5150,2838,48,29,5,0,0,0,5,0,0,21,0,0,21,0,3,0,3,0,0,0,19,4,0,0,0,15,11,0,0,0,1,3,2531,1055,965,0,0,0,965,0,0,0,0,0,0,71,19,0,19,0,0,0,1476,1008,0,0,0,468,177,67,20,0,107,97,259,255,2,0,0,0,2,0,0,0,0,0,0,253,0,0,0,0,0,0,4,0,0,0,0,4,2,2,0,0,0,0,2312,55,22,0,0,0,0,0,0,0,16,14,0,2,0,6,0,6,0,0,0,33,5,0,0,0,28,18,1,0,0,5,4,1583,200,110,0,0,0,110,0,0,0,0,0,0,75,15,0,15,0,0,0,1383,1221,0,0,0,162,68,19,8,0,19,48,674,647,0,0,0,0,0,0,0,0,0,0,0,647,0,0,0,0,0,0,27,0,0,0,0,27,2,4,0,0,0,21
"G2200570","2010","LA","3","7","Louisiana","22","Lafourche Parish","057",,,,,,,,,,,,,,,"26380","99999","999",,,,,,,,,,,,,,,,,"2766662214","1051775420","Lafourche Parish","A","+29.4919925","-090.3948490","15","1",,96318,47324,688,667,737,727,656,670,657,587,659,678,654,674,640,637,670,686,704,728,770,750,753,665,673,647,722,676,685,652,679,685,619,634,604,609,542,567,582,587,624,573,589,638,657,650,750,792,721,716,701,730,734,734,774,665,658,666,588,544,559,499,504,492,489,526,348,379,376,394,327,297,333,293,292,215,222,216,208,211,188,172,165,135,117,113,105,85,79,66,60,34,31,20,14,19,2,4,6,2,1,2,0,0,0,48994,689,657,655,676,652,621,641,620,587,656,645,627,612,617,629,574,695,694,759,844,773,663,695,692,682,645,652,709,628,726,647,611,614,630,545,541,523,580,603,614,637,645,679,742,742,751,746,810,766,763,729,697,731,634,650,625,595,572,589,553,528,518,537,527,457,437,418,417,407,336,331,351,326,274,273,283,263,240,287,243,241,231,186,147,164,180,129,134,101,83,106,53,47,52,36,27,16,9,8,7,5,0,0,94693,46485,3475,3251,3275,2112,1334,687,620,1977,3292,2930,2875,3238,3622,3537,2842,991,1362,749,1012,1332,971,607,394,48208,3329,3124,3130,1963,1298,705,627,2037,3348,3035,2857,3436,3831,3433,2923,1044,1518,846,1149,1537,1276,909,853,1625,839,6,5,1,0,0,0,1,0,0,4,4,0,0,0,0,0,0,0,0,0,1,1,0,0,0,0,0,0,0,0,0,0,715,348,334,0,0,0,138,196,0,1,1,0,0,13,0,0,0,0,0,0,367,330,0,0,0,37,0,28,0,0,0,9,118,118,2,0,0,0,2,0,0,0,0,0,0,116,0,0,0,0,0,0,0,0,0,0,0,0,0,0,0,0,0,0,786,1,1,0,0,0,0,0,0,0,1,1,0,0,0,0,0,0,0,0,0,0,0,0,0,0,0,0,0,0,0,0,0,507,44,24,0,0,0,23,1,0,0,0,0,0,20,0,0,0,0,0,0,463,445,0,0,0,18,0,7,6,0,0,5,278,278,0,0,0,0,0,0,0,0,0,0,0,278,0,0,0,0,0,0,0,0,0,0,0,0,0,0,0,0,0,0
"G2200590","2010","LA","3","7","Louisiana","22","La Salle Parish","059",,,,,,,,,,,,,,,"99999","99999","999",,,,,,,,,,,,,,,,,"1617923154","97667582","La Salle Parish","A","+31.6808355","-092.1618090","15","9",,14890,7665,92,101,110,100,90,101,101,102,118,110,92,88,98,86,97,94,94,124,118,116,93,103,113,97,122,115,114,120,146,118,125,122,111,122,93,111,93,107,112,99,118,108,109,97,102,107,87,101,109,107,117,97,119,110,108,97,87,98,102,67,93,80,84,82,66,71,65,67,61,64,44,52,49,47,40,52,32,38,43,31,26,29,24,24,11,10,18,11,11,10,7,3,1,1,2,1,0,0,0,0,0,0,0,7225,100,87,98,85,94,86,99,91,104,93,100,108,107,107,85,81,117,84,86,74,78,80,75,88,93,81,86,98,83,99,88,80,91,80,85,72,81,82,85,89,96,91,87,79,88,109,81,103,102,92,105,97,105,104,113,108,102,104,89,83,93,96,106,102,52,78,80,73,67,78,66,58,70,40,63,65,46,45,46,42,44,38,29,41,26,15,24,18,25,19,9,12,14,8,7,5,1,3,2,1,0,0,0,13647,6626,493,532,461,309,184,70,69,217,394,401,401,419,435,496,433,167,228,135,190,228,188,109,67,7021,464,473,507,282,157,78,78,250,434,413,399,432,482,517,477,183,257,151,212,280,228,150,117,1243,1039,3,3,3,0,0,2,1,0,0,0,0,0,0,0,0,0,0,0,0,0,0,0,0,0,0,0,0,0,0,0,0,0,1008,999,983,370,0,601,12,0,0,0,0,0,0,13,3,3,0,0,0,0,9,0,0,0,0,9,0,9,0,0,0,0,28,28,0,0,0,0,0,0,0,0,0,0,0,28,0,0,0,0,0,0,0,0,0,0,0,0,0,0,0,0,0,0,204,0,0,0,0,0,0,0,0,0,0,0,0,0,0,0,0,0,0,0,0,0,0,0,0,0,0,0,0,0,0,0,0,84,79,58,57,0,1,0,0,0,0,0,0,0,20,1,1,0,0,0,0,5,0,0,0,0,5,0,5,0,0,0,0,120,120,0,0,0,0,0,0,0,0,0,0,0,120,0,0,0,0,0,0,0,0,0,0,0,0,0,0,0,0,0,0
"G2200610","2010","LA","3","7","Louisiana","22","Lincoln Parish","061",,,,,,,,,,,,,,,"40820","99999","999",,,,,,,,,,,,,,,,,"1221806070","1897717","Lincoln Parish","A","+32.6011478","-092.6620823","15","2",,46735,22820,317,270,293,310,294,257,276,269,283,252,263,244,261,235,264,252,317,261,593,1057,1010,945,875,747,574,486,392,366,322,347,305,241,268,225,223,224,195,225,189,206,228,214,200,212,207,222,259,228,238,251,269,234,238,241,240,283,246,226,224,222,247,222,197,203,139,159,143,127,152,145,123,112,127,99,95,92,78,88,81,71,61,56,48,49,46,54,39,23,26,34,23,6,13,10,5,4,2,3,2,0,1,0,0,23915,278,252,286,252,282,243,239,277,263,259,253,255,258,251,233,252,285,269,700,1098,1065,994,730,635,457,426,382,342,328,327,323,258,249,239,237,225,224,221,258,240,215,222,220,216,279,244,262,265,277,282,273,261,289,274,250,266,242,226,261,254,230,228,242,235,168,150,161,181,173,157,154,138,147,128,109,113,114,125,109,107,119,108,97,83,86,88,63,75,50,49,52,36,31,31,13,10,12,8,5,2,3,1,1,41852,20420,1484,1337,1254,784,660,518,655,1961,1821,1216,1015,1041,1162,1196,1182,465,526,299,416,546,403,249,230,21432,1350,1281,1236,764,693,521,680,1649,1751,1297,1159,1143,1326,1331,1240,451,644,307,503,665,552,451,438,4883,2400,59,1,1,0,0,0,1,0,0,0,0,0,0,0,0,0,0,0,0,0,58,6,0,0,0,52,0,0,1,0,0,51,2287,197,173,0,0,0,163,10,0,0,0,0,0,24,0,0,0,0,0,0,2090,2008,0,0,0,82,0,40,40,0,0,2,54,54,0,0,0,0,0,0,0,0,0,0,0,54,0,0,0,0,0,0,0,0,0,0,0,0,0,0,0,0,0,0,2483,56,0,0,0,0,0,0,0,0,0,0,0,0,0,0,0,0,0,0,0,56,4,0,0,0,52,0,0,0,0,0,52,2254,53,29,0,0,0,15,14,0,0,0,0,0,24,0,0,0,0,0,0,2201,2176,0,0,0,25,0,13,11,0,0,1,173,173,0,0,0,0,0,0,0,0,0,0,0,173,0,0,0,0,0,0,0,0,0,0,0,0,0,0,0,0,0,0
"G2200630","2010","LA","3","7","Louisiana","22","Livingston Parish","063",,,,,,,,,,,,,,,"12940","99999","132",,,,,,,,,,,,,,,,,"1678749073","141614105","Livingston Parish","A","+30.4404194","-090.7274738","15","1",,128026,63372,920,909,1065,1030,1010,1037,973,1019,980,1113,1059,1026,1010,1035,954,982,1005,1018,953,871,780,780,763,793,802,814,903,906,879,966,965,859,922,890,875,900,897,864,967,1018,1005,980,881,845,879,925,985,891,914,957,929,884,920,827,796,795,683,725,716,680,663,613,648,624,478,487,441,472,408,394,355,319,298,256,248,252,188,220,208,162,132,115,98,127,76,64,78,48,49,38,20,17,13,15,6,6,1,1,2,1,2,0,0,64654,937,910,953,973,965,940,952,934,978,955,1060,988,896,960,934,903,982,965,850,816,768,758,731,745,828,940,898,983,924,1033,993,908,925,975,867,921,915,914,949,1020,1011,892,879,862,876,929,930,932,951,906,953,896,916,827,837,827,804,768,715,726,704,665,724,701,523,549,499,558,455,445,427,345,337,300,291,304,253,226,240,245,181,194,176,172,153,132,113,89,90,78,54,33,36,22,20,12,4,7,1,6,7,0,0,126834,62626,4934,5120,5080,2998,1795,767,762,2315,4372,4441,4576,4500,4594,4286,3544,1265,1737,925,1266,1461,1014,535,339,64208,4734,4758,4835,2849,1663,766,753,2289,4759,4643,4697,4496,4612,4398,3820,1363,1930,1037,1452,1674,1224,821,635,1192,746,13,8,4,0,0,0,4,0,0,4,4,0,0,0,0,0,0,0,0,0,5,0,0,0,0,5,0,0,0,0,5,0,656,469,449,0,0,0,449,0,0,0,0,0,0,20,0,0,0,0,0,0,187,0,0,0,0,187,0,17,151,0,19,0,77,68,0,0,0,0,0,0,0,0,0,0,0,68,0,0,0,0,0,0,9,0,0,0,0,9,0,0,7,0,2,0,446,9,4,0,0,0,0,0,0,0,4,4,0,0,0,0,0,0,0,0,0,5,0,0,0,0,5,0,0,0,0,5,0,226,91,71,0,0,0,71,0,0,0,0,0,0,20,0,0,0,0,0,0,135,0,0,0,0,135,0,12,116,0,7,0,211,202,0,0,0,0,0,0,0,0,0,0,0,202,0,0,0,0,0,0,9,0,0,0,0,9,0,0,9,0,0,0
"G2200650","2010","LA","3","7","Louisiana","22","Madison Parish","065",,,,,,,,,,,,,,,"45260","99999","999",,,,,,,,,,,,,,,,,"1617283455","68538668","Madison Parish","A","+32.3658243","-091.2407290","15","2",,12093,5986,75,87,75,74,70,100,82,92,76,85,88,79,90,82,83,89,100,94,86,71,108,95,70,126,76,106,71,119,72,178,115,125,103,92,79,101,42,89,67,60,73,54,53,60,78,116,76,91,106,56,74,73,75,90,78,75,76,96,59,74,53,54,58,45,57,46,54,46,36,37,49,26,19,26,22,29,20,22,21,18,20,21,14,17,8,13,12,12,4,3,4,4,2,2,4,1,0,1,1,0,0,0,0,6107,82,82,77,103,83,82,76,74,92,79,86,74,66,72,100,75,100,98,78,72,69,70,82,82,72,102,102,91,95,85,76,71,89,87,67,74,80,96,58,75,97,81,90,53,81,75,101,82,79,97,87,82,88,92,105,97,81,57,86,74,83,74,61,68,42,50,49,53,48,38,43,35,42,24,21,27,33,39,27,26,25,27,30,43,22,21,10,16,12,11,17,4,10,0,8,5,0,2,2,0,0,0,0,10502,4959,381,435,422,282,155,80,61,196,262,260,273,281,329,355,353,106,157,98,111,137,104,73,48,5543,427,403,398,273,148,66,65,196,368,309,314,332,360,420,386,156,168,97,134,162,141,132,88,1591,1027,1,1,1,0,0,0,1,0,0,0,0,0,0,0,0,0,0,0,0,0,0,0,0,0,0,0,0,0,0,0,0,0,983,955,948,0,0,0,948,0,0,0,0,0,0,7,0,0,0,0,0,0,28,0,0,0,0,28,0,20,8,0,0,0,43,39,0,0,0,0,0,0,0,0,0,0,0,39,0,0,0,0,0,0,4,0,0,0,0,4,0,4,0,0,0,0,564,0,0,0,0,0,0,0,0,0,0,0,0,0,0,0,0,0,0,0,0,0,0,0,0,0,0,0,0,0,0,0,0,498,483,481,0,0,0,481,0,0,0,0,0,0,2,0,0,0,0,0,0,15,0,0,0,0,15,0,15,0,0,0,0,66,66,0,0,0,0,0,0,0,0,0,0,0,66,0,0,0,0,0,0,0,0,0,0,0,0,0,0,0,0,0,0
"G2200670","2010","LA","3","7","Louisiana","22","Morehouse Parish","067",,,,,,,,,,,,,,,"12820","99999","384",,,,,,,,,,,,,,,,,"2058870285","28878807","Morehouse Parish","A","+32.8200082","-091.8003988","15","2",,27979,13397,204,201,188,194,178,208,199,181,203,189,209,174,201,201,165,178,197,220,199,184,151,171,158,157,184,156,161,175,180,176,178,164,170,169,135,139,154,125,172,139,180,165,167,151,154,184,180,175,186,177,199,182,190,218,215,185,200,216,186,164,190,172,167,148,131,143,126,123,90,108,116,90,91,75,73,83,63,68,60,73,64,52,55,53,43,38,29,20,25,15,18,11,4,3,1,9,3,0,1,1,1,0,0,14582,207,175,211,195,183,190,186,185,187,195,201,186,196,176,187,154,208,206,181,161,186,166,153,185,176,174,181,188,170,183,165,187,153,159,169,168,145,165,154,171,159,173,198,170,155,209,192,211,197,207,230,201,227,237,229,228,225,189,219,189,210,169,175,171,162,157,123,109,124,120,99,114,126,107,100,109,114,105,102,103,99,96,75,90,74,55,45,45,38,38,37,23,7,9,8,5,10,5,4,4,3,0,0,27211,12857,965,980,950,590,375,144,155,446,732,734,685,767,853,977,934,355,441,268,316,435,343,252,160,14354,971,943,946,568,340,186,164,512,893,830,799,853,1013,1119,1040,375,503,278,346,528,505,393,249,768,540,5,5,5,0,0,0,5,0,0,0,0,0,0,0,0,0,0,0,0,0,0,0,0,0,0,0,0,0,0,0,0,0,481,481,462,0,0,333,129,0,0,0,0,0,0,19,0,0,0,0,0,0,0,0,0,0,0,0,0,0,0,0,0,0,54,54,0,0,0,0,0,0,0,0,0,0,0,54,0,0,0,0,0,0,0,0,0,0,0,0,0,0,0,0,0,0,228,0,0,0,0,0,0,0,0,0,0,0,0,0,0,0,0,0,0,0,0,0,0,0,0,0,0,0,0,0,0,0,0,45,37,18,0,0,1,17,0,0,0,0,0,0,19,0,0,0,0,0,0,8,0,0,0,0,8,0,7,0,0,0,1,183,183,0,0,0,0,0,0,0,0,0,0,0,183,0,0,0,0,0,0,0,0,0,0,0,0,0,0,0,0,0,0
"G2200690","2010","LA","3","7","Louisiana","22","Natchitoches Parish","069",,,,,,,,,,,,,,,"35060","99999","999",,,,,,,,,,,,,,,,,"3243311940","121063646","Natchitoches Parish","A","+31.7349824","-093.0861057","15","2",,39566,18861,262,291,275,259,299,314,273,286,286,310,285,239,266,296,264,241,253,278,331,502,448,454,383,347,262,284,219,240,237,235,267,202,236,200,210,213,164,205,202,204,197,211,211,228,233,230,246,226,237,248,227,210,252,209,227,223,247,241,209,233,226,191,261,199,150,164,174,153,154,135,105,129,113,115,105,80,88,99,95,71,63,75,56,54,31,39,30,26,22,16,20,13,12,7,3,6,2,4,2,0,6,0,0,20705,211,265,268,258,273,249,233,263,264,275,256,286,252,257,236,235,283,259,477,680,624,536,421,309,309,280,260,252,279,281,236,236,235,219,230,218,187,197,210,245,216,220,253,218,213,236,236,267,221,236,287,257,260,269,231,292,260,263,255,237,223,235,271,264,179,190,197,177,181,177,138,153,137,107,131,112,113,130,101,121,114,97,105,92,55,63,52,46,56,52,35,25,30,19,16,17,5,8,2,3,4,1,0,37376,17794,1384,1468,1350,771,560,314,379,899,1096,1031,940,1040,1143,1099,1137,411,599,332,432,550,405,270,184,19582,1273,1284,1280,757,644,393,451,1016,1344,1156,1057,1117,1195,1296,1299,455,703,380,528,646,540,416,352,2190,1067,4,4,1,0,0,0,0,1,0,3,3,0,0,0,0,0,0,0,0,0,0,0,0,0,0,0,0,0,0,0,0,0,969,471,457,0,0,0,0,457,0,0,0,0,0,14,0,0,0,0,0,0,498,489,0,0,0,9,0,5,0,0,0,4,94,76,3,0,0,0,0,3,0,0,0,0,0,73,0,0,0,0,0,0,18,0,0,0,0,18,0,18,0,0,0,0,1123,29,2,0,0,0,0,0,0,0,2,2,0,0,0,0,0,0,0,0,0,27,0,0,0,0,27,0,0,0,0,27,0,894,18,0,0,0,0,0,0,0,0,0,0,0,18,0,0,0,0,0,0,876,863,0,0,0,13,0,11,0,0,0,2,200,150,0,0,0,0,0,0,0,0,0,0,0,150,0,0,0,0,0,0,50,0,0,0,0,50,0,50,0,0,0,0
"G2200710","2010","LA","3","7","Louisiana","22","Orleans Parish","071",,,,,,,,,,,,,,,"35380","99999","406",,,,,,,,,,,,,,,,,"438803381","468240430","Orleans Parish","C","+30.0686361","-089.9390074","15","1",,343829,166248,2242,2297,2326,2163,2112,2034,1964,1990,1963,1963,2008,1999,1886,1858,1894,1960,2163,2204,2506,2798,2792,2728,3142,3318,3441,3503,3259,3172,3046,2832,2721,2536,2488,2201,2093,2200,2013,2154,2128,2128,2175,2066,2196,2095,2092,2292,2313,2241,2281,2467,2523,2491,2432,2459,2517,2469,2249,2291,2082,2086,1971,1853,1909,1735,1333,1274,1204,1159,1020,970,853,680,777,686,681,591,586,531,468,443,444,407,403,356,353,290,266,227,165,160,101,80,57,41,37,30,17,16,11,6,13,2,0,177581,2201,2211,2341,2145,2002,2053,1862,1940,1829,1920,1925,1877,1775,1799,1863,1973,2191,2282,2754,3244,3171,3213,3303,3624,3856,3663,3418,3238,2963,2860,2815,2610,2450,2295,2253,2132,2104,2133,2046,2178,2178,1999,2118,2093,2250,2411,2357,2389,2369,2459,2628,2577,2505,2507,2589,2552,2430,2335,2212,2239,2240,2092,1969,1876,1461,1487,1388,1354,1270,1066,1146,1002,1004,940,949,886,777,763,757,776,681,723,612,591,577,557,492,478,386,323,308,172,180,137,128,112,68,49,25,21,48,1,0,330664,158342,11095,9906,9626,6197,4073,2235,2317,9046,14953,11403,10141,10159,10985,11873,10833,3736,4877,2424,3097,3594,2532,1866,1374,172322,10864,9590,9231,6408,4328,2470,2818,10362,15890,12259,10485,10529,11879,12700,11678,4303,5263,2835,3628,4941,3830,2981,3050,13165,7906,202,145,90,0,0,0,89,1,0,38,21,0,17,0,17,0,17,0,0,0,57,6,0,0,0,51,34,0,0,0,1,16,7186,3584,3309,0,0,33,3094,182,0,0,0,0,0,229,46,0,46,0,0,0,3602,2193,68,68,0,1341,497,98,155,6,22,563,518,447,9,0,0,0,9,0,0,0,0,0,0,404,34,0,34,0,0,0,71,0,0,0,0,71,9,0,0,0,9,53,5259,96,32,5,0,0,0,1,4,0,14,8,6,0,0,13,0,13,0,0,0,64,15,0,0,0,49,39,0,1,0,1,8,4194,510,336,0,0,72,45,219,0,0,0,0,0,128,46,0,46,0,0,0,3684,3152,18,18,0,514,166,48,90,0,16,194,969,791,0,0,0,0,0,0,0,0,0,0,0,748,43,0,43,0,0,0,178,0,0,0,0,178,0,0,0,0,28,150
"G2200730","2010","LA","3","7","Louisiana","22","Ouachita Parish","073",,,,,,,,,,,,,,,"33740","99999","384",,,,,,,,,,,,,,,,,"1580944616","55281707","Ouachita Parish","A","+32.4774949","-092.1547984","15","1",,153720,73530,1155,1141,1131,1189,1090,1169,1131,1064,1087,1225,1121,1142,1124,1068,1103,1143,1185,1229,1307,1290,1206,1250,1119,1122,1069,1017,1022,1022,986,1045,1033,1009,1009,954,941,834,863,901,919,954,1008,890,891,943,840,959,985,974,1023,1021,998,999,935,955,1008,933,944,912,826,775,788,755,751,788,569,555,523,546,489,437,415,352,409,320,355,322,336,318,292,241,233,224,200,189,182,118,113,123,105,86,53,42,27,18,17,16,11,5,7,6,6,0,0,80190,1105,1072,1111,1166,1051,1092,1079,1096,1063,1205,1061,1128,1156,1070,1059,1065,1133,1164,1280,1417,1284,1395,1271,1170,1204,1153,1048,1088,1069,1178,1109,1041,1006,1042,980,957,944,927,1037,985,1005,981,970,977,985,1007,1085,1040,1037,1128,1143,1025,1074,1053,1074,1051,1017,998,979,876,904,812,829,828,622,693,629,647,575,573,560,571,522,469,489,478,416,455,422,411,401,384,357,333,284,269,211,200,173,142,132,97,91,66,52,45,22,23,13,12,12,0,0,148186,69861,5704,5672,5517,3287,2182,976,1052,2973,4725,4544,4227,4318,4732,4777,4253,1512,2043,1048,1450,1806,1451,964,648,78325,5497,5535,5463,3330,2200,1039,1202,3514,5476,5142,4825,4892,5274,5331,4896,1701,2265,1314,1772,2544,2113,1651,1349,5534,3669,317,303,31,0,0,0,31,0,0,272,1,44,227,0,0,0,0,0,0,0,14,0,0,0,0,14,1,0,4,0,0,9,3028,2126,1980,0,0,0,1765,215,0,29,0,0,29,91,26,0,26,0,0,0,902,601,0,0,0,301,34,31,10,0,0,226,324,309,2,0,0,0,2,0,0,0,0,0,0,300,7,0,7,0,0,0,15,0,0,0,0,15,0,14,0,0,0,1,1865,51,33,3,0,0,0,3,0,0,30,1,10,19,0,0,0,0,0,0,0,18,4,0,0,0,14,1,3,0,0,0,10,1328,182,96,0,0,0,96,0,0,2,2,0,0,64,20,0,20,0,0,0,1146,1047,0,0,0,99,13,17,24,0,0,45,486,471,0,0,0,0,0,0,0,0,0,0,0,458,13,0,13,0,0,0,15,0,0,0,0,15,0,13,0,0,0,2
"G2200750","2010","LA","3","7","Louisiana","22","Plaquemines Parish","075",,,,,,,,,,,,,,,"35380","99999","406",,,,,,,,,,,,,,,,,"2019961046","4629053037","Plaquemines Parish","A","+29.4023370","-089.2984889","15","1",,23042,11558,145,203,184,158,173,171,195,189,178,190,208,190,193,157,184,204,191,219,151,128,149,124,136,142,152,145,170,150,124,152,143,132,134,123,148,144,132,119,142,176,151,164,160,180,178,194,191,161,224,184,184,186,171,182,136,151,175,146,154,134,122,113,106,121,64,87,88,83,95,80,57,69,62,56,56,63,34,44,32,32,28,30,30,25,26,22,25,14,11,8,6,4,2,4,2,0,2,1,0,0,0,0,0,11484,158,131,164,146,130,160,178,198,156,180,188,150,182,167,209,135,196,169,159,124,146,135,115,149,125,147,164,142,151,169,160,121,137,155,128,132,141,160,173,180,185,192,175,164,182,167,183,176,209,169,181,174,165,144,131,174,165,151,133,108,111,112,126,131,67,83,90,88,81,72,76,63,67,59,67,48,47,45,59,66,53,48,51,40,34,19,24,21,24,13,14,3,9,10,5,8,8,0,1,0,3,0,0,22770,11405,862,919,929,613,277,143,118,417,714,665,703,821,944,852,756,235,289,174,257,295,195,133,94,11365,728,869,894,497,281,143,134,381,770,700,784,895,902,794,728,222,323,173,241,328,251,206,121,272,153,9,9,0,0,0,0,0,0,0,9,0,9,0,0,0,0,0,0,0,0,0,0,0,0,0,0,0,0,0,0,0,0,114,37,26,0,0,0,26,0,0,6,0,6,0,5,0,0,0,0,0,0,77,0,35,35,0,42,0,0,0,11,29,2,30,28,0,0,0,0,0,0,0,0,0,0,0,28,0,0,0,0,0,0,2,0,0,0,0,2,0,0,0,0,2,0,119,9,8,0,0,0,0,0,0,0,8,0,8,0,0,0,0,0,0,0,0,1,0,0,0,0,1,0,0,0,0,1,0,31,13,0,0,0,0,0,0,0,4,0,4,0,9,0,0,0,0,0,0,18,0,15,15,0,3,0,0,0,0,3,0,79,79,0,0,0,0,0,0,0,0,0,0,0,79,0,0,0,0,0,0,0,0,0,0,0,0,0,0,0,0,0,0
"G2200770","2010","LA","3","7","Louisiana","22","Pointe Coupee Parish","077",,,,,,,,,,,,,,,"12940","99999","132",,,,,,,,,,,,,,,,,"1443519892","86418204","Pointe Coupee Parish","A","+30.7083190","-091.6046207","15","1",,22802,11061,162,121,143,139,143,158,155,171,129,176,187,147,175,125,159,169,175,166,135,142,123,132,109,133,137,124,152,132,161,139,107,119,122,96,102,106,115,113,117,123,129,112,132,141,157,162,174,148,184,169,169,185,177,165,185,176,173,195,144,151,156,150,152,143,115,110,110,114,95,101,84,80,79,73,63,80,60,53,69,58,48,47,34,38,37,33,29,10,20,11,6,9,6,9,3,3,5,0,0,1,0,0,0,11741,119,132,148,156,146,126,128,141,156,163,159,139,160,162,169,150,154,167,161,117,120,110,104,140,145,126,128,133,129,116,147,118,128,129,122,113,116,108,127,144,163,142,128,136,152,165,167,192,211,214,187,194,195,187,166,192,180,168,181,166,159,165,170,186,163,124,114,124,109,98,96,98,84,90,76,72,81,95,63,75,64,64,63,59,52,37,33,35,29,25,23,17,20,10,8,7,6,1,2,1,1,0,0,22686,11013,708,789,793,510,277,123,132,379,708,546,574,671,835,877,833,305,405,218,305,374,316,200,135,11673,701,714,789,471,278,120,110,389,632,644,608,721,947,929,885,319,519,234,329,442,378,290,224,116,48,0,0,0,0,0,0,0,0,0,0,0,0,0,0,0,0,0,0,0,0,0,0,0,0,0,0,0,0,0,0,0,0,18,18,0,0,0,0,0,0,0,0,0,0,0,18,0,0,0,0,0,0,0,0,0,0,0,0,0,0,0,0,0,0,30,30,0,0,0,0,0,0,0,0,0,0,0,30,0,0,0,0,0,0,0,0,0,0,0,0,0,0,0,0,0,0,68,0,0,0,0,0,0,0,0,0,0,0,0,0,0,0,0,0,0,0,0,0,0,0,0,0,0,0,0,0,0,0,0,9,9,0,0,0,0,0,0,0,0,0,0,0,9,0,0,0,0,0,0,0,0,0,0,0,0,0,0,0,0,0,0,59,59,0,0,0,0,0,0,0,0,0,0,0,59,0,0,0,0,0,0,0,0,0,0,0,0,0,0,0,0,0,0
"G2200790","2010","LA","3","7","Louisiana","22","Rapides Parish","079",,,,,,,,,,,,,,,"10780","99999","999",,,,,,,,,,,,,,,,,"3413506392","113169602","Rapides Parish","A","+31.1932037","-092.5359531","15","1",,131613,63481,896,900,933,1001,947,967,1027,902,982,967,965,987,914,943,978,991,970,1028,939,967,828,787,775,826,787,848,838,890,861,872,856,778,875,759,766,664,819,720,825,794,789,729,797,785,828,917,915,869,928,956,960,878,916,882,856,890,851,786,768,784,685,747,745,720,512,574,577,551,467,426,425,416,403,373,368,308,294,316,267,278,235,197,188,167,140,122,107,100,79,63,55,41,23,15,10,6,13,3,4,4,0,1,0,68132,873,857,921,959,879,959,898,911,926,954,1035,994,927,889,913,931,966,924,905,845,771,776,836,879,863,856,903,841,941,986,873,825,835,870,798,788,796,767,814,869,815,817,856,841,921,991,1042,1015,976,968,1049,956,967,965,928,1001,892,907,922,801,794,816,722,779,642,627,692,604,576,524,563,525,476,460,429,435,397,375,362,353,316,342,332,275,262,256,220,191,193,141,87,83,72,63,55,42,21,13,11,10,11,0,2,127112,60364,4665,4833,4759,2902,1684,726,679,2055,3871,3589,3575,3723,4409,4356,3952,1389,1909,1116,1411,1926,1399,862,574,66748,4483,4640,4738,2763,1649,724,725,2504,4452,4155,4007,4198,4923,4783,4439,1589,2122,1301,1672,2400,1842,1418,1221,4501,3117,139,60,2,0,0,0,2,0,0,43,41,2,0,0,15,0,0,0,0,15,79,1,0,0,0,78,5,15,0,0,46,12,2650,1689,1490,0,0,586,661,243,0,3,0,3,0,169,27,0,0,0,0,27,961,270,115,115,0,576,34,336,105,0,9,92,328,294,2,0,0,0,2,0,0,0,0,0,0,292,0,0,0,0,0,0,34,0,0,0,0,34,2,17,9,0,0,6,1384,92,35,0,0,0,0,0,0,0,24,24,0,0,0,11,0,0,0,0,11,57,1,0,0,0,56,4,3,0,0,37,12,750,194,53,0,0,0,52,1,0,2,1,1,0,112,27,0,0,0,0,27,556,215,27,27,0,314,26,188,80,0,0,20,542,521,0,0,0,0,0,0,0,0,0,0,0,521,0,0,0,0,0,0,21,0,0,0,0,21,0,8,2,0,0,11
"G2200810","2010","LA","3","7","Louisiana","22","Red River Parish","081",,,,,,,,,,,,,,,"99999","99999","999",,,,,,,,,,,,,,,,,"1007738674","34327566","Red River Parish","A","+32.1012125","-093.3490504","15","9",,9091,4350,77,59,79,53,77,51,77,58,63,60,65,63,52,64,64,68,58,78,63,74,51,43,64,42,63,60,68,60,64,51,55,49,44,48,58,44,42,27,51,58,46,61,52,48,57,65,57,60,62,77,78,68,50,58,60,69,50,53,41,50,56,65,54,44,44,32,48,39,46,41,31,35,39,31,22,30,19,21,23,17,17,16,16,17,4,7,6,4,5,3,5,1,2,0,1,1,0,1,0,0,0,0,0,4741,50,73,64,58,73,63,77,50,66,63,61,55,66,79,72,53,63,61,59,63,58,48,55,56,54,61,61,54,54,57,56,50,45,53,60,48,47,40,56,54,68,60,52,60,54,68,64,65,63,69,89,70,92,64,51,87,70,52,59,58,59,52,56,63,54,47,61,52,48,42,42,46,37,30,39,27,36,40,22,30,29,12,26,15,17,22,16,10,16,9,6,6,7,4,0,1,3,4,1,3,0,0,0,8927,4241,345,309,308,204,130,47,43,156,287,239,220,255,315,306,262,117,141,76,123,152,107,66,33,4686,318,319,333,177,122,58,48,165,287,264,245,292,328,363,324,111,172,106,141,185,148,93,87,164,109,0,0,0,0,0,0,0,0,0,0,0,0,0,0,0,0,0,0,0,0,0,0,0,0,0,0,0,0,0,0,0,0,86,86,74,0,0,0,74,0,0,0,0,0,0,12,0,0,0,0,0,0,0,0,0,0,0,0,0,0,0,0,0,0,23,23,0,0,0,0,0,0,0,0,0,0,0,23,0,0,0,0,0,0,0,0,0,0,0,0,0,0,0,0,0,0,55,0,0,0,0,0,0,0,0,0,0,0,0,0,0,0,0,0,0,0,0,0,0,0,0,0,0,0,0,0,0,0,0,9,9,1,0,0,0,1,0,0,0,0,0,0,8,0,0,0,0,0,0,0,0,0,0,0,0,0,0,0,0,0,0,46,46,0,0,0,0,0,0,0,0,0,0,0,46,0,0,0,0,0,0,0,0,0,0,0,0,0,0,0,0,0,0
"G2200830","2010","LA","3","7","Louisiana","22","Richland Parish","083",,,,,,,,,,,,,,,"99999","99999","999",,,,,,,,,,,,,,,,,"1447914686","14174105","Richland Parish","A","+32.4181207","-091.7583745","15","9",,20725,9984,129,136,168,156,171,139,139,139,165,141,171,171,145,140,133,160,151,157,156,126,137,136,100,137,130,118,120,114,123,145,147,114,129,142,132,119,102,120,112,94,125,111,110,123,125,132,134,138,136,145,171,134,161,164,143,145,119,128,147,138,118,127,129,123,71,84,102,80,74,70,80,62,72,69,55,57,33,50,36,41,31,37,26,23,25,16,23,12,12,12,11,9,7,4,4,1,3,1,1,0,0,0,0,10741,141,127,147,139,149,140,130,128,150,163,169,155,149,143,124,129,142,149,127,141,118,126,121,126,135,131,88,151,136,149,158,129,136,137,147,137,108,127,135,115,138,126,128,128,158,147,158,135,180,136,172,149,180,150,169,147,163,127,142,129,123,142,113,109,79,108,105,101,100,87,89,67,91,78,80,53,72,87,55,63,65,58,63,50,33,42,33,28,26,25,25,13,16,11,9,10,3,8,3,1,3,0,0,19686,9394,759,723,760,466,269,130,114,318,514,580,482,538,641,722,654,233,313,183,220,324,213,135,103,10292,703,710,740,417,262,113,122,360,590,636,559,615,726,801,688,263,299,211,282,403,316,255,221,1039,590,3,2,2,0,0,2,0,0,0,0,0,0,0,0,0,0,0,0,0,0,1,0,0,0,0,1,0,0,0,0,1,0,542,460,394,0,0,394,0,0,0,0,0,0,0,66,0,0,0,0,0,0,82,0,0,0,0,82,0,37,37,0,8,0,45,40,2,0,0,2,0,0,0,0,0,0,0,38,0,0,0,0,0,0,5,0,0,0,0,5,0,5,0,0,0,0,449,4,3,3,0,0,3,0,0,0,0,0,0,0,0,0,0,0,0,0,0,1,0,0,0,0,1,0,0,0,0,1,0,372,322,307,0,0,307,0,0,0,0,0,0,0,15,0,0,0,0,0,0,50,0,0,0,0,50,0,23,25,0,2,0,73,69,0,0,0,0,0,0,0,0,0,0,0,69,0,0,0,0,0,0,4,0,0,0,0,4,0,4,0,0,0,0
"G2200850","2010","LA","3","7","Louisiana","22","Sabine Parish","085",,,,,,,,,,,,,,,"99999","99999","999",,,,,,,,,,,,,,,,,"2244636736","375445763","Sabine Parish","A","+31.5602090","-093.5592284","15","9",,24233,12009,154,149,188,183,154,173,182,163,169,178,174,174,156,151,171,180,174,193,180,147,142,138,137,128,122,156,136,148,139,124,137,122,113,131,117,113,131,116,113,129,135,144,158,175,152,183,172,177,177,154,169,151,158,148,168,160,196,164,147,154,190,149,173,176,136,154,138,141,151,122,127,118,125,92,71,108,73,55,68,49,58,48,48,43,33,16,28,17,16,13,15,10,3,5,3,7,2,1,0,0,0,0,0,12224,173,149,154,169,173,149,168,152,148,146,149,179,175,155,164,140,152,161,188,147,136,146,107,118,145,145,154,131,175,143,137,129,113,118,156,127,137,126,166,136,146,133,140,135,157,171,182,162,165,178,166,145,175,166,192,148,168,179,178,161,177,160,168,169,146,154,158,156,152,139,125,80,100,87,81,90,68,85,87,65,72,58,71,61,49,51,33,35,37,23,24,18,11,11,12,4,11,3,5,2,3,0,0,23793,11782,828,865,826,547,322,140,135,371,674,594,583,753,846,778,806,338,477,289,407,525,343,215,120,12011,818,763,822,453,333,136,146,369,742,649,688,704,851,838,829,335,479,306,444,458,372,279,197,440,227,0,0,0,0,0,0,0,0,0,0,0,0,0,0,0,0,0,0,0,0,0,0,0,0,0,0,0,0,0,0,0,0,168,144,122,0,0,0,122,0,0,0,0,0,0,22,0,0,0,0,0,0,24,0,0,0,0,24,0,18,6,0,0,0,59,59,0,0,0,0,0,0,0,0,0,0,0,59,0,0,0,0,0,0,0,0,0,0,0,0,0,0,0,0,0,0,213,0,0,0,0,0,0,0,0,0,0,0,0,0,0,0,0,0,0,0,0,0,0,0,0,0,0,0,0,0,0,0,0,48,38,24,0,0,0,24,0,0,0,0,0,0,14,0,0,0,0,0,0,10,0,0,0,0,10,0,5,0,0,0,5,165,165,19,0,0,0,19,0,0,0,0,0,0,146,0,0,0,0,0,0,0,0,0,0,0,0,0,0,0,0,0,0
"G2200870","2010","LA","3","7","Louisiana","22","St. Bernard Parish","087",,,,,,,,,,,,,,,"35380","99999","406",,,,,,,,,,,,,,,,,"977764266","4611616395","St. Bernard Parish","A","+29.9181102","-089.2634941","15","1",,35897,18162,307,309,294,300,282,276,281,277,219,219,233,233,242,237,222,234,242,299,266,283,288,299,285,313,303,336,340,303,338,332,293,269,237,209,248,249,202,216,237,220,243,246,212,251,237,300,306,237,268,268,298,258,320,249,256,258,239,216,233,186,194,173,168,174,125,112,95,116,89,101,75,80,80,66,68,54,64,57,48,47,56,43,43,33,33,25,17,14,18,12,8,6,2,6,4,1,0,0,0,2,0,0,0,17735,251,283,288,270,264,241,243,256,233,217,209,246,252,254,234,208,254,268,260,242,306,292,314,321,284,359,293,307,305,306,253,251,237,243,208,224,230,213,207,249,224,203,197,218,245,265,227,248,297,276,277,279,274,240,230,238,228,192,208,193,171,179,173,157,108,124,120,121,110,90,100,80,85,94,79,73,80,77,73,63,58,54,61,60,31,34,34,31,20,19,11,8,6,8,3,4,1,1,0,0,0,0,0,35604,17904,1490,1269,1162,764,536,281,289,873,1599,1221,1104,1159,1364,1367,1120,367,464,207,306,369,270,208,115,17700,1349,1190,1190,725,502,305,290,914,1567,1190,1122,1085,1312,1300,1058,350,438,244,321,438,366,264,180,293,258,21,21,1,0,0,0,1,0,0,20,0,0,20,0,0,0,0,0,0,0,0,0,0,0,0,0,0,0,0,0,0,0,237,215,215,0,0,0,215,0,0,0,0,0,0,0,0,0,0,0,0,0,22,0,0,0,0,22,0,18,0,0,4,0,0,0,0,0,0,0,0,0,0,0,0,0,0,0,0,0,0,0,0,0,0,0,0,0,0,0,0,0,0,0,0,0,35,17,17,0,0,0,0,0,0,0,17,0,0,17,0,0,0,0,0,0,0,0,0,0,0,0,0,0,0,0,0,0,0,18,12,12,0,0,0,12,0,0,0,0,0,0,0,0,0,0,0,0,0,6,0,0,0,0,6,0,4,0,0,2,0,0,0,0,0,0,0,0,0,0,0,0,0,0,0,0,0,0,0,0,0,0,0,0,0,0,0,0,0,0,0,0,0
"G2200890","2010","LA","3","7","Louisiana","22","St. Charles Parish","089",,,,,,,,,,,,,,,"35380","99999","406",,,,,,,,,,,,,,,,,"722820579","340703006","St. Charles Parish","A","+29.9138333","-090.3593144","15","1",,52780,26085,371,338,392,412,389,394,382,373,392,406,431,414,460,431,386,466,436,458,386,384,314,282,285,320,313,326,337,325,334,362,332,336,340,304,325,281,308,359,330,346,365,404,344,396,386,429,392,402,394,486,458,458,447,437,386,395,343,374,319,296,311,289,262,252,188,187,180,167,157,120,127,129,115,85,91,94,91,100,78,81,63,70,50,69,51,51,35,24,27,18,8,13,13,5,3,4,1,0,1,1,2,1,0,26695,347,360,358,375,354,383,378,333,374,384,366,383,425,409,426,422,416,384,341,319,277,276,310,278,328,371,341,360,325,346,354,304,393,349,360,351,309,328,346,392,408,416,389,396,406,477,485,450,478,492,485,462,412,405,410,387,341,347,335,305,297,263,264,248,179,203,186,173,172,161,143,146,153,120,136,128,91,127,107,118,82,85,106,83,63,64,55,41,49,36,27,20,13,12,5,8,3,1,2,1,3,0,0,52188,25591,1902,1947,2122,1357,757,291,266,868,1578,1559,1559,1859,2068,2160,1718,593,697,365,443,543,442,298,199,26597,1794,1852,2009,1222,660,277,274,913,1732,1757,1721,2009,2378,2169,1713,560,690,387,503,697,563,403,314,592,494,3,3,3,0,0,0,3,0,0,0,0,0,0,0,0,0,0,0,0,0,0,0,0,0,0,0,0,0,0,0,0,0,469,467,459,0,0,0,459,0,0,0,0,0,0,8,0,0,0,0,0,0,2,0,0,0,0,2,0,0,0,0,0,2,22,22,2,0,0,0,2,0,0,0,0,0,0,20,0,0,0,0,0,0,0,0,0,0,0,0,0,0,0,0,0,0,98,0,0,0,0,0,0,0,0,0,0,0,0,0,0,0,0,0,0,0,0,0,0,0,0,0,0,0,0,0,0,0,0,42,42,40,0,0,0,40,0,0,0,0,0,0,2,0,0,0,0,0,0,0,0,0,0,0,0,0,0,0,0,0,0,56,56,0,0,0,0,0,0,0,0,0,0,0,56,0,0,0,0,0,0,0,0,0,0,0,0,0,0,0,0,0,0
"G2200910","2010","LA","3","7","Louisiana","22","St. Helena Parish","091",,,,,,,,,,,,,,,"12940","99999","132",,,,,,,,,,,,,,,,,"1057758275","2810554","St. Helena Parish","A","+30.8214232","-090.7093504","15","1",,11203,5521,93,83,76,86,103,80,85,75,75,78,74,75,75,69,84,76,77,90,72,84,73,71,73,77,77,75,60,76,72,67,61,66,52,69,38,65,41,48,66,49,77,69,69,60,74,80,76,75,84,75,110,91,79,102,75,85,89,90,80,63,82,80,63,76,66,38,60,41,39,44,38,41,53,30,33,33,37,26,20,14,14,14,15,8,18,9,11,10,3,9,5,0,1,0,0,0,0,0,0,0,1,0,0,5682,91,74,79,79,70,64,92,79,60,64,62,78,69,53,59,82,84,70,86,92,60,81,78,79,62,73,73,72,61,67,65,57,64,68,45,42,44,73,48,81,76,72,65,61,58,99,74,86,71,96,105,81,82,84,84,98,82,89,80,85,70,63,93,71,62,61,67,46,48,44,46,59,55,32,45,35,41,26,47,26,31,27,30,12,20,14,19,9,18,7,10,11,3,8,9,4,2,0,1,0,1,1,0,11082,5444,441,393,377,240,149,72,70,218,342,278,264,343,387,454,404,160,204,96,124,193,128,66,41,5638,393,359,321,236,178,60,81,219,346,299,288,332,426,434,434,133,225,128,136,234,168,109,99,121,77,3,3,3,0,0,0,3,0,0,0,0,0,0,0,0,0,0,0,0,0,0,0,0,0,0,0,0,0,0,0,0,0,57,50,44,0,0,0,44,0,0,0,0,0,0,6,0,0,0,0,0,0,7,0,0,0,0,7,0,7,0,0,0,0,17,17,0,0,0,0,0,0,0,0,0,0,0,17,0,0,0,0,0,0,0,0,0,0,0,0,0,0,0,0,0,0,44,0,0,0,0,0,0,0,0,0,0,0,0,0,0,0,0,0,0,0,0,0,0,0,0,0,0,0,0,0,0,0,0,3,2,0,0,0,0,0,0,0,0,0,0,0,2,0,0,0,0,0,0,1,0,0,0,0,1,0,1,0,0,0,0,41,41,0,0,0,0,0,0,0,0,0,0,0,41,0,0,0,0,0,0,0,0,0,0,0,0,0,0,0,0,0,0
"G2200930","2010","LA","3","7","Louisiana","22","St. James Parish","093",,,,,,,,,,,,,,,"99999","99999","999",,,,,,,,,,,,,,,,,"625577772","42532340","St. James Parish","A","+30.0248200","-090.7939556","15","9",,22102,10812,153,156,165,161,174,160,141,144,169,179,163,150,140,183,164,197,187,192,169,161,156,125,161,144,144,124,130,135,150,141,127,125,146,115,97,103,101,110,99,121,122,143,137,138,164,153,167,159,179,181,193,170,169,166,166,165,171,164,133,139,120,124,114,122,88,84,70,80,83,81,90,70,61,62,64,51,40,45,52,37,41,29,39,16,15,24,14,14,8,10,9,2,0,2,4,1,5,0,0,0,0,0,0,11290,141,147,130,141,157,165,143,145,133,153,139,142,156,180,140,166,167,178,161,127,141,163,137,134,155,154,137,141,148,174,132,128,144,108,108,95,108,102,134,151,152,142,174,169,176,154,186,162,182,147,187,194,155,183,176,165,155,161,138,135,134,133,134,142,111,99,99,100,89,77,95,82,93,89,65,91,59,74,55,61,54,43,44,42,35,37,30,25,20,20,9,15,11,5,8,1,3,2,5,1,0,0,0,21898,10666,809,793,791,551,327,154,121,431,666,601,528,698,829,855,764,243,319,152,243,340,224,137,90,11232,715,739,757,511,287,141,163,426,751,619,589,813,827,895,754,264,386,198,263,417,336,205,176,204,146,34,34,0,0,0,0,0,0,0,34,0,0,34,0,0,0,0,0,0,0,0,0,0,0,0,0,0,0,0,0,0,0,95,92,84,0,0,0,84,0,0,0,0,0,0,8,0,0,0,0,0,0,3,0,0,0,0,3,0,0,0,0,3,0,17,15,0,0,0,0,0,0,0,0,0,0,0,15,0,0,0,0,0,0,2,0,0,0,0,2,0,0,0,0,2,0,58,1,1,0,0,0,0,0,0,0,1,0,0,1,0,0,0,0,0,0,0,0,0,0,0,0,0,0,0,0,0,0,0,14,14,8,0,0,0,8,0,0,0,0,0,0,6,0,0,0,0,0,0,0,0,0,0,0,0,0,0,0,0,0,0,43,43,0,0,0,0,0,0,0,0,0,0,0,43,0,0,0,0,0,0,0,0,0,0,0,0,0,0,0,0,0,0
"G2200950","2010","LA","3","7","Louisiana","22","St. John the Baptist Parish","095",,,,,,,,,,,,,,,"35380","99999","406",,,,,,,,,,,,,,,,,"551851752","348524505","St. John the Baptist Parish","A","+30.1174706","-090.5046774","15","1",,45924,22341,323,335,330,335,359,310,357,338,320,349,368,320,367,339,354,367,395,372,349,313,342,302,282,291,343,304,274,286,292,292,288,283,282,259,269,266,250,276,285,252,286,303,296,296,309,354,341,299,382,328,360,324,348,378,352,316,297,267,318,276,234,248,223,247,185,190,152,177,137,142,126,142,109,111,92,86,63,58,58,56,76,53,59,41,41,48,38,25,18,13,10,9,5,8,4,4,0,4,0,0,1,0,0,23583,301,333,362,347,343,308,309,317,338,358,365,342,334,328,332,329,420,352,333,304,314,313,277,262,304,306,285,311,339,364,320,314,328,287,302,286,278,299,320,338,341,304,328,355,334,390,366,354,407,377,403,347,342,357,307,350,300,323,321,273,258,292,248,246,178,173,188,184,172,137,170,122,126,119,111,101,71,79,73,92,86,74,71,53,57,52,47,38,34,34,28,21,18,12,13,6,9,3,3,2,1,0,0,45453,21962,1682,1674,1748,1131,645,337,289,886,1407,1346,1310,1471,1685,1747,1463,477,649,337,450,566,299,237,126,23491,1686,1630,1701,1101,636,314,311,843,1604,1550,1519,1660,1893,1753,1566,550,670,360,489,643,405,329,278,471,379,3,3,3,0,0,0,3,0,0,0,0,0,0,0,0,0,0,0,0,0,0,0,0,0,0,0,0,0,0,0,0,0,235,233,215,0,0,0,215,0,0,0,0,0,0,18,0,0,0,0,0,0,2,0,0,0,0,2,0,0,0,0,0,2,141,141,0,0,0,0,0,0,0,0,0,0,0,141,0,0,0,0,0,0,0,0,0,0,0,0,0,0,0,0,0,0,92,0,0,0,0,0,0,0,0,0,0,0,0,0,0,0,0,0,0,0,0,0,0,0,0,0,0,0,0,0,0,0,0,16,16,8,0,0,0,8,0,0,0,0,0,0,8,0,0,0,0,0,0,0,0,0,0,0,0,0,0,0,0,0,0,76,74,0,0,0,0,0,0,0,0,0,0,0,74,0,0,0,0,0,0,2,0,0,0,0,2,0,0,0,0,0,2
"G2200970","2010","LA","3","7","Louisiana","22","St. Landry Parish","097",,,,,,,,,,,,,,,"36660","99999","318",,,,,,,,,,,,,,,,,"2392836670","39114892","St. Landry Parish","A","+30.5834409","-091.9892745","15","2",,83384,39876,644,636,616,648,671,599,619,662,684,628,695,637,639,639,583,613,605,675,628,548,480,521,471,521,484,548,458,488,464,500,521,412,440,431,451,434,389,407,436,475,494,502,461,493,490,547,558,563,587,601,593,582,583,625,591,587,503,537,519,437,512,450,467,421,337,343,333,342,328,254,308,285,265,229,218,199,192,190,209,165,150,121,110,126,96,92,52,46,49,30,27,20,23,12,6,4,8,3,1,0,0,0,0,43508,609,634,641,632,623,601,645,617,592,618,632,585,623,631,624,603,622,655,593,544,519,538,542,547,491,562,495,583,573,549,534,516,473,492,524,449,445,452,512,527,513,505,535,577,572,565,608,640,709,690,663,601,637,572,644,593,630,531,559,507,529,520,453,493,399,424,391,374,343,381,343,315,337,294,275,255,242,245,261,251,239,219,204,188,166,114,118,113,113,86,86,48,53,39,30,24,13,11,10,1,9,1,0,82279,39340,3209,3187,3190,1885,1157,472,507,1449,2404,2206,2117,2393,2823,2944,2554,951,1216,668,907,1277,922,567,335,42939,3134,3070,3091,1875,1133,515,537,1572,2749,2528,2377,2699,3196,3102,2799,1038,1336,804,1080,1521,1194,915,674,1105,536,22,8,2,0,0,0,2,0,0,6,0,6,0,0,0,0,0,0,0,0,14,0,0,0,0,14,14,0,0,0,0,0,354,285,248,0,0,0,248,0,0,0,0,0,0,37,0,0,0,0,0,0,69,0,0,0,0,69,20,19,16,0,4,10,160,147,2,0,0,0,2,0,0,0,0,0,0,145,0,0,0,0,0,0,13,0,0,0,0,13,2,2,0,0,0,9,569,17,4,0,0,0,0,0,0,0,4,0,4,0,0,0,0,0,0,0,0,13,0,0,0,0,13,13,0,0,0,0,0,124,64,22,0,0,0,22,0,0,1,0,1,0,41,0,0,0,0,0,0,60,0,0,0,0,60,40,12,6,0,0,2,428,418,0,0,0,0,0,0,0,0,0,0,0,418,0,0,0,0,0,0,10,0,0,0,0,10,2,0,0,0,1,7
"G2200990","2010","LA","3","7","Louisiana","22","St. Martin Parish","099",,,,,,,,,,,,,,,"29180","99999","318",,,,,,,,,,,,,,,,,"1910498478","204200686","St. Martin Parish","A","+30.1214329","-091.6114814","15","1",,52160,25697,363,399,394,365,414,381,361,369,382,419,418,382,411,397,384,379,393,442,363,388,335,347,299,346,357,341,367,329,359,318,359,334,283,312,313,323,323,295,323,313,348,329,343,318,361,397,379,389,375,403,463,385,387,373,363,379,371,330,297,292,278,280,293,268,194,252,222,219,150,170,168,176,144,133,126,108,86,98,95,92,83,60,56,61,33,40,36,25,23,14,22,6,13,2,2,3,4,0,0,0,0,0,0,26463,363,362,393,388,380,381,303,387,345,388,383,350,381,353,351,382,421,407,358,329,309,333,338,309,339,330,359,360,325,342,346,340,337,326,327,309,311,307,361,349,375,355,366,401,372,403,376,377,414,415,440,414,403,417,412,377,388,343,289,323,297,291,284,268,237,246,248,228,226,177,206,163,157,129,137,121,137,111,109,104,110,87,89,68,82,71,72,60,52,31,32,28,22,16,11,12,10,3,2,2,5,0,0,51459,25142,1935,1912,1992,1213,744,328,333,950,1612,1500,1511,1636,1899,1947,1651,554,748,473,536,741,467,284,176,26317,1886,1804,1817,1209,687,308,333,986,1712,1671,1635,1868,1983,2082,1711,585,783,490,629,782,572,412,372,701,555,1,0,0,0,0,0,0,0,0,0,0,0,0,0,0,0,0,0,0,0,1,0,0,0,0,1,0,0,1,0,0,0,509,456,435,0,0,0,435,0,0,0,0,0,0,21,0,0,0,0,0,0,53,0,0,0,0,53,3,1,44,0,0,5,45,45,0,0,0,0,0,0,0,0,0,0,0,45,0,0,0,0,0,0,0,0,0,0,0,0,0,0,0,0,0,0,146,2,0,0,0,0,0,0,0,0,0,0,0,0,0,0,0,0,0,0,0,2,0,0,0,0,2,2,0,0,0,0,0,37,28,13,0,0,0,13,0,0,0,0,0,0,15,0,0,0,0,0,0,9,0,0,0,0,9,3,5,0,0,0,1,107,107,0,0,0,0,0,0,0,0,0,0,0,107,0,0,0,0,0,0,0,0,0,0,0,0,0,0,0,0,0,0
"G2201010","2010","LA","3","7","Louisiana","22","St. Mary Parish","101",,,,,,,,,,,,,,,"34020","99999","999",,,,,,,,,,,,,,,,,"1438424557","1460866962","St. Mary Parish","A","+29.6293488","-091.4638037","15","2",,54650,26992,378,358,365,395,366,395,359,367,360,375,419,426,384,374,395,386,419,459,430,364,384,385,362,362,386,362,355,344,373,342,334,349,344,319,325,289,280,319,361,374,354,333,336,352,370,405,416,453,415,425,447,457,444,441,377,385,375,336,331,296,320,275,281,300,246,207,244,239,222,172,190,170,188,170,156,134,117,101,101,100,90,73,77,68,44,56,45,28,32,17,19,10,12,8,4,1,2,0,0,1,1,0,0,27658,405,383,369,387,391,358,320,396,347,383,379,345,398,399,393,393,447,431,393,332,352,373,343,321,341,362,349,362,356,315,332,346,334,284,306,314,296,310,329,372,337,348,365,351,377,479,443,438,430,479,424,411,458,383,404,412,350,300,317,297,339,325,320,305,267,257,221,241,238,203,203,214,200,195,169,156,145,145,160,123,136,121,119,109,108,86,66,57,44,43,41,31,31,27,16,9,13,10,7,7,2,0,0,53782,26389,1848,1856,1998,1263,778,369,372,1064,1675,1595,1583,1681,2058,2128,1703,581,820,444,617,862,543,332,219,27393,1927,1802,1913,1270,721,349,369,996,1730,1591,1611,1769,2261,2073,1669,661,888,475,671,965,713,555,414,868,603,15,10,1,0,0,0,0,1,0,9,0,0,9,0,0,0,0,0,0,0,5,0,0,0,0,5,0,0,0,0,0,5,506,428,403,0,0,0,379,24,0,0,0,0,0,25,0,0,0,0,0,0,78,0,0,0,0,78,0,0,42,0,33,3,82,80,0,0,0,0,0,0,0,0,0,0,0,80,0,0,0,0,0,0,2,0,0,0,0,2,0,0,0,0,0,2,265,12,8,0,0,0,0,0,0,0,8,0,0,8,0,0,0,0,0,0,0,4,0,0,0,0,4,0,0,0,0,0,4,93,67,39,0,0,0,6,33,0,9,0,0,9,19,0,0,0,0,0,0,26,0,0,0,0,26,0,0,18,0,0,8,160,160,0,0,0,0,0,0,0,0,0,0,0,160,0,0,0,0,0,0,0,0,0,0,0,0,0,0,0,0,0,0
"G2201030","2010","LA","3","7","Louisiana","22","St. Tammany Parish","103",,,,,,,,,,,,,,,"35380","99999","406",,,,,,,,,,,,,,,,,"2189966775","721668349","St. Tammany Parish","A","+30.4100224","-089.9519622","15","1",,233740,113973,1337,1464,1577,1729,1606,1657,1768,1696,1767,1709,1825,1832,1785,1811,1800,1789,1775,1850,1587,1242,1118,1187,1118,1181,1174,1233,1237,1257,1281,1361,1341,1425,1381,1372,1271,1440,1334,1342,1559,1560,1693,1588,1486,1625,1632,1766,1754,1842,1783,1809,1852,1878,1769,1811,1786,1761,1697,1690,1587,1496,1430,1465,1431,1480,1046,1063,1094,1017,877,775,727,723,656,595,537,541,495,418,383,413,328,360,349,263,254,251,229,175,137,119,82,62,39,13,19,13,8,9,2,4,8,0,0,119767,1254,1477,1608,1663,1529,1611,1677,1573,1652,1739,1745,1697,1677,1682,1708,1767,1643,1657,1375,1157,1099,1114,1196,1162,1212,1322,1221,1295,1391,1532,1499,1425,1438,1432,1376,1513,1401,1566,1647,1761,1709,1633,1678,1688,1708,1806,1984,1924,1904,1964,2007,1927,1961,2015,1839,1902,1797,1675,1650,1530,1547,1506,1601,1578,1151,1107,1144,1145,982,862,796,802,751,650,688,602,580,632,600,527,520,565,505,442,428,403,330,317,271,212,196,132,115,77,52,65,28,25,12,10,17,0,0,232465,113358,7711,8596,9036,5385,2817,1103,1174,3426,6323,6748,7188,7984,8915,9051,8198,2888,3938,2148,2655,3221,2217,1507,1129,119107,7531,8249,8501,5052,2530,1099,1114,3566,6754,7159,7881,8393,9551,9726,8520,3046,4314,2245,2969,3644,2878,2355,2030,1275,615,49,46,0,0,0,0,0,0,0,25,0,25,0,0,21,21,0,0,0,0,3,0,0,0,0,3,3,0,0,0,0,0,405,250,118,0,0,0,0,118,0,0,0,0,0,63,69,69,0,0,0,0,155,76,0,0,0,79,11,15,25,0,6,22,161,152,0,0,0,0,0,0,0,0,0,0,0,152,0,0,0,0,0,0,9,0,0,0,0,9,0,0,0,0,0,9,660,26,23,0,0,0,0,0,0,0,12,0,12,0,0,11,11,0,0,0,0,3,0,0,0,0,3,3,0,0,0,0,0,165,115,0,0,0,0,0,0,0,0,0,0,0,47,68,68,0,0,0,0,50,0,0,0,0,50,15,18,0,0,5,12,469,458,0,0,0,0,0,0,0,0,0,0,0,456,2,2,0,0,0,0,11,0,0,0,0,11,0,1,0,0,0,10
"G2201050","2010","LA","3","7","Louisiana","22","Tangipahoa Parish","105",,,,,,,,,,,,,,,"25220","99999","999",,,,,,,,,,,,,,,,,"2049391733","82862999","Tangipahoa Parish","A","+30.6215806","-090.4066332","15","2",,121097,58800,875,902,914,966,839,875,829,769,855,839,869,796,886,879,888,913,912,904,1023,1208,1179,989,1004,955,957,856,869,895,872,881,814,838,806,764,685,678,704,619,723,689,714,714,656,712,736,778,752,743,744,813,842,812,785,820,790,758,784,724,661,684,626,702,686,670,446,558,506,440,412,343,400,316,281,270,274,239,184,233,178,178,162,160,131,139,110,84,66,64,59,37,28,33,12,7,7,2,5,2,3,2,4,1,0,62297,817,833,922,824,820,867,759,731,795,873,785,802,830,788,783,816,824,841,1260,1517,1362,1170,990,985,917,949,862,854,902,874,859,747,798,771,716,718,630,670,762,731,774,720,720,756,757,843,822,796,808,897,937,790,928,852,888,837,881,781,764,761,714,702,700,697,545,539,494,543,451,437,371,365,395,367,346,341,282,295,279,274,231,249,212,221,208,140,141,133,144,86,87,49,42,46,23,19,14,17,8,8,14,1,1,117459,56963,4496,4164,4305,2681,1784,998,875,2793,4174,3740,3289,3438,3752,4008,3567,1305,1790,1057,1181,1512,987,677,390,60496,4213,4025,3984,2470,1950,1094,1040,2811,4415,3873,3504,3712,4142,4376,4000,1407,1925,1024,1422,1814,1421,1037,837,3638,1837,64,59,5,0,0,0,5,0,0,54,1,0,53,0,0,0,0,0,0,0,5,1,0,0,0,4,2,0,0,0,2,0,1647,637,570,0,0,0,570,0,0,1,0,0,1,66,0,0,0,0,0,0,1010,710,0,0,0,300,15,37,0,0,248,0,126,123,0,0,0,0,0,0,0,0,0,0,0,123,0,0,0,0,0,0,3,0,0,0,0,3,3,0,0,0,0,0,1801,18,12,0,0,0,0,0,0,0,12,5,0,7,0,0,0,0,0,0,0,6,3,0,0,0,3,3,0,0,0,0,0,1465,75,37,0,0,0,37,0,0,0,0,0,0,38,0,0,0,0,0,0,1390,1310,0,0,0,80,12,42,0,0,26,0,318,313,0,0,0,0,0,0,0,0,0,0,0,313,0,0,0,0,0,0,5,0,0,0,0,5,2,0,0,0,0,3
"G2201070","2010","LA","3","7","Louisiana","22","Tensas Parish","107",,,,,,,,,,,,,,,"99999","99999","999",,,,,,,,,,,,,,,,,"1561204557","99471079","Tensas Parish","A","+32.0014894","-091.3425760","15","9",,5252,2493,41,46,34,37,39,40,55,34,42,53,53,29,32,32,39,41,34,34,38,29,33,16,19,23,30,25,21,25,25,22,19,22,27,32,18,27,30,29,23,25,25,23,24,16,25,32,31,32,34,28,39,46,44,38,44,45,37,37,43,41,35,32,35,39,29,26,37,37,21,16,25,18,18,10,19,8,16,8,13,10,15,14,7,5,4,5,4,9,5,1,3,3,2,0,2,2,1,0,0,0,2,0,0,2759,33,38,33,38,27,33,38,37,34,37,34,35,24,31,39,34,34,35,26,21,29,34,26,30,33,26,30,31,23,28,37,26,22,27,30,23,33,25,23,27,32,27,20,28,35,42,36,41,44,48,38,46,35,41,44,48,45,49,42,57,39,33,38,53,32,34,35,27,31,19,37,28,18,21,25,16,20,21,20,21,18,24,17,14,14,14,12,12,10,5,7,4,2,1,4,3,2,3,1,0,2,0,0,5236,2477,197,224,185,109,67,32,16,70,114,115,131,111,157,210,203,67,103,63,74,90,55,45,39,2759,169,179,163,103,47,29,34,89,138,142,131,142,211,204,241,72,123,69,77,129,98,87,82,16,16,0,0,0,0,0,0,0,0,0,0,0,0,0,0,0,0,0,0,0,0,0,0,0,0,0,0,0,0,0,0,0,0,16,16,16,0,0,0,16,0,0,0,0,0,0,0,0,0,0,0,0,0,0,0,0,0,0,0,0,0,0,0,0,0,0,0,0,0,0,0,0,0,0,0,0,0,0,0,0,0,0,0,0,0,0,0,0,0,0,0,0,0,0,0,0,0,0,0,0,0,0,0,0,0,0,0,0,0,0,0,0,0,0,0,0,0,0,0,0,0,0,0,0,0,0,0,0,0,0,0,0,0,0,0,0,0,0,0,0,0,0,0,0,0,0,0,0,0,0,0,0,0,0,0,0,0,0,0,0,0,0,0,0,0,0,0,0,0,0,0,0,0,0,0,0,0,0,0,0,0,0,0,0,0,0,0,0,0,0,0,0,0,0
"G2201090","2010","LA","3","7","Louisiana","22","Terrebonne Parish","109",,,,,,,,,,,,,,,"26380","99999","999",,,,,,,,,,,,,,,,,"3190385866","2202156933","Terrebonne Parish","A","+29.3332656","-090.8441905","15","1",,111860,55568,851,828,865,828,820,871,808,806,768,841,785,861,817,844,777,861,825,828,853,789,800,802,805,898,795,808,818,881,802,875,822,773,714,648,655,683,642,695,651,749,703,716,733,768,798,876,803,836,854,899,861,801,845,816,759,754,707,665,622,597,592,581,598,550,453,407,438,418,368,356,312,338,261,264,257,207,210,185,188,198,159,163,150,119,114,98,83,50,37,41,26,32,16,11,12,4,5,2,2,4,4,0,0,56292,766,738,836,817,793,784,785,835,804,840,730,811,748,776,731,764,864,817,761,835,781,781,774,800,793,819,798,884,836,859,803,771,690,655,630,637,644,681,699,723,687,770,754,812,828,811,799,915,850,856,908,759,802,790,752,734,716,691,655,624,597,587,583,620,472,453,437,447,443,416,411,389,311,304,309,279,246,260,226,238,226,207,196,164,165,156,118,102,108,94,89,50,52,30,32,21,19,13,7,2,7,0,0,110381,54520,4186,4090,4067,2483,1597,774,772,2418,4071,3497,3338,3622,4182,3990,3306,1155,1582,829,1126,1394,968,679,394,55861,3948,4047,3791,2438,1589,778,778,2352,4173,3530,3369,3831,4212,3993,3412,1176,1660,881,1298,1704,1212,911,778,1479,1048,58,51,9,0,0,0,9,0,0,42,16,0,26,0,0,0,0,0,0,0,7,0,0,0,0,7,3,0,0,0,1,3,841,707,657,0,0,0,657,0,0,1,0,0,1,49,0,0,0,0,0,0,134,0,0,0,0,134,18,28,11,0,60,17,149,145,23,0,0,0,23,0,0,0,0,0,0,122,0,0,0,0,0,0,4,0,0,0,0,4,0,0,0,0,0,4,431,15,11,0,0,0,0,0,0,0,11,11,0,0,0,0,0,0,0,0,0,4,0,0,0,0,4,1,0,0,0,1,2,173,140,97,0,0,0,97,0,0,0,0,0,0,43,0,0,0,0,0,0,33,0,0,0,0,33,3,18,0,0,2,10,243,243,3,0,0,0,3,0,0,0,0,0,0,240,0,0,0,0,0,0,0,0,0,0,0,0,0,0,0,0,0,0
"G2201110","2010","LA","3","7","Louisiana","22","Union Parish","111",,,,,,,,,,,,,,,"33740","99999","384",,,,,,,,,,,,,,,,,"2271389460","73594414","Union Parish","A","+32.8293486","-092.3756501","15","1",,22721,11214,142,151,143,166,129,139,164,149,153,157,170,147,161,112,137,150,127,148,159,147,132,147,136,142,142,128,153,146,145,138,141,133,133,118,109,127,121,128,130,134,128,113,142,131,165,153,138,156,171,163,157,183,190,168,163,157,168,160,178,157,155,151,169,172,96,139,140,121,99,109,92,84,83,88,79,74,72,72,57,73,46,40,39,35,35,26,15,19,15,11,6,10,4,3,1,4,0,1,2,1,1,0,0,11507,138,130,161,155,159,145,152,123,138,150,135,176,127,140,126,140,137,151,146,147,151,113,140,124,129,139,133,135,155,131,133,134,126,125,107,97,120,119,127,135,150,129,159,130,127,128,193,156,173,186,180,174,174,189,188,175,150,155,174,175,132,164,169,150,124,138,128,124,151,112,87,103,112,100,88,104,84,75,63,77,67,69,52,42,36,37,38,37,32,21,14,15,8,11,10,10,7,2,0,0,0,0,0,22306,10857,731,762,727,425,291,119,135,376,633,583,608,647,761,839,813,299,433,274,329,424,345,189,114,11449,743,708,704,428,291,151,113,391,690,623,597,695,834,904,827,296,442,264,386,486,397,260,219,415,357,0,0,0,0,0,0,0,0,0,0,0,0,0,0,0,0,0,0,0,0,0,0,0,0,0,0,0,0,0,0,0,0,336,336,329,0,0,0,329,0,0,0,0,0,0,7,0,0,0,0,0,0,0,0,0,0,0,0,0,0,0,0,0,0,21,21,2,0,0,0,2,0,0,0,0,0,0,17,2,0,2,0,0,0,0,0,0,0,0,0,0,0,0,0,0,0,58,0,0,0,0,0,0,0,0,0,0,0,0,0,0,0,0,0,0,0,0,0,0,0,0,0,0,0,0,0,0,0,0,16,16,9,0,0,0,9,0,0,0,0,0,0,5,2,0,2,0,0,0,0,0,0,0,0,0,0,0,0,0,0,0,42,42,0,0,0,0,0,0,0,0,0,0,0,38,4,0,4,0,0,0,0,0,0,0,0,0,0,0,0,0,0,0
"G2201130","2010","LA","3","7","Louisiana","22","Vermilion Parish","113",,,,,,,,,,,,,,,"10020","99999","318",,,,,,,,,,,,,,,,,"3038572441","955369492","Vermilion Parish","A","+29.7868716","-092.2900902","15","2",,57999,28214,433,424,454,457,444,458,425,486,455,455,493,457,443,387,387,403,415,453,412,376,355,347,294,314,374,374,345,375,402,388,403,319,371,329,335,342,336,327,355,344,363,360,396,390,368,390,435,412,437,432,438,413,454,420,396,400,343,280,388,295,329,331,292,272,207,226,246,229,195,182,193,171,161,154,153,127,126,127,125,103,102,103,68,84,62,53,46,41,33,30,20,17,12,12,4,6,4,7,2,0,3,0,0,29785,408,406,433,430,404,410,407,412,456,458,441,441,413,392,411,413,408,405,369,387,387,338,365,356,366,346,360,414,433,412,407,392,371,364,380,331,312,325,386,392,384,373,367,395,415,412,442,461,481,449,483,456,445,433,406,403,388,378,313,352,346,307,311,332,231,217,264,247,212,223,187,232,202,172,172,197,186,159,164,157,147,145,114,99,128,99,90,64,49,67,70,41,63,22,29,15,14,14,4,8,8,0,0,57463,28057,2212,2279,2167,1271,787,353,346,980,1880,1755,1702,1870,2099,2113,1702,653,762,466,601,818,595,391,255,29406,2081,2143,2098,1226,756,387,338,1086,1962,1911,1743,1926,2237,2211,1829,645,868,473,670,935,821,566,494,536,157,0,0,0,0,0,0,0,0,0,0,0,0,0,0,0,0,0,0,0,0,0,0,0,0,0,0,0,0,0,0,0,0,56,21,0,0,0,0,0,0,0,0,0,0,0,21,0,0,0,0,0,0,35,0,0,0,0,35,0,0,17,0,9,9,101,96,0,0,0,0,0,0,0,0,0,0,0,96,0,0,0,0,0,0,5,0,0,0,0,5,0,0,0,0,5,0,379,0,0,0,0,0,0,0,0,0,0,0,0,0,0,0,0,0,0,0,0,0,0,0,0,0,0,0,0,0,0,0,0,57,16,0,0,0,0,0,0,0,0,0,0,0,16,0,0,0,0,0,0,41,0,0,0,0,41,0,0,26,0,9,6,322,309,0,0,0,0,0,0,0,0,0,0,0,309,0,0,0,0,0,0,13,0,0,0,0,13,0,0,0,0,10,3
"G2201150","2010","LA","3","7","Louisiana","22","Vernon Parish","115",,,,,,,,,,,,,,,"22860","99999","256",,,,,,,,,,,,,,,,,"3439271369","35158568","Vernon Parish","A","+31.1105625","-093.1815202","15","2",,52334,26784,573,477,514,460,453,415,391,380,410,400,370,403,400,374,353,355,348,326,362,445,552,653,625,656,605,605,618,517,507,475,456,412,426,359,396,363,355,380,345,344,368,341,300,312,314,309,299,294,298,274,297,277,261,245,298,279,246,220,214,226,219,209,213,226,164,166,207,159,130,150,134,119,135,104,90,93,100,95,67,62,62,68,60,48,33,24,27,13,28,16,11,5,7,3,0,2,1,2,0,0,2,0,0,25550,537,455,510,436,420,421,447,355,378,399,381,331,347,358,331,322,341,341,340,417,435,461,478,514,481,499,481,436,396,426,436,351,354,364,330,346,334,359,349,355,283,317,277,293,293,291,302,270,292,274,336,278,290,269,286,239,293,255,249,260,251,205,257,258,174,215,178,162,163,184,173,114,135,133,134,114,110,103,76,71,89,80,72,65,61,36,42,38,39,19,19,19,10,11,15,10,4,7,4,1,0,0,0,50076,24917,2477,1996,1898,1019,584,331,416,1360,2370,1938,1729,1607,1452,1368,1172,425,599,370,432,574,407,264,129,25159,2358,2000,1747,1004,698,399,423,1408,2200,1819,1739,1456,1429,1455,1291,453,687,392,504,675,452,345,225,2258,1867,12,9,0,0,0,0,0,0,0,9,3,6,0,0,0,0,0,0,0,0,3,0,2,2,0,1,0,1,0,0,0,0,1808,94,83,0,0,0,83,0,0,2,1,1,0,9,0,0,0,0,0,0,1714,0,1684,1684,0,30,4,20,6,0,0,0,47,47,0,0,0,0,0,0,0,0,0,0,0,47,0,0,0,0,0,0,0,0,0,0,0,0,0,0,0,0,0,0,391,1,1,0,0,0,0,0,0,0,1,0,1,0,0,0,0,0,0,0,0,0,0,0,0,0,0,0,0,0,0,0,0,277,22,11,0,0,0,11,0,0,0,0,0,0,11,0,0,0,0,0,0,255,0,251,251,0,4,3,1,0,0,0,0,113,113,0,0,0,0,0,0,0,0,0,0,0,113,0,0,0,0,0,0,0,0,0,0,0,0,0,0,0,0,0,0
"G2201170","2010","LA","3","7","Louisiana","22","Washington Parish","117",,,,,,,,,,,,,,,"14220","99999","406",,,,,,,,,,,,,,,,,"1734061145","16471724","Washington Parish","A","+30.8521435","-090.0462534","15","2",,47168,23360,329,336,316,363,324,348,329,349,320,351,362,350,371,311,336,348,331,354,317,308,255,245,243,283,283,294,297,300,304,320,322,294,280,259,274,252,290,277,293,271,314,289,280,313,263,357,341,323,350,373,380,340,345,358,362,332,348,316,306,319,321,269,317,314,223,232,225,211,198,180,156,171,173,134,109,92,111,111,100,97,89,84,60,66,52,57,36,31,35,26,19,19,9,12,5,4,1,5,6,1,1,0,0,23808,318,303,295,337,275,315,344,309,314,320,337,333,314,297,322,330,327,345,294,261,265,270,269,273,290,299,298,304,274,317,306,275,264,289,273,267,250,242,302,266,318,300,237,255,289,289,291,362,342,366,322,374,369,335,398,365,305,347,343,303,307,292,339,336,223,269,237,258,223,214,203,188,175,183,180,183,137,152,153,150,125,110,112,102,82,91,75,58,52,44,32,35,23,21,15,14,11,3,3,2,3,0,0,45586,21980,1668,1697,1729,1028,603,243,232,727,1343,1228,1202,1259,1553,1666,1548,574,838,449,582,731,498,342,240,23606,1528,1602,1603,999,555,264,269,830,1483,1396,1324,1391,1640,1788,1651,599,893,505,688,921,748,503,426,1582,1380,6,6,5,0,0,1,4,0,0,0,0,0,0,0,1,1,0,0,0,0,0,0,0,0,0,0,0,0,0,0,0,0,1298,1291,1259,0,0,1106,153,0,0,0,0,0,0,15,17,17,0,0,0,0,7,0,0,0,0,7,0,7,0,0,0,0,76,76,12,0,0,12,0,0,0,0,0,0,0,60,4,4,0,0,0,0,0,0,0,0,0,0,0,0,0,0,0,0,202,3,3,0,0,0,0,0,0,0,0,0,0,0,0,3,3,0,0,0,0,0,0,0,0,0,0,0,0,0,0,0,0,72,63,26,0,0,6,20,0,0,0,0,0,0,14,23,23,0,0,0,0,9,0,0,0,0,9,0,9,0,0,0,0,127,127,0,0,0,0,0,0,0,0,0,0,0,122,5,5,0,0,0,0,0,0,0,0,0,0,0,0,0,0,0,0
"G2201190","2010","LA","3","7","Louisiana","22","Webster Parish","119",,,,,,,,,,,,,,,"33380","99999","508",,,,,,,,,,,,,,,,,"1535939758","56487776","Webster Parish","A","+32.7321522","-093.3398245","15","2",,41207,20041,264,268,266,280,246,255,256,262,288,304,278,282,277,291,271,301,279,250,326,223,238,263,236,262,246,230,225,273,262,247,264,234,223,225,221,200,237,217,270,253,264,224,244,236,272,279,304,320,287,299,303,295,310,307,304,288,279,274,246,273,246,254,252,271,185,206,205,191,171,177,167,173,175,152,127,125,101,137,97,92,106,87,74,68,53,54,49,35,27,20,21,13,14,3,2,4,0,2,2,0,2,0,0,21166,257,266,288,252,245,231,262,221,264,235,287,282,269,275,292,272,285,309,221,247,239,275,229,231,258,242,268,265,235,224,270,213,234,228,248,239,237,214,280,274,235,243,229,255,279,282,301,307,315,318,322,333,299,275,310,298,298,276,284,287,258,270,273,273,221,215,241,222,217,192,217,176,185,178,175,187,165,153,156,148,136,128,124,97,87,102,75,71,58,55,45,31,38,12,23,17,15,6,4,4,7,0,0,39976,19078,1321,1365,1399,826,526,219,242,663,1063,1045,1057,1166,1399,1449,1319,490,695,403,527,772,532,372,228,20898,1307,1213,1405,866,465,236,272,715,1224,1182,1235,1229,1514,1523,1430,522,761,453,624,909,782,542,489,1231,963,7,3,3,0,0,0,2,1,0,0,0,0,0,0,0,0,0,0,0,0,4,0,0,0,0,4,2,1,0,0,0,1,858,783,661,0,0,0,220,441,0,0,0,0,0,122,0,0,0,0,0,0,75,0,0,0,0,75,6,46,0,0,11,12,98,90,3,0,0,0,0,3,0,0,0,0,0,87,0,0,0,0,0,0,8,0,0,0,0,8,2,6,0,0,0,0,268,1,0,0,0,0,0,0,0,0,0,0,0,0,0,0,0,0,0,0,0,1,0,0,0,0,1,1,0,0,0,0,0,104,82,42,0,0,0,40,2,0,0,0,0,0,40,0,0,0,0,0,0,22,0,0,0,0,22,1,17,0,0,0,4,163,158,0,0,0,0,0,0,0,0,0,0,0,158,0,0,0,0,0,0,5,0,0,0,0,5,2,3,0,0,0,0
"G2201210","2010","LA","3","7","Louisiana","22","West Baton Rouge Parish","121",,,,,,,,,,,,,,,"12940","99999","132",,,,,,,,,,,,,,,,,"498298900","29602065","West Baton Rouge Parish","A","+30.4640516","-091.3098080","15","1",,23788,11698,173,153,199,162,183,169,169,163,144,162,160,171,170,169,167,160,170,185,199,172,165,179,173,166,155,161,181,202,183,167,215,166,140,156,127,138,144,118,154,155,158,152,152,145,146,199,177,170,183,187,189,190,190,175,151,184,156,160,143,144,130,119,120,122,90,94,91,84,63,66,63,61,62,67,59,52,36,43,28,23,35,32,32,17,19,21,14,15,10,3,5,6,11,3,2,0,2,1,0,1,0,0,0,12090,144,157,165,169,154,173,160,148,157,175,156,134,184,142,167,183,163,167,164,185,165,163,168,157,165,204,172,179,188,157,179,156,158,134,132,138,117,141,128,163,180,153,186,174,197,209,186,172,200,182,166,203,181,205,199,180,164,143,162,136,146,140,123,116,80,101,80,106,105,67,96,72,85,65,72,48,40,51,69,55,52,40,29,46,48,24,15,31,24,20,11,16,6,9,5,2,4,1,0,0,1,0,0,23232,11199,870,807,837,514,365,160,170,443,812,712,656,710,863,853,764,240,324,183,209,308,178,131,90,12033,789,813,783,513,349,164,162,487,892,751,683,888,942,951,779,285,315,179,278,389,261,214,166,556,499,1,1,1,0,0,0,1,0,0,0,0,0,0,0,0,0,0,0,0,0,0,0,0,0,0,0,0,0,0,0,0,0,476,470,422,0,0,0,240,182,0,0,0,0,0,48,0,0,0,0,0,0,6,0,0,0,0,6,0,6,0,0,0,0,22,22,0,0,0,0,0,0,0,0,0,0,0,22,0,0,0,0,0,0,0,0,0,0,0,0,0,0,0,0,0,0,57,0,0,0,0,0,0,0,0,0,0,0,0,0,0,0,0,0,0,0,0,0,0,0,0,0,0,0,0,0,0,0,0,48,37,23,0,0,0,23,0,0,0,0,0,0,14,0,0,0,0,0,0,11,0,0,0,0,11,0,11,0,0,0,0,9,7,0,0,0,0,0,0,0,0,0,0,0,7,0,0,0,0,0,0,2,0,0,0,0,2,0,2,0,0,0,0
"G2201230","2010","LA","3","7","Louisiana","22","West Carroll Parish","123",,,,,,,,,,,,,,,"99999","99999","999",,,,,,,,,,,,,,,,,"931478647","2386193","West Carroll Parish","A","+32.7924797","-091.4519982","15","9",,11604,5818,62,65,95,82,82,84,76,70,77,95,101,101,70,74,71,82,90,99,94,83,67,71,60,80,66,48,71,76,62,91,81,96,67,86,60,89,76,61,66,78,70,62,70,95,56,73,85,87,75,89,91,84,82,90,65,88,74,95,65,61,74,68,69,71,51,60,41,61,48,51,48,47,36,49,50,44,45,21,30,30,20,14,32,14,18,14,10,11,14,6,2,2,1,1,1,0,1,0,0,0,1,0,0,5786,69,73,84,80,75,78,81,65,84,77,74,70,70,87,91,54,90,80,84,63,44,55,48,49,54,60,72,62,53,59,73,79,78,66,58,67,63,75,68,72,61,60,59,60,76,82,90,79,91,84,92,77,79,78,77,74,72,75,73,68,83,71,83,72,55,57,68,63,77,61,70,56,59,50,50,59,41,41,38,50,33,39,26,27,22,21,20,15,15,16,8,15,7,7,5,5,4,1,1,3,1,0,0,11170,5445,386,402,417,270,156,51,58,147,282,319,332,323,395,396,374,140,187,101,160,227,168,94,60,5725,381,385,392,224,146,42,55,151,303,352,337,312,423,401,361,154,209,125,196,281,224,145,126,434,373,1,1,1,0,0,1,0,0,0,0,0,0,0,0,0,0,0,0,0,0,0,0,0,0,0,0,0,0,0,0,0,0,359,359,355,0,0,355,0,0,0,0,0,0,0,4,0,0,0,0,0,0,0,0,0,0,0,0,0,0,0,0,0,0,13,13,0,0,0,0,0,0,0,0,0,0,0,13,0,0,0,0,0,0,0,0,0,0,0,0,0,0,0,0,0,0,61,0,0,0,0,0,0,0,0,0,0,0,0,0,0,0,0,0,0,0,0,0,0,0,0,0,0,0,0,0,0,0,0,27,24,22,0,0,22,0,0,0,0,0,0,0,2,0,0,0,0,0,0,3,0,0,0,0,3,0,3,0,0,0,0,34,32,0,0,0,0,0,0,0,0,0,0,0,32,0,0,0,0,0,0,2,0,0,0,0,2,0,2,0,0,0,0
"G2201250","2010","LA","3","7","Louisiana","22","West Feliciana Parish","125",,,,,,,,,,,,,,,"12940","99999","132",,,,,,,,,,,,,,,,,"1044318335","59023580","West Feliciana Parish","A","+30.8727010","-091.4210081","15","1",,15625,10251,66,68,55,65,82,66,78,67,67,85,87,99,90,89,87,90,97,103,80,45,68,64,61,76,98,103,109,132,128,154,190,174,212,225,195,213,204,212,256,220,204,237,219,196,208,237,231,231,239,214,210,245,196,189,211,214,166,164,187,141,135,139,111,130,83,95,73,76,72,58,47,45,29,39,35,33,29,26,24,26,18,16,17,12,15,11,11,7,9,6,8,5,1,4,3,0,0,2,2,0,0,0,0,5374,68,59,53,64,46,64,69,56,72,68,92,74,71,82,72,82,90,95,80,62,52,39,56,50,52,54,62,63,54,67,66,65,70,54,49,39,57,71,79,61,77,76,72,85,73,83,102,85,99,79,90,79,104,94,86,84,101,72,81,76,72,72,79,80,58,51,52,50,38,48,38,45,27,25,30,25,18,31,22,18,36,32,20,16,13,15,13,16,7,11,9,6,6,4,3,3,5,1,0,1,1,0,0,10328,5018,336,363,452,289,116,59,50,155,265,272,294,284,358,396,401,146,194,105,135,128,105,65,50,5310,290,329,391,267,142,52,39,158,299,303,306,382,444,451,410,139,215,99,135,162,111,103,83,5297,5233,1,1,1,0,0,0,1,0,0,0,0,0,0,0,0,0,0,0,0,0,0,0,0,0,0,0,0,0,0,0,0,0,4966,4960,4950,0,0,4927,23,0,0,0,0,0,0,10,0,0,0,0,0,0,6,0,0,0,0,6,0,6,0,0,0,0,266,266,214,0,0,214,0,0,0,0,0,0,0,52,0,0,0,0,0,0,0,0,0,0,0,0,0,0,0,0,0,0,64,0,0,0,0,0,0,0,0,0,0,0,0,0,0,0,0,0,0,0,0,0,0,0,0,0,0,0,0,0,0,0,0,21,21,6,0,0,6,0,0,0,0,0,0,0,15,0,0,0,0,0,0,0,0,0,0,0,0,0,0,0,0,0,0,43,43,0,0,0,0,0,0,0,0,0,0,0,43,0,0,0,0,0,0,0,0,0,0,0,0,0,0,0,0,0,0
"G2201270","2010","LA","3","7","Louisiana","22","Winn Parish","127",,,,,,,,,,,,,,,"99999","99999","999",,,,,,,,,,,,,,,,,"2460712069","17448044","Winn Parish","A","+31.9411871","-092.6412694","15","9",,15313,8031,83,75,87,104,109,86,81,103,99,102,92,102,76,94,108,89,92,89,86,125,98,107,88,101,105,138,118,125,126,142,124,112,137,124,107,94,103,92,106,129,131,139,126,120,109,118,145,122,129,120,128,138,150,123,111,132,109,103,94,108,88,114,99,97,76,88,72,58,68,69,55,43,53,55,43,54,33,26,20,24,32,23,21,19,12,14,18,6,9,8,8,9,2,0,1,0,0,1,0,0,0,0,0,7282,104,101,96,92,119,103,86,97,88,117,93,111,89,86,99,83,111,96,87,105,75,86,79,74,67,89,69,74,71,92,95,95,90,76,80,85,67,91,92,85,86,86,78,93,87,98,102,103,91,124,85,99,105,99,105,112,114,97,111,96,106,86,81,96,90,79,90,71,77,70,61,57,53,48,54,64,48,41,48,49,30,42,29,26,24,31,21,28,29,22,17,9,9,4,10,4,2,6,1,0,3,0,0,13553,6419,458,471,472,269,192,79,89,214,370,362,340,404,446,498,449,180,244,149,186,238,145,100,64,7134,512,491,478,290,191,73,86,217,387,433,416,426,514,483,524,190,264,164,210,264,236,134,151,1760,1612,1,1,1,0,0,0,1,0,0,0,0,0,0,0,0,0,0,0,0,0,0,0,0,0,0,0,0,0,0,0,0,0,1549,1493,1481,0,0,1422,59,0,0,0,0,0,0,12,0,0,0,0,0,0,56,0,0,0,0,56,0,54,1,0,1,0,62,62,26,0,0,26,0,0,0,0,0,0,0,36,0,0,0,0,0,0,0,0,0,0,0,0,0,0,0,0,0,0,148,0,0,0,0,0,0,0,0,0,0,0,0,0,0,0,0,0,0,0,0,0,0,0,0,0,0,0,0,0,0,0,0,50,22,12,0,0,4,8,0,0,0,0,0,0,10,0,0,0,0,0,0,28,0,0,0,0,28,0,14,11,0,3,0,98,98,0,0,0,0,0,0,0,0,0,0,0,98,0,0,0,0,0,0,0,0,0,0,0,0,0,0,0,0,0,0
"G2500010","2010","MA","1","1","Massachusetts","25","Barnstable County","001",,,,,,,,,,,,,,,"12700","99999","999",,,,,,,,,,,,,,,,,"1019738402","2361587952","Barnstable County","A","+41.7988188","-070.2110827","06","1",,215888,102854,847,870,915,896,937,973,963,962,1036,1024,1111,1100,1143,1144,1198,1272,1289,1313,1270,1273,1205,1098,1029,989,936,942,885,989,975,920,882,880,906,803,798,862,889,908,985,1216,1161,1159,1184,1217,1368,1495,1491,1558,1617,1672,1736,1731,1674,1715,1673,1630,1611,1635,1685,1679,1625,1653,1842,1829,1390,1405,1439,1464,1300,1217,1055,1128,1092,1022,1009,933,922,936,913,865,826,851,721,641,569,522,487,372,360,306,221,162,140,94,74,59,30,19,13,10,14,0,0,113034,784,890,925,896,894,963,941,958,1026,1028,976,1087,1069,1094,1109,1153,1218,1245,1117,858,814,854,876,901,877,906,831,874,934,869,895,881,921,844,821,868,918,930,1104,1280,1327,1310,1355,1418,1443,1648,1659,1718,1777,1766,1974,1838,1836,1867,1918,1844,1888,1907,1862,1867,1913,1900,2100,2134,1648,1652,1712,1806,1551,1488,1383,1291,1333,1172,1260,1141,1086,1231,1133,1181,1057,978,1030,895,871,830,758,685,582,522,426,355,316,255,192,152,95,88,53,49,75,4,0,211927,100507,4445,4951,5688,3820,2133,897,873,2706,4581,4203,4791,6026,7740,8441,8157,3247,5034,2821,3956,5270,4509,3527,2691,111420,4366,4914,5325,3588,1887,751,811,2588,4383,4350,5088,6833,8540,9398,9346,3796,5848,3356,4827,6385,5679,4648,4713,3961,2347,89,67,4,0,0,0,4,0,0,31,0,7,24,0,32,0,0,0,0,32,22,0,0,0,0,22,21,0,0,0,0,1,1841,518,387,0,0,0,387,0,0,1,0,0,1,61,69,0,0,3,0,66,1323,961,17,17,0,345,95,135,19,3,15,78,417,386,6,0,0,0,6,0,0,0,0,0,0,380,0,0,0,0,0,0,31,0,0,0,0,31,5,8,2,0,0,16,1614,63,49,0,0,0,0,0,0,0,16,0,3,13,0,33,0,0,0,0,33,14,0,0,0,0,14,13,0,0,0,1,0,471,189,41,0,0,0,41,0,0,7,0,0,7,65,76,0,0,0,0,76,282,107,4,4,0,171,53,65,20,2,12,19,1080,1074,0,0,0,0,0,0,0,0,0,0,0,1070,4,0,0,4,0,0,6,0,0,0,0,6,0,0,0,0,0,6
"G2500030","2010","MA","1","1","Massachusetts","25","Berkshire County","003",,,,,,,,,,,,,,,"38340","99999","999",,,,,,,,,,,,,,,,,"2400465435","50772406","Berkshire County","N","+42.3753141","-073.2139479","06","1",,131219,63169,604,596,640,647,645,639,657,647,682,659,690,745,750,805,812,882,944,952,969,1064,998,893,816,745,688,693,674,640,710,645,662,606,605,598,614,647,629,654,672,776,792,761,822,807,913,1016,957,1028,1030,1065,1073,1011,1028,1041,1036,1040,949,992,992,964,933,961,996,972,655,679,707,701,628,480,516,510,453,440,431,399,413,360,379,376,331,328,343,274,280,208,212,180,173,148,90,98,64,33,24,31,20,12,6,8,6,0,0,68050,542,575,645,623,603,696,652,682,660,648,727,734,720,775,763,800,881,902,1025,1001,1013,877,851,697,709,646,637,666,683,726,657,633,591,614,600,629,608,698,751,854,839,799,856,883,922,998,1027,1052,1094,1131,1063,1137,1121,1140,1112,1081,1042,1040,1041,996,990,1009,1011,1056,771,737,775,777,709,620,601,559,505,517,521,465,505,469,467,542,482,509,480,452,426,383,370,350,342,301,230,211,178,149,110,95,60,55,30,25,34,3,1,125060,60196,3118,3279,3749,2600,1387,643,562,1965,3241,3003,3301,4022,5019,5088,4840,1861,2569,1362,1776,2301,1857,1469,1184,64864,2977,3331,3694,2445,1238,604,554,2007,3292,3056,3517,4266,5256,5524,5164,1978,2800,1484,2076,2639,2356,2201,2405,6159,2973,250,173,2,0,0,0,2,0,0,137,13,124,0,0,34,0,0,0,0,34,77,56,0,0,0,21,8,0,1,0,1,11,2331,615,325,0,0,0,325,0,0,59,0,59,0,168,63,15,0,0,0,48,1716,1387,0,0,0,329,28,85,147,0,40,29,392,364,0,0,0,0,0,0,0,0,0,0,0,364,0,0,0,0,0,0,28,0,0,0,0,28,0,10,4,0,0,14,3186,181,59,0,0,0,0,0,0,0,29,9,20,0,0,30,0,0,0,0,30,122,101,0,0,0,21,3,1,3,0,7,7,2121,215,25,0,0,0,25,0,0,19,2,17,0,114,57,21,0,0,0,36,1906,1668,0,0,0,238,25,91,47,0,41,34,884,854,0,0,0,0,0,0,0,0,0,0,0,854,0,0,0,0,0,0,30,0,0,0,0,30,0,11,5,0,0,14
"G2500050","2010","MA","1","1","Massachusetts","25","Bristol County","005",,,,,,,,,,,,,,,"39300","99999","148",,,,,,,,,,,,,,,,,"1432510950","357753895","Bristol County","A","+41.7485756","-071.0870622","06","1",,548285,265516,3012,3026,3196,3332,3390,3291,3399,3339,3349,3469,3511,3565,3578,3575,3876,3811,3898,3941,4147,4074,4072,3847,3573,3333,3358,3234,3099,3227,3281,3237,3257,3118,3207,3026,3111,3271,3325,3335,3732,3864,3996,3884,4110,4139,4231,4411,4424,4341,4281,4302,4347,4126,4201,3973,3934,3815,3593,3379,3446,3194,3133,3163,3107,3159,2356,2465,2435,2295,1910,1689,1588,1592,1472,1340,1301,1297,1117,1143,1089,1008,1035,992,960,846,781,729,623,512,499,374,295,207,177,129,106,65,40,24,22,11,16,1,0,282769,2927,2962,3068,3212,3178,3166,3235,3173,3356,3316,3340,3446,3412,3382,3629,3604,3698,3747,3800,3966,3884,3855,3607,3413,3293,3267,3205,3299,3277,3283,3372,3339,3288,3175,3369,3416,3405,3730,3916,4050,4185,4119,4171,4297,4271,4516,4495,4491,4521,4480,4549,4425,4397,4178,4055,3979,3814,3659,3659,3389,3343,3409,3539,3493,2581,2705,2717,2592,2271,1968,1862,1824,1771,1687,1671,1669,1569,1648,1558,1586,1530,1580,1439,1481,1454,1349,1263,1124,1058,900,737,629,554,411,298,233,169,136,79,68,96,7,1,532417,257885,15927,16827,18050,11566,6700,3124,3046,9434,15715,15425,17301,20105,21421,20308,17187,6231,8531,4836,5801,7154,5455,4352,3389,274532,15317,16223,17165,10973,5933,2941,3076,9731,16244,16462,18454,20944,22384,21491,18408,6712,9544,5378,6733,8623,7707,6907,7182,15868,7631,188,143,10,0,0,0,10,0,0,105,49,47,9,0,28,0,0,0,0,28,45,0,0,0,0,45,18,0,0,0,8,19,6245,1547,1170,0,0,0,1170,0,0,21,19,2,0,207,149,113,1,0,0,35,4698,3571,0,0,0,1127,59,383,374,0,11,300,1198,1004,2,0,0,0,2,0,0,0,0,0,0,993,9,9,0,0,0,0,194,0,0,0,0,194,2,43,14,0,16,119,8237,173,114,3,0,0,0,3,0,0,92,52,39,1,0,19,0,0,0,0,19,59,6,0,0,0,53,26,0,0,0,4,23,4900,382,133,0,0,0,133,0,0,17,7,10,0,169,63,42,5,0,0,16,4518,3929,0,0,0,589,52,165,190,0,16,166,3164,3029,0,0,0,0,0,0,0,0,0,0,0,3025,4,4,0,0,0,0,135,0,0,0,0,135,0,49,13,0,22,51
"G2500070","2010","MA","1","1","Massachusetts","25","Dukes County","007",,,,,,,,,,,,,,,"99999","99999","999",,,,,,,,,,,,,,,,,"267403794","1004180155","Dukes County","A","+41.3809392","-070.7015362","06","9",,16535,8184,85,79,91,87,86,84,74,95,76,89,96,81,90,95,117,105,99,87,77,44,70,71,72,89,112,88,100,96,118,98,113,72,101,104,87,108,101,85,114,98,139,108,121,107,121,123,144,151,128,160,140,121,135,146,125,148,133,128,148,156,145,125,143,151,113,93,106,88,82,67,71,55,43,41,52,46,41,34,46,32,29,35,29,44,25,17,33,13,17,21,2,7,7,5,3,4,2,1,0,0,0,0,0,8351,86,96,93,87,90,75,63,94,83,51,93,95,95,81,83,91,99,102,65,50,54,44,82,77,78,81,87,93,92,85,104,79,94,65,99,87,102,98,114,122,108,92,110,136,106,138,142,126,152,141,142,126,142,136,152,163,143,167,168,152,142,142,133,153,122,110,99,109,96,65,64,62,57,50,67,46,42,39,50,52,54,47,45,44,51,51,31,22,21,31,28,16,17,5,13,7,6,2,3,2,3,1,0,16392,8108,428,418,479,290,120,64,68,260,489,474,498,591,698,663,713,269,406,199,237,261,197,160,126,8284,452,366,447,292,115,47,40,233,437,441,522,550,698,698,791,284,408,208,269,300,224,230,232,143,76,1,1,1,0,0,0,1,0,0,0,0,0,0,0,0,0,0,0,0,0,0,0,0,0,0,0,0,0,0,0,0,0,64,30,29,0,0,0,29,0,0,0,0,0,0,1,0,0,0,0,0,0,34,13,5,5,0,16,0,10,4,0,2,0,11,11,0,0,0,0,0,0,0,0,0,0,0,11,0,0,0,0,0,0,0,0,0,0,0,0,0,0,0,0,0,0,67,0,0,0,0,0,0,0,0,0,0,0,0,0,0,0,0,0,0,0,0,0,0,0,0,0,0,0,0,0,0,0,0,22,0,0,0,0,0,0,0,0,0,0,0,0,0,0,0,0,0,0,0,22,17,0,0,0,5,0,0,3,0,2,0,45,45,0,0,0,0,0,0,0,0,0,0,0,45,0,0,0,0,0,0,0,0,0,0,0,0,0,0,0,0,0,0
"G2500090","2010","MA","1","1","Massachusetts","25","Essex County","009",,,,,,,,,,,,,,,"14460","37764","148",,,,,,,,,,,,,,,,,"1275732137","870004713","Essex County","N","+42.6427110","-070.8651073","06","1",,743159,356615,4392,4344,4498,4583,4582,4633,4926,4829,4672,4914,4923,5015,5039,5214,5204,5206,5416,5713,5258,4828,4736,4483,4548,4390,4535,4353,4309,4219,4106,4088,4086,3973,3832,3929,4084,4000,4086,4249,4708,4883,5194,4994,5010,5352,5487,5856,5737,5997,5820,5956,5987,5848,6004,5504,5435,5477,5160,4909,4629,4502,4425,4405,4366,4356,3133,3152,3124,3087,2541,2315,2170,2005,1958,1787,1731,1758,1590,1606,1536,1456,1378,1312,1284,1122,1050,1003,909,719,604,535,426,332,224,185,135,90,61,37,30,13,21,0,0,386544,4093,4114,4276,4378,4372,4498,4560,4650,4565,4645,4779,4728,4876,4866,4890,5088,5215,5393,5111,4660,4616,4404,4506,4551,4475,4296,4170,4220,4368,4466,4355,4268,4295,4216,4222,4447,4394,4652,5145,5526,5635,5444,5505,5652,5990,6369,6509,6232,6529,6492,6445,6321,6272,5952,5997,5890,5552,5466,5208,4902,4991,4854,4899,4782,3510,3524,3511,3527,2953,2751,2588,2517,2395,2462,2251,2278,2169,2140,2187,2142,2248,2105,2045,1956,2005,1726,1682,1485,1373,1197,974,809,697,504,449,325,266,199,146,90,113,7,1,726687,348899,22290,23911,25313,16168,8842,4017,3982,12851,20545,19527,21594,25667,28942,28401,24340,8728,11746,6198,7837,9476,7752,5889,4883,377788,21117,22876,24097,15576,8002,3767,3813,13040,21359,21232,24067,28106,31976,30836,26848,9776,13085,6980,9104,11992,10566,9662,9911,16472,7716,421,209,5,0,0,0,5,0,0,126,53,60,13,0,78,0,0,0,0,78,212,2,0,0,0,210,85,2,1,0,65,57,6044,1727,1400,0,0,0,1400,0,0,11,5,6,0,274,42,0,0,6,0,36,4317,2601,3,3,0,1713,259,510,308,0,151,485,1251,1107,2,0,0,0,2,0,0,0,0,0,0,1103,2,0,0,2,0,0,144,0,0,0,0,144,9,48,10,0,1,76,8756,320,131,1,0,0,0,1,0,0,92,49,33,10,0,38,0,0,0,0,38,189,1,0,0,0,188,84,1,0,0,55,48,4854,313,23,0,0,0,3,20,0,15,1,14,0,258,17,0,0,0,0,17,4541,3536,0,0,0,1005,179,305,151,0,165,205,3582,3279,0,0,0,0,0,0,0,0,0,0,0,3275,4,0,0,4,0,0,303,0,0,0,0,303,1,60,11,0,0,231
"G2500110","2010","MA","1","1","Massachusetts","25","Franklin County","011",,,,,,,,,,,,,,,"44140","99999","999",,,,,,,,,,,,,,,,,"1811228845","65410658","Franklin County","N","+42.5837911","-072.5916552","06","1",,71372,34810,344,332,347,384,356,370,379,391,378,422,423,409,433,443,450,445,497,471,467,386,421,460,473,444,468,422,374,380,432,390,394,410,358,302,361,365,342,376,434,479,479,407,421,465,491,554,514,529,608,577,612,601,594,599,652,603,616,616,619,594,625,579,594,542,386,389,337,368,292,273,241,197,225,195,185,169,151,159,166,146,150,141,141,136,89,112,97,80,70,56,44,29,22,17,15,12,6,7,3,0,1,0,0,36562,320,305,309,349,364,366,365,360,390,341,411,370,404,410,428,436,445,421,424,346,325,377,470,413,411,391,428,383,380,389,376,336,381,357,393,385,375,429,434,519,517,465,492,483,527,556,567,577,608,674,659,668,649,688,655,615,725,684,699,614,643,598,596,529,401,395,400,371,331,268,249,267,254,213,203,234,213,190,204,225,210,207,198,175,183,149,154,145,122,112,109,109,64,51,41,32,22,20,14,12,10,1,0,69891,34004,1740,1917,2110,1372,824,414,437,1328,1950,1771,1947,2202,2701,3013,2998,1183,1490,716,922,1025,771,636,537,35887,1631,1803,1990,1289,756,322,373,1272,1956,1806,2116,2441,2948,3294,3301,1226,1504,788,955,1162,1035,929,990,1481,806,135,46,0,0,0,0,0,0,0,21,7,0,14,0,25,0,0,0,0,25,89,1,0,0,0,88,3,0,0,0,85,0,557,207,171,0,0,0,171,0,0,0,0,0,0,36,0,0,0,0,0,0,350,19,0,0,0,331,25,57,29,0,190,30,114,88,0,0,0,0,0,0,0,0,0,0,0,88,0,0,0,0,0,0,26,0,0,0,0,26,0,11,0,0,2,13,675,81,10,0,0,0,0,0,0,0,8,8,0,0,0,2,0,0,0,0,2,71,0,0,0,0,71,5,0,0,0,66,0,296,36,5,0,0,0,5,0,0,0,0,0,0,31,0,0,0,0,0,0,260,14,0,0,0,246,17,33,11,0,167,18,298,278,0,0,0,0,0,0,0,0,0,0,0,278,0,0,0,0,0,0,20,0,0,0,0,20,0,9,0,0,5,6
"G2500130","2010","MA","1","1","Massachusetts","25","Hampden County","013",,,,,,,,,,,,,,,"44140","99999","999",,,,,,,,,,,,,,,,,"1598385896","44316925","Hampden County","N","+42.1361975","-072.6356476","06","1",,463490,222669,2709,2822,2905,2861,2828,2902,2966,2908,3031,3087,3194,3197,3130,3235,3383,3615,3629,3679,3979,4249,3914,3600,3293,2947,2847,2823,2761,2686,2730,2651,2658,2504,2473,2401,2326,2473,2344,2474,2769,2916,2999,2952,2922,3046,3152,3297,3260,3345,3391,3468,3384,3371,3538,3335,3270,3161,3069,3024,2834,2683,2626,2501,2695,2487,2038,1873,1895,1906,1665,1312,1295,1248,1144,1128,1149,1046,952,986,942,874,850,891,732,747,708,629,568,498,444,328,295,240,179,125,98,60,45,26,17,9,16,2,0,240821,2644,2688,2728,2797,2760,2717,2920,2860,2900,2944,2966,3094,3059,3195,3260,3324,3474,3474,3744,3747,3787,3578,3283,3015,2921,2923,3003,2903,2814,2871,2935,2716,2706,2600,2667,2716,2609,2786,2960,3168,3232,3051,3159,3258,3433,3473,3541,3577,3743,3663,3663,3600,3618,3586,3472,3338,3398,3189,3111,2939,2881,2823,2975,2880,2139,2176,2058,2206,1851,1674,1600,1529,1498,1411,1404,1439,1259,1354,1374,1481,1313,1331,1278,1275,1214,1232,1124,945,892,791,701,546,490,342,305,207,152,128,85,65,88,5,0,448699,215057,14082,14860,16105,10717,6414,2897,2923,8379,13255,12060,12755,14775,16487,16657,14579,5056,7135,3715,4810,5859,4648,3729,3160,233642,13584,14325,15535,10175,5632,2880,2874,8726,14416,13574,14192,16073,17921,17839,15889,5672,7909,4183,5649,7300,6655,5945,6694,14791,7612,317,175,10,0,0,0,10,0,0,148,27,43,78,0,17,17,0,0,0,0,142,7,0,0,0,135,40,1,0,0,83,11,6294,1869,1402,0,0,0,1056,346,0,20,12,0,8,392,55,55,0,0,0,0,4425,3455,0,0,0,970,92,167,149,0,277,285,1001,951,0,0,0,0,0,0,0,0,0,0,0,944,7,7,0,0,0,0,50,0,0,0,0,50,0,9,0,0,0,41,7179,185,100,1,0,0,0,1,0,0,78,37,27,14,0,21,21,0,0,0,0,85,3,0,0,0,82,26,0,0,0,52,4,4597,472,131,0,0,0,112,19,0,33,29,4,0,282,26,26,0,0,0,0,4125,3665,0,0,0,460,67,74,68,0,173,78,2397,2278,0,0,0,0,0,0,0,0,0,0,0,2271,7,7,0,0,0,0,119,0,0,0,0,119,0,16,0,0,0,103
"G2500150","2010","MA","1","1","Massachusetts","25","Hampshire County","015",,,,,,,,,,,,,,,"44140","99999","999",,,,,,,,,,,,,,,,,"1365585170","46500379","Hampshire County","N","+42.3394593","-072.6636936","06","1",,158080,73975,558,620,661,690,624,688,728,714,740,753,763,791,830,813,863,867,896,929,1769,3031,2982,2625,2145,1276,1024,970,859,878,836,787,762,737,722,690,714,726,679,813,743,924,888,867,892,870,933,1005,1076,1039,1088,1061,1124,1130,1075,1113,1070,1125,1105,1081,1054,989,1042,1015,983,990,686,647,605,634,514,446,413,427,347,402,310,317,284,312,283,273,262,239,249,225,164,205,184,146,142,116,75,61,43,37,32,25,18,6,1,3,7,0,0,84105,548,577,599,638,654,676,719,747,750,717,781,801,775,817,827,830,871,911,2672,4258,3750,3586,2354,1204,956,921,842,872,857,846,847,801,840,804,732,755,745,799,868,983,1010,941,959,1031,1093,1128,1184,1143,1239,1251,1315,1214,1190,1177,1230,1298,1185,1140,1210,1128,1052,1049,1067,1031,742,665,699,691,559,538,491,490,438,420,440,451,360,405,379,404,364,386,373,384,349,329,349,281,241,222,184,159,113,102,88,60,50,23,24,19,35,3,0,137248,65712,3143,3613,4038,2679,1433,1042,1545,3566,4130,3559,3825,4410,5187,5404,5270,2025,2630,1238,1574,1867,1432,1100,1002,71536,2999,3601,3982,2576,1314,1047,1601,3236,4203,3983,4124,5012,5924,6105,5937,2094,2822,1354,1777,2251,1940,1758,1896,20832,8263,55,30,0,0,0,0,0,0,0,25,0,19,6,0,5,0,0,0,0,5,25,2,0,0,0,23,3,0,0,0,9,11,7967,330,241,0,0,0,241,0,0,1,0,1,0,77,11,1,0,0,0,10,7637,7314,0,0,0,323,20,23,163,0,12,105,241,216,0,0,0,0,0,0,0,0,0,0,0,215,1,0,0,1,0,0,25,0,0,0,0,25,0,13,10,0,0,2,12569,80,37,0,0,0,0,0,0,0,32,0,15,17,0,5,0,0,0,0,5,43,22,0,0,0,21,5,0,0,0,5,11,11897,77,9,0,0,0,8,1,0,8,0,0,8,49,11,0,0,0,0,11,11820,11678,0,0,0,142,25,25,19,0,17,56,592,578,0,0,0,0,0,0,0,0,0,0,0,574,4,0,0,4,0,0,14,0,0,0,0,14,0,7,0,0,0,7
"G2500170","2010","MA","1","1","Massachusetts","25","Middlesex County","017",,,,,,,,,,,,,,,"14460","15764","148",,,,,,,,,,,,,,,,,"2118135038","75739760","Middlesex County","N","+42.4794770","-071.3965070","06","1",,1503085,730864,8593,8776,9026,8722,8592,8698,8751,8931,8891,9236,9125,9054,9196,9387,9381,9633,9597,9999,10644,10666,9917,9757,9939,10425,10984,11404,11296,11400,11450,11073,11428,10474,10509,9920,9903,10091,9448,9988,10178,10910,11160,10545,10681,10595,11171,11976,11881,11700,11658,11827,11650,11169,11088,10542,10418,10268,9699,9184,8843,8541,8382,8204,8140,8086,5788,5845,5614,5699,4839,4340,4111,3928,3869,3624,3456,3421,3050,3034,3124,2910,2758,2444,2363,2250,1997,1863,1520,1331,1127,942,732,533,441,332,237,188,134,81,55,46,37,1,0,772221,8439,8316,8312,8445,8450,8496,8509,8566,8647,8768,8667,8833,8835,8899,9069,9224,9018,9358,10136,10098,9444,9604,9997,10567,11112,11649,11344,11527,11406,11197,11352,10734,10415,10058,9785,10238,9513,10068,10424,11215,11499,11042,11177,11332,11743,12388,12542,12097,12010,12134,12207,11719,11687,11305,11003,11020,10159,10087,9408,9454,9111,8855,9246,8794,6729,6627,6499,6758,5585,5212,5041,4965,4764,4592,4389,4347,4041,4219,4061,4112,3940,3814,3627,3608,3382,3187,2890,2598,2314,2158,1742,1410,1177,880,747,605,480,321,235,138,255,18,1,1447673,702916,43616,44463,45996,28763,14115,6481,7098,28089,54292,50808,49653,53393,58143,54092,45949,16342,21776,11302,14710,18701,15089,11317,8728,744757,41869,42946,44191,27354,12170,5880,6585,29139,55753,51686,51067,56459,60823,57605,49844,17851,24587,12996,17385,23356,20147,17254,17810,55412,27948,750,510,170,0,0,0,158,12,0,230,54,132,44,0,110,0,0,0,0,110,240,52,0,0,0,188,78,0,0,0,81,29,24769,4255,3386,0,0,2757,628,1,0,11,7,3,1,600,258,82,18,106,0,52,20514,17856,100,100,0,2558,403,776,381,0,323,675,2429,2099,17,0,0,5,12,0,0,0,0,0,0,1986,96,41,22,33,0,0,330,0,0,0,0,330,27,105,23,0,16,159,27464,491,289,1,0,0,1,0,0,0,241,50,161,30,0,47,0,0,0,0,47,202,57,0,0,0,145,73,0,0,0,59,13,21182,1439,849,0,0,842,0,7,0,34,8,17,9,407,149,48,2,55,0,44,19743,18182,35,35,0,1526,230,644,228,0,258,166,5791,5181,6,0,0,6,0,0,0,0,0,0,0,5130,45,2,4,39,0,0,610,0,0,0,0,610,11,138,8,0,18,435
"G2500190","2010","MA","1","1","Massachusetts","25","Nantucket County","019",,,,,,,,,,,,,,,"99999","99999","999",,,,,,,,,,,,,,,,,"116471398","669992419","Nantucket County","N","+41.3058778","-070.1419099","06","9",,10172,5205,74,77,69,53,61,67,54,55,51,68,59,51,54,54,58,49,58,40,45,42,43,46,56,61,63,62,77,83,81,88,120,88,76,82,88,104,110,86,72,104,99,88,87,65,108,89,91,99,72,99,75,68,74,92,69,83,60,62,66,73,93,44,57,75,36,53,38,45,24,22,32,37,23,42,24,23,23,15,22,18,18,10,13,13,7,13,8,7,9,2,5,0,3,0,0,0,2,0,1,0,0,0,0,4967,55,72,86,63,74,63,66,57,56,59,47,57,54,51,39,52,48,57,36,31,31,36,46,47,53,59,64,82,81,64,92,86,79,67,72,74,80,67,83,66,84,78,75,80,79,79,82,80,75,85,84,76,76,89,82,70,83,73,75,68,68,53,52,60,34,51,36,40,26,34,37,37,46,23,22,22,29,16,23,27,14,24,17,22,17,22,16,11,13,13,4,5,9,8,3,1,3,2,0,1,1,0,0,10114,5182,334,294,275,147,87,42,46,178,388,453,473,446,450,376,344,137,167,91,90,158,101,58,47,4932,349,301,248,157,67,31,36,145,348,396,370,395,398,407,369,120,146,87,100,164,116,93,89,58,23,2,0,0,0,0,0,0,0,0,0,0,0,0,0,0,0,0,0,0,0,2,0,0,0,0,2,0,0,0,0,2,0,14,2,0,0,0,0,0,0,0,0,0,0,0,2,0,0,0,0,0,0,12,0,0,0,0,12,0,0,0,0,12,0,7,7,0,0,0,0,0,0,0,0,0,0,0,7,0,0,0,0,0,0,0,0,0,0,0,0,0,0,0,0,0,0,35,1,0,0,0,0,0,0,0,0,0,0,0,0,0,0,0,0,0,0,0,1,0,0,0,0,1,0,0,0,0,1,0,8,0,0,0,0,0,0,0,0,0,0,0,0,0,0,0,0,0,0,0,8,0,0,0,0,8,0,4,0,0,4,0,26,26,0,0,0,0,0,0,0,0,0,0,0,26,0,0,0,0,0,0,0,0,0,0,0,0,0,0,0,0,0,0
"G2500210","2010","MA","1","1","Massachusetts","25","Norfolk County","021",,,,,,,,,,,,,,,"14460","14484","148",,,,,,,,,,,,,,,,,"1025908386","124944841","Norfolk County","A","+42.1697025","-071.1798747","06","1",,670850,321087,3659,3657,3880,3960,4018,4115,4474,4470,4417,4529,4513,4428,4493,4583,4657,4713,4692,4645,4206,3388,3493,3308,3577,3915,4084,4034,3941,3864,3789,3807,3831,3646,3630,3690,3821,3950,3918,3989,4355,4724,4843,4670,4799,4915,5138,5548,5506,5460,5401,5406,5531,5312,5176,5028,4861,4923,4591,4449,4140,4057,3979,3887,3911,3893,2759,2794,2769,2747,2248,2039,1932,1911,1845,1667,1638,1602,1549,1513,1394,1402,1398,1208,1206,1085,1000,951,852,681,602,469,412,322,242,173,122,90,64,45,27,15,24,2,1,349763,3390,3608,3732,3947,3864,4061,4074,4127,4181,4370,4360,4368,4352,4275,4321,4390,4430,4379,4171,3745,3734,3783,4214,4442,4420,4329,4156,4278,4085,4052,4111,4022,3927,3897,4073,4169,4199,4233,4693,5024,5177,4952,5224,5279,5377,5814,5865,5704,5702,5786,5670,5776,5552,5396,5206,5222,4878,4791,4647,4385,4213,4236,4247,4251,3164,3250,3098,3145,2775,2534,2399,2265,2308,2150,2116,2112,2145,2024,2079,2017,2021,1982,2051,1811,1720,1588,1503,1438,1193,1128,938,806,642,477,394,319,262,163,146,98,154,12,0,653239,312540,19136,21971,22599,13945,6371,2794,2799,11002,18871,18058,20422,23778,26771,25455,21779,7744,10391,5465,6896,8819,7251,5638,4585,340699,18512,20789,21654,13147,5723,2593,2855,12514,20798,19980,22268,25964,28802,27505,23799,8393,11573,6284,8351,10993,10009,8939,9254,17611,8547,252,180,2,0,0,0,2,0,0,121,31,82,8,0,57,0,7,0,0,50,72,8,0,0,0,64,46,0,0,0,17,1,6908,3775,3329,0,0,2552,601,176,0,21,11,8,2,343,82,24,10,1,0,47,3133,2613,0,0,0,520,125,165,45,0,72,113,1387,1331,165,0,0,148,7,10,0,0,0,0,0,1149,17,16,0,1,0,0,56,0,0,0,0,56,3,9,0,0,4,40,9064,127,49,0,0,0,0,0,0,0,28,1,27,0,0,21,0,5,0,0,16,78,21,0,0,0,57,40,0,0,0,17,0,5504,344,70,0,0,70,0,0,0,2,0,2,0,222,50,27,3,0,0,20,5160,4809,0,0,0,351,84,109,21,0,75,62,3433,3312,46,0,0,46,0,0,0,0,0,0,0,3257,9,8,0,1,0,0,121,0,0,0,0,121,6,0,0,0,15,100
"G2500230","2010","MA","1","1","Massachusetts","25","Plymouth County","023",,,,,,,,,,,,,,,"14460","14484","148",,,,,,,,,,,,,,,,,"1706996627","1124514393","Plymouth County","A","+41.9871959","-070.7419417","06","1",,494919,240715,2639,2803,2974,3116,3191,3278,3396,3428,3367,3537,3716,3715,3566,3585,3771,3775,3745,3845,3534,2935,2868,2795,2721,2839,2685,2499,2390,2415,2394,2385,2469,2385,2396,2402,2437,2563,2681,2883,3243,3524,3635,3617,3703,3854,3937,4221,4088,4065,4133,4102,4140,3925,3927,3820,3631,3712,3469,3421,3218,3076,3117,2979,3164,3107,2274,2362,2385,2325,1899,1778,1560,1446,1399,1247,1199,1193,1070,1124,1003,936,845,783,734,689,580,531,469,385,374,283,258,175,127,105,83,46,36,26,16,6,13,0,0,254204,2441,2603,2825,2929,2989,3037,3283,3314,3327,3394,3414,3420,3483,3546,3479,3442,3475,3627,3224,2854,2887,2553,2656,2592,2499,2542,2361,2332,2425,2474,2596,2440,2548,2569,2684,2802,2829,3138,3452,3923,3908,3837,3875,4120,4121,4266,4379,4341,4249,4328,4241,4160,4190,3999,3933,3860,3680,3752,3481,3405,3470,3398,3441,3470,2536,2673,2639,2563,2171,1956,1843,1702,1585,1640,1465,1445,1320,1418,1301,1294,1234,1128,1206,1056,1015,1015,936,805,771,684,541,416,376,278,233,183,150,111,80,41,78,4,0,483098,233712,14676,16972,18286,11209,5914,2506,2510,7810,11424,11531,14360,18137,20030,18968,16524,5986,8419,4669,5917,6690,5138,3438,2598,249386,13714,16325,17315,10495,5236,2426,2237,7587,12066,12795,16088,19809,21489,20440,18111,6826,9388,5275,6630,8108,6536,5187,5303,11821,7003,304,146,15,0,0,0,15,0,0,110,88,21,1,0,21,0,0,0,0,21,158,2,0,0,0,156,120,0,0,0,34,2,5659,3973,3458,0,0,2158,1296,4,0,27,19,8,0,238,250,86,127,6,0,31,1686,1008,0,0,0,678,127,246,74,0,39,192,1040,971,98,0,0,90,8,0,0,0,0,0,0,814,59,22,10,27,0,0,69,0,0,0,0,69,5,31,0,0,4,29,4818,179,53,0,0,0,0,0,0,0,42,31,2,9,0,11,0,0,0,0,11,126,1,0,0,0,125,103,0,0,0,21,1,2322,264,5,0,0,3,0,2,0,18,18,0,0,175,66,11,31,0,0,24,2058,1645,0,0,0,413,110,172,42,0,43,46,2317,2238,0,0,0,0,0,0,0,0,0,0,0,2236,2,2,0,0,0,0,79,0,0,0,0,79,2,20,0,0,2,55
"G2500250","2010","MA","1","1","Massachusetts","25","Suffolk County","025",,,,,,,,,,,,,,,"14460","14484","148",,,,,,,,,,,,,,,,,"150618894","160748611","Suffolk County","N","+42.3319600","-071.0201725","06","1",,722023,347689,4445,4151,4076,3766,3655,3577,3358,3329,3184,3261,3312,3268,3193,3161,3415,3614,3504,3895,6575,9574,10030,9289,8918,8712,9135,8920,8379,8239,7889,7322,7256,6460,6172,5559,5278,5339,4790,4669,4585,4607,4952,4350,4343,4266,4311,4554,4379,4337,4191,4107,4401,4016,3932,3801,3738,3721,3429,3448,3377,3139,3211,2962,2848,2911,2311,2387,2105,2198,1874,1675,1667,1561,1503,1347,1353,1248,1135,1140,1039,1003,965,939,780,775,668,632,566,441,378,324,275,180,163,147,84,75,64,40,26,13,21,2,0,374334,4229,4014,3952,3669,3617,3349,3222,3254,3083,3215,3128,3149,3182,3143,3213,3394,3547,3751,7413,10958,10541,9747,9701,9712,9719,9554,8965,8713,8081,7559,7498,6403,6146,5687,5321,5378,4709,4824,4793,4807,4818,4374,4321,4302,4391,4533,4462,4380,4195,4285,4330,4221,4321,4259,4238,4075,3818,3778,3601,3605,3738,3526,3404,3330,2756,2797,2570,2458,2283,2122,2120,1955,1955,1865,1799,1679,1617,1574,1528,1610,1567,1457,1449,1392,1249,1157,1063,968,862,741,662,522,397,321,321,239,180,155,100,73,116,10,0,674795,324646,19945,16622,16259,10874,8839,6508,7238,24539,39525,30017,23398,21444,20662,19056,16433,5953,7841,4368,5593,7221,5339,3918,3054,350149,19342,16058,15760,10598,8258,6225,7150,27136,42258,30829,24308,21996,21592,21104,18667,7191,9376,5287,6729,9436,7716,6595,6538,47228,23043,464,196,23,0,0,0,23,0,0,158,35,76,47,0,15,15,0,0,0,0,268,46,0,0,0,222,201,0,0,0,1,20,21279,3106,2377,0,0,212,2025,140,0,15,10,0,5,455,259,196,55,8,0,0,18173,14458,291,48,243,3424,1694,632,465,0,69,564,1300,1095,14,0,0,4,8,2,0,0,0,0,0,1043,38,7,31,0,0,0,205,0,0,0,0,205,73,45,4,0,3,80,24185,353,66,0,0,0,0,0,0,0,57,11,30,16,0,9,9,0,0,0,0,287,74,0,0,0,213,193,0,0,0,0,20,21200,668,208,0,0,2,183,23,0,35,21,5,9,282,143,109,34,0,0,0,20532,18803,43,6,37,1686,758,291,175,0,180,282,2632,2364,0,0,0,0,0,0,0,0,0,0,0,2298,66,0,66,0,0,0,268,0,0,0,0,268,33,33,2,0,0,200
"G2500270","2010","MA","1","1","Massachusetts","25","Worcester County","027",,,,,,,,,,,,,,,"49340","99999","148",,,,,,,,,,,,,,,,,"3912876833","177216729","Worcester County","N","+42.3116934","-071.9402820","06","1",,798552,393276,4626,4639,4942,4906,5038,5173,5207,5243,5175,5289,5564,5425,5516,5632,5653,5969,5984,6115,6322,6236,6139,5506,5474,5042,4830,4956,4465,4673,4572,4603,4905,4656,4410,4457,4524,4771,4690,5022,5451,5858,5937,5666,5959,5903,6294,6666,6744,6707,6576,6682,6587,6589,6590,6277,5929,5729,5386,5334,5018,4911,4530,4450,4506,4507,3159,3113,3044,3282,2571,2388,2088,1988,1940,1863,1723,1694,1507,1526,1435,1423,1357,1288,1304,1191,1073,982,858,678,606,503,385,300,259,197,128,85,78,52,35,14,22,1,1,405276,4349,4330,4545,4734,4714,4854,4995,4919,5137,5101,5198,5259,5218,5320,5368,5671,5654,5769,5967,5691,5480,5296,5123,4688,4850,4661,4541,4529,4633,4643,4721,4567,4665,4614,4761,4909,5227,5277,5639,6210,5936,5940,5927,6183,6427,6585,6827,6731,6660,6706,6652,6496,6434,6245,6007,5929,5490,5332,5075,4775,4744,4649,4715,4587,3344,3271,3452,3490,2925,2585,2416,2426,2346,2329,2233,2167,1962,2050,2004,2051,1986,1942,1979,1925,1783,1693,1592,1458,1295,1147,923,832,723,566,397,298,232,180,130,91,167,7,0,771507,377975,24040,26013,27576,17660,9528,4571,4435,14026,22148,21977,25062,29222,32362,31266,25942,8796,11974,6051,8110,9355,7330,5886,4645,393532,22597,24954,26264,16854,8433,4008,4172,13981,22832,23215,27160,30306,33368,31700,26457,9330,12545,6644,8897,11541,9891,8919,9464,27045,15301,807,420,0,0,0,0,0,0,0,354,58,263,33,0,66,0,0,0,0,66,387,48,0,0,0,339,78,0,1,0,167,93,12889,5194,4680,0,1132,2181,1364,3,0,50,23,27,0,352,112,53,29,0,0,30,7695,5863,0,0,0,1832,171,497,472,0,255,437,1605,1354,67,0,15,34,18,0,0,0,0,0,0,1279,8,8,0,0,0,0,251,0,0,0,0,251,5,57,63,0,2,124,11744,466,223,0,0,0,0,0,0,0,175,43,103,29,0,48,0,0,0,0,48,243,5,0,0,0,238,68,0,0,0,139,31,7581,580,158,0,47,65,36,10,0,46,24,18,4,316,60,29,12,3,0,16,7001,6086,0,0,0,915,147,233,188,0,201,146,3697,3544,0,0,0,0,0,0,0,0,0,0,0,3542,2,2,0,0,0,0,153,0,0,0,0,153,1,33,12,0,11,96
"G2600010","2010","MI","2","3","Michigan","26","Alcona County","001",,,,,,,,,,,,,,,"99999","99999","999",,,,,,,,,,,,,,,,,"1747168145","2890419533","Alcona County","A","+44.6825347","-082.8340798","06","9",,10942,5555,38,31,32,32,43,34,34,52,40,57,37,56,58,51,48,66,52,55,75,44,37,30,29,33,31,31,38,31,36,40,29,28,36,31,36,34,26,40,36,54,52,60,51,74,74,83,71,68,86,77,83,86,84,118,96,101,105,80,95,107,109,116,111,121,97,112,103,127,121,112,118,120,94,85,82,65,61,65,56,69,38,46,46,55,31,16,17,20,21,16,9,9,5,2,2,2,2,0,1,0,1,0,0,5387,30,31,31,36,27,32,40,45,26,32,46,43,63,44,57,76,59,59,46,39,31,21,28,36,28,40,21,32,30,25,34,32,33,26,42,37,32,52,39,55,50,55,58,47,52,80,82,85,78,72,81,85,102,90,99,92,103,93,99,98,96,107,125,113,97,104,109,111,125,106,102,101,73,72,78,71,69,62,54,62,39,46,48,35,38,34,21,37,20,22,14,12,13,10,5,4,7,2,3,2,1,0,0,10815,5489,176,217,250,172,118,36,30,89,165,155,188,308,383,465,482,224,327,214,359,497,312,209,113,5326,155,175,253,193,85,31,21,90,145,165,215,261,395,456,484,201,333,212,340,422,313,198,183,127,66,1,1,1,0,0,0,1,0,0,0,0,0,0,0,0,0,0,0,0,0,0,0,0,0,0,0,0,0,0,0,0,0,40,23,21,0,0,0,21,0,0,0,0,0,0,2,0,0,0,0,0,0,17,0,0,0,0,17,0,11,0,0,5,1,25,21,0,0,0,0,0,0,0,0,0,0,0,21,0,0,0,0,0,0,4,0,0,0,0,4,0,4,0,0,0,0,61,1,0,0,0,0,0,0,0,0,0,0,0,0,0,0,0,0,0,0,0,1,0,0,0,0,1,0,0,0,0,1,0,16,9,6,0,0,0,6,0,0,0,0,0,0,3,0,0,0,0,0,0,7,0,0,0,0,7,0,6,0,0,1,0,44,36,0,0,0,0,0,0,0,0,0,0,0,36,0,0,0,0,0,0,8,0,0,0,0,8,0,7,0,0,1,0
"G2600030","2010","MI","2","3","Michigan","26","Alger County","003",,,,,,,,,,,,,,,"99999","99999","999",,,,,,,,,,,,,,,,,"2370019042","10703554733","Alger County","A","+47.0800765","-086.5641076","06","9",,9601,5224,31,41,33,31,52,48,36,53,39,48,53,35,41,63,54,63,55,54,37,42,55,54,55,78,84,75,66,72,67,77,79,58,76,59,73,58,60,59,71,84,67,73,56,60,83,85,65,88,89,73,85,74,88,76,108,70,99,91,88,91,85,98,82,74,69,51,74,63,66,63,59,46,58,35,41,34,27,33,28,34,37,29,24,24,28,20,12,3,11,8,10,5,4,5,1,2,0,1,0,0,1,1,0,4377,35,36,34,41,36,46,35,45,57,58,51,61,47,44,43,47,41,58,46,26,31,36,28,26,36,25,32,22,39,40,36,48,35,41,36,50,47,31,38,41,52,41,52,54,61,63,65,58,68,70,80,89,94,76,79,89,70,84,67,101,72,70,60,79,41,67,59,65,50,44,50,54,43,58,44,42,35,37,33,38,34,24,25,30,31,22,21,21,24,12,15,10,11,8,4,6,11,2,5,0,1,1,0,8579,4295,188,224,246,172,64,32,30,107,166,177,209,249,334,393,421,171,217,125,191,228,151,124,76,4284,182,241,246,146,71,31,36,88,157,196,207,260,323,416,408,140,180,125,156,235,175,129,136,1022,929,0,0,0,0,0,0,0,0,0,0,0,0,0,0,0,0,0,0,0,0,0,0,0,0,0,0,0,0,0,0,0,0,886,861,861,0,0,847,14,0,0,0,0,0,0,0,0,0,0,0,0,0,25,0,0,0,0,25,0,22,0,0,3,0,43,28,0,0,0,0,0,0,0,0,0,0,0,28,0,0,0,0,0,0,15,0,0,0,0,15,0,15,0,0,0,0,93,0,0,0,0,0,0,0,0,0,0,0,0,0,0,0,0,0,0,0,0,0,0,0,0,0,0,0,0,0,0,0,0,12,2,2,0,0,0,2,0,0,0,0,0,0,0,0,0,0,0,0,0,10,0,0,0,0,10,0,8,0,0,2,0,81,62,0,0,0,0,0,0,0,0,0,0,0,62,0,0,0,0,0,0,19,0,0,0,0,19,0,16,0,0,3,0
"G2600050","2010","MI","2","3","Michigan","26","Allegan County","005",,,,,,,,,,,,,,,"10880","99999","266",,,,,,,,,,,,,,,,,"2137337922","2610856790","Allegan County","A","+42.5957875","-086.6347446","06","2",,111408,55473,714,723,805,799,795,788,839,758,801,925,923,863,892,901,813,925,839,933,792,620,631,601,572,557,596,588,581,544,621,617,671,617,616,604,589,675,636,663,742,752,818,738,703,816,796,865,912,937,907,942,885,928,956,914,857,811,780,771,822,719,716,667,679,628,511,477,516,521,426,389,336,358,328,271,300,250,228,215,203,240,217,159,160,140,118,125,116,97,63,70,47,22,17,20,15,6,10,8,1,1,4,0,0,55935,695,747,687,772,764,784,783,783,774,779,829,803,753,836,830,860,877,832,709,638,578,561,564,562,594,578,582,598,635,680,614,583,619,637,627,664,708,642,734,758,784,785,787,791,699,873,902,934,862,934,979,859,927,863,885,864,749,809,766,712,680,700,676,622,476,530,477,533,516,412,398,382,362,314,294,288,282,268,258,277,239,234,252,206,215,192,181,143,155,110,108,81,68,46,42,37,19,19,13,4,9,0,0,110454,55035,3828,4106,4382,2688,1397,622,590,1700,2920,3067,3440,3851,4542,4517,3882,1373,1802,981,1329,1573,1112,764,569,55419,3659,3898,4050,2566,1344,567,556,1709,3062,3074,3490,3836,4497,4496,3886,1377,1765,1002,1451,1722,1318,1070,1024,954,438,32,19,1,0,0,0,1,0,0,18,3,0,15,0,0,0,0,0,0,0,13,0,0,0,0,13,0,0,0,0,7,6,260,164,139,0,0,0,137,2,0,1,0,0,1,24,0,0,0,0,0,0,96,0,0,0,0,96,0,78,5,0,6,7,146,124,0,0,0,0,0,0,0,0,0,0,0,124,0,0,0,0,0,0,22,0,0,0,0,22,0,9,0,0,6,7,516,15,8,0,0,0,0,0,0,0,8,4,0,4,0,0,0,0,0,0,0,7,0,0,0,0,7,0,0,0,0,2,5,124,47,22,0,0,0,20,2,0,0,0,0,0,25,0,0,0,0,0,0,77,0,0,0,0,77,0,54,0,0,14,9,377,338,0,0,0,0,0,0,0,0,0,0,0,338,0,0,0,0,0,0,39,0,0,0,0,39,0,14,0,0,19,6
"G2600070","2010","MI","2","3","Michigan","26","Alpena County","007",,,,,,,,,,,,,,,"10980","99999","999",,,,,,,,,,,,,,,,,"1481110566","2908717141","Alpena County","A","+44.8949540","-083.4265739","06","2",,29598,14524,138,159,167,161,161,150,158,179,173,177,172,213,167,173,197,196,193,239,199,187,185,156,144,136,142,154,133,131,140,170,168,156,142,127,136,136,151,155,173,154,181,137,172,142,184,210,251,211,246,241,286,266,249,284,241,247,257,202,227,215,196,214,207,226,160,176,168,164,154,118,129,143,126,134,120,117,89,94,114,94,76,77,70,61,56,43,38,35,36,25,24,12,8,11,5,3,4,0,0,0,0,0,0,15074,134,131,151,147,159,158,168,154,163,176,183,176,175,177,159,203,186,216,180,170,151,144,142,123,121,138,138,141,159,143,148,147,146,140,159,149,129,142,179,172,171,168,160,173,205,226,234,235,246,246,275,268,271,279,255,236,238,250,227,214,194,224,206,210,145,162,165,157,174,175,155,148,144,105,161,140,99,121,116,153,128,103,114,85,70,85,74,62,63,54,51,35,26,23,23,17,24,10,7,3,9,0,0,29084,14275,782,836,921,618,349,180,150,407,712,717,760,802,1140,1305,1140,407,588,341,431,645,494,323,227,14809,718,815,865,601,340,147,144,379,716,735,765,862,1184,1341,1154,413,556,324,500,702,606,472,470,514,249,16,8,2,0,0,0,2,0,0,5,0,5,0,0,1,0,0,1,0,0,8,1,0,0,0,7,2,0,0,0,5,0,170,63,43,0,0,0,43,0,0,1,0,1,0,15,4,0,4,0,0,0,107,41,0,0,0,66,13,16,12,0,6,19,63,55,0,0,0,0,0,0,0,0,0,0,0,40,15,0,4,11,0,0,8,0,0,0,0,8,0,3,0,0,2,3,265,17,0,0,0,0,0,0,0,0,0,0,0,0,0,0,0,0,0,0,0,17,4,0,0,0,13,6,0,0,0,2,5,81,28,10,0,0,0,10,0,0,0,0,0,0,18,0,0,0,0,0,0,53,10,0,0,0,43,13,8,2,0,15,5,167,136,0,0,0,0,0,0,0,0,0,0,0,112,24,0,0,24,0,0,31,0,0,0,0,31,0,18,1,0,12,0
"G2600090","2010","MI","2","3","Michigan","26","Antrim County","009",,,,,,,,,,,,,,,"99999","99999","999",,,,,,,,,,,,,,,,,"1232064018","326513140","Antrim County","A","+45.0054565","-085.1756245","06","9",,23580,11674,130,95,132,133,115,139,123,140,133,134,157,146,143,129,146,176,172,170,125,104,88,79,68,92,117,102,89,111,116,103,103,109,107,104,108,105,98,112,107,125,153,149,125,145,177,170,159,155,188,173,192,179,208,181,186,197,209,180,220,182,182,192,191,165,134,157,203,200,168,162,144,128,134,127,121,107,92,84,93,70,58,84,64,64,43,35,37,33,24,14,16,16,8,4,2,3,0,0,2,0,0,0,0,11906,99,104,100,133,114,153,144,141,145,135,148,142,138,148,147,151,145,164,131,79,95,120,77,89,89,91,90,99,102,101,106,103,123,91,75,88,104,116,125,139,138,131,155,174,163,177,165,176,164,170,202,177,204,210,192,205,169,195,192,185,191,189,218,201,160,183,170,185,149,152,133,152,132,118,136,103,107,92,107,67,89,62,75,96,68,52,37,41,37,37,32,27,26,12,12,7,3,9,5,4,1,1,0,23354,11571,604,669,721,517,223,87,79,271,515,517,543,740,839,942,983,373,490,360,527,652,438,301,180,11783,548,718,723,460,210,91,118,255,483,495,569,756,850,982,943,379,575,352,483,665,469,376,283,226,103,2,1,1,0,0,0,1,0,0,0,0,0,0,0,0,0,0,0,0,0,1,0,0,0,0,1,0,0,0,0,1,0,62,38,37,0,0,0,37,0,0,0,0,0,0,1,0,0,0,0,0,0,24,0,0,0,0,24,0,8,3,0,13,0,39,37,0,0,0,0,0,0,0,0,0,0,0,37,0,0,0,0,0,0,2,0,0,0,0,2,0,0,0,0,2,0,123,2,0,0,0,0,0,0,0,0,0,0,0,0,0,0,0,0,0,0,0,2,0,0,0,0,2,0,0,0,0,2,0,30,8,4,0,0,0,4,0,0,0,0,0,0,4,0,0,0,0,0,0,22,0,0,0,0,22,0,13,0,0,9,0,91,66,0,0,0,0,0,0,0,0,0,0,0,66,0,0,0,0,0,0,25,0,0,0,0,25,0,7,0,0,18,0
"G2600110","2010","MI","2","3","Michigan","26","Arenac County","011",,,,,,,,,,,,,,,"99999","99999","999",,,,,,,,,,,,,,,,,"940660726","822319209","Arenac County","A","+44.0368697","-083.7406754","06","9",,15899,8056,63,81,81,86,75,78,89,79,87,81,91,93,115,86,104,134,114,115,107,111,77,84,56,68,65,83,63,73,71,81,99,89,59,88,80,70,79,84,69,93,108,82,99,82,103,101,127,126,130,145,151,148,142,140,145,119,140,121,143,122,125,119,129,133,97,96,124,107,112,103,92,94,101,87,66,56,59,62,37,61,55,35,40,26,21,17,22,19,21,16,10,13,12,4,5,1,1,1,1,1,0,0,0,7843,60,66,76,71,95,87,77,75,93,92,91,89,87,95,78,93,106,112,95,77,81,77,69,78,67,89,73,76,65,80,78,66,80,80,64,75,63,70,94,91,92,86,100,95,96,107,98,148,127,147,144,109,148,152,126,118,123,112,122,121,107,137,118,124,106,94,98,99,91,106,87,102,77,83,73,76,68,61,53,65,58,42,47,28,29,38,27,15,36,17,21,10,17,4,11,8,4,2,0,1,1,0,0,15692,7958,385,413,489,363,212,77,82,187,366,407,393,470,619,721,639,243,356,217,318,436,273,169,123,7734,368,424,440,311,168,81,75,210,381,363,390,467,623,673,594,244,345,192,294,415,314,189,173,207,98,2,0,0,0,0,0,0,0,0,0,0,0,0,0,0,0,0,0,0,0,2,0,0,0,0,2,0,0,0,0,0,2,54,40,35,0,0,0,35,0,0,0,0,0,0,5,0,0,0,0,0,0,14,0,0,0,0,14,0,13,1,0,0,0,42,31,0,0,0,0,0,0,0,0,0,0,0,31,0,0,0,0,0,0,11,0,0,0,0,11,0,11,0,0,0,0,109,0,0,0,0,0,0,0,0,0,0,0,0,0,0,0,0,0,0,0,0,0,0,0,0,0,0,0,0,0,0,0,0,37,12,8,0,0,0,8,0,0,0,0,0,0,4,0,0,0,0,0,0,25,0,0,0,0,25,0,18,5,0,0,2,72,72,0,0,0,0,0,0,0,0,0,0,0,72,0,0,0,0,0,0,0,0,0,0,0,0,0,0,0,0,0,0
"G2600130","2010","MI","2","3","Michigan","26","Baraga County","013",,,,,,,,,,,,,,,"99999","99999","999",,,,,,,,,,,,,,,,,"2326474801","441629543","Baraga County","A","+46.6960684","-088.3560221","06","9",,8860,4863,41,43,46,47,49,57,38,39,47,54,64,56,60,55,36,46,55,75,62,39,56,49,61,68,67,69,66,76,70,74,73,81,74,71,63,53,81,70,69,66,61,67,62,71,68,90,71,96,66,81,73,84,67,70,73,80,82,74,76,68,69,55,67,76,47,37,58,54,48,51,45,40,37,33,38,33,26,19,15,22,16,17,12,16,10,13,11,11,7,4,10,6,4,6,2,0,1,0,0,0,1,0,0,3997,31,42,32,42,44,59,37,42,44,43,47,56,68,64,53,61,57,64,45,32,23,27,28,38,29,44,38,36,39,29,36,37,37,39,38,39,32,51,57,62,57,54,53,59,57,62,42,46,59,58,59,48,72,64,60,53,70,74,69,58,58,63,50,64,38,42,56,57,46,42,44,47,37,45,22,21,30,21,28,35,21,22,28,9,17,11,12,19,13,23,26,11,9,11,9,4,3,1,0,2,4,0,0,7850,3953,226,235,271,175,83,39,31,97,174,197,205,240,331,317,356,117,188,93,149,190,113,66,60,3897,191,225,288,182,76,23,26,95,185,187,241,280,267,300,323,121,152,98,139,188,121,85,104,1010,910,1,1,1,0,0,1,0,0,0,0,0,0,0,0,0,0,0,0,0,0,0,0,0,0,0,0,0,0,0,0,0,0,877,871,869,0,0,849,20,0,0,0,0,0,0,2,0,0,0,0,0,0,6,0,0,0,0,6,0,5,1,0,0,0,32,26,3,0,0,3,0,0,0,0,0,0,0,23,0,0,0,0,0,0,6,0,0,0,0,6,0,6,0,0,0,0,100,0,0,0,0,0,0,0,0,0,0,0,0,0,0,0,0,0,0,0,0,0,0,0,0,0,0,0,0,0,0,0,0,7,1,0,0,0,0,0,0,0,0,0,0,0,1,0,0,0,0,0,0,6,0,0,0,0,6,0,6,0,0,0,0,93,77,0,0,0,0,0,0,0,0,0,0,0,77,0,0,0,0,0,0,16,0,0,0,0,16,0,16,0,0,0,0
"G2600150","2010","MI","2","3","Michigan","26","Barry County","015",,,,,,,,,,,,,,,"24340","99999","266",,,,,,,,,,,,,,,,,"1432500402","62029172","Barry County","A","+42.5828109","-085.3145503","06","1",,59173,29705,348,350,339,414,370,400,444,395,381,401,459,423,448,427,451,471,470,435,467,413,380,318,269,272,286,278,291,294,338,302,335,307,311,347,330,322,318,359,352,405,382,393,391,395,395,469,521,512,482,505,492,508,524,510,463,472,494,414,462,419,398,397,404,398,280,291,296,293,286,256,215,226,203,201,163,163,135,140,124,135,108,104,92,96,77,63,54,54,29,26,18,7,15,18,5,5,4,3,0,0,0,0,0,29468,287,364,333,377,353,347,396,410,392,416,423,381,410,436,407,434,434,432,389,326,282,245,289,285,282,297,266,301,305,319,298,315,337,298,313,333,316,320,386,416,368,399,357,375,387,461,495,494,492,491,492,480,495,515,454,469,436,435,425,366,412,384,412,414,304,309,306,288,300,242,251,222,205,235,209,188,164,165,140,138,123,162,122,146,118,96,90,91,75,61,55,49,32,42,20,20,16,6,5,10,5,0,0,58570,29360,1821,2021,2208,1376,769,328,286,793,1483,1622,1746,1947,2480,2483,2255,794,1081,585,828,1003,689,475,287,29210,1712,1961,2057,1299,688,265,240,841,1483,1560,1765,1883,2430,2427,2126,794,1126,615,829,1115,785,636,573,603,345,0,0,0,0,0,0,0,0,0,0,0,0,0,0,0,0,0,0,0,0,0,0,0,0,0,0,0,0,0,0,0,0,307,290,67,0,0,0,67,0,0,0,0,0,0,9,214,0,0,0,0,214,17,0,0,0,0,17,0,15,0,0,0,2,38,28,0,0,0,0,0,0,0,0,0,0,0,28,0,0,0,0,0,0,10,0,0,0,0,10,0,10,0,0,0,0,258,3,1,0,0,0,0,0,0,0,0,0,0,0,0,1,0,0,0,0,1,2,0,0,0,0,2,0,0,0,0,0,2,102,87,12,0,0,0,12,0,0,0,0,0,0,20,55,0,0,0,0,55,15,0,0,0,0,15,0,7,0,0,3,5,153,143,0,0,0,0,0,0,0,0,0,0,0,143,0,0,0,0,0,0,10,0,0,0,0,10,0,5,0,0,5,0
"G2600170","2010","MI","2","3","Michigan","26","Bay County","017",,,,,,,,,,,,,,,"13020","99999","474",,,,,,,,,,,,,,,,,"1145557748","487991946","Bay County","A","+43.6997112","-083.9787007","06","1",,107771,52751,612,654,623,676,648,655,631,715,674,726,648,719,716,712,709,721,714,809,765,685,663,621,662,619,686,626,604,662,618,570,610,602,671,582,580,580,596,639,568,714,691,689,704,711,734,783,792,749,811,836,849,864,931,787,832,814,826,808,756,717,737,710,685,723,530,519,533,535,484,433,377,405,377,336,323,299,278,231,249,211,220,214,187,218,167,168,128,106,95,82,70,38,29,24,23,16,10,6,1,1,4,0,0,55020,572,576,625,640,605,630,619,643,623,628,677,646,671,658,648,686,697,746,707,688,666,590,612,560,625,645,597,633,630,653,643,627,594,569,578,571,573,589,670,702,654,630,683,689,711,778,753,796,890,854,909,928,895,898,894,825,873,797,875,749,741,743,775,713,545,551,562,590,513,481,458,439,444,399,410,355,332,357,345,362,383,330,296,315,258,333,253,222,237,193,149,142,107,74,67,49,25,28,16,13,21,1,0,106333,52119,3202,3396,3489,2220,1428,647,605,1927,3030,3007,3057,3496,3937,4215,3886,1438,1922,1046,1441,1806,1236,968,720,54214,3013,3136,3296,2128,1386,662,588,1765,3140,2980,3092,3349,4044,4505,4097,1481,2016,1104,1558,2113,1691,1503,1567,1438,632,55,15,2,0,0,0,2,0,0,13,0,0,13,0,0,0,0,0,0,0,40,0,0,0,0,40,29,2,0,0,0,9,397,169,154,0,0,0,154,0,0,0,0,0,0,13,2,0,2,0,0,0,228,0,0,0,0,228,88,114,24,0,0,2,180,124,0,0,0,0,0,0,0,0,0,0,0,116,8,0,0,8,0,0,56,0,0,0,0,56,3,53,0,0,0,0,806,17,0,0,0,0,0,0,0,0,0,0,0,0,0,0,0,0,0,0,0,17,0,0,0,0,17,13,0,0,0,0,4,215,55,24,0,0,0,21,3,0,0,0,0,0,29,2,0,1,1,0,0,160,0,0,0,0,160,57,72,9,0,0,22,574,437,0,0,0,0,0,0,0,0,0,0,0,429,8,0,0,8,0,0,137,0,0,0,0,137,6,126,3,0,0,2
"G2600190","2010","MI","2","3","Michigan","26","Benzie County","019",,,,,,,,,,,,,,,"45900","99999","999",,,,,,,,,,,,,,,,,"828028289","1398240608","Benzie County","A","+44.6486213","-086.4943167","06","2",,17525,8701,79,88,101,109,105,97,109,112,101,122,90,115,130,83,98,112,113,131,124,78,65,76,62,59,86,81,83,84,68,80,88,67,82,91,71,94,80,92,96,118,111,116,113,95,118,142,134,127,158,157,113,152,144,141,140,133,145,127,124,118,117,130,151,157,111,98,120,143,105,97,101,82,90,84,86,76,66,59,68,53,48,44,54,32,44,28,29,26,18,15,8,11,7,4,4,5,1,1,0,0,0,0,0,8824,80,78,98,94,99,76,111,107,100,111,98,101,112,110,122,73,108,105,104,69,58,71,63,56,80,76,78,69,84,82,84,96,86,89,92,67,100,93,101,126,122,86,114,98,132,127,156,132,138,165,136,120,139,156,170,135,130,133,130,134,114,138,153,141,108,113,119,125,120,102,88,92,103,86,95,79,60,57,59,59,65,61,58,43,40,37,26,29,34,26,33,15,25,14,11,6,7,6,5,5,7,0,0,17273,8582,476,541,516,355,198,61,72,195,384,396,477,551,708,687,646,247,413,217,341,438,315,211,137,8691,448,502,539,283,171,58,65,197,377,443,487,551,716,720,661,252,401,230,345,458,302,258,227,252,119,7,1,1,0,0,0,1,0,0,0,0,0,0,0,0,0,0,0,0,0,6,0,0,0,0,6,0,0,0,0,4,2,64,40,36,0,0,0,36,0,0,0,0,0,0,4,0,0,0,0,0,0,24,0,4,4,0,20,0,12,0,0,8,0,48,22,0,0,0,0,0,0,0,0,0,0,0,22,0,0,0,0,0,0,26,0,0,0,0,26,0,25,0,0,1,0,133,11,5,0,0,0,0,0,0,0,5,0,0,5,0,0,0,0,0,0,0,6,0,0,0,0,6,0,0,0,0,6,0,32,16,13,0,0,0,13,0,0,0,0,0,0,3,0,0,0,0,0,0,16,0,4,4,0,12,0,4,0,0,6,2,90,62,0,0,0,0,0,0,0,0,0,0,0,62,0,0,0,0,0,0,28,0,0,0,0,28,0,28,0,0,0,0
"G2600210","2010","MI","2","3","Michigan","26","Berrien County","021",,,,,,,,,,,,,,,"35660","99999","999",,,,,,,,,,,,,,,,,"1470457874","2625535357","Berrien County","A","+41.7926389","-086.7418216","06","1",,156813,76373,969,1002,964,1007,1011,1023,1021,1020,1062,1077,1078,1041,1104,1066,1078,1091,1107,1205,1246,1023,994,880,846,845,875,875,874,820,843,902,868,829,836,822,860,795,827,897,962,964,982,938,969,969,1031,1122,1112,1158,1233,1254,1217,1203,1214,1152,1174,1154,1111,1100,1119,1005,1000,910,1033,895,728,825,722,750,666,646,570,555,581,450,496,417,373,419,385,355,366,312,321,265,294,232,204,168,144,128,102,59,50,43,26,19,12,8,7,1,8,2,0,80440,874,928,954,928,948,934,959,962,940,1001,997,1013,1009,1044,1006,1064,1088,1097,1060,995,975,836,902,910,913,887,864,930,879,879,882,889,866,834,799,917,907,927,917,1022,1025,1040,976,1109,1012,1090,1162,1229,1242,1241,1263,1213,1234,1216,1252,1236,1161,1161,1115,1043,1157,1091,1051,1035,782,864,847,903,732,668,645,633,631,612,564,570,453,542,553,536,496,480,466,442,387,383,338,309,296,259,188,186,145,122,83,68,49,29,34,21,32,1,1,153286,74623,4933,5177,5339,3360,2027,856,752,2421,4202,4135,4335,4794,5776,5883,5405,1891,2625,1528,2037,2612,1902,1506,1127,78663,4611,4780,5063,3226,1798,821,720,2632,4389,4237,4649,5138,5913,6128,5676,2229,2844,1693,2273,3031,2571,2123,2118,3527,1750,117,46,10,0,0,0,10,0,0,36,0,0,36,0,0,0,0,0,0,0,71,8,0,0,0,63,5,2,0,0,53,3,1364,444,404,0,0,0,332,72,0,0,0,0,0,39,1,0,0,1,0,0,920,536,0,0,0,384,17,211,14,0,75,67,269,210,0,0,0,0,0,0,0,0,0,0,0,210,0,0,0,0,0,0,59,0,0,0,0,59,0,41,0,0,5,13,1777,66,14,6,0,0,0,4,2,0,8,0,0,8,0,0,0,0,0,0,0,52,9,0,0,0,43,5,4,0,0,33,1,952,121,72,0,0,0,64,8,0,0,0,0,0,48,1,0,0,1,0,0,831,603,0,0,0,228,19,136,8,0,46,19,759,632,0,0,0,0,0,0,0,0,0,0,0,632,0,0,0,0,0,0,127,0,0,0,0,127,0,87,0,0,27,13
"G2600230","2010","MI","2","3","Michigan","26","Branch County","023",,,,,,,,,,,,,,,"17740","99999","999",,,,,,,,,,,,,,,,,"1311488743","34465281","Branch County","A","+41.9185851","-085.0665229","06","2",,45248,23840,283,318,284,300,306,307,305,305,293,316,337,301,317,313,306,308,349,344,319,291,266,262,265,288,272,304,296,298,313,365,325,304,286,287,303,318,320,334,346,344,342,336,355,346,331,372,403,394,376,363,400,389,391,377,366,356,339,336,337,317,277,251,303,275,204,220,237,215,192,184,191,161,172,142,159,133,97,101,110,117,73,61,69,50,61,55,47,38,40,19,19,10,9,6,5,2,4,5,1,0,1,0,0,21408,245,305,298,311,318,265,308,275,284,318,289,291,271,284,274,298,317,293,304,205,222,230,226,236,246,235,230,271,253,252,212,227,227,221,201,216,223,235,267,281,276,259,253,261,259,280,301,318,311,348,318,343,364,310,320,295,299,305,275,278,273,277,287,270,211,211,225,214,204,190,191,167,166,163,184,146,114,134,120,154,130,94,100,110,92,86,74,73,71,66,43,35,31,19,10,13,6,6,2,5,4,0,0,42100,20954,1487,1524,1573,998,570,239,224,681,1251,1161,1292,1318,1549,1609,1489,470,715,417,544,778,528,293,244,21146,1475,1449,1409,906,508,222,229,699,1233,1081,1214,1300,1552,1646,1441,546,763,431,603,857,640,484,458,3148,2886,10,3,3,0,0,1,2,0,0,0,0,0,0,0,0,0,0,0,0,0,7,0,0,0,0,7,2,0,0,0,1,4,2674,2598,2580,0,0,2496,84,0,0,0,0,0,0,18,0,0,0,0,0,0,76,1,0,0,0,75,18,33,8,0,16,0,202,186,130,0,0,130,0,0,0,0,0,0,0,56,0,0,0,0,0,0,16,0,0,0,0,16,3,8,5,0,0,0,262,5,0,0,0,0,0,0,0,0,0,0,0,0,0,0,0,0,0,0,0,5,0,0,0,0,5,1,0,0,0,1,3,77,36,20,0,0,0,20,0,0,0,0,0,0,16,0,0,0,0,0,0,41,0,0,0,0,41,3,23,9,0,0,6,180,162,0,0,0,0,0,0,0,0,0,0,0,162,0,0,0,0,0,0,18,0,0,0,0,18,0,13,3,0,2,0
"G2600250","2010","MI","2","3","Michigan","26","Calhoun County","025",,,,,,,,,,,,,,,"12980","99999","999",,,,,,,,,,,,,,,,,"1829135298","31390284","Calhoun County","A","+42.2429896","-085.0123853","06","1",,136146,66519,834,843,932,940,933,940,917,912,938,937,881,950,902,982,905,1008,1080,1118,1037,1113,966,858,836,741,755,766,776,757,763,815,816,783,784,758,712,740,777,798,803,883,926,867,845,838,874,979,960,998,1014,986,1017,1016,1018,1010,983,940,967,946,893,898,846,869,854,849,534,585,591,566,519,467,433,474,435,370,363,396,350,320,294,290,280,258,250,233,183,186,173,114,127,81,76,59,41,25,21,11,7,8,6,4,6,1,0,69627,795,855,881,857,882,853,916,847,838,954,956,879,879,900,956,953,925,931,1003,1048,976,868,887,744,795,796,753,732,874,808,906,828,767,768,741,764,834,846,879,886,918,845,918,848,845,936,1008,995,1028,1045,1028,1067,1028,1067,973,1056,978,1040,975,875,872,901,848,902,565,631,642,686,623,537,544,508,464,473,454,427,382,420,436,401,374,387,420,358,339,310,250,238,226,177,164,158,107,77,57,77,53,25,18,22,41,0,0,131871,64062,4468,4635,4600,3056,1773,747,681,2138,3722,3736,3885,4233,4799,4922,4528,1681,2173,1157,1517,2026,1596,1130,859,67809,4258,4403,4564,2803,1696,763,753,2319,3899,3973,4171,4347,4968,5124,4893,1752,2282,1258,1825,2391,1988,1745,1634,4275,2457,193,128,17,0,0,0,17,0,0,110,8,102,0,0,1,0,1,0,0,0,65,0,39,39,0,26,7,1,1,0,1,16,1946,605,531,0,0,0,480,51,0,3,0,3,0,58,13,4,8,1,0,0,1341,685,31,31,0,625,107,264,175,0,24,55,318,187,2,0,0,0,2,0,0,0,0,0,0,176,9,0,3,6,0,0,131,0,0,0,0,131,2,53,51,0,8,17,1818,29,9,1,0,0,0,1,0,0,4,3,1,0,0,4,0,4,0,0,0,20,3,0,0,0,17,10,0,0,0,0,7,1124,145,73,0,0,0,73,0,0,0,0,0,0,55,17,5,12,0,0,0,979,686,12,12,0,281,27,137,41,0,3,73,665,515,0,0,0,0,0,0,0,0,0,0,0,497,18,0,10,8,0,0,150,0,0,0,0,150,0,118,0,0,21,11
"G2600270","2010","MI","2","3","Michigan","26","Cass County","027",,,,,,,,,,,,,,,"43780","99999","515",,,,,,,,,,,,,,,,,"1269253670","47281098","Cass County","A","+41.9162400","-085.9994574","06","1",,52293,26094,293,280,313,321,331,316,353,322,320,396,332,378,383,407,404,400,374,374,398,315,313,268,236,236,260,238,259,275,232,259,265,241,261,250,268,265,246,304,357,398,346,323,355,361,371,401,415,415,390,391,450,421,459,413,418,398,426,428,380,402,377,383,362,416,292,300,281,320,281,231,241,218,178,184,168,152,124,133,123,115,122,89,103,94,70,67,75,38,39,37,18,18,12,6,4,6,6,4,2,0,1,0,0,26199,282,294,296,299,299,292,310,307,345,372,355,332,343,350,358,379,389,359,353,309,269,224,240,227,244,240,222,260,264,267,286,254,259,243,290,265,310,297,311,368,357,319,327,333,364,416,421,394,404,403,420,406,420,430,398,380,426,410,402,375,395,427,421,395,298,295,319,331,294,256,214,213,179,194,185,157,172,143,170,129,126,161,134,129,115,110,82,80,71,62,37,30,28,22,16,8,7,7,8,2,7,2,0,51819,25850,1532,1706,1900,1146,669,295,260,705,1238,1270,1544,1743,1998,2152,2029,756,1068,581,830,986,644,472,326,25969,1466,1620,1735,1127,606,255,219,697,1241,1322,1548,1695,2031,2067,1990,822,1111,613,878,979,760,643,544,474,244,13,1,1,0,0,0,1,0,0,0,0,0,0,0,0,0,0,0,0,0,12,0,0,0,0,12,0,1,0,0,11,0,210,102,99,0,0,0,99,0,0,0,0,0,0,3,0,0,0,0,0,0,108,66,0,0,0,42,0,7,10,0,25,0,21,12,0,0,0,0,0,0,0,0,0,0,0,12,0,0,0,0,0,0,9,0,0,0,0,9,0,5,0,0,4,0,230,13,0,0,0,0,0,0,0,0,0,0,0,0,0,0,0,0,0,0,0,13,0,0,0,0,13,3,0,0,0,10,0,139,17,14,0,0,0,14,0,0,0,0,0,0,3,0,0,0,0,0,0,122,91,0,0,0,31,4,15,6,0,6,0,78,62,0,0,0,0,0,0,0,0,0,0,0,62,0,0,0,0,0,0,16,0,0,0,0,16,0,9,0,0,7,0
"G2600290","2010","MI","2","3","Michigan","26","Charlevoix County","029",,,,,,,,,,,,,,,"99999","99999","999",,,,,,,,,,,,,,,,,"1078313350","2522971210","Charlevoix County","A","+45.5131638","-085.4503920","06","9",,25949,12778,136,119,139,142,147,134,168,152,169,154,162,181,163,194,178,170,184,181,171,111,126,110,115,125,115,123,133,117,122,111,135,135,127,110,124,112,104,126,142,144,148,171,182,154,172,188,212,243,212,204,222,204,210,227,235,205,205,223,219,179,183,202,189,177,160,165,151,175,160,141,119,121,144,86,94,92,87,84,67,75,63,73,55,47,36,36,29,30,23,12,27,14,10,8,10,3,2,0,1,0,0,1,0,13171,118,115,137,168,142,135,161,144,177,158,186,187,169,165,160,183,170,168,138,99,108,114,96,87,123,131,91,130,132,107,122,110,149,113,125,133,114,146,133,158,164,169,180,176,168,160,219,204,207,202,208,248,236,248,219,177,213,242,211,193,201,203,221,228,180,148,188,178,143,138,111,126,99,104,118,97,73,105,91,91,94,70,74,68,57,64,51,47,50,44,41,24,22,24,13,8,6,6,6,3,8,2,0,25670,12646,682,777,878,533,278,115,107,350,601,623,622,820,1053,1086,1023,381,524,314,474,559,396,269,181,13024,679,775,867,521,236,104,114,304,590,617,682,849,987,1158,1032,402,624,336,455,549,447,345,351,279,132,3,1,1,0,0,0,1,0,0,0,0,0,0,0,0,0,0,0,0,0,2,0,0,0,0,2,0,1,0,0,1,0,81,46,43,0,0,0,43,0,0,0,0,0,0,3,0,0,0,0,0,0,35,0,0,0,0,35,0,31,0,0,4,0,48,39,0,0,0,0,0,0,0,0,0,0,0,39,0,0,0,0,0,0,9,0,0,0,0,9,0,9,0,0,0,0,147,1,0,0,0,0,0,0,0,0,0,0,0,0,0,0,0,0,0,0,0,1,0,0,0,0,1,0,0,0,0,1,0,37,14,7,0,0,0,7,0,0,0,0,0,0,7,0,0,0,0,0,0,23,0,0,0,0,23,0,21,0,0,2,0,109,104,0,0,0,0,0,0,0,0,0,0,0,104,0,0,0,0,0,0,5,0,0,0,0,5,0,5,0,0,0,0
"G2600310","2010","MI","2","3","Michigan","26","Cheboygan County","031",,,,,,,,,,,,,,,"99999","99999","999",,,,,,,,,,,,,,,,,"1852525483","440605827","Cheboygan County","A","+45.4761203","-084.4952706","06","9",,26152,13015,136,116,131,129,151,144,134,140,149,155,165,152,165,172,164,180,149,244,169,125,115,123,108,91,116,117,104,118,100,107,111,126,119,109,119,120,116,122,188,153,160,187,174,171,154,176,197,178,172,197,216,230,190,215,206,193,217,229,213,197,212,193,196,223,172,184,195,210,162,154,152,177,121,139,119,124,98,94,99,90,93,86,60,51,48,63,48,19,34,22,12,10,14,3,3,5,3,3,0,0,0,0,0,13137,103,104,109,143,107,144,150,134,140,149,146,155,151,160,147,176,182,170,122,107,110,109,98,105,107,118,111,126,110,101,119,122,111,117,126,126,149,138,142,151,190,152,166,163,165,170,161,201,192,200,208,221,213,246,223,241,228,211,222,196,216,227,227,206,171,164,196,204,182,183,162,151,130,138,117,106,99,103,91,90,94,79,90,79,69,69,63,40,45,37,24,24,24,24,13,15,6,9,4,0,1,1,0,25764,12765,662,722,818,536,258,101,115,292,533,563,688,835,908,1042,1041,403,590,377,521,703,499,328,230,12999,566,717,759,527,225,110,109,301,561,592,701,835,919,1105,1091,441,601,359,565,693,474,399,349,388,250,38,1,1,0,0,0,1,0,0,0,0,0,0,0,0,0,0,0,0,0,37,0,36,0,36,1,0,0,0,0,0,1,175,71,64,0,0,0,64,0,0,0,0,0,0,7,0,0,0,0,0,0,104,0,70,2,68,34,0,23,1,0,6,4,37,32,2,0,0,0,2,0,0,0,0,0,0,30,0,0,0,0,0,0,5,0,0,0,0,5,0,0,0,0,0,5,138,1,0,0,0,0,0,0,0,0,0,0,0,0,0,0,0,0,0,0,0,1,0,1,0,1,0,0,0,0,0,0,0,50,15,10,0,0,0,10,0,0,0,0,0,0,5,0,0,0,0,0,0,35,0,14,2,12,21,0,12,0,0,4,5,87,75,0,0,0,0,0,0,0,0,0,0,0,75,0,0,0,0,0,0,12,0,0,0,0,12,0,4,5,0,0,3
"G2600330","2010","MI","2","3","Michigan","26","Chippewa County","033",,,,,,,,,,,,,,,"42300","99999","999",,,,,,,,,,,,,,,,,"4036289692","2952509199","Chippewa County","A","+46.3218192","-084.5206297","06","2",,38520,21220,184,214,181,241,204,205,218,219,220,230,215,211,241,243,226,261,250,217,282,317,351,398,391,342,304,335,312,323,302,336,358,290,300,293,273,313,315,307,322,356,340,306,318,310,333,351,351,382,318,313,338,332,335,301,308,287,299,289,241,268,261,242,246,245,195,158,188,199,148,154,164,135,135,135,131,109,111,101,98,88,77,70,63,64,48,42,29,45,29,21,17,13,11,14,3,2,4,3,0,2,0,0,0,17300,191,183,167,197,228,189,210,198,192,236,210,217,236,225,245,225,199,223,242,285,302,326,253,238,203,210,176,167,198,175,173,203,186,185,171,188,187,185,224,213,196,189,195,212,244,233,217,279,234,261,256,267,274,250,263,275,233,248,205,234,236,228,232,220,142,159,186,208,176,144,183,152,135,105,111,103,123,112,113,91,99,104,111,80,74,73,68,49,40,37,30,33,37,14,16,14,14,9,8,3,2,0,0,33590,16694,1023,1089,1136,724,407,218,288,713,943,846,975,1013,1271,1279,1178,453,632,324,479,678,498,310,217,16896,965,1023,1132,647,388,247,302,677,918,912,991,1034,1222,1305,1187,464,593,341,523,680,532,437,376,4930,4526,8,3,3,0,0,0,3,0,0,0,0,0,0,0,0,0,0,0,0,0,5,1,0,0,0,4,3,0,0,0,0,1,4413,4123,4103,0,0,4009,94,0,0,0,0,0,0,13,7,7,0,0,0,0,290,246,0,0,0,44,5,25,4,0,0,10,105,103,64,0,0,62,2,0,0,0,0,0,0,39,0,0,0,0,0,0,2,0,0,0,0,2,0,2,0,0,0,0,404,4,0,0,0,0,0,0,0,0,0,0,0,0,0,0,0,0,0,0,0,4,0,0,0,0,4,4,0,0,0,0,0,273,20,15,0,0,5,10,0,0,0,0,0,0,5,0,0,0,0,0,0,253,217,0,0,0,36,8,12,4,0,0,12,127,123,0,0,0,0,0,0,0,0,0,0,0,123,0,0,0,0,0,0,4,0,0,0,0,4,0,4,0,0,0,0
"G2600350","2010","MI","2","3","Michigan","26","Clare County","035",,,,,,,,,,,,,,,"99999","99999","999",,,,,,,,,,,,,,,,,"1461569881","28552600","Clare County","A","+43.9911368","-084.8383253","06","9",,30926,15440,170,151,193,203,187,170,139,169,176,169,178,202,207,190,196,212,205,222,204,194,165,154,170,177,143,149,159,149,153,154,149,147,147,145,128,158,181,149,170,176,174,168,200,193,210,207,211,227,264,220,263,227,258,259,238,240,222,222,258,200,225,235,250,216,193,196,227,243,197,170,174,192,170,160,152,142,111,95,87,108,95,88,65,57,57,49,34,32,26,27,14,10,4,4,6,2,2,0,0,3,1,0,0,15486,166,180,168,184,156,171,150,163,161,152,147,188,163,159,213,200,195,212,200,177,169,159,173,203,165,153,149,134,146,140,142,138,140,147,154,130,155,169,159,167,204,158,188,189,206,219,214,245,222,227,237,253,259,210,249,271,223,246,287,252,224,255,235,256,193,223,204,200,204,190,157,174,146,161,139,120,117,108,104,95,121,103,72,66,61,72,50,55,36,50,31,33,16,7,12,12,10,4,6,3,4,1,0,30535,15226,903,823,972,633,386,159,146,475,746,700,825,922,1117,1223,1129,459,656,421,609,843,528,349,202,15309,854,797,869,607,374,169,159,539,719,715,779,941,1115,1193,1275,477,680,427,589,774,536,401,320,391,214,8,5,5,0,0,0,5,0,0,0,0,0,0,0,0,0,0,0,0,0,3,0,0,0,0,3,2,1,0,0,0,0,158,107,99,0,0,0,99,0,0,0,0,0,0,8,0,0,0,0,0,0,51,0,0,0,0,51,4,44,0,0,3,0,48,46,0,0,0,0,0,0,0,0,0,0,0,46,0,0,0,0,0,0,2,0,0,0,0,2,0,2,0,0,0,0,177,1,0,0,0,0,0,0,0,0,0,0,0,0,0,0,0,0,0,0,0,1,0,0,0,0,1,1,0,0,0,0,0,56,15,10,0,0,0,10,0,0,0,0,0,0,5,0,0,0,0,0,0,41,0,0,0,0,41,7,33,0,0,1,0,120,110,0,0,0,0,0,0,0,0,0,0,0,110,0,0,0,0,0,0,10,0,0,0,0,10,0,10,0,0,0,0
"G2600370","2010","MI","2","3","Michigan","26","Clinton County","037",,,,,,,,,,,,,,,"29620","99999","330",,,,,,,,,,,,,,,,,"1466991079","21106494","Clinton County","A","+42.9504550","-084.5916949","06","1",,75382,37057,392,426,459,472,486,519,510,511,554,528,510,566,558,583,620,590,606,632,566,537,652,620,601,503,432,407,408,424,389,390,411,427,398,434,363,413,383,367,455,498,479,512,529,517,523,578,585,577,564,603,604,595,572,565,579,570,527,482,528,445,447,429,456,453,322,345,318,366,339,246,247,209,254,203,194,200,150,126,149,131,122,111,129,92,86,75,79,49,39,30,33,26,23,6,16,10,7,2,1,0,3,0,0,38325,367,443,444,455,500,504,526,477,489,557,538,553,554,507,544,525,557,550,492,552,801,846,667,473,436,392,381,397,375,409,424,439,401,379,408,412,398,467,470,532,567,540,513,513,560,604,616,596,621,561,548,590,579,602,602,545,542,540,494,498,431,494,432,468,339,340,338,309,338,269,276,247,243,210,215,190,193,182,201,178,163,134,139,142,127,113,116,91,118,84,60,70,46,45,36,23,22,11,3,4,13,0,0,74702,36704,2233,2622,2827,1780,1092,647,614,1508,1992,2004,2096,2534,2884,2899,2539,872,1226,658,948,1096,746,526,361,37998,2209,2553,2696,1630,1043,801,845,1563,1949,2048,2271,2691,2986,2911,2608,923,1228,676,913,1173,919,659,703,680,353,60,57,4,0,0,0,4,0,0,53,0,0,53,0,0,0,0,0,0,0,3,0,0,0,0,3,0,0,0,0,3,0,212,166,155,0,0,0,155,0,0,2,0,0,2,9,0,0,0,0,0,0,46,0,0,0,0,46,0,40,3,0,3,0,81,61,0,0,0,0,0,0,0,0,0,0,0,61,0,0,0,0,0,0,20,0,0,0,0,20,0,16,0,0,4,0,327,2,1,0,0,0,0,0,0,0,1,0,0,1,0,0,0,0,0,0,0,1,0,0,0,0,1,0,0,0,0,1,0,79,35,17,0,0,0,17,0,0,0,0,0,0,18,0,0,0,0,0,0,44,0,0,0,0,44,0,35,3,0,3,3,246,174,0,0,0,0,0,0,0,0,0,0,0,174,0,0,0,0,0,0,72,0,0,0,0,72,0,50,2,0,20,0
"G2600390","2010","MI","2","3","Michigan","26","Crawford County","039",,,,,,,,,,,,,,,"99999","99999","999",,,,,,,,,,,,,,,,,"1440758147","18031692","Crawford County","A","+44.6802083","-084.6111321","06","9",,14074,7062,59,70,70,73,70,73,76,74,73,74,85,78,80,101,99,72,101,92,98,67,74,64,58,44,70,49,64,67,64,70,77,52,47,49,53,42,52,51,76,80,97,89,95,75,93,120,121,100,128,131,108,167,122,131,121,130,113,126,136,100,118,136,122,99,86,108,98,106,103,84,102,80,68,67,65,88,54,59,39,38,42,27,32,31,26,18,17,11,18,6,2,9,5,4,1,1,0,0,1,0,0,0,0,7012,68,68,61,60,65,77,74,68,74,78,79,92,55,85,93,93,96,89,91,74,56,34,61,44,70,61,63,73,58,64,54,71,52,43,57,51,61,69,75,95,72,89,100,75,100,96,111,125,151,119,131,141,121,118,136,110,119,100,83,113,98,100,131,110,93,98,103,114,88,99,80,84,76,69,64,65,48,50,66,58,42,35,45,25,23,39,27,26,14,13,10,12,9,8,8,5,4,4,2,0,4,1,0,13877,6998,337,368,443,264,161,72,64,168,308,274,300,446,594,646,601,253,304,205,293,381,275,155,86,6879,317,371,404,270,163,56,33,170,314,276,345,433,600,641,523,197,331,200,293,365,277,152,148,197,64,8,5,1,0,0,0,1,0,0,4,0,4,0,0,0,0,0,0,0,0,3,0,0,0,0,3,0,0,0,0,0,3,41,33,31,0,0,0,31,0,0,0,0,0,0,2,0,0,0,0,0,0,8,0,0,0,0,8,0,6,2,0,0,0,15,15,0,0,0,0,0,0,0,0,0,0,0,15,0,0,0,0,0,0,0,0,0,0,0,0,0,0,0,0,0,0,133,13,12,0,0,0,0,0,0,0,12,0,12,0,0,0,0,0,0,0,0,1,0,0,0,0,1,0,0,0,0,0,1,37,16,6,0,0,0,6,0,0,2,0,2,0,8,0,0,0,0,0,0,21,1,0,0,0,20,0,7,3,0,0,10,83,76,0,0,0,0,0,0,0,0,0,0,0,76,0,0,0,0,0,0,7,0,0,0,0,7,0,6,1,0,0,0
"G2600410","2010","MI","2","3","Michigan","26","Delta County","041",,,,,,,,,,,,,,,"21540","99999","999",,,,,,,,,,,,,,,,,"3033124287","2124381333","Delta County","A","+45.8051009","-086.9013728","06","2",,37069,18367,215,191,206,189,229,217,237,195,215,236,224,236,251,221,208,250,229,254,261,227,199,192,166,165,150,178,182,175,170,189,193,179,221,196,185,198,158,184,210,220,229,222,224,223,204,245,262,285,269,336,316,291,322,310,311,344,315,340,293,263,301,297,320,281,201,190,208,189,194,183,184,154,152,165,134,140,110,126,109,113,101,96,106,97,82,67,50,59,39,23,19,14,12,22,9,5,5,3,0,0,2,0,0,18702,195,185,186,213,204,181,220,181,217,206,230,221,184,213,230,210,240,219,246,215,196,176,165,155,175,161,181,179,186,195,200,176,176,174,171,171,187,212,201,199,212,219,200,243,231,238,275,306,254,280,331,295,322,309,343,352,299,319,317,300,301,303,240,268,177,196,191,230,205,185,183,180,185,156,137,154,130,158,148,150,177,130,129,112,117,96,93,85,73,59,57,49,43,21,32,20,17,8,13,6,9,2,0,36446,18079,1030,1099,1136,715,452,189,176,467,879,959,954,1093,1379,1526,1535,595,800,397,562,781,589,459,307,18367,982,1003,1077,646,431,188,171,489,891,893,967,1094,1350,1592,1581,601,682,387,616,836,721,627,542,623,288,23,13,2,0,0,0,2,0,0,11,0,0,11,0,0,0,0,0,0,0,10,0,0,0,0,10,2,0,0,0,0,8,198,74,63,0,0,0,63,0,0,0,0,0,0,11,0,0,0,0,0,0,124,36,0,0,0,88,10,56,0,5,0,17,67,59,0,0,0,0,0,0,0,0,0,0,0,59,0,0,0,0,0,0,8,0,0,0,0,8,0,8,0,0,0,0,335,27,24,0,0,0,0,0,0,0,24,0,0,24,0,0,0,0,0,0,0,3,0,0,0,0,3,3,0,0,0,0,0,101,29,16,0,0,0,16,0,0,5,0,0,5,8,0,0,0,0,0,0,72,36,0,0,0,36,4,22,0,0,0,10,207,192,0,0,0,0,0,0,0,0,0,0,0,192,0,0,0,0,0,0,15,0,0,0,0,15,0,15,0,0,0,0
"G2600430","2010","MI","2","3","Michigan","26","Dickinson County","043",,,,,,,,,,,,,,,"27020","99999","999",,,,,,,,,,,,,,,,,"1972018016","40533105","Dickinson County","A","+46.0128231","-087.8661191","06","2",,26168,12876,92,127,149,153,143,139,144,158,146,145,163,139,183,178,174,210,209,222,145,136,108,123,131,119,128,134,128,120,131,118,142,108,132,104,120,109,112,142,143,138,175,144,165,198,192,181,238,208,197,215,218,237,240,225,277,225,213,212,215,190,187,200,198,173,122,124,146,140,111,125,108,106,112,90,91,95,87,79,79,94,78,66,53,58,55,48,49,42,32,37,19,14,14,8,7,6,8,0,2,0,2,1,0,13292,139,119,130,134,128,142,127,160,152,156,130,168,176,154,162,170,183,205,169,125,123,81,100,109,154,123,110,137,147,131,139,122,104,126,111,128,117,138,151,173,150,151,178,177,198,195,199,217,218,237,259,243,224,235,234,224,223,196,192,181,153,167,199,182,126,127,141,133,139,143,134,95,114,85,100,111,108,95,86,90,115,119,88,95,97,89,77,73,53,61,48,39,32,25,17,19,9,8,3,5,7,1,0,25715,12677,664,732,837,636,272,104,115,366,620,593,639,869,1031,1186,1043,381,486,267,370,502,427,289,248,13038,650,737,790,558,290,123,81,359,643,601,706,851,1063,1190,1012,317,506,266,412,520,477,471,415,453,199,5,2,2,0,0,0,2,0,0,0,0,0,0,0,0,0,0,0,0,0,3,0,0,0,0,3,3,0,0,0,0,0,111,79,67,0,0,0,67,0,0,0,0,0,0,12,0,0,0,0,0,0,32,0,0,0,0,32,0,32,0,0,0,0,83,78,0,0,0,0,0,0,0,0,0,0,0,78,0,0,0,0,0,0,5,0,0,0,0,5,0,0,5,0,0,0,254,0,0,0,0,0,0,0,0,0,0,0,0,0,0,0,0,0,0,0,0,0,0,0,0,0,0,0,0,0,0,0,0,34,12,7,0,0,0,7,0,0,0,0,0,0,5,0,0,0,0,0,0,22,0,0,0,0,22,0,10,4,0,0,8,220,198,0,0,0,0,0,0,0,0,0,0,0,198,0,0,0,0,0,0,22,0,0,0,0,22,0,0,7,0,0,15
"G2600450","2010","MI","2","3","Michigan","26","Eaton County","045",,,,,,,,,,,,,,,"29620","99999","330",,,,,,,,,,,,,,,,,"1489695507","11028096","Eaton County","A","+42.5896144","-084.8465237","06","1",,107759,52595,606,634,620,627,615,628,662,680,695,727,764,765,767,763,741,777,843,830,818,781,737,614,686,676,687,678,581,625,630,621,640,598,676,588,572,567,561,583,636,683,705,719,659,713,692,694,809,783,818,830,872,835,849,858,835,826,754,783,783,760,735,706,717,720,497,526,556,512,406,349,364,333,313,290,295,270,235,262,224,220,209,183,172,162,138,135,74,82,94,68,52,33,29,18,25,8,6,9,4,3,1,1,0,55164,600,592,617,622,606,585,618,696,650,719,730,656,720,796,835,762,803,750,746,714,671,622,616,650,742,648,613,676,626,664,601,604,632,631,556,581,602,628,645,720,702,718,746,739,758,857,825,813,922,875,956,939,931,936,875,854,838,794,821,764,743,760,731,715,560,567,577,547,507,435,390,368,358,351,357,333,279,274,248,264,269,256,240,277,228,204,205,161,148,137,94,88,69,62,42,38,23,19,10,6,14,1,1,106200,51796,3102,3389,3796,2431,1444,631,552,1959,3083,3047,2998,3466,3897,4213,3886,1431,1926,1074,1259,1579,1198,833,602,54404,3037,3268,3734,2308,1309,602,574,1964,3208,3010,3167,3644,4270,4615,4059,1498,1998,1137,1475,1796,1364,1211,1156,1559,799,26,17,3,0,0,0,3,0,0,14,0,0,14,0,0,0,0,0,0,0,9,1,0,0,0,8,8,0,0,0,0,0,657,183,166,0,0,0,166,0,0,0,0,0,0,17,0,0,0,0,0,0,474,365,0,0,0,109,2,100,3,0,4,0,116,80,0,0,0,0,0,0,0,0,0,0,0,80,0,0,0,0,0,0,36,0,0,0,0,36,0,34,0,0,2,0,760,10,6,0,0,0,0,0,0,0,6,0,0,6,0,0,0,0,0,0,0,4,0,0,0,0,4,2,2,0,0,0,0,442,59,38,0,0,0,38,0,0,0,0,0,0,21,0,0,0,0,0,0,383,296,0,0,0,87,9,74,3,0,1,0,308,209,0,0,0,0,0,0,0,0,0,0,0,203,6,0,0,6,0,0,99,0,0,0,0,99,0,72,0,0,27,0
"G2600470","2010","MI","2","3","Michigan","26","Emmet County","047",,,,,,,,,,,,,,,"99999","99999","999",,,,,,,,,,,,,,,,,"1210803605","1073558172","Emmet County","A","+45.5900944","-084.9868217","06","9",,32694,16102,177,172,171,198,207,172,203,220,203,216,232,243,224,212,246,274,235,240,224,173,166,166,160,183,197,174,167,163,160,160,173,161,144,171,159,189,182,167,167,255,198,204,209,203,191,228,225,226,254,289,257,278,245,243,250,274,283,259,251,256,241,239,243,228,160,156,166,199,193,112,135,147,131,108,115,90,70,91,72,77,95,68,66,61,55,39,39,41,29,36,10,18,13,9,5,4,5,3,3,1,0,0,0,16592,132,153,179,168,148,149,239,193,210,228,206,216,176,225,242,218,239,223,212,153,157,132,176,169,174,189,157,172,182,149,179,154,177,175,207,179,163,154,203,225,184,197,214,200,239,232,239,239,273,270,285,274,307,309,257,271,253,309,271,258,244,265,236,229,180,163,177,172,132,132,140,129,140,129,103,118,97,91,112,118,102,96,92,96,75,87,77,68,50,64,43,43,31,30,14,16,11,7,8,4,7,1,0,32189,15877,921,1013,1157,748,361,151,160,522,800,795,949,990,1215,1262,1319,478,627,322,498,629,392,334,234,16312,774,1019,1064,679,334,148,131,511,846,886,921,1027,1251,1429,1355,505,642,333,432,633,522,421,449,505,225,6,1,1,0,0,0,1,0,0,0,0,0,0,0,0,0,0,0,0,0,5,0,0,0,0,5,0,0,0,0,0,5,166,65,61,0,0,0,61,0,0,0,0,0,0,4,0,0,0,0,0,0,101,52,0,0,0,49,11,15,19,0,0,4,53,48,0,0,0,0,0,0,0,0,0,0,0,45,3,0,0,3,0,0,5,0,0,0,0,5,0,0,0,0,0,5,280,8,0,0,0,0,0,0,0,0,0,0,0,0,0,0,0,0,0,0,0,8,0,0,0,0,8,5,0,0,0,0,3,87,20,14,0,0,0,14,0,0,0,0,0,0,6,0,0,0,0,0,0,67,46,0,0,0,21,6,2,0,0,0,13,185,168,0,0,0,0,0,0,0,0,0,0,0,165,3,0,0,3,0,0,17,0,0,0,0,17,0,4,0,0,4,9
"G2600490","2010","MI","2","3","Michigan","26","Genesee County","049",,,,,,,,,,,,,,,"22420","99999","220",,,,,,,,,,,,,,,,,"1649763682","32658914","Genesee County","A","+43.0210768","-083.7063718","06","1",,425790,205271,2703,2663,2860,2951,2903,2903,2925,2932,2961,3144,3183,3087,3101,3103,3123,3233,3356,3441,3240,3090,2800,2529,2375,2382,2535,2393,2237,2316,2400,2508,2594,2344,2411,2445,2524,2343,2427,2577,2725,2810,2864,2658,2709,2662,2847,3018,3059,3023,3021,2987,3184,3233,3391,3242,3167,2911,2855,2636,2626,2464,2514,2411,2382,2342,1824,1788,1821,1791,1532,1306,1281,1203,1107,1098,1121,1132,985,893,884,897,866,766,699,603,520,501,432,335,256,234,160,128,100,82,52,32,25,12,7,9,5,1,0,220519,2509,2558,2734,2756,2682,2792,2888,2790,2879,2848,2922,3014,2988,2991,3048,3091,3170,3347,3156,2906,2930,2497,2525,2573,2543,2427,2462,2548,2686,2802,2823,2673,2652,2475,2504,2555,2643,2762,2930,3141,2950,2921,2800,2890,2846,3203,3321,3304,3297,3391,3412,3459,3557,3432,3280,3244,3053,3027,2851,2767,2676,2611,2786,2740,1956,1950,1979,2021,1776,1559,1569,1541,1500,1448,1547,1405,1284,1292,1293,1224,1166,1057,1046,915,865,834,721,677,558,497,418,316,275,216,164,124,76,72,49,28,55,8,0,419817,202170,14045,14841,15570,9935,5874,2619,2374,7058,11692,12150,12736,13561,14894,15969,13337,4856,6499,3572,4577,5745,4700,3364,2202,217647,13195,14188,14929,9547,5701,2770,2424,7496,12839,13059,13963,14324,16412,17046,14849,5237,7414,3878,5307,7486,6327,4787,4469,5973,3101,181,110,11,0,0,0,10,1,0,99,12,28,59,0,0,0,0,0,0,0,71,30,0,0,0,41,18,1,0,0,1,21,2416,794,681,0,0,0,553,128,0,0,0,0,0,109,4,0,0,4,0,0,1622,663,0,0,0,959,85,488,37,0,76,273,504,371,0,0,0,0,0,0,0,0,0,0,0,362,9,0,0,9,0,0,133,0,0,0,0,133,0,72,4,0,38,19,2872,148,52,1,0,0,0,1,0,0,51,15,29,7,0,0,0,0,0,0,0,96,41,0,0,0,55,29,1,0,0,0,25,1453,247,114,0,0,0,80,34,0,23,0,23,0,110,0,0,0,0,0,0,1206,569,0,0,0,637,58,317,24,0,60,178,1271,1012,0,0,0,0,0,0,0,0,0,0,0,1005,7,0,0,7,0,0,259,0,0,0,0,259,0,178,9,0,63,9
"G2600510","2010","MI","2","3","Michigan","26","Gladwin County","051",,,,,,,,,,,,,,,"99999","99999","999",,,,,,,,,,,,,,,,,"1299601369","36650228","Gladwin County","A","+43.9897504","-084.3898162","06","9",,25692,12839,134,132,133,125,137,112,126,135,139,165,165,169,155,166,152,168,184,168,180,142,148,118,126,108,99,105,123,108,116,113,117,111,110,115,118,103,120,143,150,134,149,148,142,168,164,163,184,175,167,212,205,186,204,194,179,213,203,183,193,207,183,225,223,243,169,195,213,219,170,169,167,185,173,147,120,112,94,111,76,90,91,73,61,54,52,45,35,32,24,21,12,12,6,7,6,4,2,2,3,0,2,0,0,12853,106,112,130,130,126,111,129,145,116,164,148,156,158,163,130,153,168,148,139,142,126,106,109,105,115,97,89,87,112,108,117,108,124,117,109,101,114,124,126,139,176,152,161,155,152,146,166,160,193,186,195,209,212,191,207,208,231,235,178,203,215,232,246,204,165,206,187,215,180,160,199,183,155,125,126,142,120,105,100,113,76,88,91,70,68,55,60,51,28,30,20,34,22,16,12,11,5,4,6,2,2,1,0,25403,12710,661,677,807,519,318,146,117,325,553,563,639,757,895,959,991,406,631,406,552,787,477,322,202,12693,604,665,755,469,279,126,105,326,490,575,603,794,849,1005,1045,443,612,389,552,777,567,371,292,289,129,1,1,1,0,0,0,1,0,0,0,0,0,0,0,0,0,0,0,0,0,0,0,0,0,0,0,0,0,0,0,0,0,89,58,54,0,0,0,54,0,0,0,0,0,0,4,0,0,0,0,0,0,31,0,0,0,0,31,0,30,1,0,0,0,39,36,1,0,0,0,1,0,0,0,0,0,0,35,0,0,0,0,0,0,3,0,0,0,0,3,0,3,0,0,0,0,160,0,0,0,0,0,0,0,0,0,0,0,0,0,0,0,0,0,0,0,0,0,0,0,0,0,0,0,0,0,0,0,0,40,18,10,0,0,0,10,0,0,0,0,0,0,8,0,0,0,0,0,0,22,0,0,0,0,22,0,20,2,0,0,0,120,113,0,0,0,0,0,0,0,0,0,0,0,113,0,0,0,0,0,0,7,0,0,0,0,7,0,5,2,0,0,0
"G2600530","2010","MI","2","3","Michigan","26","Gogebic County","053",,,,,,,,,,,,,,,"99999","99999","999",,,,,,,,,,,,,,,,,"2853775286","969936900","Gogebic County","A","+46.4880535","-089.7883140","06","9",,16427,8760,69,69,67,96,73,65,71,58,80,80,78,73,84,100,88,76,88,93,107,135,142,89,112,105,112,116,109,103,99,119,99,114,93,81,105,116,102,100,136,103,117,123,103,109,145,133,123,139,124,118,144,137,164,146,153,129,154,139,142,139,163,155,143,134,90,98,109,105,86,92,69,75,71,76,81,69,53,59,71,58,48,45,40,44,35,36,23,22,41,14,17,13,13,8,11,3,1,1,0,1,1,0,0,7667,72,87,90,78,64,69,69,66,59,69,74,80,73,76,84,89,78,92,91,109,73,86,61,70,80,68,65,69,56,68,70,71,63,52,55,58,71,80,81,92,72,97,96,82,98,80,115,100,126,143,114,136,113,121,105,129,128,128,126,129,115,107,123,122,79,90,116,94,85,86,77,89,78,68,84,50,67,60,58,78,66,62,87,53,81,55,51,49,52,35,32,29,23,21,13,11,5,6,4,6,4,0,0,14878,7425,374,354,423,256,180,94,46,206,331,323,383,454,512,662,654,302,354,203,278,363,302,201,170,7453,391,331,385,259,181,70,82,209,324,311,382,444,562,586,637,222,323,204,261,389,299,320,281,1549,1335,1,0,0,0,0,0,0,0,0,0,0,0,0,0,0,0,0,0,0,0,1,0,0,0,0,1,1,0,0,0,0,0,1262,1175,1171,0,0,1148,23,0,0,0,0,0,0,4,0,0,0,0,0,0,87,72,0,0,0,15,4,11,0,0,0,0,72,72,11,0,0,11,0,0,0,0,0,0,0,61,0,0,0,0,0,0,0,0,0,0,0,0,0,0,0,0,0,0,214,3,0,0,0,0,0,0,0,0,0,0,0,0,0,0,0,0,0,0,0,3,0,0,0,0,3,3,0,0,0,0,0,40,4,0,0,0,0,0,0,0,0,0,0,0,4,0,0,0,0,0,0,36,26,0,0,0,10,0,10,0,0,0,0,171,167,0,0,0,0,0,0,0,0,0,0,0,167,0,0,0,0,0,0,4,0,0,0,0,4,0,4,0,0,0,0
"G2600550","2010","MI","2","3","Michigan","26","Grand Traverse County","055",,,,,,,,,,,,,,,"45900","99999","999",,,,,,,,,,,,,,,,,"1202611911","354786289","Grand Traverse County","A","+44.7186875","-085.5538484","06","2",,86986,42952,496,498,520,502,479,540,591,542,524,576,568,518,542,554,584,581,587,606,618,547,532,477,476,495,517,553,558,586,544,603,580,527,526,524,521,492,476,539,578,610,599,584,594,568,573,616,645,650,715,702,750,676,706,748,674,672,649,637,671,626,585,531,555,588,392,413,439,388,349,304,304,254,251,252,241,244,208,219,169,193,150,134,148,132,110,116,101,105,74,73,48,35,27,11,24,16,13,6,4,3,1,0,0,44034,420,452,500,528,512,465,562,519,469,572,519,550,535,525,567,561,572,559,583,440,452,422,467,484,493,504,498,526,504,537,497,487,497,468,502,478,475,466,500,624,595,501,546,558,595,637,669,713,706,733,745,704,776,787,709,704,729,679,648,663,601,606,575,630,465,415,423,450,398,363,340,296,326,260,308,283,237,284,234,245,260,271,253,225,212,194,180,155,157,130,114,112,71,71,56,46,29,26,15,13,16,1,0,84344,40983,2491,2771,2762,1766,1061,484,428,1340,2561,2438,2492,2712,3153,3385,3154,1095,1506,835,1019,1275,1005,645,605,43361,2406,2586,2692,1688,960,436,403,1431,2549,2429,2533,2776,3423,3689,3397,1199,1657,829,1205,1509,1243,1141,1180,2642,1969,18,8,8,0,0,2,6,0,0,0,0,0,0,0,0,0,0,0,0,0,10,0,0,0,0,10,5,0,0,0,0,5,1776,1443,1425,0,0,1294,131,0,0,0,0,0,0,18,0,0,0,0,0,0,333,105,0,0,0,228,24,99,16,0,19,70,175,111,30,0,0,30,0,0,0,0,0,0,0,81,0,0,0,0,0,0,64,0,0,0,0,64,0,50,0,0,4,10,673,15,2,2,0,0,0,2,0,0,0,0,0,0,0,0,0,0,0,0,0,13,0,0,0,0,13,3,1,0,0,0,9,296,40,22,0,0,3,19,0,0,0,0,0,0,18,0,0,0,0,0,0,256,85,0,0,0,171,26,77,14,0,6,48,362,222,0,0,0,0,0,0,0,0,0,0,0,222,0,0,0,0,0,0,140,0,0,0,0,140,0,112,0,0,26,2
"G2600570","2010","MI","2","3","Michigan","26","Gratiot County","057",,,,,,,,,,,,,,,"10940","99999","999",,,,,,,,,,,,,,,,,"1472313856","8150717","Gratiot County","A","+43.2923259","-084.6046900","06","2",,42476,22599,227,224,230,232,243,264,259,253,258,250,290,267,288,273,215,304,282,298,370,444,442,446,339,311,352,324,313,344,328,341,329,306,335,301,307,311,299,301,315,375,349,340,291,342,336,383,389,381,355,328,363,358,329,293,320,299,257,294,276,241,239,250,238,246,191,184,190,173,193,142,154,133,131,118,116,110,98,93,94,101,82,86,71,70,65,64,42,35,42,29,26,22,18,16,4,5,8,3,2,1,0,0,0,19877,235,217,204,248,247,246,202,223,276,277,246,256,250,253,265,265,265,285,358,371,394,335,239,209,209,215,230,219,210,209,218,235,220,211,219,179,198,209,236,270,255,221,247,257,254,275,274,283,278,300,286,301,268,269,264,288,260,279,279,239,245,224,217,206,205,192,196,189,200,166,151,155,132,142,152,144,126,123,126,123,123,99,100,99,96,114,74,84,92,65,64,40,39,33,25,23,24,12,5,11,10,1,0,36916,18118,1155,1283,1332,882,508,217,233,605,1018,1019,1095,1176,1419,1365,1221,440,629,358,476,618,479,341,249,18798,1151,1224,1270,812,424,222,198,615,1077,1100,1085,1225,1401,1373,1328,464,620,383,544,711,594,467,510,5560,4481,5,4,2,0,0,0,2,0,0,2,0,2,0,0,0,0,0,0,0,0,1,0,0,0,0,1,0,0,0,0,1,0,4276,3711,3680,0,0,3631,49,0,0,1,0,1,0,30,0,0,0,0,0,0,565,521,0,0,0,44,0,34,9,0,0,1,200,178,50,0,0,50,0,0,0,0,0,0,0,128,0,0,0,0,0,0,22,0,0,0,0,22,0,10,2,0,10,0,1079,3,2,1,0,0,0,1,0,0,1,0,1,0,0,0,0,0,0,0,0,1,0,0,0,0,1,0,1,0,0,0,0,735,29,9,0,0,2,7,0,0,0,0,0,0,20,0,0,0,0,0,0,706,641,0,0,0,65,0,45,9,0,0,11,341,296,0,0,0,0,0,0,0,0,0,0,0,296,0,0,0,0,0,0,45,0,0,0,0,45,0,23,0,0,18,4
"G2600590","2010","MI","2","3","Michigan","26","Hillsdale County","059",,,,,,,,,,,,,,,"99999","99999","999",,,,,,,,,,,,,,,,,"1549158422","22980609","Hillsdale County","A","+41.8644753","-084.6424093","06","9",,46688,23170,292,271,312,293,296,301,287,325,298,344,315,325,297,348,324,336,374,359,347,397,401,361,298,242,237,216,221,255,207,244,244,217,250,269,233,223,252,267,293,290,323,252,294,294,313,334,385,315,346,357,352,389,359,387,357,337,373,347,348,312,311,282,284,274,242,240,242,257,229,220,195,181,188,175,143,142,127,119,114,97,82,65,68,77,68,58,46,35,48,26,23,20,25,12,10,2,3,1,2,0,2,0,0,23518,225,254,289,286,289,304,291,290,276,314,326,322,319,309,294,329,341,336,387,387,389,363,303,237,229,218,214,238,227,236,264,253,256,218,257,233,237,253,274,302,290,275,267,273,284,316,353,317,310,407,350,377,381,389,349,382,333,334,336,306,276,340,338,296,268,235,259,259,203,217,207,189,186,163,169,153,145,151,143,153,118,99,116,92,98,80,86,83,94,45,46,49,54,30,19,13,13,12,10,1,12,0,0,45047,22470,1462,1555,1590,1027,549,288,297,716,1119,1197,1311,1454,1712,1822,1696,589,796,480,697,875,590,351,297,22577,1339,1475,1557,980,509,235,260,700,1125,1230,1287,1374,1685,1818,1672,610,893,483,669,902,732,491,551,1641,700,63,55,1,0,0,0,1,0,0,21,4,17,0,0,33,0,0,0,0,33,8,1,0,0,0,7,0,0,0,0,0,7,585,55,48,0,0,0,48,0,0,2,1,1,0,2,3,0,0,0,0,3,530,409,0,0,0,121,11,55,8,0,11,36,52,39,0,0,0,0,0,0,0,0,0,0,0,39,0,0,0,0,0,0,13,0,0,0,0,13,0,5,0,0,0,8,941,43,36,0,0,0,0,0,0,0,36,7,29,0,0,0,0,0,0,0,0,7,1,0,0,0,6,0,0,0,0,0,6,724,28,15,0,0,0,15,0,0,4,1,3,0,9,0,0,0,0,0,0,696,576,0,0,0,120,0,38,1,0,4,77,174,129,0,0,0,0,0,0,0,0,0,0,0,129,0,0,0,0,0,0,45,0,0,0,0,45,0,26,0,0,6,13
"G2600610","2010","MI","2","3","Michigan","26","Houghton County","061",,,,,,,,,,,,,,,"26340","99999","999",,,,,,,,,,,,,,,,,"2613554735","1275314652","Houghton County","A","+46.9983053","-088.6520662","06","2",,36628,19823,219,209,233,222,221,231,249,197,206,188,213,217,234,206,205,216,217,197,520,993,954,831,803,657,352,302,242,286,213,174,202,186,149,171,175,198,165,156,165,185,210,181,195,186,199,189,207,249,230,219,214,215,239,234,223,238,223,245,239,208,252,199,211,198,155,178,178,162,139,135,144,147,126,112,101,110,99,94,80,86,73,78,65,65,52,51,41,37,33,30,20,22,17,8,7,5,1,5,2,2,1,0,0,16805,190,218,193,220,206,197,231,187,234,195,217,198,203,206,197,196,184,210,340,452,402,398,357,260,209,185,188,199,192,162,190,162,169,178,154,169,176,160,170,179,152,151,171,174,195,214,221,205,203,234,208,249,220,242,197,223,205,227,227,222,192,190,211,197,172,185,153,194,168,127,131,147,112,126,127,101,99,92,86,97,91,89,92,85,78,60,73,58,64,68,50,41,47,35,24,14,16,12,10,5,13,0,0,33913,17963,1101,1071,1071,623,547,582,674,1648,1193,863,864,962,1087,1118,1140,448,561,353,432,619,450,317,239,15950,1024,1039,1018,589,448,301,351,790,924,851,851,839,1072,1107,1098,376,577,335,482,626,453,382,417,2715,1860,14,9,0,0,0,0,0,0,0,9,3,6,0,0,0,0,0,0,0,0,5,3,0,0,0,2,2,0,0,0,0,0,1750,39,27,0,0,0,27,0,0,2,0,2,0,10,0,0,0,0,0,0,1711,1636,0,0,0,75,12,26,17,0,4,16,96,85,0,0,0,0,0,0,0,0,0,0,0,85,0,0,0,0,0,0,11,0,0,0,0,11,0,7,0,0,4,0,855,12,5,0,0,0,0,0,0,0,5,5,0,0,0,0,0,0,0,0,0,7,1,0,0,0,6,6,0,0,0,0,0,568,14,1,0,0,0,1,0,0,0,0,0,0,13,0,0,0,0,0,0,554,524,0,0,0,30,12,13,0,0,5,0,275,269,0,0,0,0,0,0,0,0,0,0,0,269,0,0,0,0,0,0,6,0,0,0,0,6,0,0,0,0,6,0
"G2600630","2010","MI","2","3","Michigan","26","Huron County","063",,,,,,,,,,,,,,,"99999","99999","999",,,,,,,,,,,,,,,,,"2164469622","3369824158","Huron County","A","+43.9076160","-082.8570449","06","9",,33118,16438,165,166,167,172,158,157,178,174,179,203,203,198,220,221,218,246,227,226,197,157,160,152,173,127,161,171,175,156,162,159,164,149,158,153,135,153,170,152,174,176,210,220,190,203,241,240,252,239,250,254,287,280,280,287,245,310,274,289,275,243,224,260,261,232,183,197,182,200,189,207,170,163,149,155,166,154,111,120,116,110,90,100,93,90,78,75,53,57,35,31,38,19,16,11,8,4,5,0,3,2,0,0,0,16680,162,166,152,155,166,169,157,185,156,218,193,225,188,212,200,215,219,226,170,139,142,140,126,129,142,138,150,141,144,144,154,143,148,146,146,140,141,160,171,207,203,203,214,201,195,208,261,242,257,236,264,295,296,233,279,288,296,237,223,256,252,259,242,213,201,202,223,218,228,163,185,198,168,156,175,162,158,138,161,113,170,116,130,112,111,83,121,92,81,81,51,54,40,29,29,14,10,7,3,8,11,0,0,32594,16218,828,891,1060,698,343,160,150,445,813,752,818,1054,1219,1359,1374,478,665,372,590,792,592,437,328,16376,801,885,1018,659,306,141,137,396,711,734,816,1006,1197,1360,1284,506,651,419,602,863,707,601,576,524,220,1,0,0,0,0,0,0,0,0,0,0,0,0,0,0,0,0,0,0,0,1,0,0,0,0,1,0,1,0,0,0,0,133,52,48,0,0,0,48,0,0,0,0,0,0,4,0,0,0,0,0,0,81,0,0,0,0,81,0,75,0,0,2,4,86,61,0,0,0,0,0,0,0,0,0,0,0,61,0,0,0,0,0,0,25,0,0,0,0,25,0,25,0,0,0,0,304,1,0,0,0,0,0,0,0,0,0,0,0,0,0,0,0,0,0,0,0,1,0,0,0,0,1,0,1,0,0,0,0,70,17,6,0,0,0,6,0,0,0,0,0,0,11,0,0,0,0,0,0,53,0,0,0,0,53,0,46,0,0,5,2,233,197,0,0,0,0,0,0,0,0,0,0,0,197,0,0,0,0,0,0,36,0,0,0,0,36,0,32,0,0,4,0
"G2600650","2010","MI","2","3","Michigan","26","Ingham County","065",,,,,,,,,,,,,,,"29620","99999","330",,,,,,,,,,,,,,,,,"1440343968","11894285","Ingham County","A","+42.6035338","-084.3738107","06","1",,280895,136594,1578,1633,1712,1645,1608,1667,1701,1670,1545,1719,1692,1667,1614,1733,1614,1715,1700,1827,3162,4753,4653,4568,3887,2965,2717,2466,2298,2219,2071,2006,1964,1871,1794,1647,1580,1482,1475,1464,1581,1664,1616,1564,1559,1556,1542,1662,1602,1696,1706,1713,1747,1696,1762,1781,1733,1743,1648,1639,1612,1585,1503,1498,1418,1351,933,991,970,956,800,679,662,603,543,466,531,455,471,470,384,387,319,385,359,335,268,258,216,183,178,152,88,81,60,47,30,30,8,10,13,7,6,1,0,144301,1595,1578,1516,1653,1601,1588,1569,1505,1567,1555,1572,1520,1613,1664,1606,1565,1652,1640,3661,5081,5076,4886,3792,2846,2681,2319,2233,2106,2028,2002,1989,1894,1695,1675,1599,1513,1517,1550,1597,1704,1630,1625,1596,1572,1593,1774,1763,1846,1766,1842,1935,1890,2000,1953,1943,1975,1921,1803,1823,1713,1700,1538,1539,1473,1074,1058,1109,1091,931,813,755,697,695,616,634,621,619,593,600,571,591,545,515,474,510,457,367,396,339,285,258,221,150,141,110,59,65,40,24,21,38,2,0,262417,127439,8138,8266,8270,5173,3620,3045,3775,8811,10745,8700,7545,7701,8229,8526,8097,2958,3672,1938,2403,2763,2131,1624,1309,134978,7916,7743,7935,4806,3634,3350,4141,8821,10569,8792,7847,7959,8938,9661,9183,3216,4063,2148,2812,3346,2919,2507,2672,18478,9155,193,129,10,0,0,0,10,0,0,119,52,51,16,0,0,0,0,0,0,0,64,18,0,0,0,46,26,1,0,0,1,18,8728,669,605,0,0,0,605,0,0,6,6,0,0,34,24,12,8,4,0,0,8059,7310,0,0,0,749,159,282,111,0,7,190,234,161,4,0,0,0,4,0,0,0,0,0,0,140,17,5,8,4,0,0,73,0,0,0,0,73,7,38,0,0,2,26,9323,159,102,0,0,0,0,0,0,0,102,71,19,12,0,0,0,0,0,0,0,57,16,0,0,0,41,15,0,0,0,1,25,8557,136,58,0,0,0,58,0,0,8,8,0,0,48,22,15,5,2,0,0,8421,8042,0,0,0,379,56,176,41,0,5,101,607,522,0,0,0,0,0,0,0,0,0,0,0,472,50,14,9,27,0,0,85,0,0,0,0,85,0,46,2,0,16,21
"G2600670","2010","MI","2","3","Michigan","26","Ionia County","067",,,,,,,,,,,,,,,"24340","99999","266",,,,,,,,,,,,,,,,,"1479671240","22641747","Ionia County","A","+42.9446503","-085.0737660","06","1",,63905,34314,402,417,417,442,422,452,456,456,434,465,446,406,435,439,458,470,511,506,507,489,520,551,454,522,521,516,537,518,540,534,568,529,500,502,426,489,439,507,521,542,542,515,545,481,505,528,591,520,545,555,557,540,515,492,485,483,437,429,429,433,349,356,383,322,249,288,244,245,215,191,202,174,155,131,160,143,115,126,91,108,112,91,93,52,62,60,45,29,32,24,22,18,8,3,7,3,6,5,1,0,1,0,0,29591,368,408,436,398,388,421,378,416,437,409,406,429,473,441,476,440,439,478,395,309,321,286,313,330,355,346,341,376,349,358,397,333,353,371,360,357,362,360,406,400,420,423,385,405,399,459,431,448,495,471,454,425,466,456,465,412,406,390,377,364,356,336,333,351,254,283,264,267,221,186,193,191,182,181,159,168,131,141,159,152,142,107,117,130,91,73,67,72,57,69,42,45,15,31,19,6,4,11,6,1,8,0,0,58381,29020,2096,2263,2183,1470,766,311,324,911,1719,1807,1916,2036,2247,2267,2022,652,899,503,628,798,565,390,247,29361,1995,2060,2222,1356,698,321,282,989,1767,1808,1880,2022,2297,2252,1941,684,933,541,666,889,731,549,478,5524,5294,22,17,17,0,0,15,2,0,0,0,0,0,0,0,0,0,0,0,0,0,5,0,0,0,0,5,0,0,0,0,4,1,5141,5082,5060,0,0,4963,97,0,0,0,0,0,0,22,0,0,0,0,0,0,59,0,0,0,0,59,0,45,7,0,7,0,131,99,53,0,0,53,0,0,0,0,0,0,0,46,0,0,0,0,0,0,32,0,0,0,0,32,0,22,3,0,7,0,230,8,1,1,0,0,0,1,0,0,0,0,0,0,0,0,0,0,0,0,0,7,0,0,0,0,7,0,0,0,0,4,3,85,30,14,0,0,2,12,0,0,0,0,0,0,16,0,0,0,0,0,0,55,0,0,0,0,55,0,34,5,0,12,4,137,105,0,0,0,0,0,0,0,0,0,0,0,105,0,0,0,0,0,0,32,0,0,0,0,32,0,19,0,0,13,0
"G2600690","2010","MI","2","3","Michigan","26","Iosco County","069",,,,,,,,,,,,,,,"99999","99999","999",,,,,,,,,,,,,,,,,"1422153154","3473073181","Iosco County","A","+44.3294820","-082.8494466","06","9",,25887,12767,96,77,115,107,110,106,118,116,115,140,137,146,152,153,140,145,162,149,156,129,113,102,114,112,110,103,124,95,88,83,123,90,92,119,95,80,103,109,106,136,136,139,141,158,171,165,160,181,194,194,188,227,252,215,223,222,196,224,222,198,226,219,215,235,193,220,206,229,208,181,180,206,160,157,138,136,132,127,111,124,96,100,96,79,60,51,55,30,28,32,20,20,9,4,7,2,1,0,0,1,1,0,0,13120,92,102,109,103,114,107,136,118,109,136,129,157,119,146,142,134,136,181,139,97,86,102,111,98,90,99,101,95,106,105,92,101,93,101,93,105,102,107,110,142,134,147,132,128,170,176,177,210,188,226,217,182,252,209,195,216,255,221,220,211,230,231,225,263,212,198,205,242,224,190,148,176,166,184,145,172,142,128,110,129,134,102,101,88,88,66,79,70,53,49,38,27,17,26,14,10,9,7,6,2,3,0,0,25487,12590,502,595,727,452,279,113,100,318,474,515,526,736,889,1094,1054,443,636,423,614,833,619,414,234,12897,520,605,693,451,235,85,102,294,498,479,563,709,975,1052,1118,457,699,400,654,809,662,471,366,400,177,8,3,3,0,0,0,3,0,0,0,0,0,0,0,0,0,0,0,0,0,5,0,0,0,0,5,0,0,0,0,4,1,99,80,67,0,0,0,60,7,0,0,0,0,0,13,0,0,0,0,0,0,19,0,2,2,0,17,2,7,0,0,6,2,70,55,0,0,0,0,0,0,0,0,0,0,0,55,0,0,0,0,0,0,15,0,0,0,0,15,0,12,0,0,3,0,223,1,0,0,0,0,0,0,0,0,0,0,0,0,0,0,0,0,0,0,0,1,0,0,0,0,1,0,0,0,0,0,1,36,24,12,0,0,0,7,5,0,0,0,0,0,12,0,0,0,0,0,0,12,0,1,1,0,11,0,5,0,0,5,1,186,136,2,0,0,0,0,2,0,0,0,0,0,134,0,0,0,0,0,0,50,0,0,0,0,50,0,42,0,0,8,0
"G2600710","2010","MI","2","3","Michigan","26","Iron County","071",,,,,,,,,,,,,,,"99999","99999","999",,,,,,,,,,,,,,,,,"3020312287","116706564","Iron County","A","+46.1702489","-088.5404093","06","9",,11817,5821,58,55,50,38,51,55,47,59,54,57,53,56,52,61,62,64,72,70,65,57,40,40,40,42,44,36,44,66,51,46,53,58,57,47,56,49,42,41,36,51,51,57,51,78,51,79,86,82,102,92,104,96,115,113,110,103,110,110,146,121,108,103,111,114,83,81,105,93,74,74,57,61,64,69,54,62,37,44,53,40,48,43,45,41,45,28,27,25,20,22,15,7,12,5,8,6,1,0,3,1,0,0,0,5996,54,59,54,40,38,64,35,51,59,45,48,72,56,58,77,68,73,56,52,47,37,37,42,41,45,53,52,44,62,52,44,49,48,50,35,30,47,51,43,55,56,53,64,60,62,78,78,91,90,92,103,79,104,123,115,98,116,115,117,76,96,92,85,107,85,90,77,75,81,77,82,64,50,69,54,65,60,55,78,52,67,60,58,63,52,55,47,63,51,35,41,30,27,22,8,12,5,5,1,4,3,0,0,11462,5672,252,272,284,203,115,38,39,116,233,266,218,281,430,533,581,207,303,182,238,296,229,212,144,5790,243,254,311,194,98,36,36,125,258,224,225,290,425,520,516,188,276,167,232,310,299,269,294,355,149,3,2,0,0,0,0,0,0,0,2,0,2,0,0,0,0,0,0,0,0,1,0,0,0,0,1,1,0,0,0,0,0,77,31,22,0,0,0,22,0,0,0,0,0,0,9,0,0,0,0,0,0,46,0,0,0,0,46,6,12,28,0,0,0,69,65,0,0,0,0,0,0,0,0,0,0,0,65,0,0,0,0,0,0,4,0,0,0,0,4,1,3,0,0,0,0,206,5,3,0,0,0,0,0,0,0,3,0,3,0,0,0,0,0,0,0,0,2,0,0,0,0,2,2,0,0,0,0,0,34,8,4,0,0,0,4,0,0,0,0,0,0,4,0,0,0,0,0,0,26,0,0,0,0,26,5,3,18,0,0,0,167,167,0,0,0,0,0,0,0,0,0,0,0,167,0,0,0,0,0,0,0,0,0,0,0,0,0,0,0,0,0,0
"G2600730","2010","MI","2","3","Michigan","26","Isabella County","073",,,,,,,,,,,,,,,"34380","99999","999",,,,,,,,,,,,,,,,,"1483225590","12960487","Isabella County","A","+43.6452331","-084.8394245","06","2",,70311,34216,401,378,370,358,357,355,348,368,366,329,364,382,339,316,348,318,380,402,1136,1864,1991,1838,1688,1155,809,612,508,460,478,407,402,371,326,296,336,314,278,328,324,307,361,337,319,321,328,382,391,374,362,370,369,398,359,390,360,378,367,345,355,318,328,288,327,273,187,183,231,213,199,169,187,160,146,133,127,116,106,108,89,88,100,78,81,59,66,65,38,32,37,33,23,13,10,2,15,9,2,1,2,0,1,0,0,36095,377,336,333,355,369,346,345,324,342,382,375,345,309,329,277,325,326,360,1674,2341,2343,2192,1696,990,688,560,426,406,385,384,332,350,326,314,328,290,270,286,332,316,350,318,316,312,358,393,333,357,396,374,413,385,420,413,377,408,368,360,372,341,297,328,320,279,218,214,246,232,178,214,204,197,147,167,157,142,133,137,136,137,118,134,124,108,100,76,107,65,88,86,60,51,42,25,24,14,14,8,13,2,5,0,0,63771,31338,1863,1762,1748,1084,1306,1472,1657,3500,2413,1703,1514,1650,1845,1852,1743,613,777,408,571,742,493,368,254,32433,1765,1736,1628,999,1611,1751,1991,3246,2147,1641,1482,1641,1841,1992,1839,620,808,451,613,851,662,543,575,6540,2878,22,15,1,0,0,0,1,0,0,14,9,1,4,0,0,0,0,0,0,0,7,5,0,0,0,2,0,0,0,0,0,2,2770,158,134,0,0,0,134,0,0,1,1,0,0,23,0,0,0,0,0,0,2612,2521,0,0,0,91,0,71,0,0,0,20,86,69,0,0,0,0,0,0,0,0,0,0,0,69,0,0,0,0,0,0,17,0,0,0,0,17,0,14,0,0,0,3,3662,27,21,0,0,0,0,0,0,0,21,11,10,0,0,0,0,0,0,0,0,6,4,0,0,0,2,0,0,0,0,0,2,3425,38,21,0,0,0,21,0,0,1,1,0,0,15,1,0,0,1,0,0,3387,3301,0,0,0,86,7,63,0,0,0,16,210,179,0,0,0,0,0,0,0,0,0,0,0,179,0,0,0,0,0,0,31,0,0,0,0,31,0,29,0,0,0,2
"G2600750","2010","MI","2","3","Michigan","26","Jackson County","075",,,,,,,,,,,,,,,"27100","99999","999",,,,,,,,,,,,,,,,,"1817306121","56540223","Jackson County","A","+42.2484738","-084.4208679","06","1",,160248,81710,914,964,954,1049,978,1013,1055,1026,1006,1091,1093,1104,1123,1072,1152,1132,1167,1154,1262,1275,1157,1117,1022,942,1001,975,922,994,1083,995,1065,1080,1024,995,981,1053,995,1044,1129,1264,1211,1211,1169,1176,1183,1266,1280,1298,1306,1424,1340,1296,1374,1278,1164,1190,1145,1166,1093,1120,1000,962,985,953,730,761,727,785,609,533,501,501,486,399,442,426,389,383,331,315,324,285,224,254,210,205,169,137,117,119,88,80,52,34,25,20,19,5,6,2,4,1,0,78538,904,878,921,917,963,981,1007,994,992,1000,1050,1039,1090,1052,1132,1048,1047,1133,1146,1192,1099,968,930,873,904,868,827,840,833,899,855,873,863,801,835,813,846,902,978,1142,1055,1043,983,1008,1015,1154,1166,1216,1140,1215,1249,1185,1241,1185,1235,1252,1085,1126,1104,1044,952,978,1033,1015,713,727,764,739,683,615,564,564,546,500,476,468,491,457,446,414,461,409,426,406,334,330,308,264,244,205,213,159,121,92,85,64,43,34,22,14,20,3,0,150576,73605,4857,5188,5533,3414,2117,876,827,2331,3936,4151,4531,4971,5692,5827,5354,1862,2546,1446,1845,2249,1797,1249,1006,76971,4579,4972,5359,3220,1941,884,822,2608,4231,4197,4657,5081,5885,6067,5582,1922,2738,1478,2021,2622,2210,1939,1956,9672,8105,55,42,19,0,0,15,4,0,0,23,0,0,23,0,0,0,0,0,0,0,13,1,0,0,0,12,6,3,0,0,2,1,7674,6957,6916,0,0,6559,357,0,0,0,0,0,0,41,0,0,0,0,0,0,717,578,0,0,0,139,17,80,9,0,9,24,376,354,198,0,0,198,0,0,0,0,0,0,0,156,0,0,0,0,0,0,22,0,0,0,0,22,0,20,2,0,0,0,1567,18,5,1,0,0,0,1,0,0,4,0,0,4,0,0,0,0,0,0,0,13,1,0,0,0,12,7,1,0,0,4,0,1064,78,51,0,0,4,47,0,0,0,0,0,0,27,0,0,0,0,0,0,986,832,0,0,0,154,12,103,15,0,10,14,485,437,0,0,0,0,0,0,0,0,0,0,0,437,0,0,0,0,0,0,48,0,0,0,0,48,0,43,3,0,2,0
"G2600770","2010","MI","2","3","Michigan","26","Kalamazoo County","077",,,,,,,,,,,,,,,"28020","99999","999",,,,,,,,,,,,,,,,,"1454688724","48274044","Kalamazoo County","A","+42.2462657","-085.5328544","06","1",,250331,122569,1476,1591,1670,1594,1670,1642,1529,1609,1661,1676,1613,1610,1524,1655,1594,1650,1670,1704,2033,2788,3107,3276,3173,2615,2262,1980,1867,1823,1717,1703,1638,1505,1552,1371,1442,1465,1289,1414,1475,1517,1635,1470,1501,1454,1372,1575,1517,1552,1569,1712,1715,1718,1691,1664,1634,1651,1546,1505,1511,1480,1318,1224,1328,1292,875,921,949,932,826,673,642,674,615,527,573,521,463,461,444,463,387,392,338,317,314,262,228,208,187,136,134,102,65,47,38,20,10,13,8,7,13,0,0,127762,1596,1478,1553,1511,1507,1525,1562,1439,1498,1548,1631,1643,1574,1592,1482,1465,1568,1616,2092,2870,3024,3220,2875,2267,1933,1885,1763,1784,1687,1694,1718,1595,1576,1477,1419,1435,1375,1455,1533,1658,1667,1512,1446,1446,1469,1607,1650,1706,1722,1803,1745,1668,1862,1814,1750,1696,1685,1615,1713,1506,1481,1473,1436,1263,1034,1006,1045,1049,923,857,835,777,699,718,692,694,614,611,664,590,599,600,558,526,496,504,447,379,380,343,270,210,183,163,111,107,68,42,35,27,43,5,0,241876,118311,7972,8094,7967,4943,3452,2616,2852,7455,8908,7404,7075,7324,7780,8291,7585,2503,3458,1858,2404,2993,2306,1692,1379,123565,7622,7560,7904,4611,3453,2497,2828,6654,8700,7742,7423,7501,8445,8795,8176,2935,3701,2030,2804,3654,3075,2619,2836,8455,4258,162,102,9,0,0,0,9,0,0,72,4,42,26,0,21,0,0,0,0,21,60,13,0,0,0,47,38,0,0,0,1,8,3818,537,314,0,0,0,237,77,0,1,0,1,0,106,116,116,0,0,0,0,3281,2717,0,0,0,564,155,231,37,0,14,127,278,238,4,0,0,0,2,2,0,0,0,0,0,218,16,9,0,7,0,0,40,0,0,0,0,40,6,23,3,0,0,8,4197,91,34,2,0,0,0,2,0,0,22,1,12,9,0,10,0,0,0,0,10,57,15,0,0,0,42,34,0,3,0,0,5,3254,186,42,0,0,0,42,0,0,2,1,1,0,82,60,34,0,0,0,26,3068,2806,0,0,0,262,80,105,14,0,11,52,852,719,0,0,0,0,0,0,0,0,0,0,0,708,11,0,0,11,0,0,133,0,0,0,0,133,7,27,2,0,25,72
"G2600790","2010","MI","2","3","Michigan","26","Kalkaska County","079",,,,,,,,,,,,,,,"45900","99999","999",,,,,,,,,,,,,,,,,"1450043265","28078610","Kalkaska County","A","+44.6788808","-085.0889915","06","2",,17153,8717,99,117,111,89,133,90,106,99,102,122,134,112,96,125,106,124,125,122,125,83,81,76,84,91,97,91,88,86,83,100,104,82,86,103,84,102,99,102,104,128,115,106,114,110,119,143,134,123,127,156,144,148,152,132,151,144,125,145,151,139,117,128,114,145,94,95,100,106,106,80,74,86,80,68,61,55,47,56,45,43,32,40,36,33,20,15,17,17,14,11,3,2,2,2,2,0,1,0,0,0,1,0,0,8436,89,92,108,106,99,110,122,89,87,113,118,115,103,92,105,118,100,115,93,86,77,80,68,77,87,83,88,63,104,89,96,99,78,97,84,104,87,113,104,98,117,97,105,101,98,138,128,135,130,150,129,144,140,147,148,113,133,151,117,117,117,105,119,135,99,112,118,122,84,84,72,80,74,65,68,53,54,52,56,57,39,42,38,32,35,18,29,22,17,18,13,7,9,2,3,2,3,3,3,1,0,0,0,17015,8619,549,519,572,370,202,78,74,265,434,455,522,557,677,717,702,240,350,193,292,363,244,160,84,8396,494,521,533,333,178,77,80,229,424,451,500,517,678,705,630,219,352,230,290,355,271,185,144,138,98,2,0,0,0,0,0,0,0,0,0,0,0,0,0,0,0,0,0,0,0,2,0,0,0,0,2,0,0,0,0,2,0,82,44,44,0,0,0,44,0,0,0,0,0,0,0,0,0,0,0,0,0,38,0,0,0,0,38,0,26,0,0,12,0,14,0,0,0,0,0,0,0,0,0,0,0,0,0,0,0,0,0,0,0,14,0,0,0,0,14,0,14,0,0,0,0,40,0,0,0,0,0,0,0,0,0,0,0,0,0,0,0,0,0,0,0,0,0,0,0,0,0,0,0,0,0,0,0,0,28,11,11,0,0,0,11,0,0,0,0,0,0,0,0,0,0,0,0,0,17,0,0,0,0,17,0,12,0,0,5,0,12,0,0,0,0,0,0,0,0,0,0,0,0,0,0,0,0,0,0,0,12,0,0,0,0,12,0,12,0,0,0,0
"G2600810","2010","MI","2","3","Michigan","26","Kent County","081",,,,,,,,,,,,,,,"24340","99999","266",,,,,,,,,,,,,,,,,"2193584722","64739558","Kent County","A","+43.0324971","-085.5474460","06","1",,602622,295102,4330,4462,4562,4644,4431,4576,4332,4313,4490,4482,4626,4460,4410,4429,4586,4499,4584,4675,4541,4457,4381,4446,4530,4447,4492,4591,4234,4449,4332,4380,4407,3950,3857,3944,3614,3713,3453,3665,3762,4074,4124,3829,3896,3820,3925,4080,4465,4243,4448,4256,4435,4262,4375,4243,3961,3956,3842,3701,3560,3198,3120,2889,2854,2748,2072,2025,1940,2023,1703,1450,1431,1485,1294,1138,1176,1055,983,969,985,1030,891,878,857,717,693,666,581,463,407,353,262,230,165,115,85,53,28,21,10,14,13,0,1,307520,4244,4219,4338,4377,4346,4253,4363,4187,4151,4327,4380,4272,4305,4240,4237,4235,4337,4432,4367,4420,4541,4579,4882,4733,4730,4583,4422,4425,4407,4383,4430,4115,3890,3920,3776,3741,3578,3580,3828,4131,4237,3972,3761,3933,4084,4307,4414,4464,4528,4523,4528,4337,4461,4384,4168,4161,3958,3813,3614,3443,3277,3166,3170,3041,2158,2205,2222,2245,2069,1820,1628,1615,1601,1525,1483,1472,1324,1434,1419,1401,1317,1241,1318,1216,1162,1067,1009,867,847,766,566,500,422,299,248,206,138,83,72,45,54,7,1,591269,289169,22399,22168,22418,13555,7817,3906,4204,13059,21657,19524,18449,19312,21158,20905,17981,5911,7545,3884,5093,6415,4855,3825,3129,302100,21487,21266,21393,12895,7411,3996,4330,14102,22118,20033,18765,19880,22112,21720,18844,6392,8282,4387,6061,7748,6855,5889,6134,11353,5933,351,232,32,0,0,0,29,3,0,200,4,139,57,0,0,0,0,0,0,0,119,4,0,0,0,115,27,6,14,0,55,13,4593,1402,963,0,0,0,777,186,0,14,0,14,0,425,0,0,0,0,0,0,3191,1649,0,0,0,1542,191,630,318,0,164,239,989,909,7,0,0,0,7,0,0,0,0,0,0,902,0,0,0,0,0,0,80,0,0,0,0,80,6,38,9,0,15,12,5420,202,87,0,0,0,0,0,0,0,87,6,57,24,0,0,0,0,0,0,0,115,7,0,0,0,108,39,2,16,0,44,7,3378,355,162,0,0,0,122,40,0,10,2,2,6,183,0,0,0,0,0,0,3023,2151,0,0,0,872,102,486,114,0,87,83,1840,1572,0,0,0,0,0,0,0,0,0,0,0,1572,0,0,0,0,0,0,268,0,0,0,0,268,0,80,19,0,34,135
"G2600830","2010","MI","2","3","Michigan","26","Keweenaw County","083",,,,,,,,,,,,,,,"26340","99999","999",,,,,,,,,,,,,,,,,"1398883200","14053475910","Keweenaw County","A","+47.6819813","-088.1488021","06","2",,2156,1107,9,13,11,10,8,12,8,12,13,15,8,17,7,6,20,13,9,10,15,10,15,4,6,8,9,6,5,9,9,8,10,12,8,5,12,16,9,11,12,10,10,12,8,12,3,11,21,19,17,16,11,18,18,15,24,17,26,17,16,17,27,25,26,30,24,15,17,31,26,14,17,12,12,12,13,12,8,6,14,10,9,6,2,4,6,2,3,0,2,3,0,0,0,0,0,0,0,1,0,0,0,0,0,1049,11,10,9,7,10,9,11,16,11,7,13,11,7,11,12,10,8,11,9,7,9,5,7,5,6,5,7,8,8,9,5,12,11,9,9,12,8,11,10,7,9,6,6,7,14,12,13,16,20,17,18,24,16,20,22,16,18,28,19,20,21,21,26,20,16,20,15,14,23,16,13,11,14,18,15,10,12,10,15,9,5,4,4,6,2,4,4,6,1,3,4,1,0,1,0,0,0,0,0,0,1,0,0,2146,1097,51,60,58,32,25,15,3,23,34,47,54,45,84,86,93,52,78,32,71,66,50,27,11,1049,47,54,54,29,16,9,5,18,37,46,48,42,78,100,101,42,62,35,53,71,56,21,25,10,10,0,0,0,0,0,0,0,0,0,0,0,0,0,0,0,0,0,0,0,0,0,0,0,0,0,0,0,0,0,0,0,0,10,4,4,0,0,0,4,0,0,0,0,0,0,0,0,0,0,0,0,0,6,0,0,0,0,6,0,0,0,0,0,6,0,0,0,0,0,0,0,0,0,0,0,0,0,0,0,0,0,0,0,0,0,0,0,0,0,0,0,0,0,0,0,0,0,0,0,0,0,0,0,0,0,0,0,0,0,0,0,0,0,0,0,0,0,0,0,0,0,0,0,0,0,0,0,0,0,0,0,0,0,0,0,0,0,0,0,0,0,0,0,0,0,0,0,0,0,0,0,0,0,0,0,0,0,0,0,0,0,0,0,0,0,0,0,0,0,0,0,0,0,0,0,0,0,0,0,0,0,0,0,0,0,0,0,0,0,0,0,0,0
"G2600850","2010","MI","2","3","Michigan","26","Lake County","085",,,,,,,,,,,,,,,"99999","99999","999",,,,,,,,,,,,,,,,,"1469481397","17896759","Lake County","A","+43.9951867","-085.8113997","06","9",,11539,5898,41,55,60,38,61,53,50,52,50,49,72,65,65,62,71,72,75,53,60,41,46,46,43,43,56,51,48,47,40,56,58,48,54,47,44,44,64,46,67,81,76,65,55,74,73,70,82,94,96,88,105,107,101,93,93,93,108,107,102,103,102,106,102,141,86,98,115,107,92,97,76,99,81,80,61,71,62,30,44,41,35,36,39,24,25,14,16,16,13,8,3,6,5,2,1,4,0,0,0,0,1,0,0,5641,45,45,73,57,46,58,64,54,41,60,45,75,62,54,57,65,61,59,40,40,37,54,41,43,45,41,48,45,52,49,53,51,52,39,34,41,46,62,58,69,55,53,54,71,66,80,75,90,90,99,105,72,98,118,83,120,109,103,100,104,95,108,82,123,93,99,95,91,87,71,94,55,79,68,51,73,44,42,45,40,26,48,37,32,26,26,13,12,12,10,18,9,7,6,5,3,2,2,1,2,3,0,0,11142,5616,251,253,335,199,101,40,36,106,191,212,275,315,407,486,505,205,327,208,294,396,244,150,80,5526,265,275,293,184,80,32,54,125,224,218,261,288,429,473,533,201,295,194,248,342,236,160,116,397,282,6,3,1,0,0,0,0,1,0,2,2,0,0,0,0,0,0,0,0,0,3,0,0,0,0,3,0,0,0,0,3,0,246,241,232,0,0,0,17,215,0,1,1,0,0,8,0,0,0,0,0,0,5,0,0,0,0,5,0,1,0,0,4,0,30,25,0,0,0,0,0,0,0,0,0,0,0,25,0,0,0,0,0,0,5,0,0,0,0,5,0,2,0,0,3,0,115,4,2,0,0,0,0,0,0,0,2,2,0,0,0,0,0,0,0,0,0,2,0,0,0,0,2,0,0,0,0,2,0,73,65,58,0,0,0,3,55,0,0,0,0,0,7,0,0,0,0,0,0,8,0,0,0,0,8,0,3,0,0,5,0,38,35,0,0,0,0,0,0,0,0,0,0,0,35,0,0,0,0,0,0,3,0,0,0,0,3,0,0,0,0,3,0
"G2600870","2010","MI","2","3","Michigan","26","Lapeer County","087",,,,,,,,,,,,,,,"19820","47644","220",,,,,,,,,,,,,,,,,"1665397257","51362519","Lapeer County","A","+43.0886327","-083.2243247","06","1",,88319,44535,431,413,449,511,541,539,616,596,616,617,625,644,734,684,701,748,736,769,742,630,554,500,468,424,474,420,419,405,401,421,444,460,432,444,413,475,497,524,596,596,619,662,653,715,673,764,780,794,749,820,783,791,836,807,828,780,709,661,635,654,588,587,540,571,421,440,463,476,400,324,326,308,301,219,244,225,201,185,170,162,142,125,119,112,85,74,64,60,46,34,22,26,13,12,9,5,4,6,3,0,1,0,0,43784,371,488,464,468,464,522,578,552,602,561,612,644,614,649,660,699,736,700,623,486,407,405,416,425,392,390,395,366,429,448,436,441,401,437,449,468,493,500,601,634,622,603,657,713,718,741,808,741,781,783,770,761,768,769,760,710,672,632,629,616,583,565,566,586,431,434,469,434,390,396,310,312,288,282,263,237,194,229,228,191,186,161,175,157,159,163,138,96,97,92,55,55,49,30,29,25,14,10,7,7,11,0,0,86603,43247,2343,2982,3387,2182,1235,521,466,1296,1966,2076,2571,3211,3807,3931,3340,1152,1505,893,1183,1375,918,563,344,43356,2255,2813,3178,2135,1105,404,403,1222,2019,2156,2685,3306,3833,3816,3245,1140,1575,892,1207,1431,1042,779,715,1716,1288,76,69,69,0,0,66,3,0,0,0,0,0,0,0,0,0,0,0,0,0,7,0,0,0,0,7,2,0,0,0,1,4,1082,977,959,0,0,865,94,0,0,0,0,0,0,16,2,2,0,0,0,0,105,0,0,0,0,105,5,90,4,0,0,6,130,88,21,0,0,21,0,0,0,0,0,0,0,67,0,0,0,0,0,0,42,0,0,0,0,42,0,30,0,0,12,0,428,3,0,0,0,0,0,0,0,0,0,0,0,0,0,0,0,0,0,0,0,3,0,0,0,0,3,0,0,0,0,0,3,118,36,13,0,0,0,13,0,0,0,0,0,0,20,3,3,0,0,0,0,82,0,0,0,0,82,3,56,3,0,13,7,307,186,0,0,0,0,0,0,0,0,0,0,0,186,0,0,0,0,0,0,121,0,0,0,0,121,0,75,0,0,46,0
"G2600890","2010","MI","2","3","Michigan","26","Leelanau County","089",,,,,,,,,,,,,,,"45900","99999","999",,,,,,,,,,,,,,,,,"899168573","5659178382","Leelanau County","A","+45.1461816","-086.0515740","06","2",,21708,10703,89,82,92,106,94,95,111,120,107,130,118,131,139,139,110,160,162,208,143,88,101,74,70,97,81,80,80,70,67,88,93,71,74,86,67,80,77,93,110,109,146,104,100,111,110,125,138,145,160,175,144,209,175,183,180,235,195,198,219,185,215,178,210,200,150,175,166,159,154,124,119,116,134,116,105,91,80,95,82,107,61,81,71,54,61,42,41,40,35,35,19,17,14,10,6,3,2,0,0,4,2,0,0,11005,84,94,81,101,117,94,120,107,98,106,102,133,115,145,122,138,131,159,128,93,72,67,65,76,88,63,76,71,85,75,79,79,70,90,83,99,87,83,82,124,125,108,120,113,140,133,169,177,209,189,154,178,183,208,203,227,235,218,217,217,188,195,194,228,134,150,163,163,141,147,121,137,136,100,104,108,90,95,93,91,106,77,66,73,65,72,59,48,46,37,43,29,23,24,15,12,11,4,5,0,6,1,0,21424,10563,460,561,637,504,217,101,74,242,379,382,458,569,737,887,1026,393,558,341,435,587,448,320,247,10861,472,520,617,417,220,72,67,227,368,400,472,605,875,926,1111,382,555,311,449,595,468,364,368,284,140,31,1,1,0,0,0,1,0,0,0,0,0,0,0,0,0,0,0,0,0,30,0,0,0,0,30,0,0,0,0,30,0,66,32,24,0,0,0,24,0,0,0,0,0,0,8,0,0,0,0,0,0,34,1,0,0,0,33,0,8,0,0,24,1,43,29,0,0,0,0,0,0,0,0,0,0,0,29,0,0,0,0,0,0,14,0,0,0,0,14,0,9,0,0,5,0,144,21,0,0,0,0,0,0,0,0,0,0,0,0,0,0,0,0,0,0,0,21,0,0,0,0,21,0,0,0,0,21,0,17,7,3,0,0,0,3,0,0,0,0,0,0,4,0,0,0,0,0,0,10,0,0,0,0,10,0,3,0,0,7,0,106,68,0,0,0,0,0,0,0,0,0,0,0,68,0,0,0,0,0,0,38,0,0,0,0,38,0,25,0,0,13,0
"G2600910","2010","MI","2","3","Michigan","26","Lenawee County","091",,,,,,,,,,,,,,,"10300","99999","999",,,,,,,,,,,,,,,,,"1941337767","30701176","Lenawee County","A","+41.8959147","-084.0668533","06","2",,99892,50458,560,533,609,645,611,590,638,673,644,637,723,667,726,622,720,796,799,775,888,830,795,730,663,556,580,594,565,581,603,592,621,635,593,579,588,607,592,635,679,727,749,726,653,721,664,745,764,782,756,740,795,777,812,811,794,733,719,702,714,689,653,655,634,676,482,483,481,469,428,351,343,321,306,278,293,248,197,241,202,206,182,170,176,177,135,126,112,92,67,62,48,21,29,24,18,10,8,4,1,0,2,0,0,49434,510,521,553,587,560,599,586,594,601,665,649,637,663,680,698,647,700,710,739,792,731,611,552,481,518,470,500,483,479,524,534,520,539,550,486,561,535,571,646,695,662,578,644,656,684,701,758,766,718,738,774,737,842,742,689,778,722,715,738,679,677,664,661,695,470,472,528,533,450,410,377,339,335,341,309,314,288,289,277,330,270,266,251,274,274,207,186,162,164,153,120,83,68,44,47,38,19,16,11,9,13,1,1,94496,46612,2948,3178,3433,2234,1310,571,532,1525,2557,2632,2885,3130,3456,3726,3395,1257,1746,937,1207,1507,1069,809,568,47884,2723,3041,3317,2050,1159,544,495,1490,2431,2621,2990,3197,3658,3751,3603,1323,1801,986,1374,1656,1421,1165,1088,5396,3846,175,154,3,0,0,3,0,0,0,151,0,0,151,0,0,0,0,0,0,0,21,0,0,0,0,21,0,0,0,0,6,15,3457,2465,2430,0,0,2255,175,0,0,3,0,0,3,28,4,4,0,0,0,0,992,814,0,0,0,178,30,105,0,0,13,30,214,173,72,0,0,72,0,0,0,0,0,0,0,101,0,0,0,0,0,0,41,0,0,0,0,41,0,36,0,0,3,2,1550,29,13,0,0,0,0,0,0,0,13,0,0,13,0,0,0,0,0,0,0,16,0,0,0,0,16,0,0,0,0,5,11,942,70,38,0,0,5,33,0,0,0,0,0,0,29,3,3,0,0,0,0,872,718,0,0,0,154,5,82,0,0,25,42,579,291,0,0,0,0,0,0,0,0,0,0,0,291,0,0,0,0,0,0,288,0,0,0,0,288,0,53,0,0,7,228
"G2600930","2010","MI","2","3","Michigan","26","Livingston County","093",,,,,,,,,,,,,,,"19820","47644","220",,,,,,,,,,,,,,,,,"1464001028","52188299","Livingston County","A","+42.6025316","-083.9117183","06","1",,180967,90527,933,911,1014,1075,1145,1219,1277,1296,1356,1415,1526,1485,1547,1433,1521,1585,1614,1519,1338,1002,922,854,880,814,884,856,869,882,838,903,895,875,865,911,884,986,1014,991,1216,1418,1412,1355,1394,1426,1509,1673,1636,1613,1717,1700,1746,1718,1596,1515,1505,1478,1400,1358,1280,1255,1151,1134,1167,1130,813,799,846,877,739,627,603,564,472,454,424,355,287,328,273,286,277,223,242,211,172,155,127,135,105,81,64,44,28,29,14,11,9,12,4,1,0,0,0,90440,830,983,951,982,1100,1130,1204,1200,1288,1361,1343,1405,1395,1454,1447,1454,1459,1380,1125,870,784,767,822,811,786,796,814,806,846,928,868,892,887,875,929,971,1045,1156,1269,1426,1518,1400,1431,1541,1506,1683,1675,1713,1677,1696,1601,1626,1600,1532,1483,1473,1411,1315,1307,1288,1206,1087,1133,1113,820,902,875,862,736,687,604,544,528,462,411,444,373,379,381,382,318,302,319,305,280,258,242,199,188,176,148,119,89,70,56,48,29,18,13,4,13,2,0,179815,89913,5075,6561,7511,4708,2308,891,840,2524,4294,4391,5588,7053,8287,8041,6733,2275,3092,1644,2232,2496,1510,1085,774,89902,4845,6181,7044,4290,1988,768,766,2403,4183,4440,5859,7390,8429,7824,6779,2286,3054,1770,2264,2525,1913,1453,1448,1152,614,16,9,8,0,0,0,8,0,0,1,1,0,0,0,0,0,0,0,0,0,7,0,0,0,0,7,2,0,0,0,1,4,461,312,281,0,0,100,181,0,0,0,0,0,0,31,0,0,0,0,0,0,149,0,0,0,0,149,0,69,63,0,17,0,137,117,2,0,0,0,2,0,0,0,0,0,0,115,0,0,0,0,0,0,20,0,0,0,0,20,0,18,0,0,2,0,538,6,1,1,0,0,0,1,0,0,0,0,0,0,0,0,0,0,0,0,0,5,0,0,0,0,5,2,0,0,0,2,1,139,53,19,0,0,2,17,0,0,0,0,0,0,34,0,0,0,0,0,0,86,1,0,0,0,85,0,45,35,0,0,5,393,337,0,0,0,0,0,0,0,0,0,0,0,337,0,0,0,0,0,0,56,0,0,0,0,56,0,25,2,0,29,0
"G2600950","2010","MI","2","3","Michigan","26","Luce County","095",,,,,,,,,,,,,,,"99999","99999","999",,,,,,,,,,,,,,,,,"2328602234","2624718308","Luce County","A","+46.9406018","-085.5823683","06","9",,6631,3827,29,38,27,31,35,20,38,28,33,42,23,29,29,45,29,48,32,46,40,30,38,36,47,51,70,46,60,61,74,59,58,66,60,59,69,66,61,69,72,60,91,67,59,41,54,58,58,67,66,63,66,69,67,65,65,66,52,49,53,49,37,41,56,51,33,38,34,35,27,28,29,35,32,31,35,23,18,17,19,15,15,10,10,12,16,6,8,7,9,3,4,3,3,1,0,2,2,1,0,1,1,0,0,2804,30,32,28,26,29,40,30,22,36,32,26,22,37,44,39,36,43,32,28,16,26,23,20,17,22,26,28,31,30,25,27,24,22,26,29,27,30,20,33,34,34,37,25,34,35,35,34,20,51,40,42,43,55,57,42,46,45,32,48,50,45,36,46,35,34,37,23,57,35,29,39,43,21,43,30,22,26,16,22,19,22,17,21,19,12,18,9,11,14,5,11,5,6,8,7,3,3,1,1,0,0,0,0,5420,2678,158,161,154,121,54,20,14,67,140,122,155,165,192,246,213,72,131,67,85,153,89,58,41,2742,145,160,168,111,43,26,23,58,138,126,144,164,179,237,216,78,112,60,119,169,102,84,80,1211,1149,8,5,0,0,0,0,0,0,0,5,5,0,0,0,0,0,0,0,0,0,3,0,0,0,0,3,3,0,0,0,0,0,1104,1093,1092,0,0,1092,0,0,0,0,0,0,0,1,0,0,0,0,0,0,11,0,0,0,0,11,0,9,0,0,2,0,37,23,10,0,0,10,0,0,0,0,0,0,0,13,0,0,0,0,0,0,14,0,0,0,0,14,0,12,0,0,2,0,62,0,0,0,0,0,0,0,0,0,0,0,0,0,0,0,0,0,0,0,0,0,0,0,0,0,0,0,0,0,0,0,0,21,2,0,0,0,0,0,0,0,0,0,0,0,2,0,0,0,0,0,0,19,0,0,0,0,19,1,12,0,0,6,0,41,27,0,0,0,0,0,0,0,0,0,0,0,27,0,0,0,0,0,0,14,0,0,0,0,14,0,12,0,0,2,0
"G2600970","2010","MI","2","3","Michigan","26","Mackinac County","097",,,,,,,,,,,,,,,"99999","99999","999",,,,,,,,,,,,,,,,,"2645851022","2794791851","Mackinac County","A","+46.1679807","-085.3037562","06","9",,11113,5612,60,37,53,54,61,64,45,55,60,51,79,67,55,70,54,102,80,73,64,45,50,33,43,47,49,44,43,45,38,40,51,39,46,46,59,50,59,56,58,66,61,56,74,66,81,76,89,85,105,87,94,91,92,88,97,104,101,99,125,99,92,107,92,91,70,78,73,96,88,75,88,54,60,60,56,47,49,42,39,48,28,41,31,23,24,15,18,13,12,8,5,8,7,6,3,0,1,2,1,0,0,0,0,5501,35,36,43,55,38,52,49,63,46,60,43,49,63,52,71,59,76,64,46,41,48,41,31,47,44,47,30,51,45,67,49,44,50,53,51,68,49,52,54,55,72,59,53,57,64,81,89,84,92,96,97,93,93,98,107,117,101,102,94,112,99,86,92,97,61,58,93,84,68,80,58,83,57,66,47,59,56,33,45,42,39,34,32,32,29,33,29,14,20,17,17,18,8,6,5,7,5,2,5,6,1,0,0,11018,5574,265,275,322,253,109,50,33,136,207,237,288,336,440,461,525,199,252,151,259,316,222,145,93,5444,207,270,277,196,87,48,41,119,237,245,278,305,440,486,525,185,247,150,230,309,233,164,165,95,38,5,5,0,0,0,0,0,0,0,5,0,0,5,0,0,0,0,0,0,0,0,0,0,0,0,0,0,0,0,0,0,0,20,16,12,0,0,0,12,0,0,0,0,0,0,4,0,0,0,0,0,0,4,0,0,0,0,4,0,4,0,0,0,0,13,11,0,0,0,0,0,0,0,0,0,0,0,11,0,0,0,0,0,0,2,0,0,0,0,2,0,2,0,0,0,0,57,4,4,0,0,0,0,0,0,0,4,0,0,4,0,0,0,0,0,0,0,0,0,0,0,0,0,0,0,0,0,0,0,16,3,0,0,0,0,0,0,0,0,0,0,0,3,0,0,0,0,0,0,13,0,0,0,0,13,0,13,0,0,0,0,37,32,0,0,0,0,0,0,0,0,0,0,0,32,0,0,0,0,0,0,5,0,0,0,0,5,0,5,0,0,0,0
"G2600990","2010","MI","2","3","Michigan","26","Macomb County","099",,,,,,,,,,,,,,,"19820","47644","220",,,,,,,,,,,,,,,,,"1241183094","237312769","Macomb County","A","+42.6714669","-082.9108693","06","1",,840978,408712,4813,4743,4971,5177,5235,5304,5386,5206,5439,5666,5711,5540,5795,5885,5993,6110,6161,6201,5705,5124,5246,4764,4868,4999,5102,4988,4787,4896,5013,5035,5201,5069,5125,5006,4938,5280,5164,5375,5934,6264,6255,5938,5751,6089,6332,6574,6510,6543,6650,6517,6841,6557,6510,6340,6299,6234,5598,5499,5344,4965,4953,4709,4749,4588,3488,3403,3535,3607,3069,2608,2523,2454,2233,2120,2118,2059,1720,1744,1681,1782,1684,1583,1533,1419,1158,1066,930,820,681,536,443,310,253,192,152,85,46,53,29,16,14,1,0,432266,4609,4635,4760,4978,4894,4936,5021,5125,5276,5399,5474,5418,5375,5496,5558,5799,5724,5842,5258,4883,4919,4616,4894,5007,5096,5102,4686,5096,5100,5286,5431,5219,5277,5015,5123,5353,5354,5536,6124,6439,6305,5960,6149,6393,6444,6728,6750,6572,6717,6954,6900,6831,6827,6803,6432,6205,5985,5854,5602,5360,5398,5114,5242,5164,3924,3764,3974,4162,3598,3241,3123,3001,2971,2806,2782,2651,2470,2421,2568,2748,2501,2389,2395,2215,2082,2094,1862,1576,1510,1231,968,786,704,510,369,377,239,130,105,83,106,8,0,833546,404619,24927,26991,28896,18386,10682,5162,4677,14679,24335,24974,27689,29956,32399,32220,27419,9585,12738,6899,9208,11368,8873,7216,5340,428927,23857,25745,27305,17346,10122,4898,4595,14902,25206,26015,28752,31181,33646,33692,28890,10471,14254,7700,10914,14537,12605,11080,11214,7432,4093,136,104,14,0,0,0,14,0,0,90,5,3,82,0,0,0,0,0,0,0,32,0,0,0,0,32,12,0,0,0,5,15,3201,2461,2208,0,0,1244,964,0,0,5,0,0,5,240,8,8,0,0,0,0,740,0,0,0,0,740,79,513,101,0,21,26,756,632,28,0,0,21,7,0,0,0,0,0,0,593,11,11,0,0,0,0,124,0,0,0,0,124,0,99,2,0,10,13,3339,66,30,0,0,0,0,0,0,0,30,0,2,28,0,0,0,0,0,0,0,36,0,0,0,0,36,17,0,0,0,6,13,803,422,155,0,0,0,155,0,0,4,2,0,2,259,4,4,0,0,0,0,381,0,0,0,0,381,34,256,38,0,25,28,2470,2193,0,0,0,0,0,0,0,0,0,0,0,2186,7,7,0,0,0,0,277,0,0,0,0,277,2,216,8,0,32,19
"G2601010","2010","MI","2","3","Michigan","26","Manistee County","101",,,,,,,,,,,,,,,"99999","99999","999",,,,,,,,,,,,,,,,,"1404159906","1912485293","Manistee County","A","+44.3503854","-086.6029672","06","9",,24733,12806,99,92,113,118,111,124,142,145,134,157,140,114,142,132,145,166,161,162,167,139,155,168,137,158,168,164,140,139,141,141,149,122,124,133,119,111,133,122,153,136,169,178,169,187,182,150,201,190,193,228,174,190,210,212,209,233,215,200,247,200,203,204,220,189,173,161,161,176,170,128,108,132,106,108,108,101,100,96,87,73,79,71,81,64,42,51,38,29,22,16,18,4,11,9,3,5,2,2,1,1,0,0,0,11927,97,113,113,122,97,120,138,131,127,147,127,148,160,134,134,144,126,141,118,90,103,85,94,90,95,99,86,92,108,100,96,106,113,98,96,103,106,109,136,127,125,132,117,129,167,161,188,177,163,205,228,186,215,212,211,229,223,213,195,197,199,207,206,189,140,172,176,190,141,132,130,130,144,114,124,103,99,85,84,89,82,67,102,88,76,65,61,49,36,40,35,31,23,21,16,14,3,9,2,0,9,2,0,23384,11622,533,700,672,488,283,123,110,293,481,482,545,758,875,936,1064,397,567,316,470,554,449,328,198,11762,540,659,703,411,207,103,83,277,482,502,577,668,892,1047,1051,402,530,346,458,630,452,401,341,1349,1184,4,1,1,0,0,0,1,0,0,0,0,0,0,0,0,0,0,0,0,0,3,0,0,0,0,3,0,0,0,0,2,1,1131,1079,1077,0,0,1041,36,0,0,0,0,0,0,2,0,0,0,0,0,0,52,0,0,0,0,52,0,17,8,0,7,20,49,30,4,0,0,4,0,0,0,0,0,0,0,26,0,0,0,0,0,0,19,0,0,0,0,19,0,4,0,0,4,11,165,6,0,0,0,0,0,0,0,0,0,0,0,0,0,0,0,0,0,0,0,6,0,0,0,0,6,0,0,0,0,1,5,43,14,8,0,0,0,8,0,0,0,0,0,0,6,0,0,0,0,0,0,29,0,0,0,0,29,0,10,3,0,6,10,116,83,0,0,0,0,0,0,0,0,0,0,0,83,0,0,0,0,0,0,33,0,0,0,0,33,0,4,0,0,19,10
"G2601030","2010","MI","2","3","Michigan","26","Marquette County","103",,,,,,,,,,,,,,,"32100","99999","999",,,,,,,,,,,,,,,,,"4683737366","4185779618","Marquette County","A","+46.6565965","-087.5840278","06","2",,67077,33894,360,319,354,369,350,339,325,342,346,348,307,349,360,393,389,367,398,405,534,819,870,792,702,638,576,527,435,472,454,424,456,434,416,367,335,348,370,334,394,406,440,369,425,400,372,428,464,450,524,480,491,512,513,481,586,551,547,523,541,546,485,469,474,469,343,321,311,321,276,260,221,213,226,208,218,174,158,155,158,167,119,136,137,120,94,100,85,61,53,46,40,27,26,15,12,13,9,4,2,2,0,0,0,33183,345,359,363,330,342,288,336,346,315,308,352,316,347,314,345,363,367,374,622,891,913,749,734,558,494,452,380,417,399,368,389,367,391,320,314,324,301,308,333,362,363,372,335,370,365,421,443,451,475,501,506,541,513,522,529,542,563,555,487,478,430,416,428,442,300,319,281,311,267,226,232,253,255,247,196,196,175,200,198,178,204,195,162,157,123,121,123,107,120,107,76,85,57,41,37,30,26,12,4,6,10,2,0,62320,30967,1751,1695,1787,1143,732,514,648,1680,2072,1773,1672,1836,2164,2462,2619,934,1248,623,838,1060,774,567,375,31353,1734,1592,1670,1092,685,576,642,1699,2003,1765,1618,1794,2276,2594,2604,836,1163,598,797,1158,909,785,763,4757,2927,44,31,1,0,0,1,0,0,0,30,23,0,7,0,0,0,0,0,0,0,13,2,0,0,0,11,0,0,7,0,0,4,2632,1363,1300,0,0,1214,86,0,0,0,0,0,0,63,0,0,0,0,0,0,1269,1148,0,0,0,121,37,51,7,0,8,18,251,249,16,0,0,16,0,0,0,0,0,0,0,233,0,0,0,0,0,0,2,0,0,0,0,2,2,0,0,0,0,0,1830,22,8,0,0,0,0,0,0,0,8,6,0,2,0,0,0,0,0,0,0,14,3,0,0,0,11,0,0,2,0,0,9,1479,68,22,0,0,1,21,0,0,1,1,0,0,45,0,0,0,0,0,0,1411,1333,0,0,0,78,2,43,4,0,2,27,329,322,0,0,0,0,0,0,0,0,0,0,0,322,0,0,0,0,0,0,7,0,0,0,0,7,0,5,0,0,0,2
"G2601050","2010","MI","2","3","Michigan","26","Mason County","105",,,,,,,,,,,,,,,"99999","99999","999",,,,,,,,,,,,,,,,,"1282232870","1935676016","Mason County","A","+43.9966363","-086.7508137","06","9",,28705,14168,151,160,149,200,173,161,170,156,174,191,169,199,186,183,184,206,215,214,216,168,168,124,126,156,122,144,123,157,148,135,127,127,133,136,113,157,128,150,154,173,151,174,176,171,190,189,188,222,227,189,205,248,258,224,245,239,223,252,224,198,244,225,201,226,165,160,160,198,164,146,151,151,109,130,138,129,77,76,90,67,73,59,70,57,55,29,38,28,25,25,22,17,10,14,9,3,4,2,1,1,0,0,0,14537,139,184,126,174,175,147,167,133,149,168,156,197,164,142,174,203,191,210,181,144,165,119,146,125,143,136,132,131,141,188,135,130,125,127,165,138,139,129,158,183,176,146,154,170,185,210,227,224,217,227,224,255,210,254,258,233,259,243,243,216,202,218,211,227,148,200,168,177,188,161,170,140,147,146,99,129,110,78,92,105,99,63,78,70,82,79,61,63,61,52,39,35,36,23,16,11,12,10,4,3,8,6,0,28263,13973,828,850,918,631,382,162,120,396,691,631,749,854,1010,1159,1127,462,585,319,500,671,428,300,200,14290,794,762,833,604,323,159,119,413,722,678,741,825,1097,1192,1182,414,581,366,522,687,502,370,404,442,195,14,4,4,0,0,0,4,0,0,0,0,0,0,0,0,0,0,0,0,0,10,0,0,0,0,10,0,0,0,0,0,10,111,58,46,0,0,0,46,0,0,0,0,0,0,12,0,0,0,0,0,0,53,0,0,0,0,53,3,17,0,0,0,33,70,58,1,0,0,0,1,0,0,0,0,0,0,57,0,0,0,0,0,0,12,0,0,0,0,12,0,8,0,0,0,4,247,6,0,0,0,0,0,0,0,0,0,0,0,0,0,0,0,0,0,0,0,6,0,0,0,0,6,0,0,0,0,0,6,71,23,8,0,0,0,8,0,0,0,0,0,0,15,0,0,0,0,0,0,48,0,0,0,0,48,11,18,0,0,0,19,170,146,0,0,0,0,0,0,0,0,0,0,0,146,0,0,0,0,0,0,24,0,0,0,0,24,0,12,0,0,0,12
"G2601070","2010","MI","2","3","Michigan","26","Mecosta County","107",,,,,,,,,,,,,,,"13660","99999","999",,,,,,,,,,,,,,,,,"1437626850","41759550","Mecosta County","A","+43.6352949","-085.3327509","06","2",,42798,21487,221,198,213,246,242,232,215,237,236,280,241,256,245,225,249,267,268,286,501,897,868,893,707,554,381,291,273,205,242,211,228,176,189,214,199,191,184,178,196,207,210,214,202,196,211,262,228,249,276,257,272,263,255,259,264,263,255,285,272,254,232,243,278,261,195,204,218,228,222,191,166,195,166,129,141,115,104,109,103,99,92,90,77,60,71,38,39,34,16,19,16,19,11,6,4,3,2,0,0,1,1,0,0,21311,199,242,227,210,230,216,225,255,244,228,250,239,247,226,218,235,249,249,565,789,792,691,616,400,296,254,233,206,193,187,207,199,181,203,172,182,194,186,197,203,232,209,210,204,266,225,232,254,255,305,276,279,275,267,265,293,272,270,265,266,260,264,260,278,206,205,223,255,210,238,192,188,178,146,148,135,119,140,119,113,121,86,107,95,85,73,73,63,54,52,31,31,22,22,16,12,9,8,5,8,6,0,0,39423,19684,1120,1200,1216,820,483,456,729,1484,1173,993,944,1021,1262,1305,1321,473,728,422,638,790,523,385,198,19739,1108,1168,1180,732,425,495,605,1224,1056,957,959,1116,1263,1353,1360,520,739,427,698,843,612,477,422,3375,1803,1,1,1,0,0,0,1,0,0,0,0,0,0,0,0,0,0,0,0,0,0,0,0,0,0,0,0,0,0,0,0,0,1769,71,63,0,0,0,63,0,0,0,0,0,0,8,0,0,0,0,0,0,1698,1659,0,0,0,39,0,35,0,0,0,4,33,29,0,0,0,0,0,0,0,0,0,0,0,29,0,0,0,0,0,0,4,0,0,0,0,4,0,4,0,0,0,0,1572,1,0,0,0,0,0,0,0,0,0,0,0,0,0,0,0,0,0,0,0,1,1,0,0,0,0,0,0,0,0,0,0,1462,24,11,0,0,0,11,0,0,0,0,0,0,13,0,0,0,0,0,0,1438,1399,0,0,0,39,0,35,0,0,0,4,109,95,0,0,0,0,0,0,0,0,0,0,0,95,0,0,0,0,0,0,14,0,0,0,0,14,0,13,0,0,0,1
"G2601090","2010","MI","2","3","Michigan","26","Menominee County","109",,,,,,,,,,,,,,,"31940","99999","999",,,,,,,,,,,,,,,,,"2704152851","761800249","Menominee County","A","+45.5441740","-087.5098923","06","2",,24029,12084,105,139,118,121,121,132,155,133,159,154,143,170,149,162,164,152,161,158,156,114,108,116,87,119,103,122,103,121,128,133,112,126,129,120,101,110,122,137,100,137,142,139,148,169,189,190,196,187,190,219,190,208,238,234,210,203,225,216,209,180,182,172,210,196,126,134,136,138,138,110,120,109,119,87,99,92,71,74,77,69,74,70,61,58,47,49,29,28,34,27,28,8,13,5,4,2,2,2,1,0,1,0,0,11945,91,112,112,119,131,101,134,124,138,146,156,165,143,154,155,169,156,140,158,96,91,97,84,109,109,92,103,124,93,105,102,129,112,132,111,98,106,103,122,133,131,141,147,159,160,178,168,196,188,210,216,194,240,210,189,215,240,218,182,183,178,183,165,206,122,129,131,139,130,106,110,116,108,107,90,90,97,88,85,83,105,83,66,79,69,79,69,63,41,38,40,32,29,22,15,10,11,4,2,1,4,0,0,23647,11911,604,733,788,470,263,106,115,302,602,581,603,783,972,1073,1018,350,524,268,383,528,368,288,189,11736,565,643,772,465,249,91,97,298,515,583,560,737,932,1041,1034,361,493,258,373,518,421,374,356,382,173,1,1,1,0,0,0,1,0,0,0,0,0,0,0,0,0,0,0,0,0,0,0,0,0,0,0,0,0,0,0,0,0,80,41,21,0,0,0,21,0,0,0,0,0,0,20,0,0,0,0,0,0,39,0,0,0,0,39,0,25,2,0,12,0,92,81,0,0,0,0,0,0,0,0,0,0,0,81,0,0,0,0,0,0,11,0,0,0,0,11,0,9,2,0,0,0,209,1,0,0,0,0,0,0,0,0,0,0,0,0,0,0,0,0,0,0,0,1,0,0,0,0,1,0,0,0,0,1,0,37,11,3,0,0,0,3,0,0,0,0,0,0,8,0,0,0,0,0,0,26,0,0,0,0,26,0,11,2,0,13,0,171,166,0,0,0,0,0,0,0,0,0,0,0,166,0,0,0,0,0,0,5,0,0,0,0,5,0,5,0,0,0,0
"G2601110","2010","MI","2","3","Michigan","26","Midland County","111",,,,,,,,,,,,,,,"33220","99999","999",,,,,,,,,,,,,,,,,"1337087878","30601740","Midland County","A","+43.6483780","-084.3792195","06","2",,83629,41048,435,480,455,526,487,489,551,557,568,580,598,558,592,587,622,638,703,662,686,675,624,570,574,496,509,466,462,418,483,436,472,424,429,455,430,457,457,497,508,520,508,545,554,591,575,663,676,699,684,668,691,684,675,639,618,649,613,570,531,479,531,485,484,439,309,334,370,371,326,275,281,264,287,235,267,210,195,181,202,175,176,150,159,160,130,115,92,92,66,65,51,39,17,26,21,6,7,1,2,1,3,0,0,42581,431,437,474,460,499,531,530,540,545,563,547,577,573,565,586,673,575,661,544,514,546,496,486,493,493,445,462,453,473,469,433,424,503,431,421,461,451,477,519,542,556,549,604,623,655,693,682,722,675,704,705,691,639,695,652,654,620,578,597,615,513,507,508,465,344,370,418,395,386,341,308,330,301,292,285,275,243,251,271,272,263,253,221,198,179,179,150,159,124,111,97,77,85,62,35,31,28,18,7,8,8,1,0,82357,40390,2382,2743,2950,1986,1141,549,520,1525,2233,2201,2422,2760,3374,3291,2822,1008,1225,700,966,1322,947,752,571,41967,2299,2707,2846,1903,936,496,471,1439,2292,2208,2442,2977,3464,3378,3051,1016,1313,782,1109,1497,1277,1064,1000,1272,658,27,16,1,0,0,0,1,0,0,15,0,0,15,0,0,0,0,0,0,0,11,0,0,0,0,11,0,0,0,0,4,7,537,114,97,0,0,0,97,0,0,0,0,0,0,16,1,0,0,1,0,0,423,349,0,0,0,74,23,35,0,0,4,12,94,76,0,0,0,0,0,0,0,0,0,0,0,76,0,0,0,0,0,0,18,0,0,0,0,18,0,12,0,0,6,0,614,12,5,1,0,0,0,1,0,0,4,0,0,4,0,0,0,0,0,0,0,7,0,0,0,0,7,0,0,0,0,2,5,299,33,18,0,0,0,18,0,0,1,0,0,1,14,0,0,0,0,0,0,266,223,0,0,0,43,4,22,0,0,10,7,303,277,0,0,0,0,0,0,0,0,0,0,0,277,0,0,0,0,0,0,26,0,0,0,0,26,0,20,0,0,6,0
"G2601130","2010","MI","2","3","Michigan","26","Missaukee County","113",,,,,,,,,,,,,,,"15620","99999","999",,,,,,,,,,,,,,,,,"1462634072","23577412","Missaukee County","A","+44.3254240","-085.0854708","06","2",,14849,7557,83,88,108,97,95,83,89,110,111,96,116,109,107,97,108,143,119,122,107,65,72,73,74,65,84,75,89,65,87,96,75,70,60,70,61,83,73,70,88,110,93,96,77,86,102,104,114,118,149,120,101,116,137,124,121,118,100,108,113,114,102,99,105,104,95,97,88,103,84,65,63,66,61,65,63,56,50,43,42,35,35,32,34,38,25,21,10,16,15,9,8,9,7,4,1,0,2,1,0,0,0,0,0,7292,75,89,73,95,94,89,94,97,92,97,91,92,90,105,106,106,104,126,84,69,65,66,72,67,76,64,56,65,88,89,80,74,68,88,73,51,58,78,93,102,88,85,84,97,85,114,111,128,112,104,110,109,128,123,111,106,79,123,102,96,113,98,114,118,80,89,78,69,81,61,65,85,71,61,62,61,42,55,52,41,31,27,38,35,34,24,34,28,22,28,11,15,8,6,6,7,1,1,1,1,2,0,0,14655,7456,471,489,537,383,169,63,72,217,397,330,417,450,592,594,546,200,301,185,251,317,222,157,96,7199,426,469,484,336,152,63,66,213,360,382,381,433,569,574,501,205,311,165,210,339,245,158,157,194,101,1,1,1,0,0,0,1,0,0,0,0,0,0,0,0,0,0,0,0,0,0,0,0,0,0,0,0,0,0,0,0,0,80,37,35,0,0,0,35,0,0,0,0,0,0,2,0,0,0,0,0,0,43,0,0,0,0,43,0,35,3,0,5,0,20,18,0,0,0,0,0,0,0,0,0,0,0,18,0,0,0,0,0,0,2,0,0,0,0,2,0,2,0,0,0,0,93,0,0,0,0,0,0,0,0,0,0,0,0,0,0,0,0,0,0,0,0,0,0,0,0,0,0,0,0,0,0,0,0,34,7,4,0,0,0,4,0,0,0,0,0,0,3,0,0,0,0,0,0,27,0,0,0,0,27,0,23,4,0,0,0,59,57,0,0,0,0,0,0,0,0,0,0,0,57,0,0,0,0,0,0,2,0,0,0,0,2,0,2,0,0,0,0
"G2601150","2010","MI","2","3","Michigan","26","Monroe County","115",,,,,,,,,,,,,,,"33780","99999","220",,,,,,,,,,,,,,,,,"1422924260","338316259","Monroe County","A","+41.9160970","-083.4871059","06","1",,152021,75013,918,840,866,919,889,976,956,975,1005,1097,1120,1148,1132,1146,1076,1245,1174,1217,1176,995,956,874,858,867,869,835,788,820,802,814,827,804,811,822,870,862,843,934,988,1048,1048,993,1056,1108,1108,1151,1204,1211,1276,1326,1284,1245,1286,1350,1252,1224,1104,1148,1102,1059,1009,968,960,908,646,686,650,712,598,525,499,464,460,391,358,344,295,314,286,257,287,247,265,209,195,161,142,117,81,76,50,41,36,27,19,10,8,4,3,2,5,1,0,77008,812,813,881,887,894,905,967,954,997,1009,1041,1055,1035,1139,1161,1108,1149,1171,1043,941,922,807,791,857,807,817,812,768,844,846,884,804,884,848,817,923,889,883,1003,1091,1119,978,1039,1157,1121,1239,1213,1299,1314,1258,1269,1257,1277,1243,1281,1227,1172,1110,1075,1016,954,941,958,991,674,642,677,765,613,625,501,539,536,467,463,451,408,387,408,390,416,377,387,349,340,300,267,225,215,169,146,126,95,75,55,43,31,30,14,11,22,2,0,150559,74411,4420,4993,5613,3628,2151,946,859,2559,3997,4077,4631,5278,6119,6377,5602,1964,2504,1334,1829,2154,1476,1157,743,76148,4278,4820,5421,3423,1979,918,804,2438,4073,4218,4773,5396,6310,6306,5575,1887,2610,1305,1993,2462,1962,1715,1482,1462,602,45,10,0,0,0,0,0,0,0,10,0,0,10,0,0,0,0,0,0,0,35,0,0,0,0,35,10,0,0,0,0,25,425,199,187,0,0,0,151,36,0,0,0,0,0,12,0,0,0,0,0,0,226,0,0,0,0,226,18,46,2,0,29,131,132,104,0,0,0,0,0,0,0,0,0,0,0,104,0,0,0,0,0,0,28,0,0,0,0,28,0,14,0,0,0,14,860,36,2,0,0,0,0,0,0,0,2,0,0,2,0,0,0,0,0,0,0,34,0,0,0,0,34,7,0,0,0,1,26,176,14,6,0,0,0,1,5,0,0,0,0,0,8,0,0,0,0,0,0,162,0,0,0,0,162,14,45,0,0,1,102,648,386,0,0,0,0,0,0,0,0,0,0,0,386,0,0,0,0,0,0,262,0,0,0,0,262,0,43,0,0,0,219
"G2601170","2010","MI","2","3","Michigan","26","Montcalm County","117",,,,,,,,,,,,,,,"99999","99999","999",,,,,,,,,,,,,,,,,"1826976057","39956625","Montcalm County","A","+43.3127822","-085.1494679","06","9",,63342,32747,362,422,394,360,433,422,373,427,390,433,454,482,444,482,483,496,491,509,464,426,405,339,358,395,388,420,395,428,392,446,461,397,451,416,382,444,386,438,487,471,496,459,502,474,483,500,520,545,567,558,557,531,530,501,429,475,451,436,431,412,341,347,376,402,309,271,323,278,258,249,245,232,210,200,211,180,139,139,128,133,121,120,104,83,85,68,66,39,47,37,26,16,17,22,8,3,5,0,4,1,1,0,0,30595,321,397,354,396,395,434,411,396,411,423,424,421,426,428,436,439,460,462,414,389,341,321,344,304,367,350,331,340,349,373,361,365,373,329,322,327,350,373,379,412,395,408,399,431,421,447,457,422,475,461,453,464,481,483,446,454,437,430,401,357,374,367,358,358,295,301,311,292,295,252,218,280,211,236,226,184,184,162,174,170,171,132,134,117,125,101,98,84,93,79,47,48,41,31,28,13,11,8,5,1,10,0,0,60179,29842,1971,2045,2341,1492,837,353,286,961,1699,1723,1836,2041,2334,2300,2021,651,1032,569,753,1070,697,492,338,30337,1863,2075,2135,1360,802,338,321,1005,1733,1740,1837,2043,2252,2316,2069,737,1003,609,834,1165,854,644,602,3163,2905,8,3,3,0,0,1,2,0,0,0,0,0,0,0,0,0,0,0,0,0,5,0,0,0,0,5,0,0,0,0,0,5,2747,2620,2596,0,0,2436,160,0,0,0,0,0,0,24,0,0,0,0,0,0,127,2,0,0,0,125,12,93,0,0,15,5,150,115,55,0,0,55,0,0,0,0,0,0,0,60,0,0,0,0,0,0,35,0,0,0,0,35,0,35,0,0,0,0,258,1,1,1,0,0,0,1,0,0,0,0,0,0,0,0,0,0,0,0,0,0,0,0,0,0,0,0,0,0,0,0,0,92,36,18,0,0,0,18,0,0,0,0,0,0,18,0,0,0,0,0,0,56,0,0,0,0,56,0,46,0,0,2,8,165,139,0,0,0,0,0,0,0,0,0,0,0,139,0,0,0,0,0,0,26,0,0,0,0,26,0,24,0,0,0,2
"G2601190","2010","MI","2","3","Michigan","26","Montmorency County","119",,,,,,,,,,,,,,,"99999","99999","999",,,,,,,,,,,,,,,,,"1415851499","41411010","Montmorency County","A","+45.0241337","-084.1301067","06","9",,9765,4924,32,39,42,41,45,45,38,51,55,76,63,40,63,60,31,53,48,53,42,37,37,38,40,40,44,39,42,31,34,35,36,44,39,41,40,33,48,35,40,48,51,51,57,43,52,66,76,54,67,77,78,79,108,63,87,96,78,113,98,83,92,88,101,113,63,76,89,78,86,75,86,49,79,67,65,66,41,48,38,30,39,44,39,23,31,26,15,20,15,12,7,1,2,0,3,0,2,0,0,0,0,0,0,4841,31,37,26,48,36,23,46,37,38,34,56,48,47,51,53,55,60,41,49,37,35,27,35,27,30,34,29,35,38,44,36,43,39,39,33,33,23,48,42,52,33,52,52,54,58,55,73,60,70,76,96,82,72,78,105,108,90,89,80,84,77,92,90,81,74,95,63,89,90,89,73,73,73,53,57,50,42,46,44,43,55,44,43,35,34,31,18,19,32,25,15,15,9,5,5,8,3,2,4,1,2,0,0,9609,4861,199,265,257,154,78,37,36,118,179,197,204,249,333,411,462,176,276,162,236,345,222,172,93,4748,178,178,255,156,85,35,25,92,180,190,198,247,334,425,448,167,239,157,265,321,215,196,162,156,63,0,0,0,0,0,0,0,0,0,0,0,0,0,0,0,0,0,0,0,0,0,0,0,0,0,0,0,0,0,0,0,0,41,27,24,0,0,0,24,0,0,0,0,0,0,3,0,0,0,0,0,0,14,0,0,0,0,14,0,9,0,0,5,0,22,17,0,0,0,0,0,0,0,0,0,0,0,17,0,0,0,0,0,0,5,0,0,0,0,5,0,5,0,0,0,0,93,0,0,0,0,0,0,0,0,0,0,0,0,0,0,0,0,0,0,0,0,0,0,0,0,0,0,0,0,0,0,0,0,24,11,4,0,0,0,4,0,0,0,0,0,0,7,0,0,0,0,0,0,13,0,0,0,0,13,0,10,0,0,3,0,69,44,0,0,0,0,0,0,0,0,0,0,0,44,0,0,0,0,0,0,25,0,0,0,0,25,0,25,0,0,0,0
"G2601210","2010","MI","2","3","Michigan","26","Muskegon County","121",,,,,,,,,,,,,,,"34740","99999","266",,,,,,,,,,,,,,,,,"1293040828","2488405138","Muskegon County","A","+43.2892579","-086.7518920","06","1",,172188,85451,1091,1185,1126,1165,1222,1155,1183,1170,1226,1210,1191,1255,1187,1220,1175,1337,1284,1384,1301,1223,1189,1074,1034,1068,1060,1114,1077,1078,1073,1081,1124,1067,1115,1031,1054,1002,1034,1062,1103,1176,1149,1109,1111,1145,1216,1223,1261,1318,1324,1359,1366,1290,1365,1356,1234,1289,1282,1188,1123,1043,1036,998,993,946,704,724,737,696,668,552,521,519,488,422,458,418,323,334,355,339,329,343,298,257,230,206,197,151,155,109,70,71,49,31,20,23,12,4,4,1,3,0,0,86737,1102,1090,1114,1119,1101,1104,1149,1150,1104,1238,1183,1183,1221,1204,1121,1242,1263,1333,1210,1170,1148,1007,1020,1071,987,1073,1068,1054,1033,1075,1118,1008,1061,964,1018,1002,919,936,985,1124,1065,1072,1097,1034,1088,1185,1248,1265,1300,1371,1376,1314,1363,1287,1287,1270,1303,1210,1226,1113,999,1060,1086,1043,768,768,774,758,695,624,581,630,564,575,493,539,489,490,431,507,454,424,454,416,358,358,315,280,246,192,197,149,128,102,67,43,52,24,22,17,16,3,0,165843,80501,5785,5938,6011,3962,2333,1056,975,2767,4797,4762,4811,5137,5952,6218,5662,1950,2556,1431,1870,2351,1740,1398,1039,85342,5518,5739,5901,3829,2184,1061,962,3019,5251,5139,4921,5306,6319,6578,6072,2033,2871,1532,2058,2793,2394,1959,1903,6345,4950,70,36,15,0,0,2,13,0,0,21,5,0,16,0,0,0,0,0,0,0,34,0,0,0,0,34,0,0,0,0,4,30,4592,3989,3928,0,0,3549,319,60,0,0,0,0,0,61,0,0,0,0,0,0,603,168,0,0,0,435,33,242,20,15,36,89,288,245,79,0,0,79,0,0,0,0,0,0,0,162,4,0,0,4,0,0,43,0,0,0,0,43,0,24,0,5,6,8,1395,34,6,1,0,0,0,1,0,0,5,0,0,5,0,0,0,0,0,0,0,28,1,0,0,0,27,1,2,0,0,9,15,765,114,66,0,0,1,64,1,0,0,0,0,0,48,0,0,0,0,0,0,651,326,0,0,0,325,33,178,12,15,33,54,596,538,0,0,0,0,0,0,0,0,0,0,0,529,9,0,0,9,0,0,58,0,0,0,0,58,0,49,2,0,2,5
"G2601230","2010","MI","2","3","Michigan","26","Newaygo County","123",,,,,,,,,,,,,,,"24340","99999","266",,,,,,,,,,,,,,,,,"2106188282","125575601","Newaygo County","A","+43.5627086","-085.7914227","06","1",,48460,24390,281,289,360,295,304,307,327,339,345,337,350,365,367,376,415,367,415,434,389,291,306,269,261,256,266,266,220,245,264,253,234,235,257,272,246,259,270,280,264,316,316,301,288,281,334,369,387,402,420,412,378,382,397,374,358,356,391,328,337,318,335,322,348,297,240,256,246,247,229,211,213,221,187,174,164,175,131,130,106,114,106,91,100,77,56,73,44,32,36,30,26,13,12,2,6,8,7,1,0,1,2,0,0,24070,261,286,294,327,321,326,308,305,313,323,314,360,324,339,323,362,335,403,308,290,249,261,228,257,263,229,236,233,241,266,267,236,254,254,254,261,243,240,287,292,335,284,338,338,305,354,381,404,407,361,396,404,385,384,363,376,360,328,336,308,302,299,312,297,239,229,249,257,261,230,212,213,206,187,177,149,144,123,140,133,119,115,109,101,84,92,83,56,63,51,51,31,35,31,14,24,13,9,5,3,2,0,0,47903,24078,1529,1655,1873,1212,669,296,255,755,1208,1210,1361,1499,1974,1872,1715,655,875,499,685,949,641,416,275,23825,1489,1575,1660,1099,595,249,252,747,1201,1258,1316,1593,1898,1928,1702,598,843,476,740,988,669,496,453,557,312,4,1,1,0,0,0,1,0,0,0,0,0,0,0,0,0,0,0,0,0,3,0,0,0,0,3,0,0,0,0,3,0,246,199,183,0,0,0,183,0,0,0,0,0,0,16,0,0,0,0,0,0,47,0,0,0,0,47,0,38,0,0,8,1,62,58,0,0,0,0,0,0,0,0,0,0,0,58,0,0,0,0,0,0,4,0,0,0,0,4,0,4,0,0,0,0,245,1,1,1,0,0,0,1,0,0,0,0,0,0,0,0,0,0,0,0,0,0,0,0,0,0,0,0,0,0,0,0,0,65,31,19,0,0,0,19,0,0,0,0,0,0,12,0,0,0,0,0,0,34,0,0,0,0,34,0,29,0,0,5,0,179,171,0,0,0,0,0,0,0,0,0,0,0,171,0,0,0,0,0,0,8,0,0,0,0,8,0,8,0,0,0,0
"G2601250","2010","MI","2","3","Michigan","26","Oakland County","125",,,,,,,,,,,,,,,"19820","47644","220",,,,,,,,,,,,,,,,,"2247237402","102643656","Oakland County","A","+42.6604518","-083.3842103","06","1",,1202362,583384,6757,6794,6816,7243,7313,7609,7746,7747,8007,8368,8284,8480,8477,8630,9012,8957,9052,9333,7979,6678,6404,5875,6182,6545,6815,6887,6791,7074,7320,7360,7270,7024,6979,6781,6905,7255,7204,7361,7991,9000,8927,8436,8574,8731,8668,9250,9615,9430,9820,9707,9747,9531,9950,9489,9288,9114,8442,8302,8189,7552,7445,7031,7290,7213,5363,5195,5153,5240,4582,3826,3598,3245,3040,2776,2631,2608,2236,2327,2242,2161,2109,2090,1941,1787,1658,1449,1248,1045,877,756,539,477,333,256,168,137,91,49,42,25,35,3,0,618978,6341,6753,6813,6820,6856,7131,7518,7321,7610,8083,7987,8077,8100,8093,8310,8551,8539,8577,7169,6214,6009,5776,6226,6674,6838,7095,7102,7235,7256,7550,7676,7396,7346,7055,7285,7665,7580,8128,8607,9563,9630,9084,8924,8945,9559,9778,10170,10140,10191,10280,10443,10377,10693,10441,9918,9838,9254,8972,8601,8307,8156,7675,7950,7725,5853,5687,5657,5853,4822,4305,4127,3874,3686,3430,3376,3285,2998,3151,3113,3226,3031,3006,2871,2815,2609,2646,2219,2050,1861,1604,1295,1076,908,676,528,448,282,209,169,87,157,12,0,1189866,577162,34894,39455,42807,27063,13945,6038,5598,19004,35004,34649,38517,43016,47424,47616,41271,14366,19738,10278,13554,15137,11378,9318,7092,612704,33547,37644,40517,25569,12503,5719,5526,19459,36106,36651,41429,45965,50406,51649,44754,15760,21411,11288,14865,18271,15432,13718,14515,12496,6222,406,230,15,0,0,0,15,0,0,199,10,49,140,0,16,16,0,0,0,0,176,97,0,0,0,79,26,1,0,0,3,49,4598,1593,1362,0,0,0,1350,12,0,6,2,1,3,223,2,0,0,0,0,2,3005,1168,0,0,0,1837,130,915,285,0,33,474,1218,954,6,0,0,0,6,0,0,0,0,0,0,939,9,0,0,9,0,0,264,0,0,0,0,264,0,171,20,0,15,58,6274,203,117,1,0,0,0,1,0,0,97,4,36,57,0,19,19,0,0,0,0,86,3,0,0,0,83,36,4,0,0,4,39,3011,526,283,0,0,0,276,7,0,4,2,2,0,239,0,0,0,0,0,0,2485,1405,0,0,0,1080,99,661,96,0,24,200,3060,2644,0,0,0,0,0,0,0,0,0,0,0,2606,38,0,0,38,0,0,416,0,0,0,0,416,0,261,33,0,43,79
"G2601270","2010","MI","2","3","Michigan","26","Oceana County","127",,,,,,,,,,,,,,,"99999","99999","999",,,,,,,,,,,,,,,,,"1326257820","2056136375","Oceana County","A","+43.6472546","-086.8075751","06","9",,26570,13344,169,162,204,192,211,168,191,175,182,177,172,167,180,207,186,196,229,227,187,186,147,131,138,127,125,138,141,151,114,157,133,133,132,126,148,129,142,132,160,153,164,129,177,178,146,196,209,222,221,230,181,237,207,198,174,209,191,174,193,161,200,206,187,192,131,135,136,164,134,161,99,129,110,105,88,98,70,86,83,55,65,60,54,52,34,53,28,31,18,14,12,11,6,4,3,3,3,1,1,0,0,0,0,13226,164,166,174,162,178,198,172,165,165,185,203,174,191,166,168,217,181,182,183,149,114,142,135,120,121,134,127,147,131,145,147,103,151,158,140,116,117,123,139,156,160,146,158,160,181,166,198,209,206,198,209,195,199,179,194,196,205,177,191,182,168,186,223,175,137,150,150,161,154,127,131,117,101,122,117,103,75,79,87,74,81,75,72,58,51,54,49,39,36,28,36,22,14,16,10,9,8,5,2,2,3,1,0,26267,13201,935,892,908,640,367,140,129,385,689,659,705,781,1073,993,920,405,510,271,456,528,383,259,173,13066,842,882,901,578,329,111,141,376,680,691,648,803,972,968,942,352,532,298,436,580,408,315,281,303,143,20,12,1,0,0,0,1,0,0,11,0,11,0,0,0,0,0,0,0,0,8,0,0,0,0,8,0,0,0,0,8,0,87,42,41,0,0,0,41,0,0,0,0,0,0,1,0,0,0,0,0,0,45,0,0,0,0,45,0,23,0,0,22,0,36,34,0,0,0,0,0,0,0,0,0,0,0,34,0,0,0,0,0,0,2,0,0,0,0,2,0,2,0,0,0,0,160,8,0,0,0,0,0,0,0,0,0,0,0,0,0,0,0,0,0,0,0,8,0,0,0,0,8,0,1,0,0,7,0,51,14,7,0,0,0,7,0,0,0,0,0,0,7,0,0,0,0,0,0,37,0,0,0,0,37,0,22,0,0,15,0,101,81,0,0,0,0,0,0,0,0,0,0,0,81,0,0,0,0,0,0,20,0,0,0,0,20,0,9,0,0,11,0
"G2601290","2010","MI","2","3","Michigan","26","Ogemaw County","129",,,,,,,,,,,,,,,"99999","99999","999",,,,,,,,,,,,,,,,,"1459425916","29693554","Ogemaw County","A","+44.3332801","-084.1280728","06","9",,21699,10814,107,104,123,102,102,122,111,107,131,134,119,116,132,148,141,148,154,141,144,120,117,88,82,102,95,102,87,84,114,110,110,95,105,89,90,103,100,111,121,105,125,108,102,116,128,157,160,153,160,152,204,167,205,176,211,199,161,182,193,149,152,187,163,166,148,146,184,165,143,117,145,133,134,113,125,91,87,75,88,69,64,63,66,53,48,45,16,21,24,22,10,6,10,7,1,1,0,0,2,0,0,0,0,10885,95,81,102,111,111,105,111,123,113,119,129,129,115,140,126,140,159,168,108,96,109,99,92,83,72,93,104,97,98,88,112,115,107,93,91,110,102,97,117,114,115,121,122,126,112,134,154,158,186,176,155,194,180,183,198,188,181,175,170,151,171,179,191,168,132,163,150,179,140,155,127,143,103,115,111,102,70,94,87,85,83,68,58,64,55,66,45,48,31,31,32,25,15,10,5,11,6,8,2,1,3,0,0,21455,10700,538,605,656,443,262,111,88,275,494,481,533,576,777,955,882,337,472,326,421,643,396,276,153,10755,500,571,639,467,204,109,99,246,480,517,538,596,805,907,863,346,487,310,469,590,418,314,280,244,114,0,0,0,0,0,0,0,0,0,0,0,0,0,0,0,0,0,0,0,0,0,0,0,0,0,0,0,0,0,0,0,0,55,48,29,0,0,0,29,0,0,0,0,0,0,19,0,0,0,0,0,0,7,0,0,0,0,7,0,7,0,0,0,0,59,57,0,0,0,0,0,0,0,0,0,0,0,57,0,0,0,0,0,0,2,0,0,0,0,2,0,2,0,0,0,0,130,0,0,0,0,0,0,0,0,0,0,0,0,0,0,0,0,0,0,0,0,0,0,0,0,0,0,0,0,0,0,0,0,20,18,3,0,0,0,3,0,0,0,0,0,0,15,0,0,0,0,0,0,2,0,0,0,0,2,0,2,0,0,0,0,110,110,0,0,0,0,0,0,0,0,0,0,0,110,0,0,0,0,0,0,0,0,0,0,0,0,0,0,0,0,0,0
"G2601310","2010","MI","2","3","Michigan","26","Ontonagon County","131",,,,,,,,,,,,,,,"99999","99999","999",,,,,,,,,,,,,,,,,"3396056253","6292619305","Ontonagon County","A","+47.2166041","-089.5004614","06","9",,6780,3496,30,14,31,30,28,25,29,26,24,24,44,42,26,39,44,36,41,34,24,22,21,20,17,12,31,30,24,20,25,24,21,25,23,24,35,23,24,24,31,35,32,48,39,33,40,62,60,53,49,66,59,66,68,58,57,81,72,58,71,77,71,87,76,64,54,62,62,77,55,54,54,56,56,39,46,33,39,31,34,19,28,25,9,19,12,16,12,9,11,6,7,4,5,2,3,4,1,0,1,1,1,0,0,3284,15,16,25,28,22,27,21,30,28,26,28,24,40,27,36,35,40,38,26,16,17,13,18,14,30,13,19,18,26,23,21,16,20,17,30,27,39,23,35,36,30,37,40,40,44,55,54,60,50,55,62,62,66,62,56,67,66,64,62,52,62,57,53,62,69,51,64,52,51,56,56,44,43,46,48,52,28,24,28,18,20,28,25,17,23,26,17,16,10,9,12,9,0,2,3,6,3,2,3,1,1,0,0,6697,3454,133,128,195,111,46,21,20,60,120,126,134,190,288,302,355,158,193,123,182,249,152,91,77,3243,106,132,155,113,42,17,13,62,98,104,160,189,274,307,310,119,182,114,158,235,147,109,97,83,42,0,0,0,0,0,0,0,0,0,0,0,0,0,0,0,0,0,0,0,0,0,0,0,0,0,0,0,0,0,0,0,0,23,6,6,0,0,0,6,0,0,0,0,0,0,0,0,0,0,0,0,0,17,0,0,0,0,17,0,9,0,0,8,0,19,12,0,0,0,0,0,0,0,0,0,0,0,12,0,0,0,0,0,0,7,0,0,0,0,7,0,5,0,0,2,0,41,0,0,0,0,0,0,0,0,0,0,0,0,0,0,0,0,0,0,0,0,0,0,0,0,0,0,0,0,0,0,0,0,7,0,0,0,0,0,0,0,0,0,0,0,0,0,0,0,0,0,0,0,7,0,0,0,0,7,0,7,0,0,0,0,34,33,0,0,0,0,0,0,0,0,0,0,0,33,0,0,0,0,0,0,1,0,0,0,0,1,0,1,0,0,0,0
"G2601330","2010","MI","2","3","Michigan","26","Osceola County","133",,,,,,,,,,,,,,,"99999","99999","999",,,,,,,,,,,,,,,,,"1466946699","17365931","Osceola County","A","+43.9975523","-085.3222825","06","9",,23528,11719,132,141,134,161,176,157,172,177,155,170,145,156,160,182,177,202,206,186,183,132,126,118,122,116,111,126,101,144,86,126,146,109,120,114,110,134,101,139,142,137,145,150,135,139,151,166,165,179,188,169,184,196,179,188,173,161,168,177,164,181,155,156,174,161,127,125,144,110,121,110,128,90,114,98,103,89,74,62,79,58,42,61,54,43,33,18,27,21,10,12,12,6,4,3,3,0,1,0,0,1,0,0,0,11809,141,136,144,147,142,151,160,168,141,159,139,183,174,138,156,174,199,182,149,126,128,101,105,125,137,100,119,113,131,125,120,117,120,103,126,114,117,146,137,150,138,122,134,137,151,146,164,175,188,173,216,212,177,194,182,163,165,162,173,146,170,187,170,149,120,105,144,149,142,108,109,103,128,90,101,84,102,78,67,65,78,65,56,55,33,52,31,36,28,38,22,13,17,10,8,10,8,3,4,5,4,1,0,23073,11443,743,831,788,535,301,122,115,336,567,578,636,708,850,902,838,305,459,269,338,525,357,226,114,11630,709,779,782,519,274,128,100,360,585,582,655,676,839,973,802,352,436,249,393,527,386,270,254,455,276,92,88,1,0,0,0,1,0,0,87,0,53,34,0,0,0,0,0,0,0,4,0,0,0,0,4,0,2,0,0,2,0,157,70,70,0,0,0,69,1,0,0,0,0,0,0,0,0,0,0,0,0,87,0,0,0,0,87,0,66,17,0,4,0,27,12,0,0,0,0,0,0,0,0,0,0,0,12,0,0,0,0,0,0,15,0,0,0,0,15,0,11,0,0,4,0,179,45,41,2,0,0,0,0,2,0,39,0,27,12,0,0,0,0,0,0,0,4,0,0,0,0,4,0,2,1,0,1,0,61,14,9,0,0,0,8,1,0,0,0,0,0,5,0,0,0,0,0,0,47,0,0,0,0,47,0,41,2,0,4,0,73,41,0,0,0,0,0,0,0,0,0,0,0,41,0,0,0,0,0,0,32,0,0,0,0,32,0,20,0,0,12,0
"G2601350","2010","MI","2","3","Michigan","26","Oscoda County","135",,,,,,,,,,,,,,,"99999","99999","999",,,,,,,,,,,,,,,,,"1465236876","15152992","Oscoda County","A","+44.6851205","-084.1248940","06","9",,8640,4355,49,39,45,46,41,55,46,49,52,46,53,54,44,45,55,52,54,63,46,46,37,29,40,37,38,46,34,41,34,37,30,24,21,30,29,36,33,40,27,37,45,52,59,39,42,66,47,57,64,93,77,66,80,84,72,80,65,78,79,63,70,81,82,81,66,65,76,77,70,62,72,55,49,40,56,57,39,31,36,34,32,21,26,13,16,12,15,9,14,10,7,1,3,1,2,1,2,0,2,1,0,0,0,4285,45,50,26,56,34,46,51,40,40,44,37,36,44,60,61,63,59,63,36,49,38,39,39,33,35,39,37,33,30,36,31,24,23,32,30,34,37,30,42,37,33,39,56,47,50,43,53,66,67,76,75,79,75,89,69,66,81,73,76,65,76,65,75,82,63,60,62,75,69,68,48,51,48,52,34,41,36,40,42,42,23,25,28,30,30,18,11,24,11,9,7,14,10,6,3,4,4,1,1,0,0,0,0,8575,4330,220,248,251,169,91,35,27,114,192,133,173,231,327,377,363,151,229,141,209,271,196,104,78,4245,211,221,236,185,84,37,39,107,174,140,180,224,305,386,361,141,219,122,211,233,198,127,104,65,25,0,0,0,0,0,0,0,0,0,0,0,0,0,0,0,0,0,0,0,0,0,0,0,0,0,0,0,0,0,0,0,0,17,0,0,0,0,0,0,0,0,0,0,0,0,0,0,0,0,0,0,0,17,0,0,0,0,17,0,10,0,0,7,0,8,8,0,0,0,0,0,0,0,0,0,0,0,8,0,0,0,0,0,0,0,0,0,0,0,0,0,0,0,0,0,0,40,2,0,0,0,0,0,0,0,0,0,0,0,0,0,0,0,0,0,0,0,2,0,0,0,0,2,0,0,0,0,2,0,6,1,0,0,0,0,0,0,0,0,0,0,0,1,0,0,0,0,0,0,5,0,0,0,0,5,0,3,0,0,2,0,32,32,0,0,0,0,0,0,0,0,0,0,0,32,0,0,0,0,0,0,0,0,0,0,0,0,0,0,0,0,0,0
"G2601370","2010","MI","2","3","Michigan","26","Otsego County","137",,,,,,,,,,,,,,,"99999","99999","999",,,,,,,,,,,,,,,,,"1333769920","29053674","Otsego County","A","+45.0217942","-084.5765966","06","9",,24164,11893,132,153,136,133,140,131,159,142,154,191,158,159,155,139,164,157,176,184,188,143,124,108,116,115,127,115,100,108,131,110,135,118,116,117,103,117,112,118,148,163,139,156,182,169,175,192,182,177,200,191,202,183,221,221,200,200,178,188,169,178,157,166,177,188,124,113,118,127,121,113,79,115,111,80,106,89,71,82,67,45,68,48,50,54,39,34,39,21,25,22,8,12,12,3,7,2,0,0,1,0,1,0,0,12271,128,150,117,166,162,126,150,161,157,139,125,164,154,179,176,161,155,202,159,125,117,121,116,131,126,114,125,102,104,126,128,127,119,111,119,127,135,153,141,163,160,142,173,182,182,183,178,189,197,210,202,193,209,189,164,194,191,198,170,169,173,174,168,159,130,145,130,135,146,111,135,113,104,90,97,84,79,80,75,73,81,57,72,67,65,56,39,30,43,25,20,18,17,10,10,8,7,0,2,1,6,0,0,23816,11739,692,776,775,516,304,117,102,344,551,584,653,817,936,1018,903,321,487,226,360,486,345,253,173,12077,722,732,798,516,261,105,113,365,563,599,712,831,951,951,915,342,454,270,392,530,381,326,248,348,154,4,1,1,0,0,0,1,0,0,0,0,0,0,0,0,0,0,0,0,0,3,0,0,0,0,3,3,0,0,0,0,0,110,35,29,0,0,0,29,0,0,0,0,0,0,6,0,0,0,0,0,0,75,34,0,0,0,41,9,29,0,0,0,3,40,36,0,0,0,0,0,0,0,0,0,0,0,29,7,7,0,0,0,0,4,0,0,0,0,4,0,4,0,0,0,0,194,4,0,0,0,0,0,0,0,0,0,0,0,0,0,0,0,0,0,0,0,4,0,0,0,0,4,2,2,0,0,0,0,106,22,3,0,0,0,3,0,0,0,0,0,0,19,0,0,0,0,0,0,84,50,0,0,0,34,6,25,0,0,0,3,84,72,0,0,0,0,0,0,0,0,0,0,0,50,22,22,0,0,0,0,12,0,0,0,0,12,0,12,0,0,0,0
"G2601390","2010","MI","2","3","Michigan","26","Ottawa County","139",,,,,,,,,,,,,,,"26100","99999","266",,,,,,,,,,,,,,,,,"1459373665","2765957666","Ottawa County","A","+42.9423461","-086.6553423","06","1",,263801,129136,1736,1831,1796,1955,1890,1875,1932,1905,1930,2026,2028,2065,1937,2090,1988,2088,1982,2096,2562,2744,2607,2494,2131,1775,1656,1527,1516,1550,1513,1579,1575,1523,1570,1532,1478,1574,1475,1573,1621,1703,1697,1596,1706,1734,1783,1809,1870,1876,1947,1925,1870,1883,1799,1728,1746,1679,1714,1570,1556,1390,1359,1275,1343,1335,924,975,932,985,968,752,697,713,632,601,594,520,494,484,459,454,428,371,384,332,332,273,233,191,187,149,119,93,63,58,42,30,16,11,9,5,7,1,0,134665,1582,1633,1768,1804,1767,1860,1907,1807,1943,1923,1892,1950,1940,1999,1918,1893,1970,2031,2960,3485,3262,2803,2159,1625,1583,1526,1564,1577,1498,1591,1530,1543,1576,1477,1520,1567,1473,1523,1655,1753,1793,1715,1674,1854,1743,1932,1923,1934,1957,1945,1969,1829,1811,1789,1798,1686,1696,1646,1570,1500,1451,1411,1403,1363,1007,1009,1089,1120,943,862,793,746,737,755,696,589,615,587,604,577,517,561,567,512,490,452,414,395,335,285,242,204,208,146,110,73,66,39,28,22,35,5,1,255540,125764,9184,9646,10091,6121,3768,2220,2257,5381,7550,7579,7855,8444,9318,8932,7850,2615,3577,1898,2687,3208,2379,1802,1402,129776,8536,9426,9669,5872,3804,2636,2469,5171,7678,7595,7923,8739,9644,9145,8049,2845,3740,2086,2906,3690,2904,2530,2719,8261,3372,108,38,10,0,0,0,10,0,0,28,0,0,28,0,0,0,0,0,0,0,70,0,0,0,0,70,14,1,0,0,52,3,3046,334,281,0,0,0,281,0,0,0,0,0,0,53,0,0,0,0,0,0,2712,2159,0,0,0,553,73,153,47,0,161,119,218,190,0,0,0,0,0,0,0,0,0,0,0,166,24,0,0,24,0,0,28,0,0,0,0,28,0,5,2,0,7,14,4889,84,7,0,0,0,0,0,0,0,7,0,0,7,0,0,0,0,0,0,0,77,11,0,0,0,66,13,1,0,0,38,14,4211,86,38,0,0,0,38,0,0,0,0,0,0,48,0,0,0,0,0,0,4125,3715,0,0,0,410,36,151,29,0,86,108,594,572,0,0,0,0,0,0,0,0,0,0,0,498,74,0,0,74,0,0,22,0,0,0,0,22,0,11,2,0,1,8
"G2601410","2010","MI","2","3","Michigan","26","Presque Isle County","141",,,,,,,,,,,,,,,"99999","99999","999",,,,,,,,,,,,,,,,,"1706074274","4957333304","Presque Isle County","A","+45.4895147","-083.3840186","06","9",,13376,6705,55,43,66,53,57,65,65,58,76,53,68,82,59,68,69,86,85,84,80,47,50,50,43,44,42,42,52,50,59,51,48,53,55,59,40,49,58,77,58,72,67,66,66,65,76,82,79,127,94,108,101,119,119,122,124,125,136,128,131,136,119,127,117,118,90,110,117,90,109,107,80,109,83,67,62,77,67,78,64,48,58,59,52,45,32,41,32,24,16,17,11,8,8,6,7,1,1,1,4,1,0,0,0,6671,44,51,44,68,49,54,55,56,74,72,74,64,84,98,62,66,59,71,71,42,58,35,45,37,43,49,47,57,43,51,66,49,57,46,47,65,49,54,59,67,60,70,65,68,71,84,94,113,113,111,108,95,129,109,127,122,131,125,118,122,108,108,122,120,90,98,91,102,101,82,98,84,81,64,64,68,50,78,83,63,62,64,51,53,53,52,48,42,39,39,20,14,22,15,9,3,6,4,1,2,0,0,0,13146,6609,274,317,342,250,125,50,46,127,253,254,310,335,480,575,650,244,323,224,305,398,329,236,162,6537,256,311,381,194,113,49,34,123,245,262,292,331,511,563,612,211,326,185,280,389,333,267,269,230,96,9,8,1,0,0,0,1,0,0,7,0,7,0,0,0,0,0,0,0,0,1,0,0,0,0,1,0,0,0,0,1,0,49,22,15,0,0,0,15,0,0,2,0,2,0,5,0,0,0,0,0,0,27,0,0,0,0,27,0,15,0,0,12,0,38,29,0,0,0,0,0,0,0,0,0,0,0,29,0,0,0,0,0,0,9,0,0,0,0,9,0,4,0,0,5,0,134,3,2,1,0,0,0,1,0,0,1,0,1,0,0,0,0,0,0,0,0,1,0,0,0,0,1,0,0,0,0,1,0,48,17,9,0,0,0,9,0,0,0,0,0,0,8,0,0,0,0,0,0,31,0,0,0,0,31,0,16,0,0,15,0,83,66,0,0,0,0,0,0,0,0,0,0,0,66,0,0,0,0,0,0,17,0,0,0,0,17,0,5,0,0,12,0
"G2601430","2010","MI","2","3","Michigan","26","Roscommon County","143",,,,,,,,,,,,,,,"99999","99999","999",,,,,,,,,,,,,,,,,"1345849993","156424239","Roscommon County","A","+44.3395168","-084.6112715","06","9",,24449,12196,85,106,112,105,116,68,106,93,114,100,118,111,111,105,125,155,158,140,138,112,92,95,89,79,87,81,90,102,97,89,83,97,97,71,75,77,115,96,120,119,126,108,135,139,126,143,136,162,166,211,193,201,179,220,233,212,235,222,210,225,222,206,257,279,202,228,251,251,223,204,195,167,151,161,166,170,108,126,127,107,102,95,90,73,80,52,50,31,31,12,16,9,6,13,7,7,2,4,2,1,1,0,0,12253,74,73,112,92,88,112,95,90,125,108,109,105,103,113,109,138,109,143,103,107,80,86,82,83,94,102,77,86,86,83,91,86,90,90,90,94,81,84,99,135,122,118,109,128,167,135,130,173,176,184,190,179,219,228,236,254,254,211,215,187,237,255,269,261,179,199,231,234,206,185,189,184,170,170,176,154,145,111,122,103,119,88,106,114,90,50,75,50,36,62,42,23,30,22,12,10,6,5,2,4,5,0,0,24172,12049,524,481,570,445,248,86,95,250,450,413,518,627,809,1019,1094,427,735,474,667,829,632,422,234,12123,439,530,539,390,208,79,86,257,433,443,493,642,796,1045,1115,488,707,429,622,883,618,491,390,277,147,8,8,0,0,0,0,0,0,0,8,0,0,8,0,0,0,0,0,0,0,0,0,0,0,0,0,0,0,0,0,0,0,78,60,49,0,0,0,49,0,0,0,0,0,0,11,0,0,0,0,0,0,18,0,0,0,0,18,0,18,0,0,0,0,61,50,0,0,0,0,0,0,0,0,0,0,0,50,0,0,0,0,0,0,11,0,0,0,0,11,0,11,0,0,0,0,130,0,0,0,0,0,0,0,0,0,0,0,0,0,0,0,0,0,0,0,0,0,0,0,0,0,0,0,0,0,0,0,0,33,23,11,0,0,0,11,0,0,0,0,0,0,12,0,0,0,0,0,0,10,0,0,0,0,10,0,10,0,0,0,0,97,91,0,0,0,0,0,0,0,0,0,0,0,91,0,0,0,0,0,0,6,0,0,0,0,6,0,6,0,0,0,0
"G2601450","2010","MI","2","3","Michigan","26","Saginaw County","145",,,,,,,,,,,,,,,"40980","99999","474",,,,,,,,,,,,,,,,,"2072284641","41056727","Saginaw County","A","+43.3282667","-084.0554100","06","1",,200169,96771,1152,1169,1203,1252,1289,1273,1278,1244,1339,1314,1348,1391,1376,1355,1409,1501,1543,1532,1789,1803,1621,1394,1350,1333,1227,1161,1094,1103,1104,1111,1108,1057,1043,1072,1020,1052,1017,998,1215,1244,1208,1192,1240,1280,1300,1291,1379,1354,1376,1443,1494,1474,1435,1477,1475,1420,1304,1364,1281,1366,1267,1187,1240,1153,864,968,900,895,804,739,711,684,645,557,548,536,474,455,448,435,449,389,387,334,288,277,213,205,167,129,103,87,71,43,32,17,18,4,3,3,5,0,0,103398,1130,1121,1118,1209,1211,1177,1239,1263,1256,1306,1320,1289,1314,1261,1330,1420,1403,1506,1841,1803,1706,1467,1380,1295,1209,1155,1061,1116,1098,1180,1111,1132,1081,1033,1100,1044,1112,1176,1227,1306,1308,1240,1207,1275,1297,1438,1422,1443,1521,1528,1627,1557,1592,1662,1531,1559,1467,1499,1490,1389,1349,1364,1265,1312,972,996,1057,1094,859,842,792,775,715,719,731,712,648,631,625,631,602,538,535,497,524,443,411,384,352,292,255,216,192,158,101,59,69,42,29,14,33,5,0,193053,92647,6050,6439,6851,4413,2850,1354,1211,3544,5190,5003,5254,5931,6597,7132,6557,2417,3202,1834,2402,3074,2289,1784,1269,100406,5770,6225,6499,4285,2698,1405,1288,3717,5542,5427,5829,6257,7294,7911,7327,2687,3519,2031,2761,3676,3133,2543,2582,7116,4124,215,166,20,0,0,4,16,0,0,146,0,0,146,0,0,0,0,0,0,0,49,5,0,0,0,44,6,1,2,0,11,24,3538,1989,1880,16,0,1444,420,0,0,20,0,0,20,89,0,0,0,0,0,0,1549,1040,0,0,0,509,98,230,48,0,5,128,371,303,24,0,0,22,2,0,0,0,0,0,0,279,0,0,0,0,0,0,68,0,0,0,0,68,1,35,4,0,0,28,2992,94,30,1,0,0,0,1,0,0,29,0,0,29,0,0,0,0,0,0,0,64,2,0,0,0,62,23,1,1,0,5,32,2046,121,61,2,0,0,59,0,0,0,0,0,0,60,0,0,0,0,0,0,1925,1523,0,0,0,402,71,170,29,0,5,127,852,758,0,0,0,0,0,0,0,0,0,0,0,755,3,0,0,3,0,0,94,0,0,0,0,94,0,55,4,0,0,35
"G2601470","2010","MI","2","3","Michigan","26","St. Clair County","147",,,,,,,,,,,,,,,"19820","47644","220",,,,,,,,,,,,,,,,,"1867822812","298719230","St. Clair County","A","+42.9288035","-082.6689135","06","1",,163040,80724,902,900,988,958,1031,1020,1048,1055,1069,1122,1133,1161,1174,1156,1218,1273,1330,1340,1218,1023,981,855,890,862,865,799,795,838,819,811,860,859,879,815,852,907,921,980,986,1183,1113,1139,1132,1216,1307,1377,1373,1339,1363,1345,1389,1368,1363,1332,1304,1269,1219,1155,1169,1077,1091,1102,1035,1019,793,724,775,818,676,652,555,593,507,452,463,424,394,375,319,338,327,326,258,250,219,180,161,155,119,84,82,74,47,41,23,15,12,9,2,5,1,4,0,82316,865,825,905,980,934,1011,1023,1013,978,1063,1158,1090,1064,1113,1157,1158,1175,1223,1059,963,963,819,786,882,811,840,762,877,847,849,860,889,830,887,839,871,935,978,1117,1168,1213,1109,1155,1211,1299,1310,1400,1349,1379,1361,1386,1348,1347,1326,1287,1328,1217,1215,1128,1139,1077,1097,1074,984,798,780,860,833,763,680,592,619,546,526,480,566,434,455,453,424,419,413,430,374,367,329,321,248,255,232,186,146,123,103,72,58,32,33,21,16,23,0,0,161041,79708,4766,5305,5827,3924,2192,967,830,2553,3976,4184,4916,5820,6731,6670,5825,2167,2823,1485,2124,2542,1811,1332,938,81333,4496,5085,5578,3550,2011,955,807,2454,4147,4267,5041,5957,6748,6639,5976,2161,2831,1620,2247,2725,2238,1900,1900,1999,1016,56,19,7,0,0,0,7,0,0,12,9,3,0,0,0,0,0,0,0,0,37,0,0,0,0,37,5,1,0,0,11,20,733,375,348,0,0,0,348,0,0,0,0,0,0,27,0,0,0,0,0,0,358,0,0,0,0,358,11,136,26,0,46,139,227,174,2,0,0,0,2,0,0,0,0,0,0,172,0,0,0,0,0,0,53,0,0,0,0,53,1,23,0,0,4,25,983,26,8,4,0,0,0,4,0,0,4,4,0,0,0,0,0,0,0,0,0,18,0,0,0,0,18,1,1,0,0,1,15,375,95,57,0,0,0,57,0,0,1,0,1,0,37,0,0,0,0,0,0,280,0,0,0,0,280,10,76,8,0,26,160,582,479,0,0,0,0,0,0,0,0,0,0,0,478,1,0,0,1,0,0,103,0,0,0,0,103,0,46,0,0,32,25
"G2601490","2010","MI","2","3","Michigan","26","St. Joseph County","149",,,,,,,,,,,,,,,"44780","99999","999",,,,,,,,,,,,,,,,,"1296524618","52942658","St. Joseph County","A","+41.9114878","-085.5228703","06","2",,61295,30316,411,426,429,432,448,467,457,426,402,468,458,446,440,460,435,511,471,489,465,368,354,357,332,325,361,368,378,368,364,340,360,365,367,308,366,372,335,366,376,401,420,353,380,374,421,429,424,455,471,477,467,453,468,413,466,444,426,406,424,357,363,383,341,365,274,300,264,318,243,201,233,220,188,192,180,158,167,138,136,126,122,100,109,99,66,67,69,75,70,41,27,24,24,14,6,3,5,3,1,1,0,0,0,30979,393,421,443,413,439,426,428,470,417,444,419,420,424,433,443,421,465,480,386,321,347,339,305,332,344,379,384,340,357,384,363,335,352,365,363,340,349,345,387,371,360,332,332,388,399,431,408,435,466,507,439,440,450,438,449,456,429,427,402,404,391,394,407,417,278,301,316,319,282,262,218,226,212,227,214,185,187,185,200,158,162,149,184,155,143,139,106,118,92,66,61,60,31,36,36,18,19,14,11,4,17,0,0,60530,29937,2138,2218,2239,1465,818,344,348,988,1782,1736,1824,1925,2230,2249,2030,741,966,562,754,998,708,480,394,30593,2100,2183,2138,1365,702,343,325,971,1828,1767,1788,1799,2235,2205,2108,781,1093,611,854,1074,882,761,680,765,379,16,5,5,0,0,0,5,0,0,0,0,0,0,0,0,0,0,0,0,0,11,0,0,0,0,11,4,0,0,0,3,4,269,172,159,0,0,0,109,50,0,0,0,0,0,13,0,0,0,0,0,0,97,0,0,0,0,97,12,58,2,0,4,21,94,82,0,0,0,0,0,0,0,0,0,0,0,82,0,0,0,0,0,0,12,0,0,0,0,12,0,8,2,0,1,1,386,13,0,0,0,0,0,0,0,0,0,0,0,0,0,0,0,0,0,0,0,13,0,0,0,0,13,2,0,0,0,3,8,122,40,25,0,0,0,24,1,0,0,0,0,0,15,0,0,0,0,0,0,82,0,0,0,0,82,18,40,8,0,1,15,251,212,0,0,0,0,0,0,0,0,0,0,0,212,0,0,0,0,0,0,39,0,0,0,0,39,0,31,0,0,0,8
"G2601510","2010","MI","2","3","Michigan","26","Sanilac County","151",,,,,,,,,,,,,,,"99999","99999","999",,,,,,,,,,,,,,,,,"2493035045","1624894854","Sanilac County","A","+43.4491547","-082.6428148","06","9",,43114,21315,286,228,244,269,258,284,277,274,267,296,272,250,281,281,329,344,358,328,288,240,226,200,208,216,246,226,224,223,231,200,223,246,212,215,210,213,247,192,277,254,299,243,238,288,286,284,341,370,327,328,378,348,383,345,344,310,353,329,309,315,294,289,269,270,220,216,217,254,208,215,183,181,167,155,185,151,123,132,119,120,117,92,96,87,60,65,67,33,38,27,33,23,15,15,1,3,4,4,2,0,2,2,0,21799,215,254,258,223,278,256,248,276,298,273,311,300,321,298,301,295,330,327,278,220,219,201,197,225,231,211,184,214,200,199,207,209,203,211,242,224,212,213,259,281,278,271,260,295,291,317,316,326,313,355,353,356,378,318,347,318,342,284,308,311,270,301,294,304,224,209,264,241,256,205,228,183,223,171,172,195,142,143,157,133,146,140,117,113,95,101,85,78,66,65,66,43,27,21,24,8,16,9,10,8,6,1,0,42548,21030,1284,1398,1412,1028,524,222,196,648,1082,1088,1156,1343,1633,1778,1593,575,747,428,672,866,629,432,296,21518,1228,1351,1531,951,486,219,199,649,1003,1066,1187,1389,1613,1739,1551,559,815,468,695,965,742,576,536,566,285,4,0,0,0,0,0,0,0,0,0,0,0,0,0,0,0,0,0,0,0,4,0,0,0,0,4,0,0,0,0,2,2,192,103,88,0,0,0,88,0,0,0,0,0,0,15,0,0,0,0,0,0,89,0,0,0,0,89,0,77,6,0,6,0,89,62,0,0,0,0,0,0,0,0,0,0,0,49,13,11,0,2,0,0,27,0,0,0,0,27,0,25,0,0,2,0,281,1,1,1,0,0,0,1,0,0,0,0,0,0,0,0,0,0,0,0,0,0,0,0,0,0,0,0,0,0,0,0,0,95,15,5,0,0,0,5,0,0,0,0,0,0,6,4,4,0,0,0,0,80,0,0,0,0,80,0,71,0,0,7,2,185,130,0,0,0,0,0,0,0,0,0,0,0,99,31,27,0,4,0,0,55,0,0,0,0,55,0,46,0,0,9,0
"G2601530","2010","MI","2","3","Michigan","26","Schoolcraft County","153",,,,,,,,,,,,,,,"99999","99999","999",,,,,,,,,,,,,,,,,"3033804451","1845681047","Schoolcraft County","A","+46.0207579","-086.1993524","06","9",,8485,4200,32,51,39,44,54,38,54,35,51,42,43,50,60,56,54,57,64,46,51,42,29,37,31,41,24,38,36,31,33,44,34,33,42,30,31,52,28,45,27,55,48,63,49,68,49,51,49,69,64,67,80,66,72,74,73,91,87,67,80,62,85,62,75,81,50,51,50,55,54,56,50,41,38,45,34,28,26,45,30,25,33,21,17,19,18,27,17,11,11,10,6,4,2,4,1,0,2,1,0,0,2,0,0,4285,35,35,40,35,39,49,34,39,43,45,51,50,59,46,54,60,54,49,51,46,27,30,26,34,35,34,36,32,32,27,38,31,36,42,42,43,47,52,38,46,55,68,42,46,47,57,50,66,76,87,88,85,77,67,79,80,87,53,85,66,68,65,67,68,46,64,54,51,35,39,55,51,31,41,49,48,37,40,31,37,43,24,33,26,35,31,17,27,12,11,8,7,8,7,3,6,3,1,2,1,0,0,0,8345,4132,220,220,263,167,87,28,35,94,182,165,204,272,298,363,384,146,204,99,164,201,150,99,87,4213,184,210,260,163,96,27,29,92,160,189,224,258,336,393,369,132,181,117,124,216,183,149,121,140,68,0,0,0,0,0,0,0,0,0,0,0,0,0,0,0,0,0,0,0,0,0,0,0,0,0,0,0,0,0,0,0,0,34,23,22,0,0,0,22,0,0,0,0,0,0,1,0,0,0,0,0,0,11,0,0,0,0,11,0,11,0,0,0,0,34,28,0,0,0,0,0,0,0,0,0,0,0,28,0,0,0,0,0,0,6,0,0,0,0,6,0,6,0,0,0,0,72,0,0,0,0,0,0,0,0,0,0,0,0,0,0,0,0,0,0,0,0,0,0,0,0,0,0,0,0,0,0,0,0,14,7,2,0,0,0,2,0,0,0,0,0,0,5,0,0,0,0,0,0,7,0,0,0,0,7,0,7,0,0,0,0,58,54,0,0,0,0,0,0,0,0,0,0,0,54,0,0,0,0,0,0,4,0,0,0,0,4,0,4,0,0,0,0
"G2601550","2010","MI","2","3","Michigan","26","Shiawassee County","155",,,,,,,,,,,,,,,"37020","99999","330",,,,,,,,,,,,,,,,,"1374422924","26624209","Shiawassee County","A","+42.9515446","-084.1463518","06","2",,70648,34921,383,397,406,458,410,455,447,449,503,495,505,524,541,536,606,551,590,607,599,545,440,384,380,366,359,379,331,367,388,378,394,391,389,415,392,383,386,447,457,451,497,482,494,479,494,584,558,553,581,578,599,537,553,533,567,528,520,480,465,435,475,456,425,410,329,316,337,321,289,267,240,238,236,203,223,192,162,164,139,134,152,120,108,76,90,77,63,61,56,35,28,31,24,12,13,6,3,5,0,1,0,3,0,35727,386,329,429,378,411,402,443,447,472,499,483,481,510,467,528,512,509,510,549,504,430,376,376,349,363,370,338,397,354,359,442,429,361,389,393,401,365,403,457,485,517,484,505,514,521,550,566,578,598,582,568,571,601,557,527,560,551,483,537,448,487,434,442,443,337,347,378,346,320,303,252,280,250,218,224,236,221,196,196,171,174,179,170,140,135,138,109,116,105,112,76,59,53,47,36,25,17,20,13,9,8,1,0,69827,34535,2053,2349,2712,1745,1029,400,367,1086,1817,1959,2108,2429,2835,2768,2420,928,1160,649,872,1133,781,531,404,35292,1931,2262,2469,1530,923,398,363,1082,1810,2007,2108,2538,2872,2822,2576,920,1219,720,962,1211,990,756,823,821,386,4,3,3,0,0,0,3,0,0,0,0,0,0,0,0,0,0,0,0,0,1,0,0,0,0,1,0,0,0,0,0,1,327,131,120,0,0,0,113,7,0,0,0,0,0,11,0,0,0,0,0,0,196,155,0,0,0,41,0,13,0,0,5,23,55,49,0,0,0,0,0,0,0,0,0,0,0,49,0,0,0,0,0,0,6,0,0,0,0,6,0,3,0,0,0,3,435,4,1,1,0,0,0,1,0,0,0,0,0,0,0,0,0,0,0,0,0,3,0,0,0,0,3,0,0,0,0,1,2,213,24,14,0,0,0,14,0,0,0,0,0,0,10,0,0,0,0,0,0,189,173,0,0,0,16,0,7,0,0,0,9,218,187,0,0,0,0,0,0,0,0,0,0,0,187,0,0,0,0,0,0,31,0,0,0,0,31,0,12,0,0,16,3
"G2601570","2010","MI","2","3","Michigan","26","Tuscola County","157",,,,,,,,,,,,,,,"99999","99999","999",,,,,,,,,,,,,,,,,"2080088206","286929756","Tuscola County","A","+43.4879024","-083.4366179","06","9",,55729,27946,299,301,351,317,353,326,356,368,372,384,356,344,356,401,462,437,494,503,428,351,349,307,288,311,303,294,274,296,336,291,325,293,328,301,273,323,311,291,363,388,383,357,336,356,391,430,449,444,454,464,442,464,487,449,419,435,444,386,408,401,384,336,367,377,273,329,312,307,264,242,199,226,192,197,191,181,138,128,145,128,98,93,82,87,69,83,61,37,48,43,35,38,17,19,7,1,4,0,3,0,1,1,0,27783,286,292,305,316,308,314,362,299,333,320,364,384,380,409,360,376,440,463,374,316,288,282,269,279,253,276,257,316,291,270,340,296,260,273,287,275,283,313,322,366,385,339,361,375,412,401,439,463,394,467,428,464,487,422,464,435,410,409,408,397,379,367,381,365,309,296,301,306,301,274,232,263,228,191,180,205,178,138,168,157,171,134,111,124,123,119,100,101,85,80,50,49,47,21,33,26,14,7,4,3,5,0,0,54494,27179,1619,1806,1906,1267,753,337,294,858,1435,1459,1623,1778,2199,2213,2036,706,1000,638,807,985,703,406,351,27315,1505,1627,1890,1243,684,286,281,787,1395,1448,1551,1862,2143,2249,2043,737,1048,592,868,1074,809,597,596,1235,767,182,180,0,0,0,0,0,0,0,180,0,180,0,0,0,0,0,0,0,0,2,0,0,0,0,2,0,0,0,0,0,2,469,250,222,0,0,0,69,153,0,15,0,15,0,13,0,0,0,0,0,0,219,0,0,0,0,219,0,168,40,0,11,0,116,83,0,0,0,0,0,0,0,0,0,0,0,83,0,0,0,0,0,0,33,0,0,0,0,33,0,23,3,0,7,0,468,46,42,0,0,0,0,0,0,0,42,0,42,0,0,0,0,0,0,0,0,4,0,0,0,0,4,0,0,0,0,2,2,133,29,5,0,0,0,5,0,0,7,0,7,0,17,0,0,0,0,0,0,104,0,0,0,0,104,0,79,15,0,6,4,289,208,0,0,0,0,0,0,0,0,0,0,0,208,0,0,0,0,0,0,81,0,0,0,0,81,0,68,0,0,13,0
"G2601590","2010","MI","2","3","Michigan","26","Van Buren County","159",,,,,,,,,,,,,,,"28020","99999","999",,,,,,,,,,,,,,,,,"1573351092","1249470315","Van Buren County","A","+42.2839861","-086.3056965","06","1",,76258,37803,492,437,499,497,507,498,576,485,569,573,534,575,610,556,628,657,630,629,595,441,471,421,409,372,384,405,422,435,456,421,441,397,494,387,421,396,401,435,451,494,522,502,463,512,511,544,572,607,586,608,645,604,648,577,591,581,590,533,570,503,511,487,475,465,356,367,359,384,341,262,273,258,249,228,205,180,140,168,170,147,128,117,150,118,93,72,76,72,42,31,25,20,13,12,16,7,5,2,3,4,1,1,0,38455,485,457,495,522,481,531,496,457,521,548,553,549,524,543,540,578,582,594,506,452,412,369,368,353,374,389,421,420,451,430,432,460,413,412,460,403,470,422,508,494,522,508,471,513,519,572,568,557,580,645,674,593,626,667,613,593,566,594,582,532,463,540,470,473,355,367,436,362,325,312,253,256,276,220,266,219,222,203,212,219,187,189,164,141,123,148,114,83,90,95,52,50,50,35,42,23,16,15,5,6,7,1,0,75381,37343,2417,2694,2891,1909,1018,458,417,1135,2088,2101,2142,2481,2884,3038,2756,988,1283,718,980,1192,792,588,373,38038,2437,2542,2701,1752,952,406,366,1079,2092,2151,2287,2523,2903,3157,2857,994,1291,799,988,1253,1044,763,701,877,460,41,5,5,0,0,0,5,0,0,0,0,0,0,0,0,0,0,0,0,0,36,0,0,0,0,36,5,0,0,0,31,0,323,134,121,0,0,0,121,0,0,0,0,0,0,13,0,0,0,0,0,0,189,0,0,0,0,189,3,87,8,0,91,0,96,72,0,0,0,0,0,0,0,0,0,0,0,72,0,0,0,0,0,0,24,0,0,0,0,24,0,19,0,0,5,0,417,24,1,1,0,0,0,1,0,0,0,0,0,0,0,0,0,0,0,0,0,23,0,0,0,0,23,0,0,0,0,23,0,157,41,21,0,0,0,21,0,0,0,0,0,0,20,0,0,0,0,0,0,116,0,0,0,0,116,6,37,21,0,52,0,236,216,0,0,0,0,0,0,0,0,0,0,0,216,0,0,0,0,0,0,20,0,0,0,0,20,0,11,3,0,6,0
"G2601610","2010","MI","2","3","Michigan","26","Washtenaw County","161",,,,,,,,,,,,,,,"11460","99999","220",,,,,,,,,,,,,,,,,"1828442046","42615161","Washtenaw County","A","+42.2523272","-083.8446336","06","1",,344791,170132,1903,1883,1895,2031,2039,2034,2058,2070,2001,2121,1973,2081,2128,2051,2162,2063,2226,2226,3715,5190,4900,4923,4264,3412,3197,2932,2843,2691,2694,2555,2514,2285,2234,2144,2036,2067,2065,2002,2180,2351,2311,2337,2160,2092,2140,2265,2407,2286,2298,2283,2353,2324,2305,2290,2141,2112,2164,2026,2044,1871,1977,1798,1809,1706,1335,1174,1213,1214,1015,925,802,772,719,631,612,610,522,502,495,442,518,421,382,354,302,304,270,184,191,150,101,100,68,57,36,25,11,11,11,8,7,0,0,174659,1876,1798,1869,1912,1932,1933,1993,1947,1933,1919,1916,1990,1933,1955,1964,2087,1964,2087,3952,4982,4865,4647,4111,3223,2925,2820,2732,2623,2672,2499,2471,2226,2196,2126,2044,2036,1991,2133,2195,2344,2358,2301,2270,2315,2143,2413,2492,2328,2412,2470,2359,2394,2583,2420,2365,2442,2342,2256,2222,2079,2019,1938,1948,1834,1343,1371,1317,1357,1173,1037,923,883,822,745,732,749,639,674,665,604,645,593,598,558,533,489,413,380,342,325,258,226,176,126,130,108,62,63,27,19,28,2,0,326979,160344,9744,10272,10369,6441,4313,3613,4321,10258,13244,10823,10248,10722,11241,11161,10063,3736,4807,2367,3126,3512,2551,1951,1461,166635,9377,9716,9749,6111,3973,3581,4221,9882,13205,11011,10661,11355,12064,12073,11312,3945,5112,2675,3541,4067,3279,2841,2884,17812,9788,119,65,10,0,0,2,8,0,0,55,28,0,27,0,0,0,0,0,0,0,54,27,0,0,0,27,6,0,0,0,2,19,9478,1948,1740,0,1281,170,289,0,0,17,17,0,0,28,163,162,1,0,0,0,7530,6856,0,0,0,674,94,201,58,0,182,139,191,177,23,0,21,0,2,0,0,0,0,0,0,145,9,9,0,0,0,0,14,0,0,0,0,14,0,7,0,0,7,0,8024,55,12,2,0,0,1,1,0,0,10,5,0,5,0,0,0,0,0,0,0,43,9,0,0,0,34,17,4,2,0,2,9,7464,156,84,0,9,29,46,0,0,3,3,0,0,43,26,26,0,0,0,0,7308,6981,0,0,0,327,36,126,43,0,5,117,505,469,0,0,0,0,0,0,0,0,0,0,0,469,0,0,0,0,0,0,36,0,0,0,0,36,0,7,5,0,12,12
"G2601630","2010","MI","2","3","Michigan","26","Wayne County","163",,,,,,,,,,,,,,,"19820","19804","220",,,,,,,,,,,,,,,,,"1585280173","156946749","Wayne County","A","+42.2846636","-083.2619533","06","1",,1820584,874161,11896,11860,12166,12120,12091,12401,12356,12584,12935,13135,13455,13160,13354,13269,13725,14529,14940,15331,14664,14301,13713,11576,11557,11107,11316,10688,10206,10574,10467,10679,11044,10313,10491,10206,10403,10634,10747,11462,12180,12923,12763,11737,11858,11889,12272,12761,12822,12771,12807,12910,13528,13080,13545,13135,12945,12670,11795,11318,10978,10606,10280,9812,9638,9202,6897,6777,6629,6617,5706,5109,4870,4502,4250,3871,3825,3649,3334,3276,3166,3263,3082,2909,2860,2634,2429,2166,1828,1568,1325,1003,807,597,476,303,268,174,115,61,55,30,45,2,3,946423,11559,11425,11707,11681,11945,11791,11965,11825,12393,12719,12706,12694,12773,12912,13072,13810,14603,14908,14151,13676,13340,11973,12064,11708,11626,11408,10939,11118,11260,11761,11836,11239,11629,11214,11318,11763,11933,12453,13159,13634,13183,12424,12450,12655,12773,13311,13451,13320,13544,13924,14271,14177,14414,14297,13986,13738,12804,12399,12220,11894,11652,11007,11178,10575,7967,7853,7807,8079,6901,6389,6099,5722,5644,5472,5433,5245,5100,5098,4923,5174,5008,4543,4575,4426,4135,3847,3348,3055,2756,2254,1927,1478,1278,965,733,560,427,285,184,148,226,21,1,1796735,860284,60029,63328,66811,44424,28129,13359,11298,33173,51753,51618,57054,59445,62722,64707,56126,19746,25329,13197,17173,20939,16282,13450,10192,936451,58222,60629,64044,43013,26822,13047,11701,34989,56217,57025,62715,63188,67169,70667,62591,22485,29473,15497,21138,27965,24913,21763,21178,23849,13877,715,447,25,0,0,2,23,0,0,415,47,224,144,0,7,0,0,0,0,7,268,3,0,0,0,265,149,0,1,0,23,92,10811,4206,2986,0,0,2024,851,111,0,40,3,10,27,987,193,168,19,6,0,0,6605,1046,0,0,0,5559,989,1844,1163,0,122,1441,2351,2083,38,0,0,37,0,1,0,0,0,0,0,1990,55,14,32,9,0,0,268,0,0,0,0,268,7,147,21,0,5,88,9972,580,326,2,0,0,0,1,1,0,314,66,217,31,0,10,0,3,0,0,7,254,2,0,0,0,252,145,0,1,0,29,77,4727,1001,180,0,0,67,78,35,0,28,6,20,2,697,96,63,30,3,0,0,3726,1485,0,0,0,2241,464,965,199,0,106,507,4665,4163,0,0,0,0,0,0,0,0,0,0,0,4112,51,5,33,13,0,0,502,0,0,0,0,502,6,247,51,0,7,191
"G2601650","2010","MI","2","3","Michigan","26","Wexford County","165",,,,,,,,,,,,,,,"15620","99999","999",,,,,,,,,,,,,,,,,"1463347858","27101225","Wexford County","A","+44.3313751","-085.5700462","06","2",,32735,16309,204,223,218,240,238,244,226,209,210,216,242,238,208,232,225,242,239,240,245,161,181,207,140,170,191,190,175,207,198,189,206,169,173,160,164,176,195,179,192,208,208,214,196,230,228,256,235,250,236,273,251,269,277,226,241,268,241,212,238,228,204,187,258,223,125,159,172,160,163,125,139,141,101,91,120,104,76,100,86,75,64,75,63,72,61,34,35,29,25,28,20,13,14,6,7,2,1,1,2,1,0,0,0,16426,213,215,238,222,210,225,210,213,204,223,213,197,200,210,217,217,216,231,204,150,169,148,168,158,215,200,190,166,202,222,193,170,198,154,166,183,172,178,195,181,192,220,216,193,198,245,268,249,247,240,288,249,247,266,275,254,235,242,214,217,207,204,214,203,153,150,178,186,157,160,167,124,113,134,131,98,83,106,85,101,100,86,83,94,66,58,56,51,53,43,42,26,33,20,15,13,8,6,0,3,5,0,0,32346,16113,1122,1101,1144,716,394,166,199,482,932,860,942,1071,1238,1255,1179,390,603,328,444,583,434,326,204,16233,1092,1073,1033,663,350,167,144,531,972,877,906,1014,1242,1318,1154,407,564,323,500,654,464,405,380,389,196,11,2,2,0,0,0,2,0,0,0,0,0,0,0,0,0,0,0,0,0,9,0,0,0,0,9,1,1,0,0,0,7,139,72,70,0,0,0,70,0,0,0,0,0,0,2,0,0,0,0,0,0,67,0,0,0,0,67,6,31,5,0,0,25,46,36,0,0,0,0,0,0,0,0,0,0,0,36,0,0,0,0,0,0,10,0,0,0,0,10,0,6,0,0,0,4,193,13,0,0,0,0,0,0,0,0,0,0,0,0,0,0,0,0,0,0,0,13,0,0,0,0,13,3,0,0,0,0,10,72,25,11,0,0,0,11,0,0,0,0,0,0,14,0,0,0,0,0,0,47,0,0,0,0,47,3,12,1,0,0,31,108,86,0,0,0,0,0,0,0,0,0,0,0,86,0,0,0,0,0,0,22,0,0,0,0,22,0,18,0,0,0,4
"G2700010","2010","MN","2","4","Minnesota","27","Aitkin County","001",,,,,,,,,,,,,,,"99999","99999","999",,,,,,,,,,,,,,,,,"4718084060","449700337","Aitkin County","A","+46.6024464","-093.4197600","06","9",,16202,8205,81,79,90,94,76,87,91,80,80,75,65,89,85,82,83,84,82,100,84,73,62,44,53,57,69,48,59,73,70,67,70,67,62,64,47,56,55,52,98,80,92,71,79,68,105,107,113,120,130,120,140,132,141,137,145,122,138,149,118,133,148,147,166,157,120,147,146,171,145,151,136,124,118,113,100,80,76,69,81,81,66,55,53,51,46,43,28,34,18,13,13,15,6,4,1,4,2,0,0,2,2,0,0,7997,50,66,87,86,69,84,87,64,85,64,75,85,76,85,87,82,102,81,77,57,44,45,44,58,64,77,59,60,71,62,57,57,68,39,57,60,53,73,69,74,78,66,75,94,101,98,105,120,105,154,122,123,120,130,116,139,145,158,131,121,129,169,150,172,117,118,159,161,141,137,123,124,128,103,90,80,73,81,70,62,58,59,58,41,48,44,26,33,27,34,34,16,19,17,15,14,6,6,8,2,4,0,0,15928,8079,420,413,404,266,151,60,41,176,306,297,334,405,577,689,657,294,438,293,462,585,383,259,169,7849,358,384,407,264,133,38,44,161,319,273,323,410,577,607,693,296,436,277,437,564,355,248,245,274,126,0,0,0,0,0,0,0,0,0,0,0,0,0,0,0,0,0,0,0,0,0,0,0,0,0,0,0,0,0,0,0,0,83,61,57,0,0,0,57,0,0,0,0,0,0,4,0,0,0,0,0,0,22,0,0,0,0,22,4,17,0,0,1,0,43,28,0,0,0,0,0,0,0,0,0,0,0,28,0,0,0,0,0,0,15,0,0,0,0,15,3,7,0,0,5,0,148,2,1,0,0,0,0,0,0,0,1,1,0,0,0,0,0,0,0,0,0,1,0,0,0,0,1,0,1,0,0,0,0,53,24,21,0,0,0,21,0,0,0,0,0,0,3,0,0,0,0,0,0,29,0,0,0,0,29,4,25,0,0,0,0,93,81,0,0,0,0,0,0,0,0,0,0,0,81,0,0,0,0,0,0,12,0,0,0,0,12,0,5,0,0,7,0
"G2700030","2010","MN","2","4","Minnesota","27","Anoka County","003",,,,,,,,,,,,,,,"33460","99999","378",,,,,,,,,,,,,,,,,"1095590050","59831077","Anoka County","A","+45.2741098","-093.2427232","06","1",,330844,165327,2152,2246,2304,2287,2341,2320,2473,2380,2458,2448,2482,2479,2414,2540,2614,2642,2712,2673,2430,1820,1864,1830,1801,2037,2016,2079,2104,2154,2307,2243,2312,2336,2251,2124,2154,2262,2142,2111,2406,2614,2607,2535,2450,2484,2589,2831,3002,2887,2918,3084,3024,2846,2684,2509,2472,2285,2194,2096,2021,1871,1778,1739,1725,1696,1200,1255,1261,1203,1016,996,876,753,714,614,625,631,520,521,470,415,381,348,305,288,246,218,172,144,122,99,53,58,42,29,18,19,9,7,3,2,4,1,0,165517,2175,2136,2153,2300,2245,2400,2393,2314,2260,2343,2300,2407,2292,2451,2380,2431,2551,2535,2219,1722,1712,1658,1730,1849,1983,1990,2057,2201,2259,2185,2309,2226,2103,2049,2189,2196,2035,2171,2322,2602,2529,2506,2499,2530,2705,2836,2897,2896,2974,2955,2884,2717,2686,2489,2338,2329,2154,2190,2085,1945,1936,1864,1845,1869,1232,1302,1272,1273,1130,1029,911,875,860,824,767,744,635,621,625,543,472,526,445,438,362,363,318,261,271,178,159,136,128,84,66,66,38,27,14,14,17,0,0,327835,163065,11324,12077,12504,7927,4207,1821,1785,5704,10554,10854,11279,12418,14498,13396,10379,3495,4590,2504,3200,3554,2522,1537,936,164770,11004,11708,11817,7477,3929,1697,1656,5539,10662,10855,11297,12729,14529,13078,10679,3788,4935,2563,3425,4200,3119,2162,1922,3009,2262,133,125,0,0,0,0,0,0,0,125,10,86,29,0,0,0,0,0,0,0,8,0,0,0,0,8,2,0,0,0,1,5,1944,1601,1495,0,0,1298,197,0,0,16,2,9,5,28,62,15,47,0,0,0,343,0,0,0,0,343,47,224,54,0,4,14,185,177,6,0,0,6,0,0,0,0,0,0,0,168,3,0,3,0,0,0,8,0,0,0,0,8,0,8,0,0,0,0,747,60,45,0,0,0,0,0,0,0,45,18,6,21,0,0,0,0,0,0,0,15,0,0,0,0,15,4,4,0,0,0,7,284,74,3,0,0,1,2,0,0,2,1,0,1,27,42,0,42,0,0,0,210,0,0,0,0,210,12,146,26,0,5,21,403,391,0,0,0,0,0,0,0,0,0,0,0,386,5,0,5,0,0,0,12,0,0,0,0,12,0,2,0,0,10,0
"G2700050","2010","MN","2","4","Minnesota","27","Becker County","005",,,,,,,,,,,,,,,"99999","99999","999",,,,,,,,,,,,,,,,,"3406359731","336647129","Becker County","A","+46.9376289","-095.7417568","06","9",,32504,16314,189,211,256,218,230,253,220,260,213,231,230,222,236,247,218,199,206,216,211,149,165,119,159,149,183,171,149,185,199,185,198,197,180,175,157,196,178,168,176,187,164,199,198,184,204,189,221,244,275,245,272,223,277,225,301,261,261,260,244,263,237,244,216,219,176,209,194,173,155,151,136,142,146,117,113,114,113,98,87,87,78,76,77,60,54,39,35,41,37,17,10,21,11,10,3,6,4,5,1,0,1,0,0,16190,203,226,203,229,218,234,227,209,225,225,218,213,229,243,215,199,218,210,181,147,141,140,143,151,168,168,156,171,191,191,182,176,185,159,148,166,167,146,147,194,171,179,158,183,180,213,197,228,221,283,220,231,261,272,259,254,240,237,257,245,246,231,208,250,188,141,191,170,145,158,125,157,153,113,150,111,113,102,125,119,95,95,80,83,60,80,59,65,57,45,46,50,30,24,23,11,12,11,6,6,5,0,0,32046,16110,1104,1177,1153,614,355,158,116,482,870,895,894,943,1163,1285,1279,480,609,401,477,645,481,328,201,15936,1079,1120,1118,627,328,138,136,456,873,847,818,866,1138,1238,1226,474,642,328,471,686,541,369,417,458,204,7,5,0,0,0,0,0,0,0,5,0,5,0,0,0,0,0,0,0,0,2,0,0,0,0,2,0,2,0,0,0,0,109,72,59,0,0,0,59,0,0,2,0,2,0,11,0,0,0,0,0,0,37,0,0,0,0,37,0,37,0,0,0,0,88,88,0,0,0,0,0,0,0,0,0,0,0,88,0,0,0,0,0,0,0,0,0,0,0,0,0,0,0,0,0,0,254,0,0,0,0,0,0,0,0,0,0,0,0,0,0,0,0,0,0,0,0,0,0,0,0,0,0,0,0,0,0,0,0,50,17,7,0,0,0,7,0,0,0,0,0,0,10,0,0,0,0,0,0,33,0,0,0,0,33,0,32,0,0,0,1,204,201,0,0,0,0,0,0,0,0,0,0,0,201,0,0,0,0,0,0,3,0,0,0,0,3,0,3,0,0,0,0
"G2700070","2010","MN","2","4","Minnesota","27","Beltrami County","007",,,,,,,,,,,,,,,"13420","99999","999",,,,,,,,,,,,,,,,,"6487764440","1426606363","Beltrami County","A","+47.8788247","-094.9866978","06","2",,44442,22184,320,377,396,340,317,329,329,318,296,308,314,280,303,296,276,312,310,306,419,574,586,525,482,414,367,320,298,303,298,279,311,229,257,246,236,239,209,214,239,225,192,222,219,222,230,254,273,304,257,327,289,299,305,293,298,303,280,267,261,255,286,277,273,212,187,195,182,158,144,147,158,134,139,128,118,101,91,120,95,98,70,81,49,61,49,58,37,45,34,20,16,18,15,8,10,8,2,6,2,2,3,0,0,22258,325,348,307,337,290,349,310,267,296,288,273,304,288,272,279,291,271,286,437,527,557,498,447,321,344,326,298,291,294,249,249,267,241,240,226,223,180,202,236,240,255,203,238,224,236,272,309,286,293,285,327,309,303,280,341,305,306,296,277,291,256,245,261,255,179,169,168,188,160,154,165,140,130,149,115,131,102,107,81,118,108,95,88,94,79,89,74,68,64,65,54,45,31,38,26,15,13,10,5,6,8,0,0,42363,21107,1740,1576,1452,871,618,447,439,1151,1453,1254,1104,1062,1385,1460,1345,559,666,370,442,666,490,299,258,21256,1592,1507,1399,825,599,397,426,1054,1442,1204,1072,1144,1430,1545,1457,496,683,333,496,694,514,438,509,2079,1077,88,62,0,0,0,0,0,0,0,62,7,16,39,0,0,0,0,0,0,0,26,3,0,0,0,23,4,0,0,0,7,12,912,117,80,0,0,0,80,0,0,10,1,3,6,27,0,0,0,0,0,0,795,664,0,0,0,131,16,59,20,0,13,23,77,59,0,0,0,0,0,0,0,0,0,0,0,59,0,0,0,0,0,0,18,0,0,0,0,18,0,12,0,0,3,3,1002,58,30,0,0,0,0,0,0,0,30,2,11,17,0,0,0,0,0,0,0,28,2,0,0,0,26,7,1,0,0,3,15,776,30,7,0,0,0,7,0,0,1,1,0,0,22,0,0,0,0,0,0,746,659,0,0,0,87,9,34,4,0,9,31,168,161,0,0,0,0,0,0,0,0,0,0,0,161,0,0,0,0,0,0,7,0,0,0,0,7,0,4,0,0,3,0
"G2700090","2010","MN","2","4","Minnesota","27","Benton County","009",,,,,,,,,,,,,,,"41060","99999","378",,,,,,,,,,,,,,,,,"1057494279","12320334","Benton County","A","+45.7012268","-094.0014395","06","1",,38451,19277,286,301,294,299,271,289,266,277,245,288,276,242,279,251,235,267,258,259,249,249,246,304,329,318,327,355,332,356,341,364,311,299,301,261,237,253,240,255,233,262,246,273,261,273,274,284,266,302,269,298,314,268,228,258,255,264,196,220,216,223,219,176,179,166,137,150,122,122,101,113,98,109,82,82,75,80,77,61,71,53,54,56,57,47,36,33,35,40,37,22,20,20,19,8,7,7,1,3,5,2,2,0,0,19174,280,277,283,293,261,279,304,263,254,261,247,234,215,246,234,235,233,218,238,269,255,334,341,359,301,319,296,301,343,332,310,268,259,235,207,238,201,240,244,243,240,239,241,246,248,232,299,257,264,312,282,283,222,229,202,240,232,210,231,179,200,186,196,176,127,152,155,141,111,97,105,98,95,87,84,98,83,99,93,94,84,89,62,77,88,70,79,95,79,48,60,47,40,25,25,22,19,17,9,13,11,0,0,37403,18857,1449,1363,1281,782,484,242,296,962,1717,1381,1220,1308,1387,1301,1096,385,475,268,323,425,319,209,184,18546,1391,1360,1175,680,487,251,329,992,1558,1266,1156,1205,1351,1209,1081,382,492,299,339,431,413,308,391,1048,420,8,4,0,0,0,0,0,0,0,4,4,0,0,0,0,0,0,0,0,0,4,0,0,0,0,4,4,0,0,0,0,0,233,64,50,0,0,0,48,2,0,0,0,0,0,14,0,0,0,0,0,0,169,0,0,0,0,169,21,107,41,0,0,0,179,109,0,0,0,0,0,0,0,0,0,0,0,109,0,0,0,0,0,0,70,0,0,0,0,70,0,70,0,0,0,0,628,11,1,1,0,0,0,0,1,0,0,0,0,0,0,0,0,0,0,0,0,10,0,0,0,0,10,5,1,4,0,0,0,147,23,11,0,0,0,10,1,0,0,0,0,0,12,0,0,0,0,0,0,124,0,0,0,0,124,10,43,61,0,2,8,470,292,0,0,0,0,0,0,0,0,0,0,0,292,0,0,0,0,0,0,178,0,0,0,0,178,0,163,0,0,3,12
"G2700110","2010","MN","2","4","Minnesota","27","Big Stone County","011",,,,,,,,,,,,,,,"99999","99999","999",,,,,,,,,,,,,,,,,"1292461863","75355978","Big Stone County","A","+45.4199252","-096.4022263","06","9",,5269,2575,27,26,23,34,25,26,30,31,35,26,18,34,28,38,45,37,30,45,31,22,19,18,19,26,21,24,19,23,29,36,33,21,18,25,17,17,22,20,27,32,25,18,29,24,28,29,44,35,49,50,57,49,36,40,38,41,41,45,40,39,36,42,33,35,31,24,23,22,27,26,27,28,34,26,28,16,29,18,27,24,24,22,24,19,13,16,13,11,12,9,5,3,1,3,3,2,1,1,1,0,1,1,0,2694,33,30,35,27,29,31,29,26,27,26,37,33,31,23,29,23,35,43,29,24,12,8,20,21,27,25,27,27,26,20,24,29,19,33,12,15,23,29,27,14,27,21,17,34,36,29,34,43,38,35,46,43,42,41,43,36,37,51,41,21,43,51,32,32,23,22,35,36,32,38,31,31,32,26,23,32,25,30,30,33,30,23,25,24,24,31,22,17,16,10,15,11,13,9,10,2,5,6,3,4,4,0,0,5132,2525,135,148,163,112,53,19,18,63,131,113,117,124,204,219,202,76,98,47,75,141,110,91,66,2607,154,139,153,101,53,12,8,66,125,117,107,133,178,213,185,94,86,56,103,141,145,112,126,137,50,0,0,0,0,0,0,0,0,0,0,0,0,0,0,0,0,0,0,0,0,0,0,0,0,0,0,0,0,0,0,0,0,16,2,0,0,0,0,0,0,0,0,0,0,0,2,0,0,0,0,0,0,14,0,0,0,0,14,0,14,0,0,0,0,34,34,0,0,0,0,0,0,0,0,0,0,0,34,0,0,0,0,0,0,0,0,0,0,0,0,0,0,0,0,0,0,87,0,0,0,0,0,0,0,0,0,0,0,0,0,0,0,0,0,0,0,0,0,0,0,0,0,0,0,0,0,0,0,0,10,1,0,0,0,0,0,0,0,0,0,0,0,1,0,0,0,0,0,0,9,0,0,0,0,9,0,9,0,0,0,0,77,77,0,0,0,0,0,0,0,0,0,0,0,77,0,0,0,0,0,0,0,0,0,0,0,0,0,0,0,0,0,0
"G2700130","2010","MN","2","4","Minnesota","27","Blue Earth County","013",,,,,,,,,,,,,,,"31860","99999","999",,,,,,,,,,,,,,,,,"1936906099","45969834","Blue Earth County","A","+44.0382246","-094.0640707","06","1",,64013,32209,399,379,392,414,353,345,393,348,369,329,369,312,320,304,337,299,330,337,647,1260,1388,1291,1243,925,775,668,564,574,523,493,460,396,407,380,343,321,321,322,303,346,341,348,317,336,329,366,370,348,368,362,419,368,361,397,388,414,382,381,360,328,321,312,304,284,222,229,204,214,181,164,169,170,139,127,126,126,117,114,118,102,108,108,98,85,89,71,60,53,58,40,29,24,24,20,8,12,3,4,4,2,3,1,0,31804,380,375,374,399,349,334,322,333,315,349,333,321,299,300,337,317,325,290,729,1384,1315,1284,1115,706,622,538,476,483,414,415,399,373,356,352,330,309,306,295,289,325,329,329,311,307,319,304,338,344,395,386,404,408,412,398,365,427,324,367,374,311,322,299,300,289,217,217,215,227,185,179,168,175,173,162,159,175,122,153,146,173,157,138,150,147,143,121,118,115,102,99,80,58,84,61,44,32,32,12,15,9,11,1,0,59484,30052,1929,1777,1636,950,890,1063,1124,2799,2751,1930,1587,1630,1774,1904,1826,623,800,419,549,716,563,458,354,29432,1873,1648,1590,926,885,1034,1164,2315,2281,1781,1506,1579,1746,1971,1781,604,792,415,578,806,729,662,766,4529,2157,37,12,0,0,0,0,0,0,0,12,0,0,12,0,0,0,0,0,0,0,25,5,0,0,0,20,9,3,0,0,0,8,1975,80,66,0,0,0,66,0,0,0,0,0,0,14,0,0,0,0,0,0,1895,1599,0,0,0,296,16,187,35,0,1,57,145,120,0,0,0,0,0,0,0,0,0,0,0,120,0,0,0,0,0,0,25,0,0,0,0,25,0,9,0,0,0,16,2372,15,2,0,0,0,0,0,0,0,2,1,0,1,0,0,0,0,0,0,0,13,2,0,0,0,11,4,2,0,0,0,5,1955,20,6,0,0,0,6,0,0,0,0,0,0,14,0,0,0,0,0,0,1935,1722,0,0,0,213,20,120,8,0,20,45,402,243,0,0,0,0,0,0,0,0,0,0,0,243,0,0,0,0,0,0,159,0,0,0,0,159,0,26,0,0,0,133
"G2700150","2010","MN","2","4","Minnesota","27","Brown County","015",,,,,,,,,,,,,,,"35580","99999","999",,,,,,,,,,,,,,,,,"1582716009","19099484","Brown County","A","+44.2465415","-094.7336472","06","2",,25893,12856,168,188,142,187,167,156,151,170,155,173,183,153,152,163,170,166,183,179,203,181,180,182,170,148,142,169,141,151,143,141,172,143,116,111,123,136,118,122,138,135,148,133,131,171,160,188,169,192,201,210,236,224,212,207,206,188,198,179,180,186,176,155,164,160,124,127,119,105,112,104,95,90,101,91,66,96,73,83,79,84,92,72,66,60,47,43,53,45,42,36,19,30,14,13,5,5,4,5,7,0,4,0,0,13037,156,118,162,143,142,140,180,138,122,156,157,142,146,141,141,162,164,182,202,156,164,170,160,147,152,139,147,147,130,135,156,116,147,121,100,102,103,136,114,129,131,154,130,153,171,189,163,207,215,216,212,238,228,195,209,192,197,167,184,169,145,145,173,145,132,126,126,129,121,116,110,91,106,92,99,94,117,120,108,103,105,100,93,101,83,89,78,78,72,58,48,60,42,30,34,21,21,12,7,6,16,0,0,24782,12368,852,805,821,523,285,95,110,392,732,655,642,740,950,1079,925,328,446,245,314,433,399,322,275,12414,721,736,727,506,234,91,85,393,686,635,583,733,980,1075,903,289,444,249,362,494,521,451,516,1111,488,5,3,0,0,0,0,0,0,0,3,1,0,2,0,0,0,0,0,0,0,2,0,0,0,0,2,0,2,0,0,0,0,384,19,16,0,0,0,16,0,0,0,0,0,0,3,0,0,0,0,0,0,365,306,0,0,0,59,0,56,3,0,0,0,99,95,0,0,0,0,0,0,0,0,0,0,0,95,0,0,0,0,0,0,4,0,0,0,0,4,0,3,0,0,0,1,623,2,1,0,0,0,0,0,0,0,1,1,0,0,0,0,0,0,0,0,0,1,1,0,0,0,0,0,0,0,0,0,0,402,5,1,0,0,0,1,0,0,2,2,0,0,2,0,0,0,0,0,0,397,335,0,0,0,62,0,45,5,0,0,12,219,216,0,0,0,0,0,0,0,0,0,0,0,216,0,0,0,0,0,0,3,0,0,0,0,3,0,3,0,0,0,0
"G2700170","2010","MN","2","4","Minnesota","27","Carlton County","017",,,,,,,,,,,,,,,"20260","99999","999",,,,,,,,,,,,,,,,,"2230967465","36005475","Carlton County","A","+46.6038184","-092.6710435","06","1",,35386,18413,214,229,223,242,253,222,239,267,232,260,223,238,259,240,246,252,237,259,270,232,204,201,193,194,205,196,241,232,232,255,233,262,260,236,213,220,223,244,237,263,252,278,259,242,271,278,329,276,299,323,290,310,305,293,286,324,233,268,247,227,249,242,246,210,137,157,171,181,136,116,129,126,110,104,102,123,109,92,90,92,66,60,54,65,59,38,37,31,20,28,16,11,10,10,4,4,3,2,2,0,0,0,0,16973,198,210,200,230,241,199,243,254,218,227,215,241,215,207,224,255,194,258,192,168,147,134,158,164,174,180,197,180,189,200,192,177,185,190,188,214,199,194,202,215,238,214,178,214,247,270,256,249,282,255,271,268,280,287,291,230,264,217,241,240,214,182,221,209,128,138,174,147,169,145,114,145,140,110,125,120,115,106,95,107,88,97,77,88,75,69,78,77,68,73,41,45,28,30,19,11,9,13,11,3,8,1,0,33402,16734,1157,1220,1200,742,452,166,160,483,919,972,980,1122,1329,1347,1205,469,554,321,414,554,489,291,188,16668,1079,1141,1099,704,350,147,133,490,939,926,1014,1082,1308,1383,1182,390,555,309,458,619,531,398,431,1984,1679,16,11,0,0,0,0,0,0,0,11,11,0,0,0,0,0,0,0,0,0,5,0,0,0,0,5,0,1,4,0,0,0,1562,1134,1129,0,0,1003,34,92,0,0,0,0,0,5,0,0,0,0,0,0,428,47,0,0,0,381,0,82,298,0,1,0,101,82,29,0,0,13,0,16,0,0,0,0,0,53,0,0,0,0,0,0,19,0,0,0,0,19,0,5,14,0,0,0,305,6,4,0,0,0,0,0,0,0,4,4,0,0,0,0,0,0,0,0,0,2,0,0,0,0,2,0,0,2,0,0,0,86,18,16,0,0,4,12,0,0,0,0,0,0,2,0,0,0,0,0,0,68,8,0,0,0,60,0,36,22,0,2,0,213,209,0,0,0,0,0,0,0,0,0,0,0,209,0,0,0,0,0,0,4,0,0,0,0,4,0,3,1,0,0,0
"G2700190","2010","MN","2","4","Minnesota","27","Carver County","019",,,,,,,,,,,,,,,"33460","99999","378",,,,,,,,,,,,,,,,,"917697893","56429209","Carver County","A","+44.8213808","-093.8005751","06","1",,91042,45236,610,641,695,727,760,804,795,819,828,824,839,828,778,810,836,801,786,719,684,383,393,387,378,406,425,442,490,524,498,529,562,598,561,566,579,580,600,630,622,746,780,749,754,791,791,835,879,888,880,850,790,779,716,703,646,668,553,512,518,432,473,378,399,372,260,252,264,266,217,201,186,163,180,154,137,110,135,114,109,110,91,98,92,76,75,53,56,49,44,29,17,21,15,16,10,6,2,7,2,0,0,0,0,45806,585,620,644,709,734,724,779,731,804,794,792,753,820,786,746,774,777,733,567,328,385,345,343,397,472,454,496,506,481,605,555,577,583,608,616,650,619,594,710,773,788,780,811,826,846,884,893,843,876,836,812,754,698,688,607,620,560,560,461,464,423,412,378,379,288,263,266,270,231,255,180,184,162,159,170,158,166,170,168,124,152,132,131,125,111,103,108,97,103,74,55,45,31,43,32,20,21,17,6,4,12,2,0,90206,44863,3433,4070,4091,2297,991,348,346,1169,2459,2843,3160,3856,4317,3624,2676,849,1026,516,681,814,570,419,308,45343,3292,3832,3896,2281,795,304,300,1180,2533,2937,3344,4046,4320,3559,2658,832,1043,528,753,844,773,629,664,836,373,9,8,2,0,0,0,2,0,0,6,6,0,0,0,0,0,0,0,0,0,1,1,0,0,0,0,0,0,0,0,0,0,315,91,81,0,0,0,81,0,0,4,4,0,0,6,0,0,0,0,0,0,224,164,0,0,0,60,0,59,0,0,1,0,49,42,0,0,0,0,0,0,0,0,0,0,0,42,0,0,0,0,0,0,7,0,0,0,0,7,0,7,0,0,0,0,463,4,0,0,0,0,0,0,0,0,0,0,0,0,0,0,0,0,0,0,0,4,2,0,0,0,2,0,0,0,0,2,0,300,10,7,0,0,0,7,0,0,1,1,0,0,2,0,0,0,0,0,0,290,251,0,0,0,39,0,39,0,0,0,0,159,137,0,0,0,0,0,0,0,0,0,0,0,137,0,0,0,0,0,0,22,0,0,0,0,22,0,14,0,0,5,3
"G2700210","2010","MN","2","4","Minnesota","27","Cass County","021",,,,,,,,,,,,,,,"14660","99999","999",,,,,,,,,,,,,,,,,"5235770376","1016739919","Cass County","A","+46.9514271","-094.3337731","06","2",,28567,14603,169,183,192,171,175,200,177,167,167,175,165,174,156,207,169,166,193,205,193,145,125,121,109,124,140,151,133,136,137,129,123,130,127,145,162,101,144,122,145,134,173,154,164,166,191,178,191,237,231,231,240,255,231,215,235,214,236,251,228,238,228,235,240,241,195,224,201,233,246,200,197,187,159,152,148,128,119,113,102,87,66,63,85,58,49,36,35,24,28,13,23,9,11,4,8,5,2,0,2,0,1,0,0,13964,143,170,181,168,188,165,147,169,146,182,150,157,170,152,177,173,155,199,179,115,117,106,99,114,111,121,140,132,121,128,144,136,127,122,109,129,119,130,124,142,159,165,143,157,171,175,187,198,212,238,241,227,223,217,198,249,216,254,223,238,219,206,253,237,190,201,218,240,207,191,176,152,146,118,124,108,111,127,103,85,74,67,90,66,45,53,47,46,47,24,26,26,18,16,20,7,10,7,5,1,9,0,0,28344,14526,888,886,871,562,337,125,117,370,681,684,640,841,1064,1170,1163,463,676,424,676,840,543,318,187,13818,849,809,802,517,294,117,101,319,637,635,642,793,1009,1103,1177,425,680,417,631,711,522,330,298,223,77,4,1,1,0,0,0,1,0,0,0,0,0,0,0,0,0,0,0,0,0,3,0,0,0,0,3,0,0,0,0,3,0,43,16,13,0,0,0,13,0,0,0,0,0,0,3,0,0,0,0,0,0,27,2,0,0,0,25,0,22,0,0,3,0,30,28,0,0,0,0,0,0,0,0,0,0,0,28,0,0,0,0,0,0,2,0,0,0,0,2,0,2,0,0,0,0,146,15,14,0,0,0,0,0,0,0,14,14,0,0,0,0,0,0,0,0,0,1,0,0,0,0,1,0,0,0,0,1,0,29,8,1,0,0,0,1,0,0,0,0,0,0,7,0,0,0,0,0,0,21,7,0,0,0,14,0,11,0,0,3,0,102,89,0,0,0,0,0,0,0,0,0,0,0,89,0,0,0,0,0,0,13,0,0,0,0,13,0,4,0,0,9,0
"G2700230","2010","MN","2","4","Minnesota","27","Chippewa County","023",,,,,,,,,,,,,,,"99999","99999","999",,,,,,,,,,,,,,,,,"1505097828","17235577","Chippewa County","A","+45.0286254","-095.5641082","06","9",,12441,6102,88,82,87,70,97,73,79,70,71,76,70,72,85,105,96,95,92,87,91,47,52,62,70,71,56,80,87,73,62,81,76,65,58,68,70,60,55,66,58,67,61,61,78,69,78,74,94,93,80,101,102,83,90,102,96,115,103,81,112,85,82,102,70,53,63,62,72,59,50,52,48,46,48,41,43,31,31,38,40,34,34,41,29,30,24,32,26,22,18,8,12,7,7,3,7,7,0,1,0,0,1,0,0,6339,70,79,85,90,80,62,76,75,57,89,76,86,75,78,81,68,90,102,87,55,54,65,48,67,60,71,68,74,79,62,75,58,47,59,72,54,46,68,67,57,74,67,78,87,81,78,68,115,96,97,73,99,102,95,97,88,102,81,105,92,70,75,76,80,55,71,67,67,57,57,45,53,48,39,51,46,48,69,44,50,58,42,67,58,48,50,36,31,32,41,27,20,19,14,10,8,5,7,4,4,3,0,0,12204,6015,424,369,428,273,137,52,59,191,378,336,302,345,440,467,492,184,181,134,160,222,166,146,129,6189,404,359,396,256,142,54,60,175,349,308,291,383,451,462,465,143,209,138,179,234,243,249,239,237,87,1,0,0,0,0,0,0,0,0,0,0,0,0,0,0,0,0,0,0,0,1,0,0,0,0,1,0,1,0,0,0,0,39,16,12,0,0,0,12,0,0,2,2,0,0,2,0,0,0,0,0,0,23,0,0,0,0,23,0,23,0,0,0,0,47,40,0,0,0,0,0,0,0,0,0,0,0,40,0,0,0,0,0,0,7,0,0,0,0,7,0,7,0,0,0,0,150,4,4,0,0,0,0,0,0,0,4,4,0,0,0,0,0,0,0,0,0,0,0,0,0,0,0,0,0,0,0,0,0,32,2,0,0,0,0,0,0,0,0,0,0,0,2,0,0,0,0,0,0,30,0,0,0,0,30,0,30,0,0,0,0,114,106,0,0,0,0,0,0,0,0,0,0,0,106,0,0,0,0,0,0,8,0,0,0,0,8,0,8,0,0,0,0
"G2700250","2010","MN","2","4","Minnesota","27","Chisago County","025",,,,,,,,,,,,,,,"33460","99999","378",,,,,,,,,,,,,,,,,"1074486739","71347419","Chisago County","A","+45.5054439","-092.9038486","06","1",,53887,27740,315,314,336,363,378,369,387,421,402,420,401,409,440,426,393,407,432,433,405,319,300,299,317,318,299,322,318,306,338,374,361,360,343,326,331,375,307,349,409,430,519,420,455,472,463,538,513,529,503,547,491,445,434,424,396,381,360,365,349,334,305,277,276,266,226,217,249,220,192,172,157,158,139,126,127,128,110,86,94,81,83,77,73,57,51,61,48,44,30,19,30,20,18,7,8,3,6,4,4,1,0,0,0,26147,313,287,345,326,333,345,388,371,373,379,419,382,438,382,441,400,444,435,333,244,211,236,201,215,235,268,240,301,284,336,280,326,295,308,313,307,320,373,385,402,442,415,435,404,442,470,484,487,485,456,469,426,446,416,366,385,311,326,320,299,259,275,278,276,214,227,239,228,169,168,157,159,122,129,127,138,120,124,95,109,87,132,89,90,86,58,64,69,67,44,42,53,35,34,28,25,17,5,6,1,4,0,0,52214,26370,1706,1999,2069,1267,699,271,257,786,1402,1530,1729,2188,2482,2099,1750,571,753,464,578,696,488,323,263,25844,1603,1856,2062,1279,574,207,234,640,1415,1513,1771,2121,2361,2111,1630,530,761,461,555,687,568,457,448,1673,1370,5,5,0,0,0,0,0,0,0,5,0,5,0,0,0,0,0,0,0,0,0,0,0,0,0,0,0,0,0,0,0,0,1277,1015,1012,0,0,973,39,0,0,0,0,0,0,3,0,0,0,0,0,0,262,0,0,0,0,262,0,132,123,0,5,2,88,77,7,0,0,7,0,0,0,0,0,0,0,70,0,0,0,0,0,0,11,0,0,0,0,11,0,9,2,0,0,0,303,1,0,0,0,0,0,0,0,0,0,0,0,0,0,0,0,0,0,0,0,1,0,0,0,0,1,0,0,0,0,0,1,131,5,1,0,0,0,1,0,0,2,2,0,0,2,0,0,0,0,0,0,126,0,0,0,0,126,0,33,79,0,7,7,171,154,0,0,0,0,0,0,0,0,0,0,0,154,0,0,0,0,0,0,17,0,0,0,0,17,0,13,4,0,0,0
"G2700270","2010","MN","2","4","Minnesota","27","Clay County","027",,,,,,,,,,,,,,,"22020","99999","244",,,,,,,,,,,,,,,,,"2707485607","18860171","Clay County","A","+46.8983772","-096.4949007","06","1",,58999,29137,397,423,449,429,422,386,395,362,374,394,391,411,359,390,353,409,381,408,539,873,858,850,720,595,512,493,416,413,383,433,393,375,360,366,345,332,322,334,349,344,337,332,309,318,325,354,360,362,368,380,412,372,364,371,375,378,354,356,344,293,281,286,260,272,178,182,182,211,170,164,145,155,143,118,153,147,106,117,108,101,111,103,101,80,73,75,60,70,47,32,25,23,11,11,11,8,1,10,1,1,2,0,0,29862,384,412,391,382,367,358,401,327,400,375,393,330,355,359,345,323,311,398,655,1148,1040,918,705,493,456,409,361,418,406,389,414,388,399,351,280,322,307,313,331,357,340,303,320,335,292,356,345,389,379,378,417,390,403,396,390,350,326,382,325,304,286,230,279,275,181,194,212,210,177,156,177,161,185,157,167,165,149,147,148,132,131,143,164,128,115,114,90,76,80,83,73,68,49,43,37,29,8,12,14,11,15,0,0,55256,27621,2114,1911,1902,1186,727,530,721,1727,2090,1819,1668,1602,1804,1878,1706,561,709,362,541,704,570,442,347,27635,1932,1859,1778,1015,652,571,730,1546,1963,1826,1629,1584,1840,1991,1681,515,734,403,540,833,722,641,650,3743,1516,20,11,0,0,0,0,0,0,0,11,0,0,11,0,0,0,0,0,0,0,9,3,0,0,0,6,6,0,0,0,0,0,1404,63,48,0,0,0,48,0,0,2,0,0,2,13,0,0,0,0,0,0,1341,1225,0,0,0,116,57,40,6,0,6,7,92,88,0,0,0,0,0,0,0,0,0,0,0,88,0,0,0,0,0,0,4,0,0,0,0,4,2,2,0,0,0,0,2227,27,9,0,0,0,0,0,0,0,9,1,0,8,0,0,0,0,0,0,0,18,11,0,0,0,7,7,0,0,0,0,0,1969,20,6,0,0,0,6,0,0,5,5,0,0,9,0,0,0,0,0,0,1949,1907,0,0,0,42,11,27,4,0,0,0,231,226,0,0,0,0,0,0,0,0,0,0,0,226,0,0,0,0,0,0,5,0,0,0,0,5,0,0,0,0,5,0
"G2700290","2010","MN","2","4","Minnesota","27","Clearwater County","029",,,,,,,,,,,,,,,"99999","99999","999",,,,,,,,,,,,,,,,,"2587242195","79761638","Clearwater County","A","+47.5758728","-095.3711169","06","9",,8695,4374,56,72,60,62,54,57,62,58,66,63,69,58,59,76,56,66,53,71,63,42,46,46,39,35,49,36,47,53,41,47,35,60,44,59,46,55,49,39,57,47,52,45,43,51,61,49,61,59,66,80,57,69,62,61,78,65,57,55,72,56,47,70,70,55,38,50,37,57,46,40,41,47,36,36,42,30,24,26,30,23,20,26,24,24,10,6,14,11,8,12,5,4,2,1,3,2,1,4,0,0,0,0,0,4321,47,55,60,76,64,64,67,59,52,57,57,59,50,47,58,57,70,53,52,42,36,38,40,39,31,32,41,44,36,48,45,44,52,41,49,46,51,48,56,47,52,45,29,38,49,53,44,67,63,85,62,73,69,71,69,52,70,52,55,72,71,55,43,59,34,48,52,45,43,44,42,49,38,39,45,29,33,44,19,27,16,24,29,31,17,13,20,21,28,18,10,14,15,6,3,3,5,2,2,1,4,0,0,8580,4326,304,306,318,190,105,41,45,118,223,243,242,250,313,326,301,117,160,86,143,199,130,101,65,4254,302,299,271,180,94,34,36,109,201,230,248,213,311,340,300,126,136,99,131,212,146,104,132,115,48,0,0,0,0,0,0,0,0,0,0,0,0,0,0,0,0,0,0,0,0,0,0,0,0,0,0,0,0,0,0,0,0,30,18,17,0,0,0,17,0,0,0,0,0,0,1,0,0,0,0,0,0,12,0,0,0,0,12,0,12,0,0,0,0,18,16,0,0,0,0,0,0,0,0,0,0,0,16,0,0,0,0,0,0,2,0,0,0,0,2,0,2,0,0,0,0,67,0,0,0,0,0,0,0,0,0,0,0,0,0,0,0,0,0,0,0,0,0,0,0,0,0,0,0,0,0,0,0,0,12,5,2,0,0,0,2,0,0,0,0,0,0,3,0,0,0,0,0,0,7,0,0,0,0,7,0,7,0,0,0,0,55,55,0,0,0,0,0,0,0,0,0,0,0,55,0,0,0,0,0,0,0,0,0,0,0,0,0,0,0,0,0,0
"G2700310","2010","MN","2","4","Minnesota","27","Cook County","031",,,,,,,,,,,,,,,"99999","99999","999",,,,,,,,,,,,,,,,,"3761380730","4888013531","Cook County","A","+47.5385711","-090.2901903","06","9",,5176,2584,26,21,21,23,25,14,28,19,23,33,22,28,29,28,25,29,17,42,29,13,17,17,15,26,24,19,37,21,21,17,29,30,26,23,27,29,24,18,26,31,32,31,29,32,29,34,35,38,39,43,55,46,54,42,50,55,55,45,50,46,44,54,60,63,40,35,46,44,36,30,27,34,14,28,17,23,16,21,21,18,12,11,10,11,10,6,3,10,5,6,3,1,5,1,1,3,2,0,0,0,1,0,0,2592,22,17,18,25,20,19,24,23,21,18,27,24,21,21,26,39,29,24,18,19,17,18,18,23,25,27,27,25,28,24,27,18,25,20,18,24,35,24,24,23,36,29,28,41,35,32,41,32,48,45,49,50,66,48,37,47,60,57,55,55,50,47,55,43,41,45,37,33,33,33,29,18,27,31,21,14,12,19,21,8,16,10,13,12,13,18,6,9,6,8,8,4,10,5,1,3,4,1,5,2,5,0,0,5125,2570,116,117,132,88,42,17,17,64,115,134,128,152,189,247,251,98,163,80,110,118,99,53,40,2555,102,105,119,92,37,17,18,65,131,108,129,169,198,250,273,97,139,82,99,126,73,58,68,51,14,0,0,0,0,0,0,0,0,0,0,0,0,0,0,0,0,0,0,0,0,0,0,0,0,0,0,0,0,0,0,0,0,3,2,2,0,0,0,2,0,0,0,0,0,0,0,0,0,0,0,0,0,1,0,0,0,0,1,0,0,0,0,0,1,11,8,0,0,0,0,0,0,0,0,0,0,0,8,0,0,0,0,0,0,3,0,0,0,0,3,0,3,0,0,0,0,37,0,0,0,0,0,0,0,0,0,0,0,0,0,0,0,0,0,0,0,0,0,0,0,0,0,0,0,0,0,0,0,0,3,1,1,0,0,0,1,0,0,0,0,0,0,0,0,0,0,0,0,0,2,0,0,0,0,2,0,0,0,0,0,2,34,32,0,0,0,0,0,0,0,0,0,0,0,32,0,0,0,0,0,0,2,0,0,0,0,2,0,2,0,0,0,0
"G2700330","2010","MN","2","4","Minnesota","27","Cottonwood County","033",,,,,,,,,,,,,,,"99999","99999","999",,,,,,,,,,,,,,,,,"1653992908","25772471","Cottonwood County","A","+44.0107107","-095.1831303","06","9",,11687,5763,78,65,68,73,71,79,80,82,92,81,84,75,80,95,88,79,86,89,81,50,48,47,59,63,58,65,48,65,57,51,55,59,81,50,59,58,46,59,57,71,59,66,73,55,74,83,67,64,80,107,95,88,96,80,96,81,87,78,95,72,90,71,75,74,59,70,59,50,63,50,48,51,49,36,46,40,37,32,47,42,39,33,32,35,37,22,23,16,28,22,22,11,10,3,3,1,2,3,1,1,2,0,0,5924,61,65,74,81,67,82,77,63,82,83,64,77,78,59,70,84,94,85,83,51,48,40,57,45,50,40,44,69,55,64,62,46,55,46,59,78,59,51,52,63,73,63,57,66,88,76,74,84,84,78,78,100,66,84,92,95,82,87,93,63,67,75,77,70,73,71,56,64,55,56,57,55,47,51,55,54,55,48,49,55,60,45,47,57,47,43,48,38,33,28,24,25,11,17,11,12,9,11,6,5,10,1,0,11443,5664,355,414,422,253,131,44,47,176,281,301,282,319,393,452,410,160,208,128,161,226,195,166,140,5779,348,387,348,263,134,47,40,149,271,268,302,340,392,418,418,141,219,127,171,262,250,236,248,244,99,1,0,0,0,0,0,0,0,0,0,0,0,0,0,0,0,0,0,0,0,1,0,0,0,0,1,0,1,0,0,0,0,48,13,10,0,0,0,10,0,0,0,0,0,0,3,0,0,0,0,0,0,35,0,0,0,0,35,0,35,0,0,0,0,50,45,0,0,0,0,0,0,0,0,0,0,0,45,0,0,0,0,0,0,5,0,0,0,0,5,0,5,0,0,0,0,145,0,0,0,0,0,0,0,0,0,0,0,0,0,0,0,0,0,0,0,0,0,0,0,0,0,0,0,0,0,0,0,0,23,4,3,0,0,0,3,0,0,0,0,0,0,1,0,0,0,0,0,0,19,0,0,0,0,19,0,19,0,0,0,0,122,114,0,0,0,0,0,0,0,0,0,0,0,114,0,0,0,0,0,0,8,0,0,0,0,8,0,8,0,0,0,0
"G2700350","2010","MN","2","4","Minnesota","27","Crow Wing County","035",,,,,,,,,,,,,,,"14660","99999","999",,,,,,,,,,,,,,,,,"2587642841","407747951","Crow Wing County","A","+46.4911138","-094.0712125","06","2",,62500,31133,403,395,416,434,382,428,425,436,406,406,407,379,390,399,404,409,397,423,441,356,376,289,317,297,321,373,361,391,384,369,428,379,349,312,318,349,298,317,382,372,357,353,330,387,398,428,487,462,463,473,472,462,445,436,440,460,450,444,429,442,425,443,417,416,343,346,367,380,335,331,307,311,273,251,237,213,187,210,172,189,174,129,171,118,115,122,78,83,62,43,43,30,21,13,19,9,4,4,0,5,1,0,0,31367,386,375,405,430,399,423,390,397,383,368,411,371,354,377,373,377,422,392,383,344,311,298,317,311,350,318,350,387,357,380,356,328,368,330,313,322,316,286,330,369,355,346,337,368,400,428,435,408,490,512,469,456,446,490,475,497,440,453,451,431,435,403,435,417,322,350,357,457,365,327,321,298,264,261,238,225,215,242,198,206,216,202,183,156,152,143,121,127,97,95,74,90,63,45,41,28,17,9,7,3,17,1,0,61750,30748,2029,2100,1976,1218,776,361,278,908,1836,1760,1692,1807,2289,2226,2215,864,1171,710,1040,1371,949,687,485,31002,1992,1960,1886,1184,723,307,292,969,1783,1690,1609,1798,2260,2328,2261,836,1166,706,1137,1368,1061,873,813,750,385,16,14,1,0,0,0,1,0,0,13,3,0,10,0,0,0,0,0,0,0,2,0,0,0,0,2,2,0,0,0,0,0,258,138,114,0,0,0,114,0,0,4,4,0,0,9,11,11,0,0,0,0,120,0,0,0,0,120,2,93,9,0,5,11,111,103,0,0,0,0,0,0,0,0,0,0,0,103,0,0,0,0,0,0,8,0,0,0,0,8,0,7,0,0,1,0,365,11,5,0,0,0,0,0,0,0,5,1,3,1,0,0,0,0,0,0,0,6,0,0,0,0,6,2,0,0,0,0,4,101,22,9,0,0,0,9,0,0,1,0,1,0,9,3,3,0,0,0,0,79,0,0,0,0,79,1,66,1,0,0,11,253,214,0,0,0,0,0,0,0,0,0,0,0,214,0,0,0,0,0,0,39,0,0,0,0,39,0,30,0,0,4,5
"G2700370","2010","MN","2","4","Minnesota","27","Dakota County","037",,,,,,,,,,,,,,,"33460","99999","378",,,,,,,,,,,,,,,,,"1456007312","63970735","Dakota County","A","+44.6708928","-093.0624813","06","1",,398552,195661,2738,2804,2806,2892,2935,2966,2995,2976,2839,2962,3082,2962,3039,3082,3120,3143,3224,3196,2714,1949,2054,1915,2122,2312,2603,2650,2598,2620,2709,2783,2869,2740,2657,2596,2493,2589,2522,2477,2715,2980,3096,2994,2715,2841,3003,3243,3260,3378,3327,3395,3533,3199,3212,2975,2851,2829,2570,2453,2387,2192,2192,1969,1989,1971,1439,1356,1353,1348,1178,1054,905,882,834,777,702,708,635,590,627,543,530,424,416,398,348,301,249,226,195,167,109,100,70,69,54,19,19,14,12,2,6,0,0,202891,2635,2660,2805,2834,2762,2897,2813,2827,2867,2805,2874,2839,2936,2952,2907,2992,3010,2884,2542,1647,1804,1894,2117,2476,2542,2769,2715,2670,2910,2918,2873,2728,2705,2658,2618,2717,2524,2615,2858,3065,3170,2995,2873,3005,3158,3407,3469,3562,3527,3629,3600,3324,3311,3078,3054,2903,2771,2681,2548,2326,2278,2178,2171,2105,1508,1565,1433,1498,1373,1207,1108,1048,971,955,886,837,761,825,750,734,701,638,669,581,600,470,502,427,416,326,252,229,216,159,135,94,89,35,34,22,46,3,1,395699,194314,14155,14720,15266,9544,4623,2009,1879,6962,13247,13281,13206,14550,16504,15658,12356,4129,5370,2693,3551,4053,3045,2048,1465,201385,13672,14193,14494,8852,4152,1786,1876,7093,13943,13549,13736,15142,17549,16319,13186,4439,5758,2981,4043,4911,3810,3005,2896,2853,1347,76,33,0,0,0,0,0,0,0,33,17,0,16,0,0,0,0,0,0,0,43,0,0,0,0,43,29,1,0,0,5,8,906,476,288,0,0,0,285,3,0,2,0,0,2,174,12,0,12,0,0,0,430,0,0,0,0,430,45,319,55,0,2,9,365,334,0,0,0,0,0,0,0,0,0,0,0,334,0,0,0,0,0,0,31,0,0,0,0,31,8,20,1,0,0,2,1506,88,24,0,0,0,0,0,0,0,24,21,0,3,0,0,0,0,0,0,0,64,0,0,0,0,64,48,4,2,0,0,10,468,78,8,0,0,0,7,1,0,8,7,0,1,55,7,0,7,0,0,0,390,0,0,0,0,390,61,272,24,0,10,23,950,913,0,0,0,0,0,0,0,0,0,0,0,913,0,0,0,0,0,0,37,0,0,0,0,37,9,18,0,0,0,10
"G2700390","2010","MN","2","4","Minnesota","27","Dodge County","039",,,,,,,,,,,,,,,"40340","99999","999",,,,,,,,,,,,,,,,,"1137719781","800253","Dodge County","A","+44.0207056","-092.8693530","06","1",,20087,10039,144,119,164,155,169,175,176,149,168,165,170,143,183,155,172,174,179,168,137,104,110,86,96,92,98,114,110,141,107,134,146,114,125,142,127,132,143,125,140,140,125,151,142,141,154,154,168,169,145,169,180,138,158,140,127,154,135,127,122,110,118,87,82,71,67,77,83,72,63,73,50,49,64,60,46,43,41,36,38,42,30,32,23,18,29,28,14,25,12,15,17,10,7,8,5,3,0,0,1,0,0,0,0,10048,135,146,159,148,144,173,159,151,198,150,161,189,179,172,145,166,158,163,127,96,70,90,84,88,95,127,110,117,113,111,130,130,135,129,109,140,116,142,132,153,133,147,133,138,149,171,144,136,175,151,157,156,150,153,122,117,129,130,116,108,92,82,101,87,85,81,75,63,70,66,72,70,47,51,59,47,51,61,43,46,52,36,36,33,32,32,31,34,25,26,25,22,12,14,14,7,3,4,4,0,2,0,0,19938,9971,751,833,823,519,239,110,85,283,602,652,679,712,798,742,647,205,219,159,207,264,193,128,121,9967,732,831,845,487,222,70,89,264,576,633,682,698,776,737,599,173,271,156,198,290,241,179,218,149,68,2,0,0,0,0,0,0,0,0,0,0,0,0,0,0,0,0,0,0,0,2,0,0,0,0,2,0,1,0,0,1,0,24,0,0,0,0,0,0,0,0,0,0,0,0,0,0,0,0,0,0,0,24,0,0,0,0,24,0,22,0,0,2,0,42,39,0,0,0,0,0,0,0,0,0,0,0,39,0,0,0,0,0,0,3,0,0,0,0,3,0,3,0,0,0,0,81,1,0,0,0,0,0,0,0,0,0,0,0,0,0,0,0,0,0,0,0,1,0,0,0,0,1,0,0,0,0,1,0,16,2,0,0,0,0,0,0,0,0,0,0,0,2,0,0,0,0,0,0,14,0,0,0,0,14,0,14,0,0,0,0,64,56,0,0,0,0,0,0,0,0,0,0,0,56,0,0,0,0,0,0,8,0,0,0,0,8,0,6,0,0,2,0
"G2700410","2010","MN","2","4","Minnesota","27","Douglas County","041",,,,,,,,,,,,,,,"10820","99999","999",,,,,,,,,,,,,,,,,"1650598293","214205330","Douglas County","A","+45.9364288","-095.4606101","06","2",,36009,18057,240,198,224,224,246,247,247,226,208,210,218,232,232,200,200,238,216,250,250,326,274,192,196,217,196,211,199,231,200,242,235,211,217,186,188,173,167,188,190,213,219,212,189,205,198,239,251,242,264,271,281,282,305,254,256,264,252,261,265,238,265,232,235,214,196,209,194,230,192,194,162,163,162,162,127,134,119,107,106,109,101,82,88,96,96,50,50,54,56,46,28,25,15,13,16,9,4,3,4,0,2,1,0,17952,205,192,222,208,212,231,204,218,205,240,189,207,202,193,221,241,215,215,192,189,172,182,164,168,204,209,202,213,213,206,202,200,197,186,177,182,159,167,214,207,204,185,192,200,191,230,243,265,256,250,280,287,296,306,272,266,240,240,254,238,238,213,278,235,208,220,212,193,211,208,166,172,158,162,130,149,118,155,144,126,122,110,107,135,114,93,106,80,92,69,62,47,59,28,36,22,20,9,9,4,9,3,0,35487,17832,1132,1138,1080,703,562,272,190,601,1068,1026,918,1014,1254,1366,1274,494,638,402,608,770,560,442,320,17655,1039,1098,1012,671,377,169,178,534,1035,957,923,969,1237,1433,1231,448,712,425,607,783,661,549,607,522,225,3,3,0,0,0,0,0,0,0,3,3,0,0,0,0,0,0,0,0,0,0,0,0,0,0,0,0,0,0,0,0,0,115,52,48,0,0,0,48,0,0,1,1,0,0,3,0,0,0,0,0,0,63,0,0,0,0,63,0,45,17,0,1,0,107,93,0,0,0,0,0,0,0,0,0,0,0,93,0,0,0,0,0,0,14,0,0,0,0,14,0,9,0,0,5,0,297,0,0,0,0,0,0,0,0,0,0,0,0,0,0,0,0,0,0,0,0,0,0,0,0,0,0,0,0,0,0,0,0,69,23,11,0,0,0,11,0,0,0,0,0,0,12,0,0,0,0,0,0,46,0,0,0,0,46,0,40,3,0,3,0,228,206,0,0,0,0,0,0,0,0,0,0,0,206,0,0,0,0,0,0,22,0,0,0,0,22,0,20,0,0,2,0
"G2700430","2010","MN","2","4","Minnesota","27","Faribault County","043",,,,,,,,,,,,,,,"99999","99999","999",,,,,,,,,,,,,,,,,"1845304181","24420266","Faribault County","A","+43.6765219","-093.9472338","06","9",,14553,7231,85,78,86,100,87,83,93,67,94,76,97,99,102,104,90,98,116,111,111,59,61,63,64,78,65,62,85,67,78,76,68,72,78,105,86,69,72,65,72,64,65,81,70,89,96,87,92,99,108,102,128,107,135,132,132,154,131,108,117,108,84,105,94,102,73,93,71,77,67,59,48,79,64,64,57,47,44,57,53,51,48,61,48,49,26,38,24,21,27,26,8,9,8,3,4,6,3,2,0,2,2,0,0,7322,74,75,80,87,79,80,86,85,69,76,81,82,95,84,98,98,98,106,95,40,56,49,69,52,81,64,69,65,75,59,73,79,84,76,64,73,38,71,70,72,59,86,61,95,90,102,105,106,121,92,104,126,132,135,114,95,103,112,100,94,87,77,94,115,77,81,98,70,88,81,77,73,60,74,78,69,72,59,58,65,74,65,63,61,52,60,51,41,40,38,38,29,27,17,18,14,8,9,8,8,8,1,0,14217,7095,436,413,485,290,165,60,62,207,365,402,337,398,485,626,616,189,268,163,202,306,249,213,158,7122,395,396,436,279,133,56,48,198,332,374,324,387,525,611,503,164,283,178,237,356,314,286,307,336,136,42,42,0,0,0,0,0,0,0,42,0,0,42,0,0,0,0,0,0,0,0,0,0,0,0,0,0,0,0,0,0,0,39,34,26,0,0,0,26,0,0,2,0,0,2,6,0,0,0,0,0,0,5,0,0,0,0,5,0,4,0,0,1,0,55,55,0,0,0,0,0,0,0,0,0,0,0,55,0,0,0,0,0,0,0,0,0,0,0,0,0,0,0,0,0,0,200,27,27,0,0,0,0,0,0,0,27,3,0,24,0,0,0,0,0,0,0,0,0,0,0,0,0,0,0,0,0,0,0,18,4,1,0,0,0,1,0,0,1,0,0,1,2,0,0,0,0,0,0,14,0,0,0,0,14,0,13,0,0,1,0,155,152,0,0,0,0,0,0,0,0,0,0,0,152,0,0,0,0,0,0,3,0,0,0,0,3,0,3,0,0,0,0
"G2700450","2010","MN","2","4","Minnesota","27","Fillmore County","045",,,,,,,,,,,,,,,"99999","99999","999",,,,,,,,,,,,,,,,,"2230756787","2045248","Fillmore County","A","+43.6772699","-092.0936807","06","9",,20866,10370,154,156,149,171,149,151,141,149,136,129,140,135,122,151,139,140,157,147,147,100,90,82,89,87,110,110,95,124,122,121,121,132,108,100,110,108,102,99,145,128,118,120,101,145,124,150,159,144,146,159,151,156,165,148,181,148,162,137,149,151,150,132,128,121,104,125,110,117,84,102,76,69,80,90,71,76,66,61,80,61,57,58,53,33,59,38,29,29,32,33,25,15,11,15,4,8,2,3,1,1,0,1,0,10496,108,120,162,139,138,122,142,127,126,136,133,138,133,126,151,147,135,166,117,89,91,85,68,89,108,91,133,102,120,115,112,116,102,120,112,100,101,92,122,133,127,96,98,121,126,148,155,131,172,137,191,152,171,154,171,146,145,156,147,138,118,133,135,124,112,109,123,82,91,96,98,76,84,75,82,85,91,90,74,70,76,60,73,84,65,74,56,66,57,50,48,40,31,39,25,21,17,6,5,4,2,0,0,20507,10238,779,706,687,444,247,84,82,280,567,569,581,605,754,799,745,281,352,234,300,379,330,244,189,10269,667,653,681,448,206,86,85,261,558,561,548,568,743,838,731,251,368,230,268,411,386,329,392,359,132,0,0,0,0,0,0,0,0,0,0,0,0,0,0,0,0,0,0,0,0,0,0,0,0,0,0,0,0,0,0,0,0,33,18,15,0,0,0,15,0,0,0,0,0,0,3,0,0,0,0,0,0,15,5,0,0,0,10,0,10,0,0,0,0,99,95,0,0,0,0,0,0,0,0,0,0,0,95,0,0,0,0,0,0,4,0,0,0,0,4,0,4,0,0,0,0,227,0,0,0,0,0,0,0,0,0,0,0,0,0,0,0,0,0,0,0,0,0,0,0,0,0,0,0,0,0,0,0,0,18,9,2,0,0,0,2,0,0,0,0,0,0,7,0,0,0,0,0,0,9,7,0,0,0,2,0,2,0,0,0,0,209,206,0,0,0,0,0,0,0,0,0,0,0,206,0,0,0,0,0,0,3,0,0,0,0,3,0,3,0,0,0,0
"G2700470","2010","MN","2","4","Minnesota","27","Freeborn County","047",,,,,,,,,,,,,,,"10660","99999","999",,,,,,,,,,,,,,,,,"1831346129","39715485","Freeborn County","A","+43.6742019","-093.3502887","06","2",,31255,15462,191,187,177,202,192,205,193,196,177,212,208,176,197,166,180,196,196,228,224,141,154,162,165,165,161,176,175,202,192,176,158,163,164,144,178,146,172,158,189,178,193,181,191,180,205,207,228,243,221,274,276,274,220,251,238,262,237,218,244,193,205,183,230,202,156,164,172,163,154,136,122,127,126,149,116,93,109,108,98,83,95,82,90,71,71,79,59,48,49,37,39,19,17,15,14,8,5,6,3,0,1,0,0,15793,211,197,186,179,199,191,197,194,159,173,170,205,188,176,196,178,182,212,190,163,133,149,144,155,148,167,145,179,174,151,152,163,149,172,149,145,159,146,154,176,170,170,174,186,222,211,208,241,239,248,266,242,248,217,227,236,208,221,213,211,186,204,208,232,168,156,192,159,162,160,150,155,188,151,134,137,122,121,139,130,133,124,138,110,93,94,98,83,73,71,64,49,43,36,32,24,17,20,7,7,9,0,0,30618,15138,947,981,922,606,354,151,158,473,890,787,827,927,1158,1250,1143,385,577,331,441,621,480,382,347,15480,972,914,934,563,351,132,142,447,815,784,772,920,1135,1188,1078,385,603,346,476,756,632,556,579,637,324,23,17,0,0,0,0,0,0,0,17,11,6,0,0,0,0,0,0,0,0,6,0,0,0,0,6,2,0,0,0,0,4,175,107,100,0,0,0,100,0,0,0,0,0,0,7,0,0,0,0,0,0,68,0,0,0,0,68,2,38,17,0,0,11,126,107,0,0,0,0,0,0,0,0,0,0,0,107,0,0,0,0,0,0,19,0,0,0,0,19,0,13,2,0,0,4,313,10,8,0,0,0,0,0,0,0,8,5,3,0,0,0,0,0,0,0,0,2,0,0,0,0,2,2,0,0,0,0,0,67,9,1,0,0,0,1,0,0,0,0,0,0,8,0,0,0,0,0,0,58,0,0,0,0,58,2,42,8,0,0,6,236,222,0,0,0,0,0,0,0,0,0,0,0,222,0,0,0,0,0,0,14,0,0,0,0,14,0,11,0,0,0,3
"G2700490","2010","MN","2","4","Minnesota","27","Goodhue County","049",,,,,,,,,,,,,,,"39860","99999","378",,,,,,,,,,,,,,,,,"1960200576","61025171","Goodhue County","A","+44.4061779","-092.7160003","06","2",,46183,22927,297,281,299,314,287,304,312,297,303,331,304,300,331,320,324,312,345,372,328,231,216,217,211,266,224,272,266,289,263,276,305,261,266,242,276,264,233,268,223,283,284,278,279,295,295,330,388,385,387,419,393,360,374,360,367,365,348,384,362,294,267,292,293,294,229,227,225,194,176,165,168,189,139,156,141,119,122,130,129,114,85,110,98,79,80,75,59,59,52,51,41,31,24,18,21,5,4,3,2,1,0,0,0,23256,268,283,307,286,292,308,299,258,272,282,290,298,326,320,314,298,286,330,274,153,187,177,225,249,259,251,249,247,275,289,254,256,254,261,236,271,225,251,270,286,283,245,310,271,349,330,355,411,373,397,377,371,392,366,350,377,354,331,329,302,286,261,310,273,235,229,226,223,210,192,186,173,173,173,158,126,127,157,161,146,137,131,149,141,134,142,111,108,93,92,72,62,68,42,42,36,21,14,15,12,19,1,0,45282,22460,1473,1545,1579,971,508,202,211,688,1348,1333,1254,1411,1886,1830,1730,557,803,446,528,771,595,422,369,22822,1434,1418,1546,912,423,185,176,726,1307,1253,1294,1447,1860,1839,1681,547,811,452,619,845,690,632,725,901,467,65,60,0,0,0,0,0,0,0,60,4,0,56,0,0,0,0,0,0,0,5,0,0,0,0,5,5,0,0,0,0,0,241,153,44,0,0,0,44,0,0,52,6,0,46,57,0,0,0,0,0,0,88,0,0,0,0,88,1,40,2,0,45,0,161,153,0,0,0,0,0,0,0,0,0,0,0,153,0,0,0,0,0,0,8,0,0,0,0,8,0,8,0,0,0,0,434,7,4,0,0,0,0,0,0,0,4,4,0,0,0,0,0,0,0,0,0,3,0,0,0,0,3,3,0,0,0,0,0,88,40,11,0,0,0,11,0,0,3,3,0,0,26,0,0,0,0,0,0,48,0,0,0,0,48,5,37,2,0,0,4,339,320,0,0,0,0,0,0,0,0,0,0,0,320,0,0,0,0,0,0,19,0,0,0,0,19,0,19,0,0,0,0
"G2700510","2010","MN","2","4","Minnesota","27","Grant County","051",,,,,,,,,,,,,,,"99999","99999","999",,,,,,,,,,,,,,,,,"1419728446","70764706","Grant County","A","+45.9307426","-096.0106987","06","9",,6018,2974,34,29,33,38,43,34,38,32,37,40,36,33,20,32,35,37,39,38,39,22,26,27,20,31,30,24,33,36,33,44,31,26,28,43,32,40,30,31,29,29,43,30,26,24,28,41,36,48,42,47,49,50,46,54,47,46,49,42,43,43,42,48,34,49,37,34,32,36,43,35,36,28,21,28,29,15,33,16,30,21,25,17,12,15,19,13,15,11,10,12,2,5,6,8,4,1,4,2,0,0,0,0,0,3044,37,37,43,39,39,32,33,36,34,33,25,29,38,42,38,33,50,41,40,15,25,18,21,29,19,32,35,39,37,27,29,28,36,27,27,24,32,25,25,16,28,30,43,32,31,44,29,61,55,50,43,45,57,52,40,47,50,29,39,42,53,42,50,41,30,22,45,27,43,36,27,25,23,34,34,16,20,31,22,30,25,17,38,28,23,21,14,16,15,15,15,7,8,8,7,12,2,1,2,2,4,1,0,5908,2930,177,181,156,114,61,26,27,81,170,160,159,150,212,244,220,89,120,65,112,142,110,82,72,2978,195,168,172,124,55,25,18,69,170,147,122,163,239,235,205,93,121,67,104,140,113,122,111,110,44,0,0,0,0,0,0,0,0,0,0,0,0,0,0,0,0,0,0,0,0,0,0,0,0,0,0,0,0,0,0,0,0,9,0,0,0,0,0,0,0,0,0,0,0,0,0,0,0,0,0,0,0,9,0,0,0,0,9,0,9,0,0,0,0,35,29,0,0,0,0,0,0,0,0,0,0,0,29,0,0,0,0,0,0,6,0,0,0,0,6,0,6,0,0,0,0,66,0,0,0,0,0,0,0,0,0,0,0,0,0,0,0,0,0,0,0,0,0,0,0,0,0,0,0,0,0,0,0,0,7,0,0,0,0,0,0,0,0,0,0,0,0,0,0,0,0,0,0,0,7,0,0,0,0,7,0,7,0,0,0,0,59,47,0,0,0,0,0,0,0,0,0,0,0,47,0,0,0,0,0,0,12,0,0,0,0,12,0,12,0,0,0,0
"G2700530","2010","MN","2","4","Minnesota","27","Hennepin County","053",,,,,,,,,,,,,,,"33460","99999","378",,,,,,,,,,,,,,,,,"1433793826","137155436","Hennepin County","A","+45.0060644","-093.4751846","06","1",,1152425,566184,7980,7697,7833,7795,7484,7622,7531,7185,7127,7266,7268,7023,6975,7172,6958,7258,7381,7497,7405,7446,7766,7642,8070,8720,9496,10125,9890,10290,9977,9721,9929,9059,8806,8241,7912,7997,7297,7484,7616,8324,8401,7828,7626,7565,7802,8368,8516,8527,8675,8959,8932,8299,8415,8426,7967,7912,7614,7309,7005,6645,6369,5909,5957,5790,4163,3994,3923,3926,3302,2861,2784,2679,2507,2247,2179,2081,1992,1894,1810,1876,1722,1658,1578,1474,1358,1274,1150,1032,878,678,548,462,304,224,174,120,85,58,42,29,36,1,0,586241,7555,7368,7673,7497,7354,7421,7149,6996,7013,7099,6889,6823,6728,6712,6800,6922,7134,7160,7183,7286,7668,7693,8172,9129,9875,10341,10188,10359,9967,10055,9644,8865,8546,7917,7691,7598,7120,7119,7470,8171,8264,7696,7529,7487,7910,8236,8463,8582,8663,8943,9079,8756,8762,8391,8171,8274,7843,7685,7514,7052,7071,6481,6512,6093,4560,4465,4472,4406,3794,3537,3413,3156,3082,2967,2822,2683,2501,2603,2586,2600,2465,2477,2419,2384,2315,2125,1904,1878,1717,1397,1181,1039,868,643,558,465,283,210,143,127,176,13,0,1127341,553175,38573,36581,35255,21942,12116,6741,7010,25532,49316,43346,38145,38551,42208,41253,35851,12077,15658,7780,9932,12148,9352,7408,6400,574166,37240,35524,33831,21028,11368,6661,7146,26662,50548,42431,37230,38617,42588,42804,38099,13436,17007,8840,11592,15144,12562,11383,12425,25084,13009,701,180,5,0,0,0,5,0,0,175,52,42,81,0,0,0,0,0,0,0,521,5,0,0,0,516,306,9,0,0,4,197,10388,1957,1169,0,0,0,1001,168,0,29,13,1,15,724,35,32,0,3,0,0,8431,4280,0,0,0,4151,834,1834,680,0,27,776,1920,1776,2,0,0,0,2,0,0,0,0,0,0,1773,1,0,0,1,0,0,144,0,0,0,0,144,15,60,7,0,5,57,12075,670,158,0,0,0,0,0,0,0,158,100,49,9,0,0,0,0,0,0,0,512,14,0,0,0,498,300,3,0,0,16,179,7477,717,161,0,0,0,149,12,0,23,20,1,2,509,24,24,0,0,0,0,6760,4667,0,0,0,2093,400,960,280,0,17,436,3928,3768,0,0,0,0,0,0,0,0,0,0,0,3760,8,2,0,6,0,0,160,0,0,0,0,160,13,74,10,0,30,33
"G2700550","2010","MN","2","4","Minnesota","27","Houston County","055",,,,,,,,,,,,,,,"29100","99999","999",,,,,,,,,,,,,,,,,"1429824576","43456185","Houston County","A","+43.6669899","-091.5015556","06","1",,19027,9437,110,110,126,137,115,112,127,124,106,152,106,102,113,137,156,122,158,153,118,94,88,77,101,101,99,95,103,96,113,108,118,101,89,107,85,85,93,77,104,124,125,103,115,110,113,117,126,136,146,176,185,176,179,173,166,169,156,164,157,145,139,108,130,106,111,93,106,90,87,61,75,55,68,49,65,58,63,72,61,46,46,42,48,45,39,41,32,26,21,22,13,9,11,8,5,4,1,1,0,1,0,0,0,9590,96,94,118,109,111,130,120,104,119,120,95,102,113,129,134,133,145,165,131,82,75,64,68,93,94,90,96,112,77,123,100,89,96,84,86,86,102,96,118,124,89,105,118,135,141,131,155,154,164,186,194,170,163,156,142,167,151,145,143,131,122,111,114,138,99,97,90,84,75,83,72,68,82,68,75,85,76,71,54,70,68,75,63,58,53,52,35,34,54,33,37,30,15,33,13,9,8,6,3,7,7,0,0,18770,9345,598,621,614,433,208,88,76,294,507,495,477,561,698,872,786,245,346,197,236,311,294,214,174,9425,528,593,573,443,212,75,61,255,496,454,523,584,788,825,735,232,351,184,242,357,348,292,274,257,92,0,0,0,0,0,0,0,0,0,0,0,0,0,0,0,0,0,0,0,0,0,0,0,0,0,0,0,0,0,0,0,0,54,19,13,0,0,0,13,0,0,0,0,0,0,6,0,0,0,0,0,0,35,0,0,0,0,35,0,33,2,0,0,0,38,38,0,0,0,0,0,0,0,0,0,0,0,38,0,0,0,0,0,0,0,0,0,0,0,0,0,0,0,0,0,0,165,0,0,0,0,0,0,0,0,0,0,0,0,0,0,0,0,0,0,0,0,0,0,0,0,0,0,0,0,0,0,0,0,19,3,0,0,0,0,0,0,0,0,0,0,0,3,0,0,0,0,0,0,16,0,0,0,0,16,0,16,0,0,0,0,146,146,0,0,0,0,0,0,0,0,0,0,0,146,0,0,0,0,0,0,0,0,0,0,0,0,0,0,0,0,0,0
"G2700570","2010","MN","2","4","Minnesota","27","Hubbard County","057",,,,,,,,,,,,,,,"99999","99999","999",,,,,,,,,,,,,,,,,"2397485927","191360735","Hubbard County","A","+47.0955506","-094.9132898","06","9",,20428,10288,118,133,134,131,144,120,133,112,123,109,125,126,115,122,145,150,126,131,127,100,87,77,93,87,78,89,78,92,135,115,94,108,77,108,85,87,93,98,113,106,122,104,105,113,133,155,158,147,162,184,168,163,170,149,182,146,156,161,173,147,186,165,161,160,151,132,145,147,133,113,118,121,97,110,93,99,86,83,84,71,51,59,45,52,37,30,28,29,15,19,11,9,11,4,6,2,1,0,0,2,0,0,0,10140,121,121,122,130,106,126,112,104,111,129,120,117,105,120,120,146,142,115,116,77,74,80,68,89,81,75,82,87,108,115,102,84,84,81,104,101,115,88,101,108,122,97,103,126,138,157,164,158,161,155,180,158,168,138,152,159,172,178,163,151,167,156,147,155,126,138,140,153,114,136,122,112,109,116,110,97,85,72,73,74,69,66,44,51,40,38,35,31,35,28,22,13,24,17,5,13,6,4,2,4,4,0,0,20274,10215,655,597,632,407,222,86,77,254,502,468,493,570,802,828,780,351,472,277,392,533,421,243,153,10059,597,582,581,403,189,72,80,234,464,452,511,585,792,792,819,320,426,278,401,565,399,258,259,154,73,6,0,0,0,0,0,0,0,0,0,0,0,0,0,0,0,0,0,0,0,6,0,0,0,0,6,6,0,0,0,0,0,43,24,22,0,0,0,19,3,0,0,0,0,0,2,0,0,0,0,0,0,19,0,0,0,0,19,3,4,12,0,0,0,24,24,2,0,0,0,0,2,0,0,0,0,0,18,4,0,0,4,0,0,0,0,0,0,0,0,0,0,0,0,0,0,81,4,0,0,0,0,0,0,0,0,0,0,0,0,0,0,0,0,0,0,0,4,0,0,0,0,4,4,0,0,0,0,0,35,11,7,0,0,0,6,1,0,0,0,0,0,2,2,0,0,2,0,0,24,0,0,0,0,24,8,12,2,0,0,2,42,39,0,0,0,0,0,0,0,0,0,0,0,39,0,0,0,0,0,0,3,0,0,0,0,3,0,0,2,0,1,0
"G2700590","2010","MN","2","4","Minnesota","27","Isanti County","059",,,,,,,,,,,,,,,"33460","99999","378",,,,,,,,,,,,,,,,,"1128701342","41083223","Isanti County","A","+45.5624313","-093.2963388","06","1",,37816,19065,248,269,283,298,287,287,275,286,254,277,276,297,274,280,287,256,292,284,246,209,242,188,222,232,226,231,227,282,259,252,291,249,262,218,239,228,224,255,257,283,247,252,244,277,272,320,331,327,350,350,326,326,333,275,295,244,243,249,256,224,202,182,209,189,145,158,160,149,120,129,131,126,109,100,79,84,67,87,63,52,49,52,53,45,41,29,28,24,34,24,10,13,9,15,9,8,1,5,0,0,2,0,0,18751,258,256,276,286,246,237,247,281,249,255,269,282,264,299,254,263,294,279,257,202,160,190,206,213,225,241,267,236,287,244,244,200,236,227,224,217,232,222,232,269,257,224,268,255,270,259,314,321,341,303,303,297,263,272,277,258,224,226,242,174,212,193,243,176,138,162,180,177,142,141,143,119,120,114,95,106,79,76,84,75,75,84,62,59,78,52,61,58,41,44,47,23,38,24,16,7,10,8,5,5,5,0,0,37351,18884,1382,1376,1411,830,451,234,175,673,1238,1244,1241,1285,1665,1542,1207,380,542,317,397,541,346,229,178,18467,1313,1267,1366,831,452,158,186,632,1271,1123,1164,1269,1535,1408,1116,404,554,337,456,576,407,318,324,465,181,11,2,0,0,0,0,0,0,0,2,2,0,0,0,0,0,0,0,0,0,9,0,0,0,0,9,7,0,0,0,0,2,113,42,35,0,0,0,35,0,0,0,0,0,0,7,0,0,0,0,0,0,71,0,0,0,0,71,0,44,20,0,3,4,57,55,0,0,0,0,0,0,0,0,0,0,0,55,0,0,0,0,0,0,2,0,0,0,0,2,0,2,0,0,0,0,284,18,3,0,0,0,0,0,0,0,3,3,0,0,0,0,0,0,0,0,0,15,0,0,0,0,15,7,0,0,0,2,6,69,14,6,0,0,0,6,0,0,0,0,0,0,8,0,0,0,0,0,0,55,0,0,0,0,55,7,35,8,0,0,5,197,181,0,0,0,0,0,0,0,0,0,0,0,181,0,0,0,0,0,0,16,0,0,0,0,16,0,9,0,0,6,1
"G2700610","2010","MN","2","4","Minnesota","27","Itasca County","061",,,,,,,,,,,,,,,"99999","99999","999",,,,,,,,,,,,,,,,,"6909367239","674021189","Itasca County","A","+47.4908429","-093.6131284","06","9",,45058,22747,231,274,263,313,233,312,272,266,268,280,304,298,318,276,296,289,305,338,333,328,227,247,208,191,201,231,206,222,231,238,252,230,243,228,228,229,215,243,224,249,261,258,222,243,266,300,323,315,346,333,383,390,346,381,381,422,377,399,419,398,345,346,365,335,251,265,274,284,249,251,252,227,194,174,180,137,151,134,132,139,113,128,129,90,87,72,72,60,43,47,32,27,22,10,10,3,3,5,0,1,5,0,0,22311,204,208,240,247,246,273,270,241,272,257,234,277,286,275,272,293,296,309,249,210,187,170,176,175,187,231,214,234,221,209,208,221,235,227,222,187,233,237,253,265,241,241,247,269,270,298,331,326,348,347,347,369,371,377,374,386,418,371,408,400,331,318,338,328,234,255,296,286,256,238,238,200,174,193,171,165,151,155,205,177,161,131,133,114,101,122,108,91,103,64,58,52,43,36,25,20,21,6,9,6,8,0,0,44037,22246,1312,1396,1470,875,595,202,233,569,1112,1167,1145,1234,1591,1857,1999,686,945,536,777,1013,674,515,343,21791,1143,1312,1318,861,432,170,159,524,1101,1100,1168,1260,1639,1825,1973,643,895,547,772,959,820,588,582,1021,501,83,72,0,0,0,0,0,0,0,72,15,13,44,0,0,0,0,0,0,0,11,0,0,0,0,11,4,3,0,0,3,1,274,82,47,0,0,0,47,0,0,14,9,2,3,21,0,0,0,0,0,0,192,76,0,0,0,116,13,67,23,0,3,10,144,132,0,0,0,0,0,0,0,0,0,0,0,132,0,0,0,0,0,0,12,0,0,0,0,12,0,6,0,0,0,6,520,66,58,0,0,0,0,0,0,0,58,8,12,38,0,0,0,0,0,0,0,8,0,0,0,0,8,0,5,0,0,2,1,150,39,8,0,0,0,8,0,0,16,3,1,12,15,0,0,0,0,0,0,111,25,0,0,0,86,7,48,19,0,5,7,304,259,0,0,0,0,0,0,0,0,0,0,0,259,0,0,0,0,0,0,45,0,0,0,0,45,0,40,0,0,0,5
"G2700630","2010","MN","2","4","Minnesota","27","Jackson County","063",,,,,,,,,,,,,,,"99999","99999","999",,,,,,,,,,,,,,,,,"1820713972","42095902","Jackson County","A","+43.6730254","-095.1497040","06","9",,10266,5190,56,63,59,60,66,66,68,59,75,66,62,58,82,64,77,74,72,65,74,72,55,57,48,52,51,45,60,57,47,59,60,65,55,56,49,57,55,52,53,65,67,51,62,55,74,60,76,70,89,100,118,79,93,81,86,82,89,85,79,68,63,60,62,57,55,48,48,44,51,43,31,48,45,33,27,34,48,32,38,33,22,30,34,27,20,28,23,24,21,22,8,3,11,4,4,3,3,1,1,0,1,0,0,5076,52,55,74,65,60,59,48,55,61,72,71,66,60,52,62,72,62,82,58,39,39,49,43,40,40,40,48,49,63,65,49,43,62,36,48,51,61,49,53,61,69,59,51,59,58,50,57,76,74,84,90,89,68,89,80,77,72,79,84,59,66,63,60,53,45,51,48,41,46,43,42,47,56,43,49,48,35,50,53,26,44,40,47,38,39,39,29,32,24,29,23,16,17,16,11,9,6,5,5,2,2,0,0,10156,5155,304,334,343,211,144,55,55,149,267,285,279,307,394,457,403,123,174,96,138,183,182,129,143,5001,306,295,311,216,97,39,47,123,264,238,275,296,341,415,370,129,156,99,129,232,206,196,221,110,35,0,0,0,0,0,0,0,0,0,0,0,0,0,0,0,0,0,0,0,0,0,0,0,0,0,0,0,0,0,0,0,0,13,12,11,0,0,0,11,0,0,0,0,0,0,1,0,0,0,0,0,0,1,0,0,0,0,1,0,1,0,0,0,0,22,22,0,0,0,0,0,0,0,0,0,0,0,22,0,0,0,0,0,0,0,0,0,0,0,0,0,0,0,0,0,0,75,0,0,0,0,0,0,0,0,0,0,0,0,0,0,0,0,0,0,0,0,0,0,0,0,0,0,0,0,0,0,0,0,7,2,1,0,0,0,1,0,0,0,0,0,0,1,0,0,0,0,0,0,5,0,0,0,0,5,0,2,0,0,0,3,68,68,0,0,0,0,0,0,0,0,0,0,0,68,0,0,0,0,0,0,0,0,0,0,0,0,0,0,0,0,0,0
"G2700650","2010","MN","2","4","Minnesota","27","Kanabec County","065",,,,,,,,,,,,,,,"99999","99999","999",,,,,,,,,,,,,,,,,"1350902712","31329476","Kanabec County","A","+45.9477598","-093.2977883","06","9",,16239,8221,87,82,92,111,96,121,115,112,110,115,111,112,112,119,120,132,131,128,110,86,111,67,70,61,65,79,104,103,81,95,87,93,89,91,87,86,69,96,104,103,120,87,114,95,103,120,124,110,160,146,147,140,154,138,138,143,129,119,121,128,114,107,115,82,83,92,72,88,98,74,61,72,72,67,60,61,50,41,47,44,38,32,18,33,13,24,18,12,11,7,13,7,7,3,2,2,0,0,1,0,1,0,0,8018,96,97,111,110,92,105,97,110,108,120,78,121,89,107,98,107,114,130,94,71,58,60,73,65,79,82,92,83,87,90,81,91,73,69,107,94,93,104,104,117,104,86,87,95,94,113,115,148,130,131,121,142,137,131,125,123,103,100,137,125,89,100,106,106,95,91,97,91,86,83,73,68,62,62,65,53,60,50,34,46,50,44,41,36,39,24,21,21,15,33,22,6,15,7,6,2,7,3,2,1,2,0,0,15993,8097,468,573,574,389,191,100,65,182,449,441,448,514,653,707,635,217,278,164,259,325,236,128,101,7896,505,538,493,349,152,53,52,212,427,417,511,464,632,652,585,189,307,186,259,327,237,197,152,246,124,2,0,0,0,0,0,0,0,0,0,0,0,0,0,0,0,0,0,0,0,2,0,0,0,0,2,0,0,0,0,0,2,94,23,23,0,0,0,23,0,0,0,0,0,0,0,0,0,0,0,0,0,71,0,0,0,0,71,0,41,0,0,2,28,28,24,0,0,0,0,0,0,0,0,0,0,0,24,0,0,0,0,0,0,4,0,0,0,0,4,0,4,0,0,0,0,122,5,0,0,0,0,0,0,0,0,0,0,0,0,0,0,0,0,0,0,0,5,0,0,0,0,5,0,1,0,0,0,4,57,8,6,0,0,0,6,0,0,0,0,0,0,2,0,0,0,0,0,0,49,0,0,0,0,49,0,19,0,0,2,28,60,59,0,0,0,0,0,0,0,0,0,0,0,59,0,0,0,0,0,0,1,0,0,0,0,1,0,1,0,0,0,0
"G2700670","2010","MN","2","4","Minnesota","27","Kandiyohi County","067",,,,,,,,,,,,,,,"48820","99999","999",,,,,,,,,,,,,,,,,"2063662339","169818708","Kandiyohi County","A","+45.1527137","-095.0049812","06","2",,42239,21078,288,311,291,293,323,287,309,254,249,306,273,248,280,275,294,287,327,360,331,384,361,288,241,259,283,247,288,283,294,239,278,246,252,219,203,236,194,220,244,241,241,219,236,241,267,282,246,302,294,320,325,294,325,347,349,334,306,327,298,267,247,264,243,228,188,186,200,221,163,150,151,141,125,138,127,119,126,103,101,98,103,98,86,110,77,67,54,46,42,37,29,23,32,9,16,10,5,2,3,1,3,0,0,21161,268,283,308,275,279,245,292,284,300,250,233,246,265,264,245,259,288,318,301,282,315,254,239,246,243,227,246,237,272,244,267,221,205,223,219,195,220,220,236,247,257,209,226,238,256,268,275,293,284,345,331,352,341,322,353,346,317,296,287,275,267,234,262,232,204,201,208,191,175,163,180,179,152,157,154,125,137,130,122,119,116,142,115,112,108,116,112,95,101,72,71,60,52,39,33,31,23,19,10,4,6,0,0,41181,20535,1504,1402,1351,928,690,338,274,745,1305,1164,1107,1184,1413,1609,1508,501,644,378,525,670,528,446,321,20646,1410,1370,1245,844,579,310,251,716,1209,1114,1110,1169,1440,1673,1506,493,691,397,520,797,611,544,647,1058,543,70,65,2,0,0,0,2,0,0,53,7,0,46,0,10,0,10,0,0,0,5,0,0,0,0,5,0,2,0,0,0,3,339,147,127,0,0,0,126,1,0,11,0,0,11,9,0,0,0,0,0,0,192,0,0,0,0,192,0,157,35,0,0,0,134,104,2,0,0,0,2,0,0,0,0,0,0,102,0,0,0,0,0,0,30,0,0,0,0,30,0,30,0,0,0,0,515,33,22,0,0,0,0,0,0,0,20,12,0,8,0,2,0,2,0,0,0,11,0,0,0,0,11,0,4,1,0,0,6,168,23,15,0,0,0,15,0,0,0,0,0,0,8,0,0,0,0,0,0,145,0,0,0,0,145,0,124,14,0,0,7,314,257,0,0,0,0,0,0,0,0,0,0,0,257,0,0,0,0,0,0,57,0,0,0,0,57,0,57,0,0,0,0
"G2700690","2010","MN","2","4","Minnesota","27","Kittson County","069",,,,,,,,,,,,,,,"99999","99999","999",,,,,,,,,,,,,,,,,"2845889450","12431026","Kittson County","A","+48.7760403","-096.7803493","06","9",,4552,2286,28,19,14,21,24,31,23,22,22,37,38,20,40,34,38,31,33,26,30,18,20,20,16,20,23,18,14,17,19,22,19,26,22,18,14,16,20,16,21,29,34,25,27,25,23,32,40,36,24,45,43,38,43,41,28,48,41,47,46,44,31,30,40,36,31,38,23,30,18,23,27,22,19,17,22,16,19,21,14,13,12,14,13,16,7,12,6,8,5,6,1,10,4,2,3,3,0,1,3,0,1,0,0,2266,16,22,25,32,21,22,19,29,21,29,28,33,40,27,25,34,25,35,16,12,22,13,13,9,9,16,18,12,23,16,14,11,18,19,20,27,22,21,20,32,32,20,32,25,9,33,25,38,37,34,34,37,35,48,39,28,47,49,33,40,27,40,27,28,23,25,16,22,18,23,32,18,22,19,26,21,13,14,30,29,27,25,22,21,20,21,17,7,8,16,18,8,9,9,5,7,4,1,2,3,2,0,0,4441,2254,106,135,170,90,48,20,20,59,90,99,102,133,175,190,226,60,106,61,71,106,79,58,50,2187,116,120,153,94,28,22,13,31,84,82,122,118,167,190,196,66,78,41,62,114,99,102,89,111,32,0,0,0,0,0,0,0,0,0,0,0,0,0,0,0,0,0,0,0,0,0,0,0,0,0,0,0,0,0,0,0,0,8,8,1,0,0,0,1,0,0,0,0,0,0,7,0,0,0,0,0,0,0,0,0,0,0,0,0,0,0,0,0,0,24,24,0,0,0,0,0,0,0,0,0,0,0,24,0,0,0,0,0,0,0,0,0,0,0,0,0,0,0,0,0,0,79,0,0,0,0,0,0,0,0,0,0,0,0,0,0,0,0,0,0,0,0,0,0,0,0,0,0,0,0,0,0,0,0,6,3,0,0,0,0,0,0,0,0,0,0,0,3,0,0,0,0,0,0,3,0,0,0,0,3,0,3,0,0,0,0,73,72,0,0,0,0,0,0,0,0,0,0,0,72,0,0,0,0,0,0,1,0,0,0,0,1,0,1,0,0,0,0
"G2700710","2010","MN","2","4","Minnesota","27","Koochiching County","071",,,,,,,,,,,,,,,"99999","99999","999",,,,,,,,,,,,,,,,,"8039503592","129375868","Koochiching County","A","+48.2454895","-093.7828417","06","9",,13311,6608,51,73,56,61,67,74,73,63,84,88,85,85,83,77,85,96,103,96,111,63,67,60,61,70,55,65,58,58,60,65,48,58,61,60,58,57,56,64,65,86,66,81,85,104,93,85,101,100,116,104,92,116,119,152,118,124,117,126,130,108,117,106,96,107,75,72,66,82,73,82,49,64,69,49,62,69,39,34,33,37,41,28,31,32,27,28,15,24,16,17,7,6,2,4,3,0,0,1,2,0,0,0,0,6703,66,67,66,67,59,64,78,61,87,89,84,96,76,79,81,85,89,88,89,65,58,62,35,45,64,49,66,58,54,65,58,57,62,62,58,56,84,69,89,79,73,71,74,79,91,94,103,109,101,103,98,118,143,122,101,105,116,105,108,139,88,94,98,94,70,80,78,79,59,75,72,59,67,68,51,58,49,34,69,60,51,49,52,46,31,43,35,26,33,18,23,21,18,9,7,4,4,8,1,1,2,0,0,13070,6509,308,381,414,292,157,58,58,185,301,284,326,425,503,594,603,221,274,137,236,290,208,148,106,6561,325,377,415,262,129,55,61,141,287,297,375,387,508,581,571,182,259,157,212,312,256,211,201,241,99,5,5,0,0,0,0,0,0,0,5,1,4,0,0,0,0,0,0,0,0,0,0,0,0,0,0,0,0,0,0,0,0,55,15,8,0,0,0,8,0,0,0,0,0,0,7,0,0,0,0,0,0,40,29,0,0,0,11,0,8,3,0,0,0,39,39,0,0,0,0,0,0,0,0,0,0,0,39,0,0,0,0,0,0,0,0,0,0,0,0,0,0,0,0,0,0,142,3,3,0,0,0,0,0,0,0,3,1,2,0,0,0,0,0,0,0,0,0,0,0,0,0,0,0,0,0,0,0,0,48,7,1,0,0,0,1,0,0,0,0,0,0,6,0,0,0,0,0,0,41,30,0,0,0,11,0,10,1,0,0,0,91,80,0,0,0,0,0,0,0,0,0,0,0,80,0,0,0,0,0,0,11,0,0,0,0,11,0,11,0,0,0,0
"G2700730","2010","MN","2","4","Minnesota","27","Lac qui Parle County","073",,,,,,,,,,,,,,,"99999","99999","999",,,,,,,,,,,,,,,,,"1981394636","33643153","Lac qui Parle County","A","+44.9998550","-096.1768363","06","9",,7259,3629,43,32,39,42,44,42,45,44,37,47,44,37,54,46,43,55,40,56,44,20,21,26,27,28,37,38,35,31,45,27,32,30,27,33,29,43,23,48,28,34,31,44,43,35,42,40,51,64,47,62,72,61,72,62,71,68,67,71,56,60,51,49,47,66,33,46,46,30,36,30,44,40,40,32,30,25,28,27,29,30,28,24,27,26,34,20,14,21,7,19,7,6,6,4,4,3,0,2,2,1,0,0,0,3630,27,34,47,43,26,41,37,34,40,45,41,35,39,51,56,51,46,51,39,21,23,11,17,28,28,28,26,30,27,30,34,41,35,28,33,29,18,39,32,30,29,42,30,30,44,39,59,57,48,64,64,62,64,63,64,64,59,51,76,61,52,34,55,53,37,44,29,44,46,40,37,34,32,43,28,26,45,29,41,33,39,42,38,30,30,24,23,32,27,25,21,15,10,14,8,8,6,4,4,1,6,0,0,7105,3571,200,215,224,151,61,21,26,91,175,150,175,195,262,337,320,100,146,91,94,182,136,125,94,3534,177,197,222,148,59,23,11,72,140,171,146,175,267,317,309,86,142,73,130,173,169,169,158,154,58,0,0,0,0,0,0,0,0,0,0,0,0,0,0,0,0,0,0,0,0,0,0,0,0,0,0,0,0,0,0,0,0,12,4,2,0,0,0,2,0,0,0,0,0,0,2,0,0,0,0,0,0,8,0,0,0,0,8,0,8,0,0,0,0,46,46,0,0,0,0,0,0,0,0,0,0,0,46,0,0,0,0,0,0,0,0,0,0,0,0,0,0,0,0,0,0,96,0,0,0,0,0,0,0,0,0,0,0,0,0,0,0,0,0,0,0,0,0,0,0,0,0,0,0,0,0,0,0,0,10,2,0,0,0,0,0,0,0,0,0,0,0,2,0,0,0,0,0,0,8,0,0,0,0,8,0,8,0,0,0,0,86,86,0,0,0,0,0,0,0,0,0,0,0,86,0,0,0,0,0,0,0,0,0,0,0,0,0,0,0,0,0,0
"G2700750","2010","MN","2","4","Minnesota","27","Lake County","075",,,,,,,,,,,,,,,"99999","99999","999",,,,,,,,,,,,,,,,,"5463040779","2282654608","Lake County","A","+47.5171114","-091.4117038","06","9",,10866,5479,59,62,55,51,55,56,61,61,51,46,54,60,61,47,81,49,68,66,59,39,37,50,41,50,67,68,53,47,61,60,57,56,45,62,45,55,50,54,55,59,54,53,57,60,47,65,70,100,74,89,108,116,95,99,100,99,120,104,94,85,90,84,78,83,56,64,81,65,74,50,50,59,60,53,52,52,41,57,49,40,49,38,45,37,30,31,23,20,10,10,14,9,11,3,3,1,4,0,0,1,0,0,0,5387,43,72,72,54,61,49,34,60,47,51,54,65,50,64,52,63,69,64,67,47,39,53,58,36,58,50,48,43,50,57,55,44,61,54,48,54,45,51,55,45,57,63,62,60,55,72,76,67,100,101,116,80,98,83,98,89,99,85,74,96,77,78,70,78,69,72,58,81,63,57,46,60,57,63,66,42,34,56,51,44,42,29,39,36,43,24,26,30,16,23,22,17,9,9,4,5,4,2,1,2,8,1,0,10642,5346,282,275,303,183,91,36,47,152,286,261,270,266,388,513,497,172,217,142,187,267,227,181,103,5296,302,241,285,196,111,38,53,146,242,261,249,296,413,469,443,155,216,130,198,288,225,182,157,224,133,0,0,0,0,0,0,0,0,0,0,0,0,0,0,0,0,0,0,0,0,0,0,0,0,0,0,0,0,0,0,0,0,54,20,16,0,0,0,16,0,0,0,0,0,0,4,0,0,0,0,0,0,34,0,0,0,0,34,20,4,0,6,4,0,79,75,0,0,0,0,0,0,0,0,0,0,0,75,0,0,0,0,0,0,4,0,0,0,0,4,2,2,0,0,0,0,91,0,0,0,0,0,0,0,0,0,0,0,0,0,0,0,0,0,0,0,0,0,0,0,0,0,0,0,0,0,0,0,0,29,4,3,0,0,0,3,0,0,0,0,0,0,1,0,0,0,0,0,0,25,0,0,0,0,25,4,8,0,1,12,0,62,49,0,0,0,0,0,0,0,0,0,0,0,49,0,0,0,0,0,0,13,0,0,0,0,13,0,13,0,0,0,0
"G2700770","2010","MN","2","4","Minnesota","27","Lake of the Woods County","077",,,,,,,,,,,,,,,"99999","99999","999",,,,,,,,,,,,,,,,,"3361466280","1234895902","Lake of the Woods County","A","+48.7681003","-094.9046335","06","9",,4045,2068,19,14,20,24,21,19,30,19,29,20,19,24,19,15,29,35,24,33,30,11,10,15,19,16,13,17,20,18,16,14,24,18,21,16,15,15,11,19,19,20,15,18,27,19,38,27,39,51,32,38,40,47,36,34,51,52,40,37,46,34,32,39,47,26,22,24,23,20,29,24,28,26,23,23,12,14,16,12,13,11,14,12,4,9,16,3,5,6,6,5,3,4,1,1,1,1,2,0,0,0,0,0,0,1977,19,15,19,27,31,22,27,22,19,17,16,16,22,22,24,26,26,31,24,8,12,10,14,13,15,13,15,14,14,23,17,13,24,22,15,17,19,19,17,21,22,16,25,18,38,25,25,28,31,47,27,55,33,38,43,40,29,48,37,31,35,22,25,28,21,27,25,33,23,24,18,21,7,21,17,17,17,16,12,13,11,16,6,23,8,7,15,7,5,9,6,2,2,2,3,6,2,2,1,3,3,0,0,3992,2051,97,117,106,92,40,10,15,48,85,94,84,117,186,208,209,70,95,46,73,110,63,51,35,1941,111,107,100,83,32,12,10,42,79,91,93,119,156,196,185,56,74,51,79,81,71,58,55,53,17,1,0,0,0,0,0,0,0,0,0,0,0,0,0,0,0,0,0,0,0,1,0,0,0,0,1,0,0,0,0,1,0,3,2,2,0,0,0,2,0,0,0,0,0,0,0,0,0,0,0,0,0,1,0,0,0,0,1,0,0,0,0,1,0,13,13,0,0,0,0,0,0,0,0,0,0,0,13,0,0,0,0,0,0,0,0,0,0,0,0,0,0,0,0,0,0,36,0,0,0,0,0,0,0,0,0,0,0,0,0,0,0,0,0,0,0,0,0,0,0,0,0,0,0,0,0,0,0,0,1,0,0,0,0,0,0,0,0,0,0,0,0,0,0,0,0,0,0,0,1,0,0,0,0,1,0,0,0,0,1,0,35,35,0,0,0,0,0,0,0,0,0,0,0,35,0,0,0,0,0,0,0,0,0,0,0,0,0,0,0,0,0,0
"G2700790","2010","MN","2","4","Minnesota","27","Le Sueur County","079",,,,,,,,,,,,,,,"99999","99999","999",,,,,,,,,,,,,,,,,"1162284309","64870726","Le Sueur County","A","+44.3733973","-093.7301797","06","9",,27703,13988,188,195,201,188,186,211,203,200,213,214,187,178,205,190,226,188,188,195,152,134,122,118,135,138,140,178,166,179,181,196,213,164,171,161,153,168,143,169,166,208,193,211,193,206,213,212,215,234,233,225,240,224,237,201,225,238,174,209,203,174,170,175,160,159,132,114,139,119,104,112,115,105,104,88,72,62,70,59,67,67,49,65,47,51,34,23,31,37,18,24,10,7,8,5,7,4,2,0,0,2,0,0,0,13715,178,175,169,183,206,186,218,184,173,178,195,208,215,203,192,200,202,231,157,106,119,115,113,134,167,135,151,179,163,175,177,143,161,145,150,155,136,159,182,211,206,178,171,178,191,220,194,216,219,241,203,201,203,197,204,195,191,178,167,164,195,162,162,169,126,115,121,140,119,128,103,85,89,102,91,87,84,72,72,73,57,81,72,73,52,40,39,37,49,30,30,24,20,17,13,14,7,3,6,3,6,1,0,27433,13894,958,1041,986,571,286,121,118,412,900,860,852,1012,1115,1119,986,343,448,252,332,481,318,227,156,13539,911,939,1013,633,263,116,115,412,803,776,842,922,1084,1004,887,352,452,232,381,467,374,304,257,270,94,0,0,0,0,0,0,0,0,0,0,0,0,0,0,0,0,0,0,0,0,0,0,0,0,0,0,0,0,0,0,0,0,39,6,0,0,0,0,0,0,0,0,0,0,0,6,0,0,0,0,0,0,33,0,0,0,0,33,0,29,0,0,2,2,55,51,0,0,0,0,0,0,0,0,0,0,0,51,0,0,0,0,0,0,4,0,0,0,0,4,0,3,0,0,1,0,176,0,0,0,0,0,0,0,0,0,0,0,0,0,0,0,0,0,0,0,0,0,0,0,0,0,0,0,0,0,0,0,0,36,16,0,0,0,0,0,0,0,0,0,0,0,16,0,0,0,0,0,0,20,0,0,0,0,20,0,18,0,0,2,0,140,132,0,0,0,0,0,0,0,0,0,0,0,132,0,0,0,0,0,0,8,0,0,0,0,8,0,8,0,0,0,0
"G2700810","2010","MN","2","4","Minnesota","27","Lincoln County","081",,,,,,,,,,,,,,,"99999","99999","999",,,,,,,,,,,,,,,,,"1390192941","30240167","Lincoln County","A","+44.4082382","-096.2720323","06","9",,5896,2960,23,47,42,40,48,34,40,49,33,41,41,25,26,41,38,32,36,48,36,17,28,24,20,24,31,36,22,27,33,28,30,36,31,39,29,30,23,33,38,36,35,22,31,36,37,43,37,37,46,55,43,42,46,43,67,40,43,43,45,40,39,30,28,31,33,40,31,32,42,23,29,24,26,32,30,21,26,27,32,24,23,22,18,19,14,19,13,14,11,9,8,8,4,4,2,2,1,0,1,0,2,0,0,2936,36,40,38,36,34,41,39,36,26,28,43,27,33,43,32,42,28,30,29,12,16,16,21,30,30,22,27,31,26,26,28,31,30,34,35,30,24,29,32,22,35,26,30,30,32,29,31,27,33,51,37,41,45,37,41,41,47,40,48,43,34,32,31,39,32,35,35,42,25,26,35,35,36,39,25,37,34,26,26,33,24,30,23,22,23,25,25,28,20,15,25,13,9,9,8,4,7,3,2,5,2,0,0,5761,2907,200,197,171,116,53,26,24,75,145,164,160,161,215,240,210,69,91,71,95,139,124,91,70,2854,184,170,178,100,41,15,16,81,132,158,137,153,171,199,218,65,102,69,93,169,149,114,140,135,53,0,0,0,0,0,0,0,0,0,0,0,0,0,0,0,0,0,0,0,0,0,0,0,0,0,0,0,0,0,0,0,0,10,2,2,0,0,0,2,0,0,0,0,0,0,0,0,0,0,0,0,0,8,0,0,0,0,8,0,8,0,0,0,0,43,39,0,0,0,0,0,0,0,0,0,0,0,38,1,0,1,0,0,0,4,0,0,0,0,4,0,4,0,0,0,0,82,0,0,0,0,0,0,0,0,0,0,0,0,0,0,0,0,0,0,0,0,0,0,0,0,0,0,0,0,0,0,0,0,5,1,1,0,0,0,1,0,0,0,0,0,0,0,0,0,0,0,0,0,4,0,0,0,0,4,0,4,0,0,0,0,77,75,0,0,0,0,0,0,0,0,0,0,0,75,0,0,0,0,0,0,2,0,0,0,0,2,0,2,0,0,0,0
"G2700830","2010","MN","2","4","Minnesota","27","Lyon County","083",,,,,,,,,,,,,,,"32140","99999","999",,,,,,,,,,,,,,,,,"1850698900","18410959","Lyon County","A","+44.4091953","-095.8472678","06","2",,25857,12845,197,196,204,222,166,159,180,169,162,173,145,184,194,155,173,166,175,200,175,277,269,253,260,228,220,227,189,197,187,181,202,181,161,165,126,174,120,141,133,163,153,127,141,143,152,157,181,197,167,187,168,161,165,193,186,184,176,167,145,156,132,138,131,112,85,86,105,99,94,61,78,77,52,71,66,49,49,62,49,46,47,39,53,46,46,31,28,30,29,26,15,17,14,6,7,5,0,1,2,2,3,0,1,13012,173,198,164,183,169,164,175,167,164,173,192,155,156,164,149,178,150,171,250,303,277,280,264,235,179,188,162,182,175,180,149,148,146,136,133,147,133,106,156,142,143,147,125,147,147,162,185,145,189,183,171,223,194,184,193,167,170,153,149,124,122,113,123,118,92,112,87,95,87,81,76,74,67,66,71,68,83,63,88,79,86,70,67,66,68,74,57,63,40,37,44,44,31,23,16,16,9,5,7,2,4,0,1,24765,12333,985,843,850,535,251,190,222,677,954,826,718,710,880,860,819,266,324,188,248,334,246,223,184,12432,887,843,815,494,326,203,250,652,882,705,679,707,857,959,749,234,329,197,253,347,368,334,362,1092,512,7,5,0,0,0,0,0,0,0,5,1,0,4,0,0,0,0,0,0,0,2,0,0,0,0,2,0,2,0,0,0,0,436,44,38,0,0,0,38,0,0,2,0,0,2,4,0,0,0,0,0,0,392,327,0,0,0,65,0,51,14,0,0,0,69,59,0,0,0,0,0,0,0,0,0,0,0,59,0,0,0,0,0,0,10,0,0,0,0,10,0,10,0,0,0,0,580,6,2,0,0,0,0,0,0,0,2,2,0,0,0,0,0,0,0,0,0,4,3,0,0,0,1,0,1,0,0,0,0,408,10,4,0,0,0,4,0,0,2,2,0,0,4,0,0,0,0,0,0,398,342,0,0,0,56,0,54,2,0,0,0,166,150,0,0,0,0,0,0,0,0,0,0,0,145,5,0,0,5,0,0,16,0,0,0,0,16,0,15,0,0,0,1
"G2700850","2010","MN","2","4","Minnesota","27","McLeod County","085",,,,,,,,,,,,,,,"26780","99999","378",,,,,,,,,,,,,,,,,"1272903896","36406906","McLeod County","A","+44.8216437","-094.2723203","06","2",,36651,18277,242,251,247,283,270,267,276,269,288,249,265,239,279,298,246,267,263,263,264,183,192,178,202,207,227,215,226,243,238,236,250,248,229,230,222,230,195,225,254,256,290,226,242,240,267,270,275,291,303,297,283,278,253,277,249,240,216,234,230,238,198,210,212,189,166,165,156,163,128,137,136,114,112,128,100,107,92,75,80,64,65,66,76,75,57,52,60,35,23,30,20,27,13,13,13,6,2,0,1,0,0,0,0,18374,216,204,225,271,235,257,261,270,251,254,249,265,237,233,288,271,248,268,218,156,152,151,192,188,198,235,207,206,239,200,246,195,207,224,175,207,211,233,259,251,229,241,232,257,259,258,273,298,291,292,293,289,247,258,231,250,257,219,237,224,208,214,198,196,158,174,181,181,158,148,147,139,121,131,97,115,110,98,93,111,110,103,127,101,91,95,84,68,73,73,63,48,34,33,30,26,18,9,9,3,9,1,0,36175,18091,1293,1348,1312,769,439,192,176,627,1150,1172,1158,1257,1430,1334,1155,407,562,318,424,582,412,323,251,18084,1151,1290,1267,758,364,152,148,573,1082,1043,1160,1211,1406,1313,1181,419,550,351,482,624,508,497,554,476,186,40,17,0,0,0,0,0,0,0,17,7,10,0,0,0,0,0,0,0,0,23,0,0,0,0,23,0,0,0,0,23,0,65,30,23,0,0,0,23,0,0,1,1,0,0,6,0,0,0,0,0,0,35,0,0,0,0,35,0,31,0,0,4,0,81,77,0,0,0,0,0,0,0,0,0,0,0,77,0,0,0,0,0,0,4,0,0,0,0,4,0,4,0,0,0,0,290,37,7,0,0,0,0,0,0,0,7,7,0,0,0,0,0,0,0,0,0,30,0,0,0,0,30,0,0,0,0,30,0,57,9,3,0,0,0,3,0,0,0,0,0,0,6,0,0,0,0,0,0,48,0,0,0,0,48,0,39,0,0,8,1,196,187,0,0,0,0,0,0,0,0,0,0,0,187,0,0,0,0,0,0,9,0,0,0,0,9,0,9,0,0,0,0
"G2700870","2010","MN","2","4","Minnesota","27","Mahnomen County","087",,,,,,,,,,,,,,,"99999","99999","999",,,,,,,,,,,,,,,,,"1444896195","64838188","Mahnomen County","A","+47.3258424","-095.8107032","06","9",,5413,2752,53,42,51,50,54,45,49,45,58,52,49,48,40,48,42,47,34,40,35,28,28,26,27,15,24,36,31,29,26,24,29,23,36,26,33,30,25,35,44,26,30,21,30,28,20,37,36,34,39,32,43,44,39,47,45,46,41,38,32,32,33,27,39,43,21,34,21,22,22,21,22,18,29,24,19,21,18,13,12,23,8,11,8,7,6,8,8,7,2,2,0,4,2,0,0,0,0,0,0,0,0,0,0,2661,45,54,50,44,38,36,42,40,45,37,50,32,39,46,37,34,30,40,45,35,32,21,33,19,27,25,18,37,27,40,34,35,30,27,25,23,26,35,21,21,35,22,26,25,31,27,29,46,23,47,38,34,30,34,43,32,28,28,30,40,39,34,38,38,26,20,26,36,28,20,27,16,22,20,20,17,19,21,7,12,15,12,18,19,10,10,10,9,7,6,6,6,1,2,5,4,5,2,1,0,4,0,0,5334,2711,250,249,227,121,63,28,26,66,146,147,159,127,175,210,182,58,102,55,64,111,82,38,25,2623,231,200,204,104,80,32,21,79,147,151,125,139,172,178,157,71,100,46,82,105,76,70,53,79,41,0,0,0,0,0,0,0,0,0,0,0,0,0,0,0,0,0,0,0,0,0,0,0,0,0,0,0,0,0,0,0,0,24,1,0,0,0,0,0,0,0,0,0,0,0,1,0,0,0,0,0,0,23,0,0,0,0,23,0,23,0,0,0,0,17,13,0,0,0,0,0,0,0,0,0,0,0,13,0,0,0,0,0,0,4,0,0,0,0,4,0,4,0,0,0,0,38,0,0,0,0,0,0,0,0,0,0,0,0,0,0,0,0,0,0,0,0,0,0,0,0,0,0,0,0,0,0,0,0,7,3,0,0,0,0,0,0,0,0,0,0,0,3,0,0,0,0,0,0,4,0,0,0,0,4,0,4,0,0,0,0,31,31,0,0,0,0,0,0,0,0,0,0,0,31,0,0,0,0,0,0,0,0,0,0,0,0,0,0,0,0,0,0
"G2700890","2010","MN","2","4","Minnesota","27","Marshall County","089",,,,,,,,,,,,,,,"99999","99999","999",,,,,,,,,,,,,,,,,"4597404993","98000478","Marshall County","A","+48.3627284","-096.3577610","06","9",,9439,4781,52,54,67,43,38,61,57,71,53,52,61,64,79,66,78,72,67,88,66,49,38,31,39,32,31,52,61,51,60,59,62,47,51,56,45,48,41,60,39,61,81,49,53,50,74,76,72,75,69,93,77,72,83,83,73,89,86,77,62,67,78,59,70,57,35,59,45,50,39,55,44,37,40,31,42,30,29,27,29,33,22,32,23,27,22,18,12,16,16,9,7,12,2,4,5,1,0,0,0,0,1,0,0,4658,47,62,62,66,59,59,61,61,65,66,66,55,68,50,66,71,56,63,47,28,27,40,38,31,39,51,41,40,51,47,46,45,50,49,38,57,42,48,56,60,45,45,51,54,59,63,71,81,68,73,69,67,74,73,67,73,76,76,66,67,46,60,53,61,49,49,58,38,46,40,47,52,42,40,46,36,37,40,37,32,31,31,41,36,35,26,23,24,27,19,17,11,11,9,6,5,1,1,1,2,0,0,0,9363,4760,254,294,348,227,114,38,31,101,283,258,249,305,382,386,381,137,162,104,144,193,148,124,97,4603,296,312,305,190,75,27,40,104,230,228,263,254,354,348,358,106,161,107,123,226,178,164,154,76,21,0,0,0,0,0,0,0,0,0,0,0,0,0,0,0,0,0,0,0,0,0,0,0,0,0,0,0,0,0,0,0,0,12,6,6,0,0,0,6,0,0,0,0,0,0,0,0,0,0,0,0,0,6,0,0,0,0,6,0,6,0,0,0,0,9,9,0,0,0,0,0,0,0,0,0,0,0,9,0,0,0,0,0,0,0,0,0,0,0,0,0,0,0,0,0,0,55,0,0,0,0,0,0,0,0,0,0,0,0,0,0,0,0,0,0,0,0,0,0,0,0,0,0,0,0,0,0,0,0,10,2,0,0,0,0,0,0,0,0,0,0,0,2,0,0,0,0,0,0,8,0,0,0,0,8,0,6,2,0,0,0,45,43,0,0,0,0,0,0,0,0,0,0,0,43,0,0,0,0,0,0,2,0,0,0,0,2,0,0,2,0,0,0
"G2700910","2010","MN","2","4","Minnesota","27","Martin County","091",,,,,,,,,,,,,,,"21860","99999","999",,,,,,,,,,,,,,,,,"1844971122","44621825","Martin County","A","+43.6771180","-094.5371975","06","2",,20840,10229,117,114,137,130,128,117,110,110,126,142,136,134,141,132,118,144,164,146,139,78,107,73,99,103,121,108,106,130,109,114,127,105,113,77,102,94,110,91,108,121,110,103,118,117,127,131,125,153,149,159,176,158,201,178,191,179,182,168,173,155,158,145,161,105,106,106,112,96,105,99,76,79,71,87,78,91,53,73,60,62,71,62,53,65,38,38,50,43,33,26,16,19,21,12,5,9,3,5,1,0,2,0,0,10611,114,109,134,128,106,125,158,106,122,129,143,113,124,139,105,154,127,150,125,70,88,77,83,90,112,110,116,104,106,116,100,93,102,84,106,101,94,106,119,106,109,108,109,109,107,121,130,179,174,170,180,166,160,187,187,141,169,164,154,134,154,142,139,131,96,105,107,112,112,98,93,109,78,96,96,94,77,90,98,76,101,87,77,76,80,83,76,76,60,65,50,49,38,38,23,27,17,14,3,10,5,1,0,20492,10082,626,605,661,453,213,97,69,316,561,517,520,571,714,898,843,299,367,217,296,388,329,272,250,10410,591,640,624,431,195,86,77,282,548,480,524,540,771,867,758,294,362,209,321,467,424,398,521,348,147,1,1,1,0,0,0,1,0,0,0,0,0,0,0,0,0,0,0,0,0,0,0,0,0,0,0,0,0,0,0,0,0,78,18,16,0,0,0,16,0,0,0,0,0,0,2,0,0,0,0,0,0,60,0,0,0,0,60,0,58,0,0,2,0,68,60,0,0,0,0,0,0,0,0,0,0,0,60,0,0,0,0,0,0,8,0,0,0,0,8,0,6,0,0,2,0,201,0,0,0,0,0,0,0,0,0,0,0,0,0,0,0,0,0,0,0,0,0,0,0,0,0,0,0,0,0,0,0,0,44,4,4,0,0,0,4,0,0,0,0,0,0,0,0,0,0,0,0,0,40,0,0,0,0,40,0,37,0,0,3,0,157,148,0,0,0,0,0,0,0,0,0,0,0,148,0,0,0,0,0,0,9,0,0,0,0,9,0,6,0,0,3,0
"G2700930","2010","MN","2","4","Minnesota","27","Meeker County","093",,,,,,,,,,,,,,,"99999","99999","999",,,,,,,,,,,,,,,,,"1575174983","94784627","Meeker County","A","+45.1231555","-094.5273460","06","9",,23300,11833,140,163,186,156,193,170,146,155,159,183,159,175,174,173,173,179,178,168,157,116,125,110,101,116,121,120,124,153,130,142,138,131,112,139,131,130,114,121,126,145,140,158,162,158,150,157,157,199,193,205,193,209,195,187,191,185,184,176,189,166,165,152,126,140,95,121,105,129,111,78,87,99,81,90,78,72,64,67,81,63,38,52,51,42,48,36,37,23,18,28,19,13,13,7,8,4,3,0,2,1,0,0,0,11467,162,154,156,153,161,152,184,184,156,149,147,174,145,168,160,147,159,179,136,77,96,88,103,95,112,118,124,110,115,117,133,134,132,112,128,135,125,104,139,138,145,133,122,114,150,143,192,187,200,164,193,178,175,160,167,188,175,173,161,139,155,142,141,138,105,132,117,89,104,99,80,88,84,80,95,69,87,80,82,71,79,66,63,67,48,55,42,44,43,41,31,24,17,28,14,18,11,5,3,3,7,0,0,22946,11682,838,813,853,518,269,118,110,332,660,647,633,763,902,970,894,313,358,226,315,424,341,214,171,11264,784,825,794,481,213,91,88,305,582,637,639,660,882,871,831,294,380,247,289,421,370,293,287,354,151,8,8,0,0,0,0,0,0,0,8,0,8,0,0,0,0,0,0,0,0,0,0,0,0,0,0,0,0,0,0,0,0,65,36,30,0,0,0,30,0,0,0,0,0,0,3,3,0,3,0,0,0,29,0,0,0,0,29,0,29,0,0,0,0,78,78,0,0,0,0,0,0,0,0,0,0,0,68,10,0,10,0,0,0,0,0,0,0,0,0,0,0,0,0,0,0,203,6,6,1,0,0,0,1,0,0,3,0,3,0,0,2,0,2,0,0,0,0,0,0,0,0,0,0,0,0,0,0,0,38,13,6,0,0,0,6,0,0,0,0,0,0,5,2,0,2,0,0,0,25,0,0,0,0,25,0,25,0,0,0,0,159,159,0,0,0,0,0,0,0,0,0,0,0,148,11,0,11,0,0,0,0,0,0,0,0,0,0,0,0,0,0,0
"G2700950","2010","MN","2","4","Minnesota","27","Mille Lacs County","095",,,,,,,,,,,,,,,"99999","99999","999",,,,,,,,,,,,,,,,,"1482276069","283011102","Mille Lacs County","A","+45.9290434","-093.6329964","06","9",,26097,13102,184,219,177,194,185,212,171,189,190,157,198,166,193,211,172,208,218,197,206,154,144,138,131,131,129,138,140,159,166,157,196,141,155,152,164,159,139,148,157,157,163,171,204,181,169,188,178,236,223,213,222,201,187,226,169,164,166,179,171,147,153,149,145,138,115,102,120,121,114,120,125,84,90,85,70,100,79,69,78,75,41,58,38,30,60,37,29,24,23,10,16,11,12,7,6,2,2,1,0,3,0,0,0,12995,182,179,160,196,181,192,181,185,137,170,191,167,185,172,164,169,181,182,172,135,126,141,129,131,144,129,133,172,171,165,161,177,131,138,133,136,144,135,182,172,158,193,147,147,171,178,212,236,201,201,171,204,191,161,170,188,149,160,149,147,133,136,155,138,104,139,133,149,145,129,113,111,83,86,93,83,82,71,64,75,89,73,62,70,53,65,42,53,38,39,53,40,27,27,15,24,10,7,6,8,7,0,0,25574,12830,957,917,911,565,339,139,133,380,749,793,750,882,1030,997,823,301,396,219,352,448,388,212,149,12744,897,862,878,528,307,123,139,398,768,738,764,814,1025,894,791,268,394,271,419,478,354,317,317,523,272,91,90,0,0,0,0,0,0,0,90,8,76,6,0,0,0,0,0,0,0,1,0,0,0,0,1,0,1,0,0,0,0,107,77,63,0,0,0,63,0,0,12,0,12,0,2,0,0,0,0,0,0,30,0,0,0,0,30,0,30,0,0,0,0,74,73,0,0,0,0,0,0,0,0,0,0,0,71,2,2,0,0,0,0,1,0,0,0,0,1,0,1,0,0,0,0,251,9,8,0,0,0,0,0,0,0,8,1,1,6,0,0,0,0,0,0,0,1,0,0,0,0,1,0,1,0,0,0,0,34,18,11,0,0,0,11,0,0,1,0,0,1,6,0,0,0,0,0,0,16,0,0,0,0,16,0,12,4,0,0,0,208,208,0,0,0,0,0,0,0,0,0,0,0,208,0,0,0,0,0,0,0,0,0,0,0,0,0,0,0,0,0,0
"G2700970","2010","MN","2","4","Minnesota","27","Morrison County","097",,,,,,,,,,,,,,,"99999","99999","999",,,,,,,,,,,,,,,,,"2913897170","73362648","Morrison County","A","+46.0204839","-094.2666194","06","9",,33198,16746,235,246,219,231,230,237,228,234,214,229,244,233,230,238,240,249,244,226,217,187,167,173,172,198,195,181,199,204,233,210,232,222,199,192,167,164,171,175,183,209,199,175,247,227,265,246,265,254,258,293,263,258,240,282,283,261,252,259,250,227,214,187,214,179,153,145,155,159,122,126,147,109,119,86,115,93,100,81,96,92,88,60,65,55,50,50,36,35,38,27,17,25,14,9,11,6,2,3,0,0,2,0,0,16452,197,202,262,212,239,214,219,179,222,196,191,232,216,244,230,209,238,256,235,148,167,137,143,176,205,183,190,186,193,184,225,197,181,172,166,161,142,153,196,200,233,194,186,202,199,243,244,264,240,274,268,265,256,253,273,244,236,191,210,207,197,168,187,182,151,162,142,169,178,147,116,124,125,119,112,114,101,115,119,92,98,122,99,95,96,71,65,74,62,60,42,25,36,29,32,17,12,3,4,2,8,0,0,32670,16515,1161,1142,1185,717,396,166,168,555,1010,1002,892,1104,1298,1300,1231,388,534,295,406,569,453,308,235,16155,1112,1030,1113,702,376,163,137,521,931,940,845,1004,1258,1309,1081,362,514,301,488,586,514,465,403,528,231,2,0,0,0,0,0,0,0,0,0,0,0,0,0,0,0,0,0,0,0,2,0,0,0,0,2,0,2,0,0,0,0,157,61,55,0,0,0,55,0,0,0,0,0,0,6,0,0,0,0,0,0,96,0,0,0,0,96,0,96,0,0,0,0,72,64,0,0,0,0,0,0,0,0,0,0,0,64,0,0,0,0,0,0,8,0,0,0,0,8,0,7,0,0,0,1,297,1,0,0,0,0,0,0,0,0,0,0,0,0,0,0,0,0,0,0,0,1,0,0,0,0,1,0,1,0,0,0,0,66,8,3,0,0,0,3,0,0,0,0,0,0,5,0,0,0,0,0,0,58,0,0,0,0,58,0,58,0,0,0,0,230,160,0,0,0,0,0,0,0,0,0,0,0,160,0,0,0,0,0,0,70,0,0,0,0,70,0,7,0,0,0,63
"G2700990","2010","MN","2","4","Minnesota","27","Mower County","099",,,,,,,,,,,,,,,"12380","99999","999",,,,,,,,,,,,,,,,,"1842332613","617163","Mower County","A","+43.6662486","-092.7595136","06","2",,39163,19497,286,277,266,279,292,272,288,314,301,291,302,262,255,247,266,266,297,323,291,220,249,235,210,225,250,256,230,257,269,245,276,222,247,209,190,221,228,229,218,254,244,220,232,220,239,265,250,270,271,299,297,302,271,258,303,270,273,257,273,237,244,230,220,213,160,159,145,157,149,136,139,129,104,112,116,113,90,125,107,125,94,104,107,101,90,86,69,60,52,57,31,41,19,15,7,12,5,2,5,1,0,0,0,19666,272,302,282,327,256,284,230,274,250,266,252,251,249,251,249,273,259,272,278,188,191,198,194,229,203,255,254,225,244,231,246,214,203,213,224,230,209,208,211,204,238,212,211,213,238,274,231,262,307,279,293,259,289,276,266,232,239,230,237,239,230,210,224,230,142,152,152,173,176,146,146,163,127,160,133,133,156,176,144,167,148,144,163,119,116,131,118,104,104,83,94,67,65,47,44,31,25,12,10,6,19,0,0,38531,19194,1393,1459,1306,860,507,246,228,675,1246,1132,1143,1138,1341,1415,1291,472,587,300,435,586,553,466,415,19337,1439,1299,1232,775,463,189,195,624,1203,1090,1060,1099,1348,1375,1170,439,594,301,494,722,761,660,805,632,303,66,43,0,0,0,0,0,0,0,43,6,37,0,0,0,0,0,0,0,0,23,0,0,0,0,23,0,0,0,0,3,20,128,32,27,0,0,0,27,0,0,2,1,1,0,3,0,0,0,0,0,0,96,0,0,0,0,96,0,56,2,0,12,26,109,87,0,0,0,0,0,0,0,0,0,0,0,87,0,0,0,0,0,0,22,0,0,0,0,22,0,20,0,0,2,0,329,54,37,0,0,0,0,0,0,0,37,3,34,0,0,0,0,0,0,0,0,17,0,0,0,0,17,0,0,0,0,0,17,64,8,5,0,0,0,5,0,0,2,0,2,0,1,0,0,0,0,0,0,56,0,0,0,0,56,0,39,1,0,6,10,211,178,0,0,0,0,0,0,0,0,0,0,0,178,0,0,0,0,0,0,33,0,0,0,0,33,0,32,0,0,0,1
"G2701010","2010","MN","2","4","Minnesota","27","Murray County","101",,,,,,,,,,,,,,,"99999","99999","999",,,,,,,,,,,,,,,,,"1825169529","38332592","Murray County","A","+44.0155937","-095.7615809","06","9",,8725,4327,47,46,70,43,51,55,43,55,51,55,50,61,50,52,58,58,73,58,46,39,26,35,43,36,41,39,27,51,41,39,49,47,49,36,53,28,34,42,42,45,45,54,39,54,58,66,60,69,48,73,71,57,71,70,84,63,73,82,63,81,69,77,55,52,46,57,71,49,39,41,40,43,35,43,35,36,38,34,31,33,43,21,39,18,20,24,15,11,12,9,8,13,7,9,4,3,2,0,0,0,0,0,0,4398,50,53,47,57,60,41,53,51,51,54,50,39,60,68,54,62,51,57,50,37,24,23,32,36,49,41,29,36,42,50,43,30,49,37,41,48,30,35,44,33,48,41,55,48,56,43,64,64,56,59,65,78,79,63,81,67,78,74,67,56,56,57,58,66,54,48,51,55,43,42,53,42,37,37,50,29,56,27,52,39,41,41,32,34,30,23,32,31,27,24,22,10,15,12,6,9,1,4,7,1,5,0,0,8562,4275,257,257,270,188,84,25,35,120,196,233,191,248,314,353,360,146,152,126,126,193,167,135,99,4287,267,249,268,169,83,24,23,117,197,200,189,246,284,362,336,113,177,99,137,217,195,165,170,163,52,4,0,0,0,0,0,0,0,0,0,0,0,0,0,0,0,0,0,0,0,4,0,0,0,0,4,0,0,0,0,4,0,11,0,0,0,0,0,0,0,0,0,0,0,0,0,0,0,0,0,0,0,11,0,0,0,0,11,0,3,0,0,8,0,37,32,0,0,0,0,0,0,0,0,0,0,0,32,0,0,0,0,0,0,5,0,0,0,0,5,0,5,0,0,0,0,111,5,0,0,0,0,0,0,0,0,0,0,0,0,0,0,0,0,0,0,0,5,0,0,0,0,5,0,0,0,0,5,0,21,0,0,0,0,0,0,0,0,0,0,0,0,0,0,0,0,0,0,0,21,0,0,0,0,21,0,16,0,0,5,0,85,78,0,0,0,0,0,0,0,0,0,0,0,74,4,0,0,4,0,0,7,0,0,0,0,7,0,7,0,0,0,0
"G2701030","2010","MN","2","4","Minnesota","27","Nicollet County","103",,,,,,,,,,,,,,,"31860","99999","999",,,,,,,,,,,,,,,,,"1161593168","47263601","Nicollet County","A","+44.3588195","-094.2456850","06","1",,32727,16364,198,242,233,243,190,239,218,194,198,196,199,208,208,194,205,219,202,221,302,378,409,445,375,224,266,243,249,234,235,245,270,208,196,197,211,184,190,162,180,219,188,173,204,183,172,218,259,227,231,245,245,226,213,216,261,198,205,216,217,194,213,185,186,205,145,131,104,105,98,96,101,90,90,89,65,72,70,62,70,52,56,51,56,39,41,23,32,21,21,21,14,15,4,7,5,5,1,1,0,1,1,0,0,16363,205,204,221,211,193,215,207,203,208,197,194,181,175,180,197,181,196,208,333,476,432,455,379,220,228,235,217,251,208,211,215,202,221,185,165,169,162,183,170,180,161,194,175,184,173,213,221,223,218,232,232,237,236,220,255,215,219,205,213,193,207,172,164,189,132,118,128,133,120,109,100,98,91,91,85,94,63,77,81,85,60,61,73,64,71,65,51,38,46,44,34,21,23,22,15,6,8,12,4,11,5,0,0,30007,14921,1106,1045,1003,627,361,162,233,748,1151,1017,878,871,1107,1092,976,379,512,232,290,422,317,233,159,15086,1034,1030,927,582,306,155,259,690,1113,974,850,878,1101,1167,1039,375,479,245,361,461,390,315,355,2720,1443,26,25,0,0,0,0,0,0,0,25,12,11,2,0,0,0,0,0,0,0,1,0,0,0,0,1,0,0,1,0,0,0,1360,23,19,0,0,0,19,0,0,2,1,1,0,1,1,0,1,0,0,0,1337,837,0,0,0,500,0,49,449,0,2,0,57,23,0,0,0,0,0,0,0,0,0,0,0,23,0,0,0,0,0,0,34,0,0,0,0,34,0,2,32,0,0,0,1277,3,0,0,0,0,0,0,0,0,0,0,0,0,0,0,0,0,0,0,0,3,2,0,0,0,1,0,0,1,0,0,0,1194,4,0,0,0,0,0,0,0,0,0,0,0,4,0,0,0,0,0,0,1190,1114,0,0,0,76,0,31,44,0,0,1,80,78,0,0,0,0,0,0,0,0,0,0,0,78,0,0,0,0,0,0,2,0,0,0,0,2,0,2,0,0,0,0
"G2701050","2010","MN","2","4","Minnesota","27","Nobles County","105",,,,,,,,,,,,,,,"49380","99999","999",,,,,,,,,,,,,,,,,"1852116504","19298885","Nobles County","A","+43.6776863","-095.7631323","06","2",,21378,10917,181,167,158,167,173,141,163,144,150,146,154,156,137,147,142,139,161,161,178,132,150,136,167,164,174,159,159,162,161,147,148,126,131,131,113,128,128,111,148,142,132,145,135,135,129,145,135,160,148,145,150,153,182,172,149,145,161,156,126,124,97,117,121,103,98,70,86,94,90,84,68,71,83,65,50,67,47,64,50,59,44,45,45,40,37,36,39,18,32,27,15,14,17,2,4,0,6,0,0,2,1,0,0,10461,187,171,159,183,151,135,161,124,158,136,143,129,127,136,142,156,153,145,133,133,108,97,112,140,110,126,116,133,127,144,134,102,124,123,102,120,122,103,125,98,134,120,103,123,123,116,143,139,119,135,137,165,161,147,147,139,123,129,116,126,106,121,112,108,93,93,85,103,78,79,72,79,66,81,65,82,60,85,80,74,62,66,56,58,68,47,39,47,59,48,43,37,24,27,26,19,13,10,9,4,3,1,0,20993,10724,846,744,736,458,303,150,133,489,767,635,645,665,721,787,706,212,319,152,260,332,278,199,187,10269,851,714,677,454,264,108,94,362,644,581,562,599,648,747,628,226,311,175,256,359,368,290,351,385,193,3,0,0,0,0,0,0,0,0,0,0,0,0,0,0,0,0,0,0,0,3,0,0,0,0,3,0,3,0,0,0,0,126,53,49,0,0,0,49,0,0,0,0,0,0,4,0,0,0,0,0,0,73,0,0,0,0,73,0,66,7,0,0,0,64,43,0,0,0,0,0,0,0,0,0,0,0,43,0,0,0,0,0,0,21,0,0,0,0,21,0,21,0,0,0,0,192,0,0,0,0,0,0,0,0,0,0,0,0,0,0,0,0,0,0,0,0,0,0,0,0,0,0,0,0,0,0,0,0,43,11,7,0,0,0,7,0,0,0,0,0,0,4,0,0,0,0,0,0,32,0,0,0,0,32,0,28,4,0,0,0,149,143,0,0,0,0,0,0,0,0,0,0,0,143,0,0,0,0,0,0,6,0,0,0,0,6,0,6,0,0,0,0
"G2701070","2010","MN","2","4","Minnesota","27","Norman County","107",,,,,,,,,,,,,,,"99999","99999","999",,,,,,,,,,,,,,,,,"2260512228","10208292","Norman County","A","+47.3294703","-096.4638068","06","9",,6852,3417,37,51,33,36,56,37,58,44,67,60,41,32,40,61,60,62,48,47,56,28,29,28,24,10,24,26,34,36,36,29,37,37,21,36,37,33,37,40,24,45,38,34,27,37,45,52,43,70,49,58,55,47,52,57,51,55,68,61,48,40,59,46,41,31,28,44,36,38,31,40,18,28,34,24,28,32,27,24,26,27,17,28,21,15,15,25,12,8,10,15,3,4,5,2,6,3,2,0,0,0,0,0,0,3435,24,47,53,34,40,41,41,43,49,39,43,45,50,55,44,46,53,49,37,18,21,24,25,19,26,23,35,20,50,34,30,39,29,34,32,32,50,25,32,40,38,33,30,41,39,46,58,53,49,70,61,56,59,53,46,49,52,51,35,37,36,43,33,40,39,35,46,33,40,30,29,28,31,29,29,40,25,29,26,28,29,21,32,31,27,22,26,16,25,17,21,18,10,13,8,5,5,2,2,5,4,0,0,6703,3366,213,266,234,157,84,29,28,58,161,168,178,181,269,261,271,103,98,79,106,128,128,89,77,3337,198,213,237,148,55,21,24,69,161,164,179,181,276,274,222,78,110,81,102,141,140,130,133,149,51,0,0,0,0,0,0,0,0,0,0,0,0,0,0,0,0,0,0,0,0,0,0,0,0,0,0,0,0,0,0,0,0,10,5,0,0,0,0,0,0,0,0,0,0,0,5,0,0,0,0,0,0,5,0,0,0,0,5,0,5,0,0,0,0,41,41,0,0,0,0,0,0,0,0,0,0,0,41,0,0,0,0,0,0,0,0,0,0,0,0,0,0,0,0,0,0,98,0,0,0,0,0,0,0,0,0,0,0,0,0,0,0,0,0,0,0,0,0,0,0,0,0,0,0,0,0,0,0,0,8,1,0,0,0,0,0,0,0,0,0,0,0,1,0,0,0,0,0,0,7,0,0,0,0,7,0,7,0,0,0,0,90,86,0,0,0,0,0,0,0,0,0,0,0,86,0,0,0,0,0,0,4,0,0,0,0,4,0,4,0,0,0,0
"G2701090","2010","MN","2","4","Minnesota","27","Olmsted County","109",,,,,,,,,,,,,,,"40340","99999","999",,,,,,,,,,,,,,,,,"1692165422","3755969","Olmsted County","A","+44.0034295","-092.4067216","06","1",,144248,70485,1094,1094,1158,1134,1074,1152,1108,1022,984,971,989,983,935,986,972,988,933,1017,837,756,761,696,698,813,930,1038,1087,1087,1141,1161,1224,1094,1038,1015,989,969,837,836,897,1031,971,903,892,824,938,1078,1067,1078,1063,1121,1189,1112,1084,1033,962,952,978,907,837,783,728,696,658,674,513,563,536,549,457,423,440,393,356,400,357,340,294,313,272,251,241,222,248,191,190,158,116,123,110,89,69,59,48,36,22,14,12,7,10,4,2,0,0,73763,1027,1012,1095,1004,1091,1035,1029,1008,971,1057,951,978,931,904,933,954,893,973,805,670,751,744,775,984,1087,1147,1136,1168,1263,1228,1165,1143,1062,915,917,936,852,861,905,966,954,867,872,905,966,1082,1028,1097,1178,1184,1248,1193,1225,1141,1003,972,1013,945,917,794,769,778,776,742,570,626,596,630,524,496,472,454,479,418,418,352,353,342,351,339,303,308,343,288,254,275,255,217,207,179,129,138,102,86,86,49,36,40,24,22,23,4,0,141478,68717,5551,5229,4859,2927,1546,723,664,2362,5338,5177,4377,4345,5230,5234,4353,1388,1800,1074,1397,1900,1432,1051,760,72761,5228,5099,4688,2816,1429,724,729,2818,5909,5175,4495,4543,5538,5774,4617,1537,2069,1207,1631,2202,1676,1378,1479,2770,1768,28,11,1,0,0,0,1,0,0,10,5,0,5,0,0,0,0,0,0,0,17,0,0,0,0,17,6,0,0,0,1,10,1439,1029,999,0,868,0,112,19,0,1,0,0,1,22,7,7,0,0,0,0,410,54,0,0,0,356,19,287,36,0,4,10,301,273,77,0,77,0,0,0,0,0,0,0,0,195,1,0,0,1,0,0,28,0,0,0,0,28,0,19,3,0,3,3,1002,15,5,0,0,0,0,0,0,0,5,5,0,0,0,0,0,0,0,0,0,10,0,0,0,0,10,6,1,0,0,0,3,342,47,10,0,4,0,6,0,0,2,1,0,1,31,4,4,0,0,0,0,295,62,0,0,0,233,5,168,48,0,0,12,645,493,0,0,0,0,0,0,0,0,0,0,0,490,3,0,0,3,0,0,152,0,0,0,0,152,2,20,2,0,5,123
"G2701110","2010","MN","2","4","Minnesota","27","Otter Tail County","111",,,,,,,,,,,,,,,"22260","99999","999",,,,,,,,,,,,,,,,,"5107632889","653895064","Otter Tail County","A","+46.4057250","-095.7145779","06","2",,57303,28724,330,355,358,348,327,314,320,345,349,330,350,378,376,372,384,368,425,414,377,318,260,281,236,297,265,293,287,278,326,327,308,290,271,307,270,237,231,241,257,318,325,285,321,340,338,374,402,436,481,493,479,510,497,480,455,537,431,451,433,436,448,409,441,397,354,365,377,372,296,312,328,281,266,243,238,236,195,199,196,198,194,155,137,122,112,106,94,100,59,52,60,33,28,29,23,13,12,6,5,2,9,0,0,28579,348,281,343,306,319,304,345,310,322,293,344,353,334,345,353,336,365,413,339,210,233,227,217,241,263,255,303,284,301,281,268,243,236,268,250,213,244,261,262,289,310,304,333,345,347,372,387,440,449,451,483,481,516,450,457,431,435,436,445,420,437,435,392,376,366,333,363,362,344,323,270,280,267,266,270,260,258,215,220,210,212,209,226,185,149,167,164,148,137,129,89,109,98,76,58,43,36,28,28,10,37,0,0,56115,28227,1713,1657,1857,1207,652,245,269,774,1503,1435,1260,1597,2167,2397,2268,849,1177,732,972,1331,992,668,505,27888,1593,1570,1728,1111,519,215,217,712,1417,1253,1266,1632,2092,2372,2156,862,1126,689,1021,1331,1126,896,984,1188,497,9,7,0,0,0,0,0,0,0,7,0,7,0,0,0,0,0,0,0,0,2,0,0,0,0,2,0,0,0,0,0,2,235,68,47,0,0,0,47,0,0,0,0,0,0,20,1,1,0,0,0,0,167,50,0,0,0,117,0,90,21,0,0,6,253,226,0,0,0,0,0,0,0,0,0,0,0,226,0,0,0,0,0,0,27,0,0,0,0,27,0,25,0,0,0,2,691,12,10,0,0,0,0,0,0,0,7,0,7,0,0,3,3,0,0,0,0,2,0,0,0,0,2,0,1,0,0,0,1,147,24,6,0,0,0,6,0,0,7,0,7,0,11,0,0,0,0,0,0,123,44,0,0,0,79,0,71,4,0,0,4,532,439,0,0,0,0,0,0,0,0,0,0,0,439,0,0,0,0,0,0,93,0,0,0,0,93,0,93,0,0,0,0
"G2701130","2010","MN","2","4","Minnesota","27","Pennington County","113",,,,,,,,,,,,,,,"99999","99999","999",,,,,,,,,,,,,,,,,"1596909321","4351512","Pennington County","A","+48.0692470","-096.0377254","06","9",,13930,6870,100,92,87,109,96,98,103,72,78,87,88,100,89,98,97,93,107,90,94,117,95,97,78,79,98,88,76,77,100,93,104,82,84,79,89,80,80,93,98,110,70,88,72,75,110,77,91,101,89,119,107,102,111,102,101,103,98,107,81,100,87,81,71,70,56,72,59,72,47,47,51,43,39,49,35,50,38,28,22,29,28,26,27,24,16,22,18,14,17,11,13,8,9,8,0,2,0,0,0,0,2,0,0,7060,98,96,93,93,82,104,94,80,102,81,95,105,84,83,87,72,89,89,91,85,96,80,77,88,73,82,89,95,83,101,102,76,83,62,92,97,82,77,88,78,59,83,80,64,66,92,94,85,119,117,104,113,115,100,114,90,97,97,79,76,85,83,87,98,73,63,64,61,79,61,45,57,54,41,40,50,42,44,27,51,52,42,55,43,34,45,28,25,32,32,31,26,18,17,9,7,3,4,2,0,2,0,0,13603,6717,482,437,471,287,201,91,89,245,427,425,455,408,468,519,482,166,196,129,164,209,160,115,91,6886,462,461,451,248,175,89,80,236,444,413,422,348,500,542,436,167,254,125,200,231,201,205,196,327,153,7,4,0,0,0,0,0,0,0,4,0,4,0,0,0,0,0,0,0,0,3,0,0,0,0,3,0,0,0,0,0,3,88,65,65,0,0,0,60,5,0,0,0,0,0,0,0,0,0,0,0,0,23,0,0,0,0,23,0,18,5,0,0,0,58,53,0,0,0,0,0,0,0,0,0,0,0,53,0,0,0,0,0,0,5,0,0,0,0,5,0,5,0,0,0,0,174,5,5,0,0,0,0,0,0,0,5,0,5,0,0,0,0,0,0,0,0,0,0,0,0,0,0,0,0,0,0,0,0,41,18,12,0,0,0,10,2,0,0,0,0,0,6,0,0,0,0,0,0,23,0,0,0,0,23,0,20,0,0,0,3,128,128,0,0,0,0,0,0,0,0,0,0,0,128,0,0,0,0,0,0,0,0,0,0,0,0,0,0,0,0,0,0
"G2701150","2010","MN","2","4","Minnesota","27","Pine County","115",,,,,,,,,,,,,,,"99999","99999","999",,,,,,,,,,,,,,,,,"3655220961","60267678","Pine County","A","+46.1009402","-092.7630936","06","9",,29750,15934,153,184,177,187,201,203,171,182,187,194,220,182,206,194,163,205,210,200,187,177,159,140,187,182,199,180,208,223,212,265,263,205,252,208,217,221,187,186,209,230,222,220,208,229,248,269,256,316,250,283,263,247,239,244,263,243,233,220,209,181,208,186,195,166,118,158,167,143,154,127,123,121,138,108,115,99,110,84,101,94,66,43,58,55,54,38,33,28,22,13,18,11,9,2,2,4,2,0,2,0,0,0,0,13816,155,168,160,178,166,180,181,174,172,198,192,171,179,164,170,194,166,212,163,99,120,115,130,118,124,172,148,160,189,149,158,133,140,141,140,148,149,145,149,169,154,173,186,162,183,211,214,230,239,212,227,253,200,224,228,207,188,198,212,182,179,178,164,181,138,172,142,200,158,140,137,127,133,127,110,97,89,88,85,67,78,71,66,66,62,57,34,42,43,42,18,23,20,19,10,4,9,7,3,3,4,1,0,27953,14263,902,937,965,608,344,134,121,438,798,819,750,914,1215,1173,1038,381,466,322,422,596,480,270,170,13690,827,905,876,572,262,118,115,369,808,710,757,853,1103,1126,983,357,480,314,498,628,415,325,289,1797,1671,7,7,0,0,0,0,0,0,0,7,7,0,0,0,0,0,0,0,0,0,0,0,0,0,0,0,0,0,0,0,0,0,1622,1570,1566,0,1307,166,90,3,0,0,0,0,0,4,0,0,0,0,0,0,52,2,0,0,0,50,0,50,0,0,0,0,42,39,4,0,4,0,0,0,0,0,0,0,0,35,0,0,0,0,0,0,3,0,0,0,0,3,0,3,0,0,0,0,126,0,0,0,0,0,0,0,0,0,0,0,0,0,0,0,0,0,0,0,0,0,0,0,0,0,0,0,0,0,0,0,0,41,18,18,0,4,0,14,0,0,0,0,0,0,0,0,0,0,0,0,0,23,5,0,0,0,18,0,18,0,0,0,0,85,81,0,0,0,0,0,0,0,0,0,0,0,81,0,0,0,0,0,0,4,0,0,0,0,4,0,4,0,0,0,0
"G2701170","2010","MN","2","4","Minnesota","27","Pipestone County","117",,,,,,,,,,,,,,,"99999","99999","999",,,,,,,,,,,,,,,,,"1204486122","2349264","Pipestone County","A","+44.0153614","-096.2570147","06","9",,9596,4669,61,62,69,77,70,68,63,79,67,58,72,62,69,64,69,71,67,69,67,42,50,32,42,37,64,58,64,62,54,49,55,37,49,43,56,44,36,45,57,72,51,52,52,50,62,67,65,57,90,72,91,69,63,78,79,78,78,54,56,51,75,44,48,51,44,44,35,50,26,41,28,39,34,29,30,42,30,26,35,26,30,28,27,21,22,19,15,12,11,16,17,3,4,3,9,1,3,0,2,1,1,0,0,4927,60,61,62,68,70,70,73,56,51,78,53,56,65,67,63,64,71,86,61,41,37,43,41,46,46,53,50,45,54,44,52,50,36,40,43,54,46,50,64,57,53,54,45,63,51,67,62,78,88,62,75,67,64,81,69,67,54,65,70,66,42,47,61,52,56,52,36,39,43,37,43,49,47,37,42,42,38,35,52,40,38,49,46,40,36,40,33,39,35,28,21,18,22,23,9,4,5,6,3,7,6,1,0,9391,4607,339,335,336,207,107,50,32,141,285,235,254,265,351,377,314,117,143,79,115,157,149,120,99,4784,321,328,304,221,101,37,43,133,246,220,269,264,357,355,321,89,167,87,118,213,197,179,214,205,62,0,0,0,0,0,0,0,0,0,0,0,0,0,0,0,0,0,0,0,0,0,0,0,0,0,0,0,0,0,0,0,0,21,9,8,0,0,0,8,0,0,0,0,0,0,1,0,0,0,0,0,0,12,0,0,0,0,12,0,12,0,0,0,0,41,39,0,0,0,0,0,0,0,0,0,0,0,36,3,0,0,3,0,0,2,0,0,0,0,2,0,2,0,0,0,0,143,0,0,0,0,0,0,0,0,0,0,0,0,0,0,0,0,0,0,0,0,0,0,0,0,0,0,0,0,0,0,0,0,10,2,0,0,0,0,0,0,0,0,0,0,0,2,0,0,0,0,0,0,8,0,0,0,0,8,0,8,0,0,0,0,133,133,0,0,0,0,0,0,0,0,0,0,0,133,0,0,0,0,0,0,0,0,0,0,0,0,0,0,0,0,0,0
"G2701190","2010","MN","2","4","Minnesota","27","Polk County","119",,,,,,,,,,,,,,,"24220","99999","999",,,,,,,,,,,,,,,,,"5105199042","69042023","Polk County","A","+47.7742536","-096.4000266","06","1",,31600,15823,200,207,218,235,220,208,210,186,207,188,204,185,224,208,249,233,223,244,239,298,287,253,241,226,221,192,184,174,205,205,180,165,164,174,164,152,167,152,192,181,169,189,176,172,204,220,215,262,243,237,237,227,253,244,243,266,230,246,231,179,184,205,214,189,152,142,140,147,113,115,108,111,101,103,73,100,90,75,81,92,78,65,59,70,48,41,39,26,32,32,24,12,20,12,7,7,3,1,0,0,4,0,0,15777,208,223,181,187,216,197,205,203,212,188,204,188,226,175,217,220,210,212,265,217,241,194,207,179,171,179,146,185,194,185,174,166,153,136,156,138,151,174,163,170,176,167,200,188,202,200,203,219,245,267,234,221,237,242,230,210,242,173,219,197,172,186,180,170,132,131,175,145,118,152,122,127,121,109,119,109,99,102,107,109,115,92,109,100,68,91,91,82,64,75,60,56,45,32,37,29,27,10,6,2,11,2,0,30270,15156,1079,996,1067,693,407,207,201,607,909,814,820,888,1142,1180,1132,387,549,278,367,483,419,299,232,15114,1014,1004,1010,637,377,178,152,523,872,769,784,922,1126,1155,1030,353,478,298,403,585,488,447,509,1330,667,14,5,5,0,0,0,5,0,0,0,0,0,0,0,0,0,0,0,0,0,9,0,0,0,0,9,5,2,0,0,0,2,560,129,119,0,0,0,119,0,0,0,0,0,0,10,0,0,0,0,0,0,431,304,0,0,0,127,15,91,17,0,0,4,93,82,1,0,0,0,1,0,0,0,0,0,0,81,0,0,0,0,0,0,11,0,0,0,0,11,2,9,0,0,0,0,663,7,3,3,0,0,0,3,0,0,0,0,0,0,0,0,0,0,0,0,0,4,1,0,0,0,3,2,1,0,0,0,0,337,31,19,0,0,0,19,0,0,0,0,0,0,12,0,0,0,0,0,0,306,235,0,0,0,71,8,44,12,0,0,7,319,264,0,0,0,0,0,0,0,0,0,0,0,264,0,0,0,0,0,0,55,0,0,0,0,55,0,3,0,0,0,52
"G2701210","2010","MN","2","4","Minnesota","27","Pope County","121",,,,,,,,,,,,,,,"99999","99999","999",,,,,,,,,,,,,,,,,"1734549440","122740995","Pope County","A","+45.5896228","-095.4467052","06","9",,10995,5557,61,60,87,72,68,65,73,70,66,63,60,57,85,64,76,63,60,78,67,43,49,43,46,55,67,63,61,64,86,67,69,57,46,58,62,59,50,52,64,66,60,62,62,65,50,68,69,90,82,87,88,78,95,90,86,100,97,83,96,93,89,87,80,64,70,82,77,61,55,51,35,54,53,42,33,42,43,48,33,31,38,34,45,28,25,18,14,24,18,15,11,6,8,6,3,1,5,1,1,2,1,0,0,5438,45,67,76,53,61,57,66,61,48,59,61,59,59,59,74,59,67,78,54,40,44,42,42,51,41,59,53,55,53,63,44,57,54,57,69,50,46,57,48,59,71,48,63,55,64,70,72,75,69,73,100,76,96,94,85,94,91,68,82,82,79,68,72,83,67,72,59,65,52,62,58,54,62,62,54,55,51,32,42,42,45,44,35,46,34,30,49,26,25,20,20,24,19,10,11,8,6,5,7,2,5,1,0,10811,5493,348,337,342,201,105,46,43,167,339,292,289,299,394,435,467,175,214,157,166,214,190,159,114,5318,302,291,312,204,93,41,42,134,283,279,259,301,358,449,415,147,222,131,176,286,213,185,195,184,64,0,0,0,0,0,0,0,0,0,0,0,0,0,0,0,0,0,0,0,0,0,0,0,0,0,0,0,0,0,0,0,0,20,2,0,0,0,0,0,0,0,0,0,0,0,2,0,0,0,0,0,0,18,0,0,0,0,18,0,18,0,0,0,0,44,41,0,0,0,0,0,0,0,0,0,0,0,41,0,0,0,0,0,0,3,0,0,0,0,3,0,3,0,0,0,0,120,0,0,0,0,0,0,0,0,0,0,0,0,0,0,0,0,0,0,0,0,0,0,0,0,0,0,0,0,0,0,0,0,12,4,0,0,0,0,0,0,0,0,0,0,0,4,0,0,0,0,0,0,8,0,0,0,0,8,0,8,0,0,0,0,108,105,0,0,0,0,0,0,0,0,0,0,0,105,0,0,0,0,0,0,3,0,0,0,0,3,0,3,0,0,0,0
"G2701230","2010","MN","2","4","Minnesota","27","Ramsey County","123",,,,,,,,,,,,,,,"33460","99999","378",,,,,,,,,,,,,,,,,"394228284","46271710","Ramsey County","A","+45.0152499","-093.1001408","06","1",,508640,246642,3619,3664,3573,3625,3504,3263,3346,3233,3182,3322,3263,3084,3173,3122,3308,3349,3482,3626,4105,4478,4366,4256,4453,3969,4251,4372,4163,4217,4166,4081,3946,3612,3278,3168,3125,3174,2842,2949,2914,3199,3230,3144,2887,2951,3118,3233,3398,3388,3434,3534,3647,3464,3438,3326,3478,3283,3170,3076,3106,3012,2930,2569,2591,2564,1802,1779,1704,1734,1488,1384,1255,1242,1100,1096,975,952,910,908,900,843,847,758,707,731,598,548,540,415,375,316,221,216,159,105,78,51,46,19,17,18,12,0,0,261998,3388,3436,3669,3391,3268,3193,3245,3039,2995,3130,3042,2913,2990,3049,3123,3130,3246,3508,4031,4621,4617,4663,4468,4539,4612,4749,4410,4390,4303,4185,3904,3550,3372,3047,3081,3096,2824,2943,2972,3175,3249,3151,3009,2960,3146,3339,3348,3511,3544,3886,3838,3712,3713,3665,3674,3573,3541,3428,3442,3077,3111,2925,2872,2724,2119,1945,2032,2031,1666,1641,1552,1531,1419,1396,1381,1352,1212,1301,1308,1231,1196,1192,1168,1164,1114,1099,982,876,848,658,571,494,413,355,258,226,164,107,81,64,97,9,0,490256,237935,17837,16276,15886,10342,6351,3397,3582,11970,20519,16797,14791,14990,16541,16952,15272,5392,6810,3432,4533,5543,4392,3499,2831,252321,17064,15555,15067,9820,5731,3316,3822,12976,21753,16780,14853,15363,17429,18437,16894,5983,7640,3926,5262,7119,6144,5400,5987,18384,8707,397,114,2,0,0,0,1,1,0,112,34,0,78,0,0,0,0,0,0,0,283,14,0,0,0,269,111,4,0,0,2,152,7493,1151,854,0,0,0,730,124,0,36,25,0,11,261,0,0,0,0,0,0,6342,4283,0,0,0,2059,453,1057,95,0,21,433,817,678,6,0,0,0,6,0,0,0,0,0,0,672,0,0,0,0,0,0,139,0,0,0,0,139,16,37,0,0,4,82,9677,249,49,0,0,0,0,0,0,0,49,43,0,6,0,0,0,0,0,0,0,200,27,0,0,0,173,82,1,0,0,4,86,7132,385,183,0,0,0,151,32,0,18,17,0,1,184,0,0,0,0,0,0,6747,5547,0,0,0,1200,129,710,84,0,17,260,2296,1983,0,0,0,0,0,0,0,0,0,0,0,1983,0,0,0,0,0,0,313,2,0,0,0,311,0,69,0,0,10,232
"G2701250","2010","MN","2","4","Minnesota","27","Red Lake County","125",,,,,,,,,,,,,,,"99999","99999","999",,,,,,,,,,,,,,,,,"1119929367","227816","Red Lake County","A","+47.8654866","-096.0871800","06","9",,4089,2083,31,36,33,30,19,35,30,29,27,37,25,27,25,29,22,22,27,29,30,21,12,22,13,15,21,23,23,29,23,27,36,23,36,20,20,21,24,22,20,24,21,20,23,29,22,31,28,32,27,40,27,47,36,37,32,36,38,34,27,26,38,30,27,20,25,20,22,11,15,21,19,21,21,19,9,13,10,12,13,8,16,7,9,14,4,5,2,2,8,3,2,2,1,0,1,2,0,0,0,0,0,0,0,2006,27,17,28,29,33,34,34,23,28,31,25,28,28,17,34,19,30,29,18,11,10,14,16,14,19,19,22,29,27,30,34,26,25,21,15,24,17,26,15,22,19,23,17,19,23,33,29,31,30,28,31,34,37,31,33,32,26,27,25,26,24,27,24,18,22,25,16,19,26,21,13,18,19,20,10,15,12,9,21,21,15,18,8,7,10,8,6,7,12,7,6,7,3,1,2,4,1,1,0,1,0,0,0,4055,2073,149,158,128,77,51,12,22,49,125,135,111,115,158,179,161,67,71,42,47,89,56,47,24,1982,134,150,132,78,29,10,14,49,127,121,104,101,151,164,136,51,64,40,65,79,74,55,54,34,10,1,0,0,0,0,0,0,0,0,0,0,0,0,0,0,0,0,0,0,0,1,0,0,0,0,1,0,1,0,0,0,0,2,0,0,0,0,0,0,0,0,0,0,0,0,0,0,0,0,0,0,0,2,0,0,0,0,2,0,2,0,0,0,0,7,7,0,0,0,0,0,0,0,0,0,0,0,7,0,0,0,0,0,0,0,0,0,0,0,0,0,0,0,0,0,0,24,0,0,0,0,0,0,0,0,0,0,0,0,0,0,0,0,0,0,0,0,0,0,0,0,0,0,0,0,0,0,0,0,2,0,0,0,0,0,0,0,0,0,0,0,0,0,0,0,0,0,0,0,2,0,0,0,0,2,0,1,1,0,0,0,22,17,0,0,0,0,0,0,0,0,0,0,0,17,0,0,0,0,0,0,5,0,0,0,0,5,0,2,3,0,0,0
"G2701270","2010","MN","2","4","Minnesota","27","Redwood County","127",,,,,,,,,,,,,,,"99999","99999","999",,,,,,,,,,,,,,,,,"2275491832","8230403","Redwood County","A","+44.4035357","-095.2542415","06","9",,16059,7963,107,111,119,123,105,100,119,134,111,108,132,110,121,110,119,105,104,125,121,70,72,56,88,75,82,87,95,98,90,86,88,84,77,79,82,80,78,76,71,81,90,112,100,109,92,116,111,103,129,122,121,122,135,104,134,103,103,104,101,119,113,98,100,90,77,70,87,65,84,84,63,74,68,50,75,48,60,39,49,52,37,46,57,42,44,37,16,28,12,24,13,16,14,5,10,2,2,2,0,1,0,0,0,8096,100,87,103,102,119,113,114,118,97,102,106,105,103,113,104,116,122,130,78,76,63,44,72,80,93,70,83,84,88,67,76,76,78,67,70,85,80,83,102,95,83,73,106,94,87,99,106,138,124,126,114,114,125,97,107,108,131,94,112,118,99,102,108,95,84,87,78,73,76,73,83,88,53,75,67,59,65,53,61,49,51,53,72,66,49,51,46,55,46,41,43,37,28,20,20,25,16,10,9,5,3,2,0,15686,7779,565,572,592,333,183,63,56,239,450,408,380,494,576,599,519,209,257,155,223,316,239,201,150,7907,511,544,531,368,152,62,44,242,392,362,442,437,590,551,557,200,285,164,221,358,276,272,346,373,184,1,1,0,0,0,0,0,0,0,1,1,0,0,0,0,0,0,0,0,0,0,0,0,0,0,0,0,0,0,0,0,0,91,35,16,0,0,0,16,0,0,1,1,0,0,18,0,0,0,0,0,0,56,0,0,0,0,56,0,56,0,0,0,0,92,73,0,0,0,0,0,0,0,0,0,0,0,73,0,0,0,0,0,0,19,0,0,0,0,19,0,19,0,0,0,0,189,0,0,0,0,0,0,0,0,0,0,0,0,0,0,0,0,0,0,0,0,0,0,0,0,0,0,0,0,0,0,0,0,38,4,0,0,0,0,0,0,0,0,0,0,0,4,0,0,0,0,0,0,34,0,0,0,0,34,0,34,0,0,0,0,151,151,0,0,0,0,0,0,0,0,0,0,0,151,0,0,0,0,0,0,0,0,0,0,0,0,0,0,0,0,0,0
"G2701290","2010","MN","2","4","Minnesota","27","Renville County","129",,,,,,,,,,,,,,,"99999","99999","999",,,,,,,,,,,,,,,,,"2545715384","10851943","Renville County","A","+44.7236969","-094.9556169","06","9",,15730,7948,76,82,97,102,92,96,103,102,97,110,100,99,101,103,123,139,104,124,114,70,81,58,75,78,88,91,81,86,93,93,97,85,73,69,90,66,90,76,78,89,106,71,93,110,86,99,108,110,143,141,149,140,151,141,151,149,125,129,136,122,114,81,121,83,66,81,76,81,69,69,65,79,67,49,51,55,58,53,38,41,48,58,48,32,36,28,31,23,27,20,14,13,9,13,7,2,4,1,2,1,3,0,0,7782,81,108,83,85,96,103,93,89,83,99,115,129,99,123,92,108,93,127,88,49,41,60,73,67,73,88,75,72,78,85,75,71,87,73,59,88,61,76,97,66,83,98,89,96,109,99,121,113,138,121,127,124,134,120,141,127,110,113,104,90,86,91,80,92,75,85,65,79,85,77,71,66,47,68,58,76,63,61,64,64,47,57,49,55,57,49,44,41,46,45,39,30,23,18,22,13,9,5,7,2,6,0,0,15388,7803,449,508,524,367,178,79,58,235,431,406,398,462,597,728,650,193,268,153,213,305,240,198,163,7585,453,467,558,328,135,41,60,207,394,365,388,469,589,644,538,174,240,143,240,298,316,247,291,342,145,2,2,0,0,0,0,0,0,0,2,0,2,0,0,0,0,0,0,0,0,0,0,0,0,0,0,0,0,0,0,0,0,63,45,30,0,0,30,0,0,0,1,0,1,0,14,0,0,0,0,0,0,18,0,0,0,0,18,0,18,0,0,0,0,80,70,0,0,0,0,0,0,0,0,0,0,0,69,1,0,0,1,0,0,10,0,0,0,0,10,0,10,0,0,0,0,197,0,0,0,0,0,0,0,0,0,0,0,0,0,0,0,0,0,0,0,0,0,0,0,0,0,0,0,0,0,0,0,0,39,18,3,0,0,3,0,0,0,0,0,0,0,15,0,0,0,0,0,0,21,0,0,0,0,21,0,21,0,0,0,0,158,154,0,0,0,0,0,0,0,0,0,0,0,151,3,0,0,3,0,0,4,0,0,0,0,4,0,4,0,0,0,0
"G2701310","2010","MN","2","4","Minnesota","27","Rice County","131",,,,,,,,,,,,,,,"22060","99999","378",,,,,,,,,,,,,,,,,"1283814887","52450706","Rice County","A","+44.3509428","-093.2985032","06","2",,64142,32796,402,376,376,423,455,434,418,444,418,457,449,438,408,409,409,457,480,489,651,826,842,870,737,417,407,417,448,444,388,448,462,418,407,392,405,415,373,401,402,465,496,424,425,452,422,530,476,517,476,518,514,467,493,447,454,432,400,370,368,349,352,304,313,307,225,248,228,216,234,193,208,175,163,163,164,128,145,116,143,134,124,108,109,74,65,78,46,44,35,38,24,23,10,16,11,14,3,3,5,0,0,0,0,31346,374,410,405,421,393,435,399,407,372,412,399,394,420,415,398,427,478,462,666,937,839,806,643,300,313,294,343,312,369,368,363,352,350,339,334,314,331,354,363,417,398,405,398,365,399,433,427,460,412,439,467,483,441,418,393,435,407,385,355,360,313,326,331,323,252,251,242,258,210,228,193,202,179,196,195,162,141,166,168,139,136,134,128,133,113,98,103,99,100,75,76,71,58,30,42,14,25,8,8,4,7,0,1,56864,28361,2027,2169,2112,1414,686,254,342,1042,1758,1729,1767,1977,2271,2222,1807,641,826,461,623,845,640,450,298,28503,2002,2023,2024,1356,613,255,283,938,1663,1727,1773,1957,2159,2188,1923,637,890,487,681,939,751,587,647,7278,4435,20,0,0,0,0,0,0,0,0,0,0,0,0,0,0,0,0,0,0,0,20,4,0,0,0,16,6,2,0,0,8,0,4244,2047,2034,0,0,2008,26,0,0,0,0,0,0,7,6,0,0,6,0,0,2197,2066,0,0,0,131,0,115,9,0,5,2,171,141,44,0,0,44,0,0,0,0,0,0,0,97,0,0,0,0,0,0,30,0,0,0,0,30,0,27,0,0,3,0,2843,16,0,0,0,0,0,0,0,0,0,0,0,0,0,0,0,0,0,0,0,16,7,0,0,0,9,2,3,0,0,4,0,2526,16,6,0,0,6,0,0,0,0,0,0,0,10,0,0,0,0,0,0,2510,2409,0,0,0,101,10,90,0,0,1,0,301,273,0,0,0,0,0,0,0,0,0,0,0,273,0,0,0,0,0,0,28,0,0,0,0,28,0,22,0,0,6,0
"G2701330","2010","MN","2","4","Minnesota","27","Rock County","133",,,,,,,,,,,,,,,"99999","99999","999",,,,,,,,,,,,,,,,,"1249552632","698235","Rock County","A","+43.6695866","-096.2632376","06","9",,9687,4788,68,63,70,79,74,64,85,69,48,91,69,75,65,68,77,77,77,69,73,42,35,33,32,47,59,49,53,49,46,44,49,54,55,49,71,45,54,56,60,67,46,46,57,43,68,57,65,68,68,66,88,58,75,71,65,72,73,51,61,74,72,66,61,60,52,55,47,52,38,42,29,37,22,34,34,40,31,24,23,27,27,27,21,32,24,28,18,22,12,13,8,6,5,5,3,4,4,0,0,1,0,0,0,4899,55,68,61,71,74,76,69,69,66,76,60,64,77,66,52,74,62,75,57,35,31,39,37,39,37,54,51,35,79,44,46,57,50,54,64,56,63,51,50,56,47,57,38,46,57,57,71,71,77,73,76,61,81,74,64,61,74,66,70,56,60,51,57,67,47,35,47,49,42,41,33,43,38,37,42,38,35,38,37,36,51,37,37,33,38,29,34,40,23,28,21,13,15,15,11,14,2,2,4,1,1,0,0,9427,4633,354,357,345,210,107,32,33,135,238,278,280,259,319,353,326,137,170,101,129,146,131,109,84,4794,328,356,319,210,92,31,39,111,263,269,275,243,345,354,323,111,171,82,129,191,177,185,190,260,155,22,21,0,0,0,0,0,0,0,21,0,0,21,0,0,0,0,0,0,0,1,0,0,0,0,1,0,1,0,0,0,0,38,24,0,0,0,0,0,0,0,9,0,0,9,15,0,0,0,0,0,0,14,0,0,0,0,14,0,14,0,0,0,0,95,95,0,0,0,0,0,0,0,0,0,0,0,92,3,0,3,0,0,0,0,0,0,0,0,0,0,0,0,0,0,0,105,2,1,0,0,0,0,0,0,0,0,0,0,0,0,1,0,1,0,0,0,1,0,0,0,0,1,0,1,0,0,0,0,17,3,0,0,0,0,0,0,0,0,0,0,0,3,0,0,0,0,0,0,14,0,0,0,0,14,0,14,0,0,0,0,86,82,0,0,0,0,0,0,0,0,0,0,0,79,3,0,1,2,0,0,4,0,0,0,0,4,0,4,0,0,0,0
"G2701350","2010","MN","2","4","Minnesota","27","Roseau County","135",,,,,,,,,,,,,,,"99999","99999","999",,,,,,,,,,,,,,,,,"4329428887","16925618","Roseau County","A","+48.7610655","-095.8215298","06","9",,15629,7980,91,81,100,92,100,97,137,108,126,110,109,131,125,128,125,143,131,151,130,60,79,60,50,74,82,58,66,108,85,71,91,106,78,92,87,93,85,106,86,113,123,99,120,119,124,136,137,168,141,142,167,111,148,129,134,137,136,103,107,87,86,103,88,86,65,71,69,84,70,55,56,51,46,50,48,40,35,29,36,26,35,41,39,30,17,18,17,17,16,14,4,8,5,3,7,1,0,0,0,1,0,0,0,7649,94,116,99,115,114,90,106,107,100,123,113,80,133,127,122,140,114,126,91,50,63,54,47,63,75,75,79,64,79,79,72,69,83,92,94,79,80,98,103,98,104,116,122,96,111,113,131,121,129,144,157,107,145,95,136,100,94,120,94,92,96,98,73,75,63,76,75,69,53,67,53,48,57,38,55,47,40,37,45,34,33,35,34,40,36,28,21,25,33,36,13,22,13,12,9,6,7,4,3,4,3,0,0,15438,7910,464,578,618,424,183,79,60,204,385,452,480,583,720,688,569,188,238,139,207,249,155,155,92,7528,538,526,575,379,137,63,54,182,376,410,457,549,635,640,498,193,210,151,187,247,194,164,163,191,70,1,1,0,0,0,0,0,0,0,1,0,0,1,0,0,0,0,0,0,0,0,0,0,0,0,0,0,0,0,0,0,0,27,13,12,0,0,0,12,0,0,1,0,0,1,0,0,0,0,0,0,0,14,0,0,0,0,14,0,12,0,0,2,0,42,42,0,0,0,0,0,0,0,0,0,0,0,42,0,0,0,0,0,0,0,0,0,0,0,0,0,0,0,0,0,0,121,1,1,0,0,0,0,0,0,0,1,0,0,1,0,0,0,0,0,0,0,0,0,0,0,0,0,0,0,0,0,0,0,15,5,1,0,0,0,1,0,0,0,0,0,0,4,0,0,0,0,0,0,10,0,0,0,0,10,0,10,0,0,0,0,105,105,0,0,0,0,0,0,0,0,0,0,0,105,0,0,0,0,0,0,0,0,0,0,0,0,0,0,0,0,0,0
"G2701370","2010","MN","2","4","Minnesota","27","St. Louis County","137",,,,,,,,,,,,,,,"20260","99999","999",,,,,,,,,,,,,,,,,"16180692391","1585336402","St. Louis County","A","+47.5838524","-092.4636448","06","1",,200226,100207,1101,1008,1126,1141,1150,1109,1139,1086,1055,1097,1077,1104,1090,1095,1116,1184,1240,1321,1646,2202,2199,2088,1958,1600,1424,1348,1267,1265,1308,1302,1286,1177,1140,1067,1038,1060,926,1068,1089,1243,1154,1102,1112,1141,1193,1266,1390,1389,1494,1604,1558,1539,1602,1647,1720,1675,1677,1680,1541,1532,1504,1386,1370,1330,906,918,939,997,785,728,650,717,688,558,595,548,538,485,474,464,444,417,428,402,318,313,246,202,209,198,124,103,72,46,51,34,21,16,12,11,2,2,0,100019,1094,1074,1095,1100,1092,1035,1111,1005,975,1098,1018,1058,1066,994,1039,1127,1134,1205,1561,2092,2051,1850,1660,1395,1285,1242,1150,1163,1159,1213,1113,1051,1052,974,964,1010,949,984,967,1079,1127,1075,1073,1149,1185,1300,1336,1448,1459,1547,1591,1560,1707,1642,1517,1698,1686,1547,1581,1351,1384,1255,1283,1257,916,906,944,996,856,805,763,780,734,708,701,679,663,617,579,666,673,599,590,597,489,537,478,414,405,334,303,272,257,183,127,138,92,50,44,25,53,4,0,190793,95103,5495,5459,5386,3614,2433,1735,1868,4719,6244,5454,5115,5419,6869,7799,7909,2815,3534,1816,2464,3140,2446,1922,1448,95690,5427,5207,5139,3391,2093,1559,1641,4199,5866,5099,4926,5542,7018,7937,7802,2609,3425,1824,2621,3625,3081,2729,2930,9433,5104,285,213,0,0,0,0,0,0,0,213,40,69,104,0,0,0,0,0,0,0,72,1,0,0,0,71,42,6,0,0,8,15,4300,1223,1073,0,741,0,295,37,0,40,8,4,28,110,0,0,0,0,0,0,3077,2005,0,0,0,1072,88,692,128,0,20,144,519,454,27,0,27,0,0,0,0,0,0,0,0,427,0,0,0,0,0,0,65,0,0,0,0,65,1,52,0,0,1,11,4329,156,87,0,0,0,0,0,0,0,87,34,22,31,0,0,0,0,0,0,0,69,6,0,0,0,63,42,2,0,0,7,12,2922,121,40,0,4,0,26,10,0,13,11,1,1,68,0,0,0,0,0,0,2801,2247,0,0,0,554,65,347,44,0,17,81,1251,1120,0,0,0,0,0,0,0,0,0,0,0,1120,0,0,0,0,0,0,131,0,0,0,0,131,2,38,0,0,10,81
"G2701390","2010","MN","2","4","Minnesota","27","Scott County","139",,,,,,,,,,,,,,,"33460","99999","378",,,,,,,,,,,,,,,,,"923268376","30838423","Scott County","A","+44.6519322","-093.5345530","06","1",,129928,64715,959,1026,1103,1111,1115,1164,1177,1181,1180,1210,1212,1132,1102,1068,1023,1036,1094,1018,815,538,569,517,545,584,685,764,726,775,854,881,947,894,932,907,1028,1028,965,1002,1060,1247,1248,1157,1183,1050,1090,1210,1196,1133,1083,1102,1063,1005,981,884,834,718,735,677,639,597,555,481,553,494,355,368,391,370,321,316,247,250,226,208,187,185,160,162,149,133,108,102,78,80,78,63,77,55,53,37,30,29,15,12,7,10,4,4,1,0,2,0,0,65213,967,1018,1096,1103,1178,1136,1133,1178,1110,1077,1142,1143,1010,1030,1014,1055,995,932,727,460,496,485,504,579,676,754,769,822,924,973,1066,959,1023,1032,1034,1063,1018,1006,1124,1300,1208,1114,1094,1137,1103,1207,1142,1149,1085,1041,1045,918,899,785,759,752,653,650,665,596,590,517,541,550,404,420,397,425,308,303,282,277,244,224,205,201,189,167,166,163,140,157,146,123,124,123,107,93,91,85,76,63,53,43,25,20,23,8,11,6,10,0,0,128641,64418,5314,5912,5534,3136,1350,559,510,1790,3987,4691,5290,5711,5712,4754,3356,1033,1399,756,998,1107,767,411,341,64223,5362,5634,5337,2975,1170,485,476,1711,4103,5031,5419,5564,5541,4369,3295,1103,1488,814,1025,1218,852,618,633,1287,297,15,15,0,0,0,0,0,0,0,15,7,0,8,0,0,0,0,0,0,0,0,0,0,0,0,0,0,0,0,0,0,0,144,86,78,0,0,0,78,0,0,0,0,0,0,8,0,0,0,0,0,0,58,0,0,0,0,58,4,48,4,0,0,2,138,122,0,0,0,0,0,0,0,0,0,0,0,122,0,0,0,0,0,0,16,0,0,0,0,16,0,13,0,0,1,2,990,9,9,1,0,0,1,0,0,0,8,3,0,5,0,0,0,0,0,0,0,0,0,0,0,0,0,0,0,0,0,0,0,643,620,595,0,0,585,10,0,0,3,3,0,0,22,0,0,0,0,0,0,23,0,0,0,0,23,1,22,0,0,0,0,338,320,2,0,0,2,0,0,0,0,0,0,0,318,0,0,0,0,0,0,18,0,0,0,0,18,0,18,0,0,0,0
"G2701410","2010","MN","2","4","Minnesota","27","Sherburne County","141",,,,,,,,,,,,,,,"33460","99999","378",,,,,,,,,,,,,,,,,"1121251072","46945726","Sherburne County","A","+45.4431712","-093.7750915","06","1",,88499,45273,682,647,702,705,790,727,739,787,778,725,731,789,755,717,743,678,749,702,662,477,551,566,548,616,638,627,554,620,644,681,709,653,691,613,665,668,639,692,716,733,772,792,642,719,752,809,778,722,793,749,669,634,647,572,542,580,520,467,432,432,393,403,364,391,276,254,270,271,214,234,178,177,160,154,160,128,113,125,95,91,102,96,66,77,73,57,37,33,30,21,23,21,13,16,8,8,3,1,2,1,2,0,0,43226,640,616,675,682,719,724,715,743,706,746,746,728,744,679,670,729,694,675,520,428,447,494,528,497,529,495,547,564,576,641,626,616,685,561,595,616,617,626,677,779,760,709,626,699,640,732,722,696,670,685,687,600,597,558,515,499,445,482,439,384,390,400,389,366,248,248,292,288,221,201,183,188,178,158,158,129,125,128,124,117,119,114,100,115,100,97,87,87,88,61,53,51,47,40,24,24,20,10,8,6,2,2,0,86325,43632,3526,3756,3735,2114,1062,497,485,1593,2824,3058,3294,3538,3753,3003,2398,784,1024,520,707,821,530,378,232,42693,3332,3634,3567,2098,945,443,493,1544,2804,3066,3311,3426,3496,2942,2244,789,995,533,697,835,566,472,461,2174,1641,15,15,15,0,0,15,0,0,0,0,0,0,0,0,0,0,0,0,0,0,0,0,0,0,0,0,0,0,0,0,0,0,1500,1437,1421,0,0,985,436,0,0,0,0,0,0,16,0,0,0,0,0,0,63,0,0,0,0,63,0,60,0,0,0,3,126,122,2,0,0,0,2,0,0,0,0,0,0,120,0,0,0,0,0,0,4,0,0,0,0,4,0,3,0,0,1,0,533,0,0,0,0,0,0,0,0,0,0,0,0,0,0,0,0,0,0,0,0,0,0,0,0,0,0,0,0,0,0,0,0,104,71,48,0,0,0,48,0,0,0,0,0,0,23,0,0,0,0,0,0,33,0,0,0,0,33,0,33,0,0,0,0,429,335,0,0,0,0,0,0,0,0,0,0,0,335,0,0,0,0,0,0,94,0,0,0,0,94,0,4,0,0,7,83
"G2701430","2010","MN","2","4","Minnesota","27","Sibley County","143",,,,,,,,,,,,,,,"99999","99999","999",,,,,,,,,,,,,,,,,"1524931233","30410849","Sibley County","A","+44.5757343","-094.2301232","06","9",,15226,7648,109,104,100,126,103,125,122,109,113,107,129,95,127,104,102,110,113,120,114,64,75,70,60,71,66,80,66,110,82,94,105,87,97,105,103,80,74,99,83,93,98,109,85,91,87,127,101,128,134,132,163,109,130,125,105,129,111,112,101,108,97,81,81,77,62,74,73,75,42,54,48,54,48,51,56,46,35,45,49,41,33,33,36,30,21,24,16,16,15,15,8,9,4,4,2,7,1,0,3,1,0,0,0,7578,85,88,105,112,111,112,115,105,90,116,111,104,98,116,108,96,122,91,94,52,59,56,71,70,88,74,81,87,86,81,92,98,84,85,79,102,81,76,84,94,87,97,91,93,92,120,128,144,116,121,119,98,131,101,98,101,99,96,89,91,77,87,90,79,64,51,72,75,57,67,64,63,52,68,49,56,57,66,54,56,53,39,45,47,46,35,24,29,26,33,22,17,14,18,18,12,5,6,3,1,7,3,0,14996,7554,538,574,556,341,175,72,66,192,426,495,427,468,618,625,553,178,219,147,168,256,212,147,101,7442,498,535,536,309,144,59,55,224,408,436,436,455,624,541,470,163,231,123,198,290,282,213,212,230,94,9,0,0,0,0,0,0,0,0,0,0,0,0,0,0,0,0,0,0,0,9,0,0,0,0,9,0,0,0,0,0,9,47,8,7,0,0,0,7,0,0,0,0,0,0,1,0,0,0,0,0,0,39,0,0,0,0,39,0,8,4,0,0,27,38,38,0,0,0,0,0,0,0,0,0,0,0,38,0,0,0,0,0,0,0,0,0,0,0,0,0,0,0,0,0,0,136,7,0,0,0,0,0,0,0,0,0,0,0,0,0,0,0,0,0,0,0,7,0,0,0,0,7,0,0,0,0,0,7,37,5,2,0,0,0,2,0,0,0,0,0,0,3,0,0,0,0,0,0,32,0,0,0,0,32,0,10,1,0,0,21,92,87,0,0,0,0,0,0,0,0,0,0,0,87,0,0,0,0,0,0,5,0,0,0,0,5,0,0,0,0,0,5
"G2701450","2010","MN","2","4","Minnesota","27","Stearns County","145",,,,,,,,,,,,,,,"41060","99999","378",,,,,,,,,,,,,,,,,"3478697697","121259844","Stearns County","A","+45.5552345","-094.6104822","06","1",,150642,75933,936,993,1009,1019,989,908,1021,965,994,976,1044,984,983,967,961,986,997,1024,1370,2023,2004,2044,1918,1473,1214,1193,1153,1073,1091,1104,1028,963,975,877,846,837,841,775,852,925,958,867,932,929,935,1045,1102,1120,1031,1090,1095,1051,1016,1078,964,964,962,910,870,815,804,783,789,693,541,514,488,542,473,393,415,432,404,374,375,353,381,315,315,323,285,266,246,230,169,190,142,151,105,94,72,40,41,58,21,21,7,7,3,5,4,0,0,74709,962,898,986,1004,1003,927,922,920,942,1023,962,964,880,923,909,970,949,1000,1479,2162,1976,1895,1647,1206,1068,1094,1003,1028,988,999,1001,903,856,852,765,823,754,756,799,899,861,869,866,915,996,1007,1001,1068,1012,1084,1132,999,1067,969,943,883,874,926,884,791,761,690,775,669,596,550,557,549,531,454,460,458,440,463,384,421,391,355,391,402,346,312,346,285,263,254,212,183,194,161,116,90,95,79,53,65,39,30,15,10,20,0,0,142429,71648,4936,4855,4911,2944,1880,1346,1626,4231,5458,4618,4162,4542,5279,5087,4411,1541,1980,989,1391,1946,1616,1106,793,70781,4841,4724,4626,2857,1906,1353,1528,3661,5068,4352,3999,4475,5130,5056,4323,1442,2025,1097,1501,2132,1884,1471,1330,8213,4285,110,38,0,0,0,0,0,0,0,38,12,26,0,0,0,0,0,0,0,0,72,10,0,0,0,62,11,2,0,0,36,13,3762,231,140,0,0,0,140,0,0,0,0,0,0,55,36,0,32,4,0,0,3531,2895,0,0,0,636,31,374,110,0,27,94,413,255,0,0,0,0,0,0,0,0,0,0,0,247,8,0,3,5,0,0,158,0,0,0,0,158,0,38,57,0,4,59,3928,96,27,0,0,0,0,0,0,0,27,3,24,0,0,0,0,0,0,0,0,69,11,0,0,0,58,17,3,0,0,26,12,3273,31,9,0,0,0,9,0,0,1,0,1,0,21,0,0,0,0,0,0,3242,2965,0,0,0,277,15,195,7,0,13,47,559,374,0,0,0,0,0,0,0,0,0,0,0,369,5,0,2,3,0,0,185,0,0,0,0,185,4,45,0,0,5,131
"G2701470","2010","MN","2","4","Minnesota","27","Steele County","147",,,,,,,,,,,,,,,"36940","99999","999",,,,,,,,,,,,,,,,,"1112775578","6976790","Steele County","A","+44.0152607","-093.2204527","06","2",,36576,18108,247,256,290,255,273,277,294,273,248,282,296,261,248,262,286,277,309,277,243,199,169,141,182,205,208,244,244,216,233,254,227,220,224,188,184,209,221,228,232,256,278,231,246,257,265,278,278,316,273,288,277,265,243,262,261,259,286,262,242,228,230,196,196,169,143,160,144,131,122,116,116,124,108,99,102,101,67,84,69,78,86,61,70,52,47,62,38,47,28,33,27,13,24,12,8,4,1,3,0,1,3,0,0,18468,246,285,269,289,260,258,280,247,250,250,258,276,247,269,264,282,252,257,221,159,165,155,166,180,203,238,237,229,229,212,219,207,241,209,251,201,207,217,235,225,241,261,251,229,269,255,277,290,276,293,336,252,215,259,255,244,251,248,225,226,217,185,186,198,155,146,147,157,131,125,156,134,140,117,114,111,125,88,100,99,124,112,105,97,97,93,86,83,50,62,45,49,33,29,24,16,14,3,9,2,6,0,0,35982,17837,1321,1371,1349,862,432,163,138,581,1164,1022,1129,1259,1420,1292,1260,423,502,303,365,541,388,301,251,18145,1345,1279,1311,790,370,162,152,547,1139,1116,1078,1245,1377,1311,1183,396,531,291,405,651,505,491,470,594,271,8,6,0,0,0,0,0,0,0,6,6,0,0,0,0,0,0,0,0,0,2,0,0,0,0,2,1,1,0,0,0,0,171,87,84,0,0,0,84,0,0,0,0,0,0,3,0,0,0,0,0,0,84,0,0,0,0,84,8,60,11,0,5,0,92,73,0,0,0,0,0,0,0,0,0,0,0,73,0,0,0,0,0,0,19,0,0,0,0,19,0,19,0,0,0,0,323,14,11,0,0,0,0,0,0,0,11,11,0,0,0,0,0,0,0,0,0,3,0,0,0,0,3,2,1,0,0,0,0,93,28,17,0,0,0,17,0,0,0,0,0,0,11,0,0,0,0,0,0,65,0,0,0,0,65,4,53,7,0,1,0,216,171,0,0,0,0,0,0,0,0,0,0,0,171,0,0,0,0,0,0,45,0,0,0,0,45,0,43,2,0,0,0
"G2701490","2010","MN","2","4","Minnesota","27","Stevens County","149",,,,,,,,,,,,,,,"99999","99999","999",,,,,,,,,,,,,,,,,"1459726518","30342360","Stevens County","A","+45.5934609","-095.9923145","06","9",,9726,4799,58,50,75,59,60,57,69,51,58,65,56,72,63,48,46,61,58,62,93,183,164,147,130,96,69,59,64,53,62,56,59,49,55,46,59,39,47,35,50,43,45,49,39,52,47,47,49,67,64,55,69,59,67,67,57,62,66,74,57,62,59,52,39,53,42,29,32,32,41,32,37,26,30,23,24,36,22,20,26,33,26,24,16,25,21,23,15,13,10,17,8,8,7,8,5,1,2,1,0,1,0,0,0,4927,58,57,63,62,57,57,59,52,45,51,55,54,48,47,57,40,58,49,115,252,198,201,137,59,49,45,47,37,61,52,43,45,56,49,35,43,34,46,49,38,52,40,46,53,46,47,40,65,65,53,69,47,77,63,66,62,55,64,53,63,44,48,54,49,23,37,42,34,45,37,22,30,27,39,30,31,37,38,32,47,38,32,33,41,34,32,26,19,33,21,16,17,10,14,10,11,3,0,0,1,4,0,0,8834,4424,302,300,285,180,94,100,112,263,282,260,213,227,279,314,318,111,133,60,105,138,132,109,107,4410,297,264,261,144,109,120,151,206,238,228,209,237,268,318,295,92,124,77,116,144,177,168,167,892,375,1,0,0,0,0,0,0,0,0,0,0,0,0,0,0,0,0,0,0,0,1,0,0,0,0,1,0,1,0,0,0,0,351,0,0,0,0,0,0,0,0,0,0,0,0,0,0,0,0,0,0,0,351,305,0,0,0,46,0,21,0,0,25,0,23,16,0,0,0,0,0,0,0,0,0,0,0,16,0,0,0,0,0,0,7,0,0,0,0,7,0,7,0,0,0,0,517,3,0,0,0,0,0,0,0,0,0,0,0,0,0,0,0,0,0,0,0,3,3,0,0,0,0,0,0,0,0,0,0,440,2,0,0,0,0,0,0,0,0,0,0,0,2,0,0,0,0,0,0,438,422,0,0,0,16,0,15,0,0,0,1,74,68,0,0,0,0,0,0,0,0,0,0,0,64,4,0,0,4,0,0,6,0,0,0,0,6,0,6,0,0,0,0
"G2701510","2010","MN","2","4","Minnesota","27","Swift County","151",,,,,,,,,,,,,,,"99999","99999","999",,,,,,,,,,,,,,,,,"1921985452","26172205","Swift County","A","+45.2754495","-095.6903976","06","9",,9783,4925,49,56,56,63,57,60,72,60,58,56,53,61,68,72,67,75,73,74,77,53,57,54,55,50,39,58,53,48,43,60,59,54,43,60,63,39,48,48,62,47,68,65,46,76,64,71,76,79,68,80,92,94,72,73,92,82,77,64,64,77,67,61,65,73,56,52,43,48,40,41,38,47,32,30,33,31,34,31,35,27,28,30,27,21,25,18,16,18,18,17,9,12,8,3,4,1,3,2,1,0,0,0,0,4858,52,65,52,62,49,50,64,55,68,45,56,61,54,50,53,57,75,85,53,42,28,40,49,35,42,50,34,47,60,56,56,39,53,41,37,53,47,47,57,46,39,55,71,60,60,67,56,65,75,74,77,81,73,77,77,57,81,56,64,61,73,70,54,67,60,47,58,42,42,34,42,38,50,46,48,45,41,39,46,39,42,54,33,33,38,39,31,36,28,29,30,18,15,15,9,11,9,5,7,0,3,0,1,9633,4883,281,306,321,222,125,56,54,144,261,277,243,318,372,420,364,128,193,95,128,179,156,122,118,4750,280,282,274,217,94,27,40,126,246,225,248,285,336,383,316,141,180,105,116,220,198,179,232,150,42,0,0,0,0,0,0,0,0,0,0,0,0,0,0,0,0,0,0,0,0,0,0,0,0,0,0,0,0,0,0,0,0,17,10,7,0,0,0,7,0,0,0,0,0,0,3,0,0,0,0,0,0,7,0,0,0,0,7,0,7,0,0,0,0,25,25,0,0,0,0,0,0,0,0,0,0,0,25,0,0,0,0,0,0,0,0,0,0,0,0,0,0,0,0,0,0,108,0,0,0,0,0,0,0,0,0,0,0,0,0,0,0,0,0,0,0,0,0,0,0,0,0,0,0,0,0,0,0,0,15,5,1,0,0,0,1,0,0,0,0,0,0,4,0,0,0,0,0,0,10,0,0,0,0,10,0,10,0,0,0,0,93,91,0,0,0,0,0,0,0,0,0,0,0,91,0,0,0,0,0,0,2,0,0,0,0,2,0,2,0,0,0,0
"G2701530","2010","MN","2","4","Minnesota","27","Todd County","153",,,,,,,,,,,,,,,"99999","99999","999",,,,,,,,,,,,,,,,,"2447491054","89402110","Todd County","A","+46.0665694","-094.9005758","06","9",,24895,12746,156,172,194,180,185,180,163,184,165,180,152,167,163,198,179,183,202,230,237,125,136,118,135,141,132,133,125,134,138,148,147,144,122,135,139,127,127,124,124,158,145,153,133,130,143,179,176,192,175,218,196,195,220,226,185,206,208,203,200,179,178,156,153,152,135,126,146,151,130,121,109,113,98,91,88,76,80,79,62,69,81,48,78,47,38,40,32,27,25,22,13,10,9,10,5,3,1,0,0,0,0,0,0,12149,181,151,168,137,165,145,173,148,149,157,153,161,167,197,182,176,195,172,152,113,105,120,109,103,124,129,123,130,139,140,122,115,115,128,100,116,113,129,115,133,128,130,131,139,163,190,196,191,188,185,193,209,181,170,178,188,193,169,170,146,151,152,170,166,123,138,117,152,132,129,120,112,99,109,100,75,99,79,76,90,74,73,64,49,55,68,48,30,38,36,34,22,24,13,10,12,7,6,3,3,3,0,0,24549,12571,887,872,856,609,354,123,118,389,664,678,644,694,930,1012,990,332,440,272,399,494,359,276,179,11978,802,772,860,543,263,104,115,316,651,574,601,685,942,929,863,302,453,253,410,532,407,301,300,346,175,9,9,0,0,0,0,0,0,0,9,2,7,0,0,0,0,0,0,0,0,0,0,0,0,0,0,0,0,0,0,0,0,117,47,43,0,0,0,43,0,0,1,0,1,0,3,0,0,0,0,0,0,70,7,0,0,0,63,0,55,0,0,4,4,49,47,0,0,0,0,0,0,0,0,0,0,0,47,0,0,0,0,0,0,2,0,0,0,0,2,0,2,0,0,0,0,171,0,0,0,0,0,0,0,0,0,0,0,0,0,0,0,0,0,0,0,0,0,0,0,0,0,0,0,0,0,0,0,0,75,14,5,0,0,0,5,0,0,0,0,0,0,9,0,0,0,0,0,0,61,1,0,0,0,60,0,36,0,0,0,24,96,93,0,0,0,0,0,0,0,0,0,0,0,93,0,0,0,0,0,0,3,0,0,0,0,3,0,3,0,0,0,0
"G2701550","2010","MN","2","4","Minnesota","27","Traverse County","155",,,,,,,,,,,,,,,"99999","99999","999",,,,,,,,,,,,,,,,,"1486399478","30952260","Traverse County","A","+45.7698400","-096.4750489","06","9",,3558,1767,9,20,14,18,26,18,20,14,22,28,23,27,32,22,23,28,30,29,21,15,19,18,16,10,20,13,13,16,21,19,19,13,17,16,20,14,15,16,12,18,14,17,15,17,29,21,27,30,17,28,32,27,27,22,32,37,34,22,31,27,13,21,27,18,12,19,11,25,18,19,17,18,15,18,13,20,14,16,23,21,8,16,11,12,13,12,15,15,8,7,6,3,6,3,2,1,0,0,0,0,1,0,0,1791,23,15,16,15,20,18,17,18,19,21,22,24,20,25,31,24,23,24,23,7,9,15,11,11,11,8,10,21,14,21,20,15,8,17,14,19,18,14,19,13,11,13,19,27,23,23,26,35,22,26,21,32,25,31,16,29,32,34,24,10,16,19,16,20,17,23,20,22,21,17,17,16,23,20,16,26,18,27,27,18,18,17,16,18,11,19,18,13,21,10,12,7,5,7,11,4,2,3,1,2,4,1,0,3458,1726,87,102,127,87,36,19,18,45,79,85,74,92,122,139,148,32,56,29,61,81,91,52,64,1732,89,93,122,71,30,9,15,31,74,74,83,93,132,125,128,35,53,43,59,90,112,75,96,100,41,0,0,0,0,0,0,0,0,0,0,0,0,0,0,0,0,0,0,0,0,0,0,0,0,0,0,0,0,0,0,0,0,13,8,5,0,0,0,5,0,0,0,0,0,0,3,0,0,0,0,0,0,5,0,0,0,0,5,0,5,0,0,0,0,28,27,0,0,0,0,0,0,0,0,0,0,0,27,0,0,0,0,0,0,1,0,0,0,0,1,0,1,0,0,0,0,59,0,0,0,0,0,0,0,0,0,0,0,0,0,0,0,0,0,0,0,0,0,0,0,0,0,0,0,0,0,0,0,0,3,2,0,0,0,0,0,0,0,0,0,0,0,2,0,0,0,0,0,0,1,0,0,0,0,1,0,1,0,0,0,0,56,56,0,0,0,0,0,0,0,0,0,0,0,56,0,0,0,0,0,0,0,0,0,0,0,0,0,0,0,0,0,0
"G2701570","2010","MN","2","4","Minnesota","27","Wabasha County","157",,,,,,,,,,,,,,,"40340","99999","999",,,,,,,,,,,,,,,,,"1354518312","68982638","Wabasha County","A","+44.2896930","-092.2333405","06","1",,21676,10866,121,126,148,155,143,141,153,127,145,143,128,140,129,152,139,172,158,169,148,108,94,89,96,110,121,95,112,122,127,120,130,130,128,105,117,127,107,130,122,128,142,146,137,148,171,148,174,180,157,186,184,160,180,188,157,207,155,142,182,164,141,143,153,136,117,131,97,108,90,109,106,89,80,88,75,61,60,55,60,56,61,53,45,50,41,29,34,38,26,15,23,11,8,4,1,0,2,3,1,2,1,0,0,10810,125,118,130,124,142,151,140,146,133,122,119,141,137,125,153,158,162,138,129,96,83,82,95,98,110,116,120,108,124,112,122,102,123,102,125,104,118,107,143,138,123,130,147,160,139,158,181,176,198,175,183,159,181,173,152,174,161,129,146,148,153,155,163,142,104,112,132,107,111,93,100,83,90,90,77,56,68,65,63,55,75,61,53,58,66,62,42,42,37,32,43,28,17,14,12,20,5,5,2,1,2,0,0,21430,10765,693,709,688,499,255,94,86,325,574,604,609,742,841,859,842,282,402,227,298,435,286,242,173,10665,639,692,675,458,223,83,81,302,577,572,608,693,882,844,753,306,406,240,309,435,297,292,298,246,101,0,0,0,0,0,0,0,0,0,0,0,0,0,0,0,0,0,0,0,0,0,0,0,0,0,0,0,0,0,0,0,0,49,14,11,0,0,0,11,0,0,0,0,0,0,3,0,0,0,0,0,0,35,0,0,0,0,35,0,35,0,0,0,0,52,44,0,0,0,0,0,0,0,0,0,0,0,44,0,0,0,0,0,0,8,0,0,0,0,8,0,8,0,0,0,0,145,0,0,0,0,0,0,0,0,0,0,0,0,0,0,0,0,0,0,0,0,0,0,0,0,0,0,0,0,0,0,0,0,37,7,4,0,0,0,4,0,0,0,0,0,0,3,0,0,0,0,0,0,30,0,0,0,0,30,0,30,0,0,0,0,108,100,0,0,0,0,0,0,0,0,0,0,0,100,0,0,0,0,0,0,8,0,0,0,0,8,0,8,0,0,0,0
"G2701590","2010","MN","2","4","Minnesota","27","Wadena County","159",,,,,,,,,,,,,,,"99999","99999","999",,,,,,,,,,,,,,,,,"1388928925","18038953","Wadena County","A","+46.5867841","-094.9883305","06","9",,13843,6831,89,94,83,98,84,92,95,88,85,84,92,93,84,92,86,101,127,109,105,95,80,72,70,70,72,67,46,84,70,72,74,79,66,65,52,73,71,95,64,71,72,84,76,87,67,92,93,110,101,104,100,106,115,88,113,104,89,91,82,104,79,86,75,104,67,67,63,86,72,85,59,54,59,57,44,57,29,48,64,33,53,43,51,36,29,36,21,24,11,14,14,5,16,13,4,2,2,1,0,0,1,0,0,7012,83,89,89,99,108,87,101,87,81,70,92,104,82,94,104,76,108,96,93,71,50,53,59,60,54,63,70,75,81,65,60,72,60,79,78,60,68,69,78,64,64,70,85,67,62,80,85,116,103,122,94,97,109,93,86,110,107,89,99,84,89,67,86,86,65,77,80,93,68,60,79,64,68,70,55,59,45,60,57,70,59,55,59,59,44,45,39,49,50,40,39,23,20,11,15,12,11,7,7,2,12,2,0,13361,6606,448,444,447,337,198,71,68,206,336,334,371,372,478,494,458,162,239,127,229,264,215,177,131,6755,468,426,476,280,164,49,51,169,349,346,338,347,499,472,481,156,229,155,214,319,265,243,259,482,225,0,0,0,0,0,0,0,0,0,0,0,0,0,0,0,0,0,0,0,0,0,0,0,0,0,0,0,0,0,0,0,0,115,35,24,0,0,0,24,0,0,0,0,0,0,11,0,0,0,0,0,0,80,0,0,0,0,80,0,18,62,0,0,0,110,105,0,0,0,0,0,0,0,0,0,0,0,105,0,0,0,0,0,0,5,0,0,0,0,5,0,4,0,0,1,0,257,0,0,0,0,0,0,0,0,0,0,0,0,0,0,0,0,0,0,0,0,0,0,0,0,0,0,0,0,0,0,0,0,47,18,2,0,0,0,2,0,0,0,0,0,0,16,0,0,0,0,0,0,29,0,0,0,0,29,0,21,8,0,0,0,210,209,0,0,0,0,0,0,0,0,0,0,0,209,0,0,0,0,0,0,1,0,0,0,0,1,0,0,0,0,1,0
"G2701610","2010","MN","2","4","Minnesota","27","Waseca County","161",,,,,,,,,,,,,,,"99999","99999","999",,,,,,,,,,,,,,,,,"1096487773","24907919","Waseca County","A","+44.0184598","-093.5898443","06","9",,19136,8976,126,103,131,142,126,134,134,134,99,152,146,129,129,137,122,115,118,120,125,83,96,73,99,99,106,96,109,96,103,97,123,130,126,100,115,95,103,99,112,112,110,120,119,91,122,136,125,130,145,159,157,132,133,142,139,131,142,126,129,109,142,115,118,109,81,93,78,60,71,56,68,57,38,58,48,43,40,43,41,52,41,36,39,33,30,34,31,23,24,28,9,12,14,5,4,3,4,0,4,0,0,0,0,10160,94,113,116,134,133,128,112,124,154,114,135,153,115,128,117,133,103,120,103,71,97,94,104,109,122,152,155,149,150,175,176,153,139,174,137,122,140,132,118,150,134,136,112,130,153,150,167,139,160,138,149,152,170,168,156,133,136,144,146,112,123,103,120,93,89,68,78,79,77,77,68,57,71,72,59,52,43,60,55,55,67,55,62,58,60,37,49,42,39,29,19,30,25,17,12,11,2,5,4,2,3,0,0,17792,8855,628,653,662,351,204,92,73,296,493,583,518,557,686,701,637,253,304,171,185,264,213,169,162,8937,590,632,647,356,163,72,67,259,576,555,494,524,637,727,639,220,296,143,229,321,256,283,251,1344,121,3,3,0,0,0,0,0,0,0,3,3,0,0,0,0,0,0,0,0,0,0,0,0,0,0,0,0,0,0,0,0,0,62,21,19,0,1,0,18,0,0,0,0,0,0,2,0,0,0,0,0,0,41,0,0,0,0,41,0,41,0,0,0,0,56,51,0,0,0,0,0,0,0,0,0,0,0,51,0,0,0,0,0,0,5,0,0,0,0,5,0,4,0,0,0,1,1223,1,1,0,0,0,0,0,0,0,1,1,0,0,0,0,0,0,0,0,0,0,0,0,0,0,0,0,0,0,0,0,0,1106,1068,1063,0,1062,0,1,0,0,0,0,0,0,5,0,0,0,0,0,0,38,0,0,0,0,38,0,38,0,0,0,0,116,112,4,0,4,0,0,0,0,0,0,0,0,108,0,0,0,0,0,0,4,0,0,0,0,4,0,4,0,0,0,0
"G2701630","2010","MN","2","4","Minnesota","27","Washington County","163",,,,,,,,,,,,,,,"33460","99999","378",,,,,,,,,,,,,,,,,"995285532","99618899","Washington County","A","+45.0379290","-092.8901170","06","1",,238136,117804,1446,1561,1532,1675,1638,1828,1724,1893,1799,1852,1816,1914,1881,1898,1983,1950,2014,1933,1687,1148,1127,1098,1196,1307,1395,1385,1421,1541,1519,1498,1504,1359,1440,1369,1384,1429,1461,1521,1559,1800,1802,1772,1750,1796,1869,1931,1994,2057,2063,2097,2080,2021,2016,1874,1769,1717,1606,1544,1587,1416,1440,1390,1332,1290,906,953,904,915,751,666,622,607,563,466,475,449,417,378,363,343,317,271,259,241,229,210,154,133,140,97,74,58,39,32,23,16,16,11,1,3,3,1,0,120332,1330,1421,1543,1586,1613,1767,1768,1742,1746,1748,1893,1842,1828,1911,1864,1908,1876,1875,1420,972,1004,970,1104,1246,1373,1353,1393,1488,1468,1564,1475,1443,1385,1435,1440,1503,1430,1424,1590,1959,1896,1924,1863,1905,1990,2094,2118,2082,2129,2171,2089,1990,2098,1872,1867,1754,1669,1623,1720,1453,1404,1337,1424,1371,1005,935,917,901,848,754,749,680,601,586,547,475,471,511,475,424,424,374,364,349,331,287,290,281,226,192,163,151,131,83,72,63,40,20,29,12,27,1,0,234566,115093,7836,9086,9492,5895,2786,1058,1011,3595,6863,6709,7441,8749,9922,9608,7762,2809,3499,1844,2308,2715,1916,1270,919,119473,7476,8759,9326,5656,2360,982,957,3691,7224,7147,7886,9551,10574,9898,8199,2736,3788,1841,2484,3133,2302,1738,1765,3570,2711,28,2,0,0,0,0,0,0,0,2,2,0,0,0,0,0,0,0,0,0,26,0,0,0,0,26,11,0,0,0,2,13,2455,2223,2188,0,0,2009,179,0,0,0,0,0,0,35,0,0,0,0,0,0,232,38,0,0,0,194,3,172,5,0,6,8,228,199,25,0,0,25,0,0,0,0,0,0,0,172,2,0,0,2,0,0,29,0,0,0,0,29,0,13,0,0,13,3,859,44,11,0,0,0,0,0,0,0,11,11,0,0,0,0,0,0,0,0,0,33,0,0,0,0,33,18,0,0,0,0,15,294,52,28,0,0,1,27,0,0,0,0,0,0,24,0,0,0,0,0,0,242,47,0,0,0,195,17,136,4,0,5,33,521,436,0,0,0,0,0,0,0,0,0,0,0,433,3,0,0,3,0,0,85,0,0,0,0,85,0,14,6,0,59,6
"G2701650","2010","MN","2","4","Minnesota","27","Watonwan County","165",,,,,,,,,,,,,,,"99999","99999","999",,,,,,,,,,,,,,,,,"1126508610","12386100","Watonwan County","A","+43.9783661","-094.6141282","06","9",,11211,5612,71,60,85,72,75,79,64,78,91,88,78,64,78,90,62,92,89,94,81,61,57,72,47,56,75,57,61,61,66,71,68,69,59,60,63,73,53,65,52,70,64,48,66,69,72,77,59,70,77,88,87,91,86,94,71,112,78,80,90,85,63,71,52,52,53,60,50,54,40,59,52,37,51,34,37,47,34,46,28,34,40,31,43,21,16,27,14,19,12,16,9,5,15,7,1,4,3,1,1,0,2,0,0,5599,89,71,82,89,75,58,75,50,61,79,73,81,85,81,98,85,85,81,76,47,41,41,45,52,61,55,56,60,67,49,59,67,60,67,62,59,54,53,57,64,56,72,72,61,58,70,54,74,93,76,75,93,82,82,94,97,74,66,56,74,59,55,66,59,56,41,49,64,46,47,42,50,49,40,57,47,38,40,34,60,43,39,51,34,39,40,30,22,38,22,21,20,16,11,10,4,12,8,3,3,5,0,0,11061,5547,363,400,372,274,142,56,70,176,312,316,312,318,371,427,440,133,155,109,152,207,181,148,113,5514,406,323,418,251,123,40,40,158,287,315,286,319,367,424,366,114,179,90,155,234,212,193,214,150,65,1,1,1,0,0,0,1,0,0,0,0,0,0,0,0,0,0,0,0,0,0,0,0,0,0,0,0,0,0,0,0,0,24,13,12,0,0,0,12,0,0,0,0,0,0,1,0,0,0,0,0,0,11,0,0,0,0,11,0,11,0,0,0,0,40,37,0,0,0,0,0,0,0,0,0,0,0,37,0,0,0,0,0,0,3,0,0,0,0,3,0,3,0,0,0,0,85,0,0,0,0,0,0,0,0,0,0,0,0,0,0,0,0,0,0,0,0,0,0,0,0,0,0,0,0,0,0,0,0,8,6,3,0,0,0,3,0,0,0,0,0,0,3,0,0,0,0,0,0,2,0,0,0,0,2,0,2,0,0,0,0,77,73,0,0,0,0,0,0,0,0,0,0,0,73,0,0,0,0,0,0,4,0,0,0,0,4,0,4,0,0,0,0
"G2701670","2010","MN","2","4","Minnesota","27","Wilkin County","167",,,,,,,,,,,,,,,"47420","99999","244",,,,,,,,,,,,,,,,,"1944970552","550670","Wilkin County","A","+46.3623354","-096.4766570","06","2",,6576,3335,38,38,43,40,35,39,33,51,48,65,52,45,47,46,58,44,56,49,42,30,35,36,30,29,35,22,34,30,42,38,29,42,33,37,17,45,33,28,35,42,37,38,35,49,47,46,48,66,65,63,69,67,52,56,62,55,43,57,54,45,39,44,27,35,31,26,30,24,18,29,24,21,30,23,32,20,23,22,18,21,26,21,17,20,16,12,13,10,8,8,5,5,2,2,1,1,1,2,0,1,2,0,0,3241,29,27,43,42,36,47,34,33,28,30,43,53,45,42,60,55,48,52,53,18,21,33,25,31,21,23,36,34,34,40,34,23,39,32,25,30,39,34,33,38,41,37,36,49,42,47,60,58,59,45,59,58,59,45,62,58,46,40,30,35,44,36,37,43,37,33,26,34,36,31,15,30,28,20,25,29,32,27,22,34,18,24,14,14,20,18,13,9,16,20,8,6,7,6,10,5,4,1,0,0,0,0,0,6424,3252,194,236,245,143,66,35,36,93,166,156,181,205,285,306,252,80,93,56,71,122,96,80,55,3172,177,172,243,155,69,21,33,77,167,152,173,202,267,282,209,80,117,57,101,114,131,82,91,152,83,9,9,0,0,0,0,0,0,0,9,0,9,0,0,0,0,0,0,0,0,0,0,0,0,0,0,0,0,0,0,0,0,20,16,11,0,0,0,11,0,0,1,0,1,0,4,0,0,0,0,0,0,4,0,0,0,0,4,0,4,0,0,0,0,54,54,0,0,0,0,0,0,0,0,0,0,0,54,0,0,0,0,0,0,0,0,0,0,0,0,0,0,0,0,0,0,69,0,0,0,0,0,0,0,0,0,0,0,0,0,0,0,0,0,0,0,0,0,0,0,0,0,0,0,0,0,0,0,0,10,0,0,0,0,0,0,0,0,0,0,0,0,0,0,0,0,0,0,0,10,0,0,0,0,10,0,10,0,0,0,0,59,59,0,0,0,0,0,0,0,0,0,0,0,59,0,0,0,0,0,0,0,0,0,0,0,0,0,0,0,0,0,0
"G2701690","2010","MN","2","4","Minnesota","27","Winona County","169",,,,,,,,,,,,,,,"49100","99999","999",,,,,,,,,,,,,,,,,"1621864753","39825401","Winona County","A","+43.9822682","-091.7767076","06","2",,51461,25307,254,303,275,262,278,291,275,267,260,284,317,287,309,268,316,292,323,333,572,977,944,843,757,536,403,365,340,328,313,302,310,283,283,260,255,232,230,267,247,273,286,260,251,269,279,300,319,322,341,329,346,361,372,336,357,363,310,374,376,303,265,293,307,267,209,222,199,184,184,161,140,160,163,147,143,121,94,105,126,98,97,70,74,79,74,70,57,39,48,28,25,23,23,14,4,5,8,6,1,3,2,1,0,26154,226,280,254,292,286,265,262,223,266,252,239,276,266,249,283,262,299,295,754,1310,1262,1077,801,422,323,319,298,284,251,272,275,259,237,224,244,234,228,219,230,268,242,263,266,292,267,323,310,303,357,342,376,355,355,347,349,346,351,328,300,276,295,288,260,303,201,230,188,191,198,184,156,169,167,166,139,143,122,137,130,163,138,123,117,117,134,111,103,91,79,75,63,72,41,40,20,30,19,13,14,2,8,0,0,46962,23502,1369,1377,1495,913,751,673,666,1503,1580,1365,1236,1327,1590,1763,1704,549,770,420,517,736,524,371,303,23460,1338,1263,1311,826,744,786,810,1347,1389,1229,1170,1322,1622,1774,1593,580,755,415,565,778,665,584,594,4499,1805,40,9,0,0,0,0,0,0,0,9,9,0,0,0,0,0,0,0,0,0,31,31,0,0,0,0,0,0,0,0,0,0,1638,57,44,0,0,0,44,0,0,0,0,0,0,13,0,0,0,0,0,0,1581,1340,0,0,0,241,3,72,7,0,7,152,127,99,0,0,0,0,0,0,0,0,0,0,0,99,0,0,0,0,0,0,28,0,0,0,0,28,0,17,0,0,2,9,2694,37,8,0,0,0,0,0,0,0,8,8,0,0,0,0,0,0,0,0,0,29,26,0,0,0,3,0,0,0,0,0,3,2365,20,3,0,0,0,3,0,0,0,0,0,0,17,0,0,0,0,0,0,2345,2275,0,0,0,70,3,45,6,0,3,13,292,283,0,0,0,0,0,0,0,0,0,0,0,283,0,0,0,0,0,0,9,0,0,0,0,9,0,6,0,0,3,0
"G2701710","2010","MN","2","4","Minnesota","27","Wright County","171",,,,,,,,,,,,,,,"33460","99999","378",,,,,,,,,,,,,,,,,"1713164762","136781631","Wright County","A","+45.1750914","-093.9663965","06","1",,124700,62622,1031,1071,1127,1184,1127,1094,1174,1041,1107,1087,1075,1055,985,1010,950,986,994,966,818,567,557,542,564,599,632,710,780,794,889,884,911,884,942,916,959,942,914,911,962,1079,1072,991,996,930,950,1054,1036,1029,1046,991,992,894,866,798,809,736,699,668,619,616,566,525,579,536,415,385,405,427,365,343,317,318,273,232,251,242,190,203,192,144,164,130,129,114,100,86,72,86,53,39,32,33,23,12,14,4,6,2,1,2,0,0,0,62078,914,987,1081,1158,1019,1048,1092,1070,1072,1037,1007,1061,949,1000,956,971,923,952,736,501,464,493,524,649,591,695,758,798,948,887,966,918,999,902,956,895,879,910,892,1052,1035,959,908,979,945,1042,983,1033,955,863,928,833,812,791,758,680,635,670,681,626,575,538,650,537,407,483,451,442,363,354,348,329,272,276,268,234,214,210,196,198,195,184,165,169,156,147,141,126,113,96,95,82,57,39,43,29,23,21,8,6,9,3,0,123596,62067,5537,5495,5063,2904,1362,543,533,1766,4000,4576,4779,4908,5116,4327,3320,1082,1523,787,1123,1374,948,601,400,61529,5159,5317,4969,2830,1226,459,485,1750,4067,4726,4615,4809,4862,4107,3283,1108,1587,931,1142,1477,1022,802,796,1104,555,65,60,0,0,0,0,0,0,0,60,9,20,31,0,0,0,0,0,0,0,5,0,0,0,0,5,0,0,0,0,0,5,334,133,114,0,0,0,114,0,0,7,1,4,2,9,3,1,0,0,0,2,201,4,0,0,0,197,0,123,52,0,3,19,156,139,0,0,0,0,0,0,0,0,0,0,0,139,0,0,0,0,0,0,17,0,0,0,0,17,0,11,0,0,0,6,549,22,22,0,0,0,0,0,0,0,22,7,8,7,0,0,0,0,0,0,0,0,0,0,0,0,0,0,0,0,0,0,0,152,45,13,0,0,0,13,0,0,4,2,0,2,19,9,7,0,0,0,2,107,0,0,0,0,107,0,70,24,0,1,12,375,369,0,0,0,0,0,0,0,0,0,0,0,369,0,0,0,0,0,0,6,0,0,0,0,6,0,6,0,0,0,0
"G2701730","2010","MN","2","4","Minnesota","27","Yellow Medicine County","173",,,,,,,,,,,,,,,"99999","99999","999",,,,,,,,,,,,,,,,,"1966062753","10685860","Yellow Medicine County","A","+44.7157358","-095.8627560","06","9",,10438,5328,75,57,65,69,72,62,75,72,52,79,76,68,83,74,81,78,79,85,64,67,61,52,61,57,69,61,71,84,53,55,58,61,58,57,55,47,46,52,49,59,71,51,66,63,59,61,74,63,78,86,82,89,88,91,89,96,84,90,87,81,63,53,58,48,56,46,57,45,51,51,39,44,39,42,35,35,32,37,32,34,31,31,35,21,25,33,19,25,16,18,6,3,5,5,3,4,3,0,0,0,0,0,0,5110,49,72,73,71,57,66,58,48,58,71,67,59,71,66,69,69,77,72,66,36,49,34,51,45,44,55,61,59,57,59,41,45,47,52,45,46,46,52,52,62,56,57,50,63,78,73,67,78,92,73,76,88,87,84,87,76,59,68,50,64,56,59,65,55,43,51,39,45,55,56,57,49,41,34,49,31,43,34,44,41,33,42,40,31,30,37,17,24,37,23,23,22,14,28,16,11,8,6,5,9,4,0,0,10148,5212,338,340,382,242,122,60,49,180,309,283,246,305,359,434,432,114,161,101,146,196,167,130,116,4936,322,301,332,218,98,46,32,139,289,229,258,301,378,419,316,115,163,88,152,222,180,159,179,290,116,0,0,0,0,0,0,0,0,0,0,0,0,0,0,0,0,0,0,0,0,0,0,0,0,0,0,0,0,0,0,0,0,70,15,13,0,0,0,13,0,0,0,0,0,0,2,0,0,0,0,0,0,55,0,0,0,0,55,0,55,0,0,0,0,46,39,0,0,0,0,0,0,0,0,0,0,0,39,0,0,0,0,0,0,7,0,0,0,0,7,0,7,0,0,0,0,174,0,0,0,0,0,0,0,0,0,0,0,0,0,0,0,0,0,0,0,0,0,0,0,0,0,0,0,0,0,0,0,0,25,10,6,0,0,0,6,0,0,0,0,0,0,4,0,0,0,0,0,0,15,0,0,0,0,15,0,15,0,0,0,0,149,127,0,0,0,0,0,0,0,0,0,0,0,127,0,0,0,0,0,0,22,0,0,0,0,22,0,22,0,0,0,0
"G3600010","2010","NY","1","2","New York","36","Albany County","001",,,,,,,,,,,,,,,"10580","99999","104",,,,,,,,,,,,,,,,,"1354056384","27189291","Albany County","A","+42.5882713","-073.9740136","06","1",,304204,147076,1541,1515,1544,1604,1617,1567,1660,1645,1644,1708,1736,1811,1785,1821,1912,1896,1985,2038,2779,3227,3239,3144,2804,2409,2331,2340,2214,2227,2056,1914,2013,1864,1819,1671,1557,1718,1488,1584,1774,1972,2041,1876,1915,1985,1969,2163,2124,2178,2209,2325,2262,2131,2268,2202,2265,2195,2066,2055,1984,1924,1869,1871,1839,1778,1215,1214,1156,1253,969,936,862,757,756,721,681,657,611,667,623,623,609,534,552,500,409,364,355,320,244,176,154,144,111,64,61,43,25,21,4,10,8,0,0,157128,1483,1545,1497,1437,1503,1521,1553,1578,1655,1600,1706,1685,1660,1740,1783,1810,1930,1916,2735,3436,3394,3175,2741,2436,2344,2378,2170,2126,2169,2075,2043,1804,1734,1676,1672,1674,1642,1692,1797,1984,1975,2020,1929,1989,2194,2265,2309,2357,2343,2364,2392,2324,2371,2300,2273,2267,2209,2194,2100,2025,2058,2004,1981,1908,1358,1358,1339,1442,1193,1108,1062,1009,988,925,915,945,871,888,975,852,924,890,843,863,734,750,666,594,542,513,429,313,286,232,163,144,126,86,51,44,54,3,0,287180,139113,7800,8185,8997,5771,3280,1879,2223,6829,10481,8732,8371,9578,10763,10925,10101,3688,4797,2345,3125,3742,3080,2498,1923,148067,7453,7891,8512,5455,3026,1800,1987,6988,10803,8827,8727,10042,11538,11585,10709,4034,5196,2667,3688,4810,4342,3959,4028,17024,7963,276,195,21,0,0,0,21,0,0,174,41,133,0,0,0,0,0,0,0,0,81,5,0,0,0,76,21,0,1,0,35,19,7206,756,570,0,0,0,570,0,0,18,4,14,0,99,69,69,0,0,0,0,6450,5345,0,0,0,1105,169,326,334,0,150,126,481,411,4,0,0,0,4,0,0,0,0,0,0,398,9,9,0,0,0,0,70,0,0,0,0,70,1,29,7,0,0,33,9061,291,200,2,0,0,0,2,0,0,178,48,130,0,0,20,0,0,0,0,20,91,16,0,0,0,75,18,0,0,0,39,18,7144,273,83,0,0,0,83,0,0,33,20,13,0,115,42,42,0,0,0,0,6871,6273,0,0,0,598,84,243,78,0,106,87,1626,1224,0,0,0,0,0,0,0,0,0,0,0,1219,5,5,0,0,0,0,402,0,0,0,0,402,0,73,0,0,0,329
"G3600030","2010","NY","1","2","New York","36","Allegany County","003",,,,,,,,,,,,,,,"99999","99999","999",,,,,,,,,,,,,,,,,"2665894548","13153777","Allegany County","A","+42.2478938","-078.0261758","06","9",,48946,24696,236,275,241,282,279,315,302,312,310,300,278,295,310,336,318,310,339,360,689,948,806,609,529,316,308,276,234,233,261,254,231,240,219,231,281,239,231,225,261,280,278,243,255,271,280,290,317,350,342,339,362,393,350,345,346,379,337,333,300,312,332,336,329,293,238,220,256,224,198,176,194,176,187,158,164,146,138,150,120,113,117,100,102,86,66,62,57,48,44,33,27,18,25,6,14,13,4,2,1,1,1,0,0,24250,267,298,254,276,259,271,264,256,281,284,308,322,306,267,308,321,295,341,613,737,682,553,403,278,277,242,272,258,231,233,223,245,239,222,241,237,217,252,241,321,252,279,273,289,279,304,305,334,352,349,349,346,367,357,335,336,325,354,324,295,322,299,317,301,216,220,212,237,199,212,199,166,197,180,156,175,134,153,156,124,123,135,120,129,116,90,83,71,65,60,61,47,53,34,25,17,16,10,6,4,11,0,0,44362,22161,1313,1539,1536,984,534,238,273,892,1205,1173,1221,1313,1621,1789,1655,663,852,472,593,871,652,451,321,22201,1354,1356,1508,945,492,233,276,802,1221,1161,1264,1367,1635,1750,1628,617,827,429,642,874,721,583,516,4584,2535,26,1,1,0,0,0,1,0,0,0,0,0,0,0,0,0,0,0,0,0,25,7,0,0,0,18,0,1,0,0,17,0,2422,94,81,0,0,0,81,0,0,0,0,0,0,13,0,0,0,0,0,0,2328,2284,0,0,0,44,0,18,17,0,7,2,87,78,0,0,0,0,0,0,0,0,0,0,0,78,0,0,0,0,0,0,9,0,0,0,0,9,0,4,2,0,0,3,2049,15,0,0,0,0,0,0,0,0,0,0,0,0,0,0,0,0,0,0,0,15,2,0,0,0,13,0,0,0,0,13,0,1803,32,18,0,0,0,18,0,0,0,0,0,0,14,0,0,0,0,0,0,1771,1738,0,0,0,33,0,22,4,0,7,0,231,217,0,0,0,0,0,0,0,0,0,0,0,217,0,0,0,0,0,0,14,0,0,0,0,14,0,11,2,0,0,1
"G3600050","2010","NY","1","2","New York","36","Bronx County","005",,,,,,,,,,,,,,,"35620","35644","408",,,,,,,,,,,,,,,,,"109028908","39838229","Bronx County","C","+40.8487111","-073.8529390","06","1",,1385108,649633,10700,10553,10537,10463,10228,10268,9765,10012,10039,10187,10152,10063,9858,10087,10533,11034,11389,11725,12539,12764,12529,11897,11221,10527,10435,10308,9816,10083,9768,9766,9929,9056,9013,8441,8429,8669,8001,8120,8168,8841,9224,8508,8796,8665,9321,9585,9156,8800,8486,8663,8898,8166,7995,7570,7517,7236,6685,6337,6134,6084,6095,5589,5406,5092,4425,4295,4043,3948,3540,3183,3140,2998,2812,2705,2438,2277,2057,1953,1804,1751,1577,1488,1349,1191,1052,979,921,810,632,512,403,338,245,200,159,149,106,68,55,44,57,8,0,735475,10354,10142,10249,10073,9845,9820,9590,9535,9805,9643,9684,9657,9446,9752,9927,10650,11083,11348,11490,11640,11947,11333,11061,10793,11154,11324,10912,11346,11159,11228,11616,10501,10623,10152,10064,9979,9485,9629,9505,10619,10407,9809,10620,10134,10589,10819,10858,10551,10242,10409,10365,9792,9536,9212,8978,8881,8341,7846,7451,7550,7563,7011,7103,6747,5903,5697,5525,5572,4958,4588,4754,4233,4211,3743,3760,3627,3302,3267,3079,3082,2868,2753,2609,2385,2229,2116,1973,1648,1497,1306,1165,884,802,664,532,450,373,263,212,169,277,21,1,1338398,621666,51494,49764,50265,33419,22762,11154,10800,29993,47010,42873,40122,42437,42566,38528,31347,11310,14467,8015,10229,13345,9118,5933,4715,716732,49750,47871,48042,32787,21545,11137,10708,31923,54640,52168,48592,50826,52088,47300,39575,14336,19473,11013,14764,19971,15389,11556,11278,46710,27967,2651,639,347,0,0,0,347,0,0,239,32,18,189,0,53,53,0,0,0,0,2012,4,0,0,0,2008,1838,0,0,0,3,167,21384,12891,10763,0,0,123,10631,9,0,50,30,0,20,1557,521,335,158,28,0,0,8493,3519,0,0,0,4974,1970,782,1183,0,188,851,3932,3530,49,0,0,0,49,0,0,0,0,0,0,3349,132,26,52,54,0,0,402,0,0,0,0,402,52,14,13,0,139,184,18743,2153,164,20,0,0,0,20,0,0,106,47,14,45,0,38,38,0,0,0,0,1989,2,0,0,0,1987,1844,0,0,0,12,131,9966,2185,890,0,0,4,885,1,0,47,26,10,11,960,288,139,100,49,0,0,7781,2893,0,0,0,4888,3240,415,493,0,203,537,6624,6028,7,0,0,0,7,0,0,0,0,0,0,5868,153,19,43,91,0,0,596,0,0,0,0,596,46,11,0,0,310,229
"G3600070","2010","NY","1","2","New York","36","Broome County","007",,,,,,,,,,,,,,,"13780","99999","999",,,,,,,,,,,,,,,,,"1827925580","25248569","Broome County","A","+42.1619773","-075.8302910","06","1",,200600,98373,1094,1057,1085,1041,1141,1075,1106,1086,1195,1137,1202,1204,1126,1240,1214,1207,1318,1305,1845,2410,2348,2200,1811,1506,1550,1411,1272,1266,1292,1161,1189,1125,1063,970,982,1036,937,872,1022,1194,1235,1173,1166,1196,1212,1329,1404,1485,1544,1603,1604,1578,1572,1538,1536,1440,1389,1381,1329,1191,1248,1139,1175,1213,847,815,837,859,762,688,708,653,668,560,583,610,533,527,481,468,476,419,454,394,376,327,270,241,200,169,132,94,63,63,38,23,23,14,11,2,8,1,1,102227,994,969,1051,1030,1018,954,1066,985,1053,1100,1132,1151,1135,1085,1222,1234,1274,1273,1704,2156,2123,2113,1577,1380,1342,1292,1190,1234,1172,1163,1126,1077,974,1033,992,987,1001,913,1020,1195,1153,1214,1174,1216,1295,1397,1520,1512,1548,1623,1610,1657,1591,1518,1567,1433,1355,1402,1387,1253,1245,1249,1272,1294,959,990,926,1012,836,832,785,760,815,798,781,702,743,697,695,690,656,659,691,659,609,596,571,464,450,356,316,267,225,181,151,101,89,69,49,26,44,2,0,190459,93213,5411,5581,5942,3765,2453,1478,1713,4526,6191,5189,4971,5865,7220,7691,6620,2349,3190,1628,2268,3099,2544,2017,1502,97246,5055,5147,5690,3737,2200,1346,1719,4069,5993,5136,5063,6001,7539,7875,6762,2467,3494,1878,2637,3859,3363,3049,3167,10141,5160,134,98,10,0,0,0,10,0,0,81,38,33,10,0,7,5,2,0,0,0,36,5,0,0,0,31,22,4,5,0,0,0,4533,593,426,0,0,0,406,20,0,3,2,1,0,72,92,79,13,0,0,0,3940,3297,0,0,0,643,135,232,223,0,0,53,493,437,0,0,0,0,0,0,0,0,0,0,0,380,57,14,43,0,0,0,56,0,0,0,0,56,16,9,9,0,1,21,4981,97,54,0,0,0,0,0,0,0,44,23,21,0,0,10,6,4,0,0,0,43,10,0,0,0,33,27,0,1,0,0,5,3544,219,61,0,0,0,60,1,0,0,0,0,0,71,87,59,28,0,0,0,3325,3013,0,0,0,312,83,143,61,0,0,25,1340,1286,0,0,0,0,0,0,0,0,0,0,0,1230,56,12,43,1,0,0,54,0,0,0,0,54,8,25,11,0,0,10
"G3600090","2010","NY","1","2","New York","36","Cattaraugus County","009",,,,,,,,,,,,,,,"36460","99999","160",,,,,,,,,,,,,,,,,"3388612085","36610366","Cattaraugus County","A","+42.2448527","-078.6810055","06","2",,80317,39729,473,461,501,581,507,505,476,498,542,544,531,596,533,556,538,580,609,588,647,607,611,580,501,526,464,473,434,460,408,448,460,380,433,385,407,389,401,395,466,472,545,475,512,479,520,577,572,619,598,609,654,675,621,635,615,662,623,613,559,553,548,552,559,486,387,381,389,382,363,288,292,276,289,248,264,231,220,172,209,187,168,187,141,146,137,99,86,77,62,60,45,29,30,17,13,9,9,3,3,0,2,1,0,40588,521,494,489,505,510,488,511,475,478,468,498,527,516,522,523,523,564,570,556,674,589,549,526,484,422,468,415,425,455,404,434,398,434,403,401,415,398,444,495,524,498,474,531,469,565,587,570,567,616,595,679,670,660,621,616,648,577,628,581,544,561,524,506,523,379,394,378,423,397,285,344,313,307,251,274,280,266,246,253,278,245,240,203,204,177,171,158,166,127,115,98,83,60,37,43,27,20,13,13,5,9,1,0,77638,38443,2519,2564,2747,1741,976,443,428,1347,2183,2036,2098,2498,2938,3153,2963,1083,1412,756,1013,1337,985,737,486,39195,2515,2420,2576,1638,847,417,424,1340,2152,2057,2265,2520,2917,3224,2952,1067,1392,760,1087,1452,1265,977,931,2679,1286,48,43,5,0,0,0,5,0,0,38,10,28,0,0,0,0,0,0,0,0,5,1,0,0,0,4,2,1,0,0,0,1,1037,123,91,0,0,0,91,0,0,4,3,1,0,28,0,0,0,0,0,0,914,691,0,0,0,223,9,174,18,0,2,20,201,156,0,0,0,0,0,0,0,0,0,0,0,156,0,0,0,0,0,0,45,0,0,0,0,45,0,38,0,0,3,4,1393,33,31,2,0,0,0,2,0,0,29,12,17,0,0,0,0,0,0,0,0,2,1,0,0,0,1,1,0,0,0,0,0,928,38,13,0,0,0,13,0,0,3,1,2,0,22,0,0,0,0,0,0,890,756,0,0,0,134,8,113,5,0,1,7,432,333,0,0,0,0,0,0,0,0,0,0,0,333,0,0,0,0,0,0,99,0,0,0,0,99,0,14,0,0,0,85
"G3600110","2010","NY","1","2","New York","36","Cayuga County","011",,,,,,,,,,,,,,,"12180","99999","532",,,,,,,,,,,,,,,,,"1791189978","445707605","Cayuga County","A","+43.0085456","-076.5745866","06","2",,80026,40833,402,453,447,450,463,466,451,427,521,479,508,482,517,547,582,547,579,583,572,547,507,506,515,542,555,532,556,533,549,542,552,476,550,475,435,484,474,480,509,620,587,558,595,623,622,653,676,655,686,699,717,655,668,648,634,694,603,584,597,506,545,527,530,485,349,371,360,411,352,276,255,272,286,217,217,212,214,191,174,180,152,152,146,141,101,133,103,79,66,73,41,44,32,23,13,8,7,10,1,6,3,0,0,39193,401,406,389,403,448,419,420,423,459,498,520,504,476,506,482,550,513,577,560,515,463,420,413,443,414,470,436,471,451,393,425,401,419,368,390,374,353,407,499,511,529,514,532,532,525,603,660,595,622,674,692,669,677,623,626,621,557,543,573,532,451,520,491,512,417,376,383,404,352,287,314,285,280,244,250,245,220,235,230,219,246,239,250,224,198,229,185,194,141,138,108,109,74,62,53,45,32,21,13,13,14,1,0,75781,37428,2212,2342,2619,1656,1000,432,414,1294,2146,1987,2180,2597,3023,3106,2869,1051,1334,713,1025,1225,952,663,588,38353,2043,2218,2474,1587,924,380,356,1241,2201,1988,2136,2621,3144,3276,2816,967,1412,757,1038,1355,1119,1096,1204,4245,3405,75,50,3,0,0,1,2,0,0,47,1,43,3,0,0,0,0,0,0,0,25,1,0,0,0,24,4,0,0,0,20,0,3174,2890,2876,0,0,2733,143,0,0,1,0,1,0,13,0,0,0,0,0,0,284,154,0,0,0,130,0,51,17,0,49,13,156,141,27,0,0,27,0,0,0,0,0,0,0,113,1,0,0,1,0,0,15,0,0,0,0,15,0,9,0,0,2,4,840,72,45,0,0,0,0,0,0,0,45,3,35,7,0,0,0,0,0,0,0,27,2,0,0,0,25,5,1,0,0,19,0,424,41,18,0,0,3,15,0,0,4,0,4,0,19,0,0,0,0,0,0,383,306,0,0,0,77,4,44,12,0,12,5,344,332,0,0,0,0,0,0,0,0,0,0,0,332,0,0,0,0,0,0,12,0,0,0,0,12,0,12,0,0,0,0
"G3600130","2010","NY","1","2","New York","36","Chautauqua County","013",,,,,,,,,,,,,,,"27460","99999","999",,,,,,,,,,,,,,,,,"2745973829","1139483300","Chautauqua County","A","+42.3042159","-079.4075949","06","2",,134905,66509,726,720,769,849,798,795,775,824,858,803,866,851,853,924,895,874,977,1029,1275,1264,1244,1148,1080,893,833,786,726,770,716,719,696,686,688,597,664,671,704,653,721,884,833,809,804,802,865,940,961,997,989,1023,1012,1097,1101,1024,1019,1035,1060,1023,958,911,880,827,827,838,635,634,602,639,648,511,516,477,474,368,412,407,344,409,333,345,328,297,280,260,240,194,161,165,130,121,92,82,44,33,29,22,14,15,2,4,3,0,0,68396,773,728,711,758,736,729,768,765,809,804,788,842,811,803,850,845,838,902,1253,1363,1251,1140,947,820,757,747,690,779,681,685,672,662,692,624,705,653,699,716,738,864,777,770,861,819,851,913,966,988,1033,1102,991,1088,1036,1071,1008,1023,1006,976,955,878,898,860,885,897,600,689,680,724,622,558,544,516,500,525,486,470,478,467,475,452,459,463,413,371,421,317,326,299,243,234,232,170,127,129,94,82,62,33,25,22,36,2,0,128391,63222,3848,4038,4363,2816,1716,859,932,2514,3449,3187,3509,3989,4783,5137,4916,1663,2272,1204,1770,2201,1772,1337,947,65169,3688,3856,4082,2550,1527,907,989,2390,3513,3282,3612,4030,4947,5151,4790,1731,2349,1354,1869,2502,2237,1945,1868,6514,3287,121,45,24,0,0,20,4,0,0,21,5,16,0,0,0,0,0,0,0,0,76,1,0,0,0,75,10,0,0,0,12,53,2762,991,897,0,0,675,222,0,0,2,0,2,0,82,10,10,0,0,0,0,1771,1221,0,0,0,550,48,214,16,0,93,179,404,299,0,0,0,0,0,0,0,0,0,0,0,299,0,0,0,0,0,0,105,0,0,0,0,105,0,89,0,0,0,16,3227,84,26,1,0,0,0,1,0,0,25,1,24,0,0,0,0,0,0,0,0,58,2,0,0,0,56,9,1,0,0,11,35,2172,202,120,0,0,88,32,0,0,4,3,1,0,69,9,9,0,0,0,0,1970,1556,0,0,0,414,20,158,24,0,93,119,971,801,0,0,0,0,0,0,0,0,0,0,0,801,0,0,0,0,0,0,170,0,0,0,0,170,0,163,0,0,0,7
"G3600150","2010","NY","1","2","New York","36","Chemung County","015",,,,,,,,,,,,,,,"21300","99999","999",,,,,,,,,,,,,,,,,"1055035677","8877179","Chemung County","A","+42.1552807","-076.7471788","06","1",,88830,44171,549,505,545,548,537,558,565,539,548,635,599,542,541,560,589,580,609,649,589,586,611,538,560,565,538,550,575,533,536,586,618,539,520,536,547,572,495,494,574,562,607,604,616,577,656,665,694,740,723,646,694,733,701,733,643,672,693,623,585,549,589,548,588,555,371,377,397,400,328,284,333,299,271,268,244,251,250,207,219,201,187,208,181,178,159,137,111,93,89,80,54,43,30,24,15,6,8,3,7,0,2,0,0,44659,476,463,530,570,552,481,503,569,559,565,560,540,511,536,523,583,557,604,593,635,631,585,522,488,495,484,511,494,518,541,526,478,480,473,426,473,455,422,506,585,529,579,537,548,565,646,683,649,708,695,711,708,732,717,700,694,659,646,601,605,600,566,599,547,433,404,420,476,392,352,297,345,349,295,310,314,306,278,270,294,308,296,275,231,249,249,213,208,162,148,129,89,90,73,44,38,24,24,12,12,22,1,0,83914,40620,2683,2840,2820,1800,998,469,400,1315,2286,2250,2292,2674,3143,3317,3022,1104,1483,752,991,1387,1098,869,627,43294,2591,2675,2659,1727,932,459,429,1425,2534,2369,2431,2747,3360,3551,3184,1155,1567,815,1198,1563,1397,1257,1269,4916,3551,55,49,20,0,0,15,5,0,0,18,18,0,0,0,11,11,0,0,0,0,6,1,0,0,0,5,0,3,0,0,0,2,3276,2875,2806,0,0,2628,178,0,0,10,4,6,0,30,29,29,0,0,0,0,401,289,0,0,0,112,6,66,30,0,0,10,220,199,22,0,0,22,0,0,0,0,0,0,0,167,10,10,0,0,0,0,21,0,0,0,0,21,0,11,0,0,0,10,1365,30,24,0,0,0,0,0,0,0,15,15,0,0,0,9,9,0,0,0,0,6,2,0,0,0,4,0,3,0,0,0,1,835,77,21,0,0,0,21,0,0,5,5,0,0,33,18,18,0,0,0,0,758,686,0,0,0,72,2,49,17,0,0,4,500,474,0,0,0,0,0,0,0,0,0,0,0,468,6,6,0,0,0,0,26,0,0,0,0,26,0,7,2,0,0,17
"G3600170","2010","NY","1","2","New York","36","Chenango County","017",,,,,,,,,,,,,,,"99999","99999","999",,,,,,,,,,,,,,,,,"2314279661","13161203","Chenango County","A","+42.4897320","-075.6049051","06","9",,50477,25136,250,289,282,302,304,285,312,308,334,305,358,323,346,333,391,350,358,424,359,315,290,290,259,225,274,271,271,284,287,253,285,238,272,252,249,276,224,258,292,328,336,330,321,337,361,398,382,398,395,408,467,445,422,395,447,385,413,355,366,337,375,338,374,333,284,272,284,305,247,234,224,197,167,172,172,148,131,126,118,102,130,101,101,99,94,65,80,52,46,35,26,35,23,12,13,4,4,3,2,1,3,0,0,25341,257,272,249,284,246,260,255,287,352,325,322,340,366,314,350,377,387,382,293,260,253,223,251,238,245,230,283,265,277,256,253,237,263,234,267,253,233,290,309,339,369,313,332,323,358,395,426,416,402,424,406,446,429,466,382,401,398,356,347,310,350,331,353,361,295,287,260,288,268,219,205,204,230,191,210,180,131,144,168,151,136,155,144,129,127,107,117,91,92,72,59,65,36,27,20,21,16,6,7,5,7,0,0,49681,24698,1422,1542,1742,1130,668,278,274,736,1317,1280,1373,1673,1974,2167,1842,706,980,552,777,909,594,470,292,24983,1308,1475,1691,1142,553,253,223,730,1294,1250,1414,1692,2060,2122,1796,680,1003,546,770,1023,747,634,577,796,438,18,18,0,0,0,0,0,0,0,12,5,7,0,0,6,0,0,0,0,6,0,0,0,0,0,0,0,0,0,0,0,0,186,150,77,0,0,0,77,0,0,0,0,0,0,20,53,0,0,0,0,53,36,0,0,0,0,36,0,23,9,0,0,4,234,223,0,0,0,0,0,0,0,0,0,0,0,223,0,0,0,0,0,0,11,0,0,0,0,11,0,11,0,0,0,0,358,9,9,1,0,0,0,1,0,0,8,0,8,0,0,0,0,0,0,0,0,0,0,0,0,0,0,0,0,0,0,0,0,71,30,9,0,0,0,9,0,0,0,0,0,0,20,1,0,0,0,0,1,41,0,0,0,0,41,0,32,7,0,0,2,278,264,0,0,0,0,0,0,0,0,0,0,0,264,0,0,0,0,0,0,14,0,0,0,0,14,0,4,0,0,10,0
"G3600190","2010","NY","1","2","New York","36","Clinton County","019",,,,,,,,,,,,,,,"38460","99999","999",,,,,,,,,,,,,,,,,"2688025469","206355454","Clinton County","A","+44.7527103","-073.7056478","06","2",,82128,42097,418,388,452,406,424,410,414,436,465,444,495,434,394,489,490,552,503,571,698,916,955,977,843,652,629,611,582,607,522,561,642,561,523,540,533,524,473,510,555,609,607,620,601,607,624,684,722,759,754,710,682,658,695,635,614,630,601,540,498,505,525,497,500,455,315,365,349,351,291,284,249,245,264,216,224,232,194,207,161,170,159,156,121,108,107,72,72,56,56,36,34,12,14,13,8,6,5,3,5,4,2,0,0,40031,394,389,369,425,404,390,415,385,394,433,409,409,482,448,458,475,474,552,881,959,896,872,701,600,508,496,455,438,512,446,484,419,444,414,367,431,415,469,474,511,494,497,458,552,615,644,691,669,617,655,684,688,629,593,611,585,525,520,507,491,482,494,490,475,367,355,343,344,315,305,295,293,265,278,270,257,254,252,231,201,219,198,191,183,149,149,106,107,112,80,67,60,68,40,31,23,16,13,9,12,9,1,0,74975,36935,2087,2169,2302,1619,914,594,705,1653,2291,2211,2169,2551,3150,2996,2635,987,1217,693,905,1172,934,624,357,38040,1980,2017,2205,1492,980,568,650,1657,2308,2111,2296,2609,3268,3197,2615,971,1319,692,958,1373,1161,882,731,7153,5162,8,4,4,0,0,2,2,0,0,0,0,0,0,0,0,0,0,0,0,0,4,3,0,0,0,1,1,0,0,0,0,0,4988,3513,3489,0,0,3286,201,2,0,0,0,0,0,24,0,0,0,0,0,0,1475,1326,0,0,0,149,3,69,4,0,63,10,166,156,52,0,0,52,0,0,0,0,0,0,0,104,0,0,0,0,0,0,10,0,0,0,0,10,0,4,0,0,2,4,1991,11,9,2,0,0,0,2,0,0,7,7,0,0,0,0,0,0,0,0,0,2,1,0,0,0,1,0,0,0,0,1,0,1676,52,29,0,0,0,29,0,0,0,0,0,0,23,0,0,0,0,0,0,1624,1581,0,0,0,43,0,31,0,0,5,7,304,291,0,0,0,0,0,0,0,0,0,0,0,291,0,0,0,0,0,0,13,0,0,0,0,13,0,5,0,0,3,5
"G3600210","2010","NY","1","2","New York","36","Columbia County","021",,,,,,,,,,,,,,,"26460","99999","104",,,,,,,,,,,,,,,,,"1643879273","35121043","Columbia County","A","+42.2477286","-073.6268046","06","2",,63096,31761,277,287,326,357,337,341,352,304,333,402,368,362,385,397,457,460,507,514,433,376,361,330,365,351,279,335,324,324,280,305,309,282,276,302,299,315,283,325,393,369,429,414,432,450,469,535,534,525,573,513,548,542,557,532,523,527,501,525,503,497,489,462,503,504,405,407,366,381,379,313,266,259,240,214,198,216,190,201,190,168,169,172,144,135,113,109,92,77,63,61,40,42,24,14,17,7,10,1,3,2,3,1,0,31335,266,308,285,293,293,301,332,331,350,317,369,345,335,343,340,386,392,455,352,313,301,305,314,312,294,271,309,285,269,292,279,284,308,266,318,326,323,360,372,384,409,411,407,441,478,522,537,497,527,542,504,536,509,508,536,525,497,532,507,463,518,478,512,548,337,368,407,407,348,286,307,293,234,246,280,255,198,224,194,224,201,209,167,155,158,133,132,129,117,108,89,61,57,46,37,29,22,26,10,5,14,0,0,60960,30360,1578,1726,1937,1286,767,328,309,920,1440,1382,1598,2108,2585,2634,2486,920,1366,749,1045,1135,927,660,474,30600,1442,1630,1728,1214,658,290,297,899,1408,1431,1746,2129,2600,2551,2495,977,1370,754,1017,1325,1044,817,778,2136,1401,239,227,4,0,0,0,4,0,0,208,14,0,194,0,15,0,0,0,0,15,12,0,0,0,0,12,0,2,0,0,9,1,865,573,459,0,0,360,99,0,0,39,4,0,35,69,6,0,0,0,0,6,292,0,0,0,0,292,0,172,30,0,78,12,297,214,2,0,0,2,0,0,0,0,0,0,0,212,0,0,0,0,0,0,83,0,0,0,0,83,0,31,12,0,1,39,735,27,16,0,0,0,0,0,0,0,0,0,0,0,0,16,0,0,0,0,16,11,0,0,0,0,11,0,4,0,0,6,1,267,62,5,0,0,1,4,0,0,0,0,0,0,51,6,0,0,0,0,6,205,0,0,0,0,205,0,135,10,0,33,27,441,387,0,0,0,0,0,0,0,0,0,0,0,387,0,0,0,0,0,0,54,0,0,0,0,54,0,34,0,0,0,20
"G3600230","2010","NY","1","2","New York","36","Cortland County","023",,,,,,,,,,,,,,,"18660","99999","296",,,,,,,,,,,,,,,,,"1291782573","7144297","Cortland County","A","+42.5938237","-076.0762647","06","2",,49336,24093,257,277,267,262,316,272,287,293,251,287,318,329,326,328,282,297,337,294,528,687,763,760,573,391,365,265,247,285,284,285,238,263,264,260,232,260,199,248,298,319,302,319,298,294,297,327,365,331,335,382,387,346,358,344,331,342,307,306,309,301,291,291,300,287,202,197,217,174,196,162,149,162,156,124,130,121,102,100,92,106,92,73,75,60,66,42,49,28,47,42,18,26,14,5,7,10,3,1,0,0,1,0,0,25243,252,283,280,277,240,265,268,312,282,272,274,257,271,293,301,332,332,340,722,871,889,794,539,354,352,305,272,264,246,259,273,265,252,256,234,255,219,281,274,291,286,308,289,275,323,355,361,367,404,343,361,320,351,322,354,346,319,318,289,326,285,308,306,309,209,208,222,237,196,173,192,145,144,123,153,140,122,132,114,123,105,98,99,100,133,104,102,83,75,58,47,48,39,26,24,11,10,15,2,3,4,1,0,45775,22593,1379,1390,1583,926,551,478,628,1203,1332,1244,1306,1486,1715,1741,1554,572,767,406,522,703,497,345,265,23182,1331,1395,1395,996,554,491,614,1154,1329,1262,1314,1469,1819,1695,1586,586,812,427,598,743,610,475,527,3561,1500,2,2,2,0,0,0,2,0,0,0,0,0,0,0,0,0,0,0,0,0,0,0,0,0,0,0,0,0,0,0,0,0,1389,113,63,0,0,0,61,2,0,0,0,0,0,50,0,0,0,0,0,0,1276,1192,0,0,0,84,0,61,6,0,0,17,109,97,0,0,0,0,0,0,0,0,0,0,0,97,0,0,0,0,0,0,12,0,0,0,0,12,0,10,0,0,0,2,2061,14,8,0,0,0,0,0,0,0,8,8,0,0,0,0,0,0,0,0,0,6,2,0,0,0,4,0,0,0,0,0,4,1816,47,2,0,0,0,0,2,0,0,0,0,0,45,0,0,0,0,0,0,1769,1713,0,0,0,56,0,47,4,0,0,5,231,224,0,0,0,0,0,0,0,0,0,0,0,224,0,0,0,0,0,0,7,0,0,0,0,7,0,7,0,0,0,0
"G3600250","2010","NY","1","2","New York","36","Delaware County","025",,,,,,,,,,,,,,,"99999","99999","999",,,,,,,,,,,,,,,,,"3735902531","64765808","Delaware County","A","+42.1939865","-074.9667280","06","9",,47980,24096,202,252,265,240,229,227,222,241,248,267,260,260,260,269,300,329,341,367,518,570,472,330,281,227,225,262,222,235,191,219,228,211,223,223,200,225,237,211,235,294,285,293,260,295,285,315,384,337,375,351,389,402,402,384,406,381,400,385,382,380,368,375,412,394,291,318,309,349,281,262,221,219,209,207,203,173,170,167,140,140,146,109,131,92,92,75,65,62,55,40,34,23,16,13,9,9,3,3,0,0,2,0,0,23884,225,226,258,266,254,212,229,240,235,226,251,286,292,255,256,261,304,350,397,427,321,312,231,211,229,227,217,202,229,217,217,227,207,228,217,198,213,202,252,276,300,262,280,293,310,299,363,355,399,376,380,415,399,391,361,385,367,352,389,365,376,338,379,389,304,304,287,307,253,252,261,208,234,208,195,179,179,186,189,147,172,186,132,150,131,106,111,102,93,83,65,53,51,39,36,15,20,13,3,7,14,3,0,45545,22674,1188,1205,1336,915,527,278,233,661,1079,1046,1184,1382,1718,1962,1913,731,1085,620,887,1036,774,548,366,22871,1228,1142,1339,884,464,211,235,630,1076,1080,1133,1430,1772,1938,1845,709,1060,584,809,1094,851,714,643,2435,1422,135,62,6,0,0,0,6,0,0,56,0,0,56,0,0,0,0,0,0,0,73,2,0,0,0,71,0,0,0,0,71,0,1171,97,65,0,0,0,62,3,0,3,0,0,3,29,0,0,0,0,0,0,1074,852,0,0,0,222,6,45,131,0,34,6,116,107,0,0,0,0,0,0,0,0,0,0,0,107,0,0,0,0,0,0,9,0,0,0,0,9,0,6,0,0,1,2,1013,33,0,0,0,0,0,0,0,0,0,0,0,0,0,0,0,0,0,0,0,33,0,0,0,0,33,0,0,0,0,32,1,701,35,12,0,0,0,12,0,0,0,0,0,0,23,0,0,0,0,0,0,666,571,0,0,0,95,0,24,41,0,14,16,279,272,0,0,0,0,0,0,0,0,0,0,0,272,0,0,0,0,0,0,7,0,0,0,0,7,0,4,2,0,1,0
"G3600270","2010","NY","1","2","New York","36","Dutchess County","027",,,,,,,,,,,,,,,"39100","99999","408",,,,,,,,,,,,,,,,,"2060671707","76968747","Dutchess County","A","+41.7550085","-073.7399512","06","1",,297488,148112,1490,1463,1592,1659,1649,1663,1736,1823,1759,1877,1902,2020,1973,2088,2143,2237,2349,2467,2619,2884,2730,2517,2154,1771,1812,1802,1603,1671,1692,1691,1767,1538,1585,1584,1635,1667,1613,1659,1819,2014,2224,2123,2116,2193,2414,2553,2512,2595,2585,2609,2752,2553,2467,2423,2311,2274,2146,2057,1894,1796,1736,1671,1794,1692,1278,1258,1235,1266,1064,984,924,923,868,790,756,716,725,699,656,684,530,503,486,433,368,321,304,255,191,168,136,103,87,74,37,30,19,17,5,2,7,1,2,149376,1404,1409,1462,1531,1580,1639,1724,1738,1820,1871,1845,1827,1934,1989,1975,2125,2052,2154,2634,2877,2758,2511,2086,1619,1598,1596,1432,1476,1541,1469,1538,1469,1555,1450,1562,1595,1649,1696,1770,2136,2162,2059,2165,2244,2399,2559,2510,2570,2494,2585,2572,2398,2432,2358,2312,2266,2125,1998,1908,1900,1759,1706,1877,1875,1370,1359,1452,1358,1160,1093,1034,1058,971,953,929,789,841,830,861,789,806,681,680,657,564,582,543,480,409,403,290,250,193,163,119,113,83,62,42,20,50,9,1,277523,135930,7782,8802,9968,6602,3590,1758,1758,4849,7444,7170,7958,10135,11954,11832,9705,3278,4585,2393,3212,4124,3319,2160,1552,141593,7356,8770,9527,6176,3226,1574,1650,4698,7336,7448,8733,10896,12568,11938,10060,3411,5068,2775,3552,4794,3920,3090,3027,19965,12182,736,372,32,0,0,21,11,0,0,254,84,151,19,0,86,0,0,1,0,85,364,5,0,0,0,359,59,0,0,0,273,27,10579,5656,5271,0,0,4951,320,0,0,64,15,48,1,195,126,64,9,0,0,53,4923,3609,0,0,0,1314,101,526,322,0,236,129,867,724,118,0,0,118,0,0,0,0,0,0,0,586,20,10,4,6,0,0,143,0,0,0,0,143,1,53,42,0,22,25,7783,250,96,1,0,0,0,1,0,0,65,24,41,0,0,30,0,0,0,0,30,154,12,0,0,0,142,38,2,0,0,95,7,6014,595,337,0,0,302,35,0,0,27,12,14,1,158,73,43,1,5,0,24,5419,4636,0,0,0,783,77,304,232,0,99,71,1519,1369,0,0,0,0,0,0,0,0,0,0,0,1361,8,3,0,5,0,0,150,0,0,0,0,150,0,51,25,0,22,52
"G3600290","2010","NY","1","2","New York","36","Erie County","029",,,,,,,,,,,,,,,"15380","99999","160",,,,,,,,,,,,,,,,,"2700563452","476973805","Erie County","A","+42.7527590","-078.7781922","06","1",,919040,442971,4920,4810,5100,5162,4928,5175,5312,5439,5612,5789,5929,5782,5887,5754,6236,6354,6405,6742,6988,7407,7517,7235,6862,6743,6547,6452,6047,5681,5558,5523,5507,4925,4996,4641,4567,4809,4535,4947,5111,5768,6057,5759,5819,6015,6177,6554,6513,6776,6774,6950,7173,7085,7261,6929,6795,6888,6184,6164,5837,5599,5522,5308,5384,5234,3823,3851,3811,4053,3435,3001,2791,2772,2622,2516,2503,2514,2249,2201,2154,2017,2014,1957,1905,1770,1493,1297,1215,1004,872,687,531,395,338,213,165,128,70,61,31,19,30,3,1,476069,4848,4630,4842,4967,4831,4975,5238,5354,5335,5469,5601,5543,5623,5759,5892,6101,6224,6376,6759,6957,6942,6945,6798,6627,6550,6289,5763,5699,5592,5503,5617,5050,5018,4691,4787,4974,4706,4982,5479,6175,6228,5971,6206,6315,6509,6886,6870,7071,7040,7488,7686,7628,7747,7343,7270,7249,6615,6517,6375,6139,5930,5846,5717,5811,4426,4274,4544,4675,4193,3674,3590,3584,3353,3356,3331,3389,3098,3058,3115,3230,3190,3085,2905,2818,2666,2627,2287,2124,1895,1596,1322,1083,985,700,532,419,323,218,162,102,159,13,0,890653,427688,24895,27298,29454,19281,11518,6254,6291,18792,28030,23645,24278,28859,32507,34447,30168,10662,14254,7567,10357,12993,10881,8802,6455,462965,24094,26355,28371,18565,10577,5669,6073,19094,28450,24959,26145,31026,35107,37452,32667,11666,15830,8724,12374,16866,15363,13713,13825,28387,15283,408,311,75,0,0,5,70,0,0,188,74,95,19,0,48,30,0,0,0,18,97,8,0,0,0,89,59,3,0,0,3,24,13241,5593,5051,0,0,3549,1451,51,0,32,16,16,0,358,152,124,22,5,0,1,7648,5460,0,0,0,2188,221,1339,248,0,53,327,1634,1394,84,0,0,76,8,0,0,0,0,0,0,1286,24,9,6,9,0,0,240,0,0,0,0,240,9,84,51,0,0,96,13104,223,144,5,0,0,0,5,0,0,122,30,89,3,0,17,8,0,0,0,9,79,12,0,0,0,67,33,13,0,0,0,21,8071,606,178,0,0,0,171,7,0,25,11,14,0,320,83,66,9,0,0,8,7465,6194,0,0,0,1271,123,825,103,0,0,220,4810,4097,0,0,0,0,0,0,0,0,0,0,0,4066,31,17,5,9,0,0,713,0,0,0,0,713,9,111,146,0,0,447
"G3600310","2010","NY","1","2","New York","36","Essex County","031",,,,,,,,,,,,,,,"99999","99999","999",,,,,,,,,,,,,,,,,"4647029522","315977756","Essex County","A","+44.1089711","-073.7775726","06","9",,39370,20391,187,180,192,182,184,205,190,180,206,198,210,229,195,233,259,274,307,300,229,202,221,206,237,234,266,251,240,274,292,279,266,283,249,266,281,274,261,269,270,267,256,270,285,290,295,310,314,325,337,329,356,343,348,369,310,308,303,316,328,307,298,267,310,290,189,249,235,240,210,173,158,172,118,157,126,169,120,124,104,101,107,94,81,87,69,65,44,41,42,36,31,15,8,8,10,5,2,0,6,1,1,1,0,18979,176,191,168,182,210,199,175,162,206,184,209,211,232,225,201,265,240,239,199,196,151,160,204,181,196,180,186,190,156,198,184,193,209,193,177,192,188,204,197,227,222,246,250,226,282,304,316,313,310,302,331,306,297,305,339,299,309,329,301,285,283,285,286,264,220,225,224,211,197,212,203,160,181,162,152,160,136,126,137,152,131,126,143,116,100,89,97,88,56,74,54,52,38,40,22,22,17,10,9,4,6,1,0,36723,18153,921,976,1107,757,362,190,168,539,935,905,1030,1189,1474,1638,1520,556,777,475,615,719,603,408,289,18570,925,925,1076,691,343,144,159,573,899,944,1003,1222,1534,1569,1516,567,762,445,612,843,681,571,566,2647,2238,150,51,2,0,0,2,0,0,0,49,0,49,0,0,0,0,0,0,0,0,99,0,0,0,0,99,0,0,0,0,99,0,1987,1834,1822,0,1217,537,68,0,0,2,0,2,0,10,0,0,0,0,0,0,153,30,0,0,0,123,0,48,4,0,71,0,101,82,6,0,0,6,0,0,0,0,0,0,0,54,22,0,0,22,0,0,19,0,0,0,0,19,0,10,6,0,3,0,409,58,0,0,0,0,0,0,0,0,0,0,0,0,0,0,0,0,0,0,0,58,8,0,0,0,50,0,1,0,0,49,0,136,18,6,0,5,0,1,0,0,0,0,0,0,12,0,0,0,0,0,0,118,45,0,0,0,73,0,23,4,0,46,0,215,195,0,0,0,0,0,0,0,0,0,0,0,135,60,0,0,60,0,0,20,0,0,0,0,20,0,4,4,0,12,0
"G3600330","2010","NY","1","2","New York","36","Franklin County","033",,,,,,,,,,,,,,,"31660","99999","999",,,,,,,,,,,,,,,,,"4219398044","177032265","Franklin County","A","+44.5943743","-074.3106698","06","2",,51599,28336,266,315,293,292,297,300,300,319,290,274,314,300,295,306,343,334,372,359,418,496,471,501,481,464,503,486,491,433,484,477,457,410,448,426,367,348,340,355,376,434,385,376,442,444,481,498,447,471,457,458,487,461,486,392,404,363,382,357,382,323,344,314,337,309,207,253,218,221,200,208,153,139,154,133,140,124,112,126,108,120,94,82,93,71,53,63,54,29,35,23,26,15,10,12,7,5,2,4,4,2,1,0,0,23263,259,251,255,302,288,287,254,260,273,297,260,291,252,295,299,341,355,332,331,293,301,275,283,280,265,254,273,291,289,250,287,228,245,251,234,235,244,257,290,318,279,291,314,317,337,386,368,370,378,367,404,368,406,345,381,353,356,316,315,287,286,295,294,317,222,245,257,202,181,215,174,164,180,161,148,158,130,140,160,132,135,128,121,102,102,81,79,73,63,51,37,42,28,27,16,18,13,6,8,4,4,1,0,45199,22479,1462,1477,1555,1057,572,289,266,767,1335,1212,1233,1518,1827,1874,1634,622,803,448,604,703,575,379,267,22720,1354,1371,1392,1020,509,251,254,792,1334,1229,1324,1521,1844,1884,1614,573,822,494,593,818,708,561,458,6400,5857,18,11,7,0,0,2,5,0,0,4,1,3,0,0,0,0,0,0,0,0,7,0,0,0,0,7,1,0,0,0,0,6,5721,4797,4789,0,0,4705,84,0,0,3,3,0,0,5,0,0,0,0,0,0,924,649,0,0,0,275,15,107,81,0,2,70,118,51,30,0,0,30,0,0,0,0,0,0,0,21,0,0,0,0,0,0,67,2,0,0,0,65,0,48,3,0,0,14,543,14,11,0,0,0,0,0,0,0,11,6,5,0,0,0,0,0,0,0,0,3,1,0,0,0,2,0,0,0,0,0,2,375,45,42,0,0,25,17,0,0,3,2,1,0,0,0,0,0,0,0,0,330,215,0,0,0,115,0,64,27,0,0,24,154,80,0,0,0,0,0,0,0,0,0,0,0,80,0,0,0,0,0,0,74,0,0,0,0,74,2,67,0,0,0,5
"G3600350","2010","NY","1","2","New York","36","Fulton County","035",,,,,,,,,,,,,,,"24100","99999","104",,,,,,,,,,,,,,,,,"1283258864","96893251","Fulton County","A","+43.1156093","-074.4236782","06","2",,55531,27465,305,322,311,287,337,301,329,323,358,348,369,328,387,363,383,398,413,412,357,359,291,354,311,288,318,329,323,323,329,366,335,305,310,289,313,318,312,332,334,443,388,360,370,398,430,437,447,445,434,505,435,476,443,410,429,392,422,402,353,371,366,381,393,405,250,289,271,277,224,184,205,198,189,188,148,162,125,140,146,106,108,118,93,94,86,92,79,51,63,46,33,28,22,19,9,8,4,3,1,0,1,0,0,28066,271,279,335,307,301,289,297,326,343,357,331,337,364,348,368,369,396,434,363,336,305,270,242,297,300,319,348,321,296,309,300,313,288,305,277,294,291,355,368,390,372,350,378,377,418,407,482,415,468,428,455,435,441,412,420,430,380,405,421,350,402,397,384,344,265,320,281,304,286,242,196,210,216,196,197,173,163,196,174,158,175,183,153,157,137,139,119,110,110,112,80,72,61,47,34,33,24,7,11,8,7,0,0,54057,26531,1562,1658,1828,1203,695,285,333,857,1527,1435,1631,1869,2180,2118,1900,737,1033,552,672,915,659,473,409,27526,1493,1612,1743,1161,691,302,270,829,1580,1465,1683,1876,2187,2148,1964,794,988,593,820,991,832,745,759,1474,934,23,22,3,0,0,0,3,0,0,19,2,0,17,0,0,0,0,0,0,0,1,0,0,0,0,1,0,1,0,0,0,0,781,500,487,0,0,431,56,0,0,3,3,0,0,10,0,0,0,0,0,0,281,0,0,0,0,281,20,158,52,0,0,51,130,92,0,0,0,0,0,0,0,0,0,0,0,92,0,0,0,0,0,0,38,0,0,0,0,38,2,29,4,0,0,3,540,43,43,0,0,0,0,0,0,0,43,0,0,43,0,0,0,0,0,0,0,0,0,0,0,0,0,0,0,0,0,0,0,146,27,9,0,0,0,9,0,0,3,0,0,3,15,0,0,0,0,0,0,119,0,0,0,0,119,0,89,9,0,0,21,351,319,0,0,0,0,0,0,0,0,0,0,0,319,0,0,0,0,0,0,32,0,0,0,0,32,0,30,0,0,0,2
"G3600370","2010","NY","1","2","New York","36","Genesee County","037",,,,,,,,,,,,,,,"12860","99999","464",,,,,,,,,,,,,,,,,"1276697637","6142600","Genesee County","A","+43.0009096","-078.1927784","06","2",,60079,29756,343,333,358,324,386,320,340,365,345,386,356,380,395,361,400,412,412,486,453,425,408,400,370,373,414,390,358,383,334,345,354,322,292,330,304,312,325,329,376,434,428,400,402,431,416,465,530,452,505,541,503,514,541,523,445,476,480,409,394,366,369,343,358,366,292,281,263,305,241,221,193,200,190,205,185,157,165,153,147,141,120,126,98,124,93,76,85,69,56,54,44,20,21,17,9,5,3,3,2,1,1,0,0,30323,323,312,339,369,307,359,323,323,360,346,390,374,355,380,408,444,422,423,503,424,406,303,366,348,334,308,303,356,342,359,318,270,295,287,294,277,324,323,356,371,446,434,412,400,452,484,482,479,489,550,512,499,558,477,503,452,420,396,376,372,443,320,366,359,302,285,252,312,286,242,241,229,235,199,217,206,172,161,189,179,183,174,184,200,149,146,137,102,127,99,103,61,48,61,42,36,24,15,6,6,8,0,0,58171,28535,1744,1755,1888,1301,774,360,362,1057,1660,1481,1657,1981,2411,2457,2086,703,1000,536,763,953,734,503,369,29636,1650,1708,1904,1283,749,376,289,1020,1658,1460,1641,2126,2465,2531,2002,754,1021,532,830,1109,880,830,818,1908,1221,14,12,1,0,0,0,1,0,0,0,0,0,0,0,11,0,0,0,0,11,2,2,0,0,0,0,0,0,0,0,0,0,991,718,676,609,0,0,67,0,0,0,0,0,0,28,14,0,0,0,0,14,273,139,0,0,0,134,0,47,39,0,37,11,216,211,0,0,0,0,0,0,0,0,0,0,0,210,1,0,0,1,0,0,5,0,0,0,0,5,0,0,3,0,2,0,687,12,11,0,0,0,0,0,0,0,0,0,0,0,0,11,0,0,0,0,11,1,0,0,0,0,1,0,0,0,0,1,0,358,27,4,3,0,0,1,0,0,0,0,0,0,19,4,0,0,0,0,4,331,229,0,0,0,102,0,59,13,0,26,4,317,313,0,0,0,0,0,0,0,0,0,0,0,313,0,0,0,0,0,0,4,0,0,0,0,4,0,3,0,0,0,1
"G3600390","2010","NY","1","2","New York","36","Greene County","039",,,,,,,,,,,,,,,"99999","99999","999",,,,,,,,,,,,,,,,,"1676140222","28201066","Greene County","A","+42.2869511","-074.1494949","06","9",,49221,25680,234,223,229,258,232,249,246,259,230,249,258,274,272,301,303,305,347,383,450,562,551,520,325,296,300,284,267,284,262,265,267,287,256,256,278,305,283,304,270,301,346,373,370,367,374,378,452,477,422,423,445,393,441,431,405,379,372,341,393,393,352,329,387,366,277,294,294,326,261,223,222,187,205,198,159,177,160,127,129,154,112,106,124,100,66,66,49,42,43,35,29,33,14,13,7,4,3,1,5,0,1,0,0,23541,237,215,207,235,236,208,223,231,257,251,287,279,268,276,313,297,341,269,261,245,252,238,228,215,234,236,219,212,202,186,203,198,240,238,214,271,248,273,294,330,306,289,322,314,353,347,390,388,383,432,407,423,407,369,410,350,365,401,374,353,377,348,358,382,281,314,321,283,252,244,210,194,205,170,186,170,167,160,172,140,164,133,142,134,101,96,112,81,81,53,69,54,48,26,20,13,9,4,8,5,4,0,0,45821,22641,1167,1220,1393,952,571,213,246,654,1050,1059,1232,1612,1930,2001,1821,656,1003,574,797,956,723,486,325,23180,1122,1154,1406,897,497,245,235,667,1035,1080,1405,1564,1924,2005,1833,720,1013,629,773,953,790,643,590,3400,3039,120,75,75,0,0,73,2,0,0,0,0,0,0,0,0,0,0,0,0,0,45,0,0,0,0,45,0,0,0,0,0,45,2811,2721,2712,0,0,2667,45,0,0,0,0,0,0,9,0,0,0,0,0,0,90,0,0,0,0,90,0,33,0,0,5,52,108,87,34,0,0,34,0,0,0,0,0,0,0,53,0,0,0,0,0,0,21,0,0,0,0,21,0,2,0,0,0,19,361,51,0,0,0,0,0,0,0,0,0,0,0,0,0,0,0,0,0,0,0,51,0,0,0,0,51,0,0,0,0,0,51,143,24,8,0,0,0,8,0,0,0,0,0,0,16,0,0,0,0,0,0,119,0,0,0,0,119,0,10,0,0,0,109,167,146,0,0,0,0,0,0,0,0,0,0,0,146,0,0,0,0,0,0,21,0,0,0,0,21,0,6,0,0,2,13
"G3600410","2010","NY","1","2","New York","36","Hamilton County","041",,,,,,,,,,,,,,,"99999","99999","999",,,,,,,,,,,,,,,,,"4447975965","234214069","Hamilton County","A","+43.6578786","-074.5024556","06","9",,4836,2446,17,17,13,28,19,32,24,14,30,18,26,27,28,24,30,23,18,21,21,17,15,30,15,18,19,17,10,11,24,21,18,30,14,17,9,18,23,31,26,23,35,27,27,25,37,38,50,36,46,37,32,42,44,45,46,54,51,51,59,53,37,49,48,46,41,38,37,41,46,40,28,28,26,23,22,17,19,18,20,18,23,20,21,12,13,15,6,3,4,2,8,2,2,0,1,0,1,0,0,0,0,0,0,2390,12,18,11,12,21,14,23,30,23,24,14,29,18,24,27,28,25,33,19,12,17,17,12,14,15,14,18,22,25,20,23,19,15,12,19,25,16,25,34,29,21,25,29,19,32,46,25,41,39,41,41,33,49,59,47,51,52,53,30,56,45,45,46,44,37,37,35,48,40,26,29,24,29,22,33,15,30,14,23,19,19,12,22,20,11,6,10,6,7,18,5,4,4,2,2,2,1,0,0,0,1,0,0,4756,2392,94,118,135,62,38,15,20,52,83,88,120,141,199,206,261,84,130,74,122,127,90,89,44,2364,74,114,112,86,31,17,13,41,99,88,129,124,189,224,235,89,125,72,113,136,101,84,68,80,54,0,0,0,0,0,0,0,0,0,0,0,0,0,0,0,0,0,0,0,0,0,0,0,0,0,0,0,0,0,0,0,0,46,2,1,0,0,0,1,0,0,0,0,0,0,1,0,0,0,0,0,0,44,0,0,0,0,44,0,22,22,0,0,0,8,0,0,0,0,0,0,0,0,0,0,0,0,0,0,0,0,0,0,0,8,0,0,0,0,8,0,6,2,0,0,0,26,0,0,0,0,0,0,0,0,0,0,0,0,0,0,0,0,0,0,0,0,0,0,0,0,0,0,0,0,0,0,0,0,24,0,0,0,0,0,0,0,0,0,0,0,0,0,0,0,0,0,0,0,24,0,0,0,0,24,0,16,8,0,0,0,2,0,0,0,0,0,0,0,0,0,0,0,0,0,0,0,0,0,0,0,2,0,0,0,0,2,0,2,0,0,0,0
"G3600430","2010","NY","1","2","New York","36","Herkimer County","043",,,,,,,,,,,,,,,"46540","99999","999",,,,,,,,,,,,,,,,,"3655689412","120400469","Herkimer County","A","+43.4616351","-074.8946938","06","1",,64519,31579,355,328,359,374,383,385,370,382,420,384,426,397,442,404,438,439,453,485,524,548,471,372,350,365,338,318,341,355,381,356,349,329,304,297,308,362,355,349,375,416,358,393,412,398,454,476,510,512,514,480,528,522,520,503,474,464,466,494,491,416,423,457,449,423,329,327,350,340,278,241,223,239,222,215,235,193,146,171,175,166,139,136,121,130,120,104,92,64,91,61,38,29,24,17,17,11,4,5,1,1,0,0,0,32940,350,329,370,367,377,369,398,353,364,408,407,394,397,397,431,476,485,402,561,542,429,358,332,376,370,351,297,341,333,355,347,325,328,314,317,326,345,353,380,384,445,424,413,393,451,461,545,495,510,508,501,533,518,518,472,499,465,505,465,466,458,432,482,391,322,301,323,368,327,259,281,262,247,259,238,202,224,220,216,224,193,233,202,190,183,191,161,147,126,138,74,88,62,53,50,19,18,21,13,10,7,0,0,63093,30966,1798,1940,2107,1374,875,408,347,1033,1727,1568,1839,2005,2475,2524,2306,869,1193,671,854,1112,822,619,500,32127,1793,1892,2025,1358,888,378,333,1058,1655,1623,1783,2114,2497,2525,2377,878,1180,621,942,1265,1038,934,970,1426,613,5,2,1,0,0,0,1,0,0,0,0,0,0,0,1,1,0,0,0,0,3,1,0,0,0,2,2,0,0,0,0,0,460,46,20,0,0,0,20,0,0,0,0,0,0,26,0,0,0,0,0,0,414,305,0,0,0,109,9,71,8,0,5,16,148,125,0,0,0,0,0,0,0,0,0,0,0,125,0,0,0,0,0,0,23,0,0,0,0,23,0,12,0,0,0,11,813,6,0,0,0,0,0,0,0,0,0,0,0,0,0,0,0,0,0,0,0,6,5,0,0,0,1,1,0,0,0,0,0,447,38,6,0,0,0,6,0,0,0,0,0,0,30,2,2,0,0,0,0,409,302,0,0,0,107,4,87,6,0,6,4,360,352,0,0,0,0,0,0,0,0,0,0,0,352,0,0,0,0,0,0,8,0,0,0,0,8,0,5,0,0,0,3
"G3600450","2010","NY","1","2","New York","36","Jefferson County","045",,,,,,,,,,,,,,,"48060","99999","999",,,,,,,,,,,,,,,,,"3285632368","1524548726","Jefferson County","A","+43.9953714","-076.0535218","06","2",,116229,59185,1034,1051,1009,891,948,818,824,740,758,792,770,759,742,767,775,731,777,801,863,960,1114,1296,1345,1266,1293,1181,1149,1047,1052,954,921,881,813,784,676,722,671,664,774,854,821,737,742,744,861,778,769,793,724,830,779,769,726,730,687,652,644,626,590,612,596,581,556,562,406,447,429,387,383,314,303,262,277,227,269,236,218,200,179,188,166,165,138,132,119,104,87,91,73,62,44,32,24,14,12,9,7,1,3,0,1,0,0,57044,1001,957,971,917,856,789,832,847,798,706,799,728,732,728,708,755,748,774,704,694,888,884,898,976,995,1007,945,906,910,899,815,777,751,731,640,665,655,659,725,730,773,698,704,726,759,787,793,775,809,797,745,730,743,773,704,679,673,637,598,537,595,566,586,573,406,455,424,450,415,294,300,296,320,305,305,269,265,275,259,262,254,252,238,223,193,225,200,153,166,121,96,83,78,57,35,29,24,15,7,15,17,3,0,110059,54095,4931,3930,3809,2275,1428,695,778,2705,4477,3638,3382,3641,3701,3565,3056,1154,1501,869,1067,1314,992,674,513,55964,4699,3970,3686,2260,1325,832,819,2728,4584,3680,3398,3642,3936,3675,3099,1142,1554,867,1130,1491,1277,1070,1100,6170,5090,42,33,7,0,0,0,7,0,0,26,4,22,0,0,0,0,0,0,0,0,9,0,7,7,0,2,1,0,0,0,1,0,4874,1532,1479,0,0,1359,120,0,0,17,0,17,0,34,2,0,2,0,0,0,3342,0,3186,3186,0,156,8,132,13,0,1,2,174,155,10,0,0,10,0,0,0,0,0,0,0,142,3,0,3,0,0,0,19,0,0,0,0,19,0,5,0,0,0,14,1080,31,23,0,0,0,0,0,0,0,23,3,20,0,0,0,0,0,0,0,0,8,0,4,4,0,4,1,2,0,0,1,0,606,59,23,0,0,0,23,0,0,0,0,0,0,31,5,0,5,0,0,0,547,0,417,417,0,130,11,111,0,0,4,4,443,394,0,0,0,0,0,0,0,0,0,0,0,388,6,0,6,0,0,0,49,0,0,0,0,49,0,17,0,0,0,32
"G3600470","2010","NY","1","2","New York","36","Kings County","047",,,,,,,,,,,,,,,"35620","35644","408",,,,,,,,,,,,,,,,,"183412016","67602622","Kings County","C","+40.6351332","-073.9507774","06","1",,2504700,1181378,19295,18201,17972,17877,17070,16913,16264,16081,15981,16117,16027,15375,15755,15917,16530,16845,16939,17576,17421,17935,18565,18435,18839,19658,21166,21755,20812,21584,21254,20649,22074,19494,19430,18371,17785,18539,16559,16525,16536,16659,17483,15292,14926,14495,14951,16314,15194,15307,14571,14766,15958,14640,14614,14065,14060,14308,12699,12547,12228,12007,12608,11549,11663,10740,8681,8403,7444,7117,6591,6322,6533,6048,5873,5287,5010,4771,4195,4097,3729,3745,3590,3246,3070,2723,2614,2273,1956,1734,1443,1196,1006,794,536,426,328,257,183,141,94,71,74,11,1,1323322,18050,17648,17525,16915,16645,16071,15696,15506,15177,15585,15385,15139,15077,15491,15867,16565,16529,16772,16811,17291,17757,18129,19706,21270,22272,23827,23051,23634,23291,22985,23598,21279,20981,20159,19687,19874,17994,18056,18150,18756,18880,17152,16965,16651,17102,18002,17801,17555,16964,17637,18373,17026,17225,17166,16939,17175,15701,15186,15214,14840,15548,14370,14340,13531,11077,10842,9416,9482,9096,8720,9056,8455,8247,7443,7309,6838,6206,6152,5892,6007,6096,5542,5426,5166,4884,4625,4162,3460,3066,2723,2098,1673,1541,1179,987,828,590,467,327,217,435,44,4,2469091,1162558,89814,80899,79210,51071,34580,18044,17962,58487,104552,95653,83498,75676,74639,71821,62608,23785,30572,15576,19672,28100,19910,14677,11752,1306533,86129,77642,76618,49633,32864,17165,17653,62253,115753,104899,92186,85972,87125,85944,77482,29647,38536,20051,26958,39872,30303,26001,25847,35609,18820,1741,239,3,0,0,0,0,3,0,170,67,10,93,0,66,55,1,0,0,10,1502,6,0,0,0,1496,1312,27,3,0,8,146,13834,3830,2188,1954,0,129,8,97,0,36,33,3,0,1150,456,384,36,0,0,36,10004,2042,11,11,0,7951,2746,1795,1117,0,134,2159,3245,2669,21,21,0,0,0,0,0,0,0,0,0,2565,83,81,2,0,0,0,576,0,0,0,0,576,104,130,25,0,53,264,16789,1621,176,1,0,0,0,0,1,0,110,72,13,25,0,65,48,0,0,0,17,1445,3,0,0,0,1442,1312,4,4,0,0,122,9499,1404,137,111,0,7,0,19,0,56,50,6,0,884,327,292,29,0,0,6,8095,2476,2,2,0,5617,2859,1009,463,0,78,1208,5669,4979,3,3,0,0,0,0,0,0,0,0,0,4862,114,112,2,0,0,0,690,0,0,0,0,690,76,131,25,0,105,353
"G3600490","2010","NY","1","2","New York","36","Lewis County","049",,,,,,,,,,,,,,,"99999","99999","999",,,,,,,,,,,,,,,,,"3301404174","39580834","Lewis County","A","+43.7863965","-075.4426165","06","9",,27087,13620,198,181,176,176,187,184,181,177,194,190,156,187,197,185,207,196,192,200,193,170,164,164,167,166,161,159,139,142,164,152,182,139,146,131,140,157,148,156,173,180,183,171,163,173,167,210,220,218,234,254,230,208,229,231,217,227,188,220,174,194,168,186,173,142,115,125,120,113,123,109,92,108,78,82,85,77,95,64,73,68,78,57,41,51,38,38,29,21,28,20,14,12,9,12,0,7,1,0,0,0,0,0,0,13467,186,171,152,160,189,163,181,155,188,192,198,182,194,192,180,219,208,229,169,132,136,139,130,151,137,132,143,146,158,178,157,138,141,154,136,145,124,170,171,169,190,153,153,145,201,224,212,211,224,197,253,204,237,206,209,202,196,218,177,155,175,124,137,155,106,129,130,128,107,90,107,91,115,86,78,94,90,83,97,93,63,69,56,72,77,48,48,42,38,36,25,19,35,20,9,8,10,4,6,0,5,0,0,26774,13451,918,926,932,588,357,157,156,477,741,725,801,850,1131,1108,996,351,425,242,343,439,365,251,172,13323,858,879,946,656,299,135,139,417,755,722,774,839,1062,1107,946,296,397,256,322,470,436,319,293,313,169,0,0,0,0,0,0,0,0,0,0,0,0,0,0,0,0,0,0,0,0,0,0,0,0,0,0,0,0,0,0,0,0,113,33,27,0,0,0,27,0,0,0,0,0,0,6,0,0,0,0,0,0,80,0,0,0,0,80,0,23,5,0,51,1,56,50,0,0,0,0,0,0,0,0,0,0,0,50,0,0,0,0,0,0,6,0,0,0,0,6,0,6,0,0,0,0,144,0,0,0,0,0,0,0,0,0,0,0,0,0,0,0,0,0,0,0,0,0,0,0,0,0,0,0,0,0,0,0,0,32,3,2,0,0,0,2,0,0,0,0,0,0,1,0,0,0,0,0,0,29,0,0,0,0,29,0,20,3,0,6,0,112,97,0,0,0,0,0,0,0,0,0,0,0,97,0,0,0,0,0,0,15,0,0,0,0,15,0,12,3,0,0,0
"G3600510","2010","NY","1","2","New York","36","Livingston County","051",,,,,,,,,,,,,,,"40380","99999","464",,,,,,,,,,,,,,,,,"1636257346","22005748","Livingston County","A","+42.7274845","-077.7697795","06","1",,65393,32816,330,294,335,328,353,352,340,337,386,359,433,402,394,400,414,423,425,483,645,842,898,791,629,475,404,412,397,359,385,340,361,333,347,332,355,317,316,366,344,468,500,417,427,428,485,556,529,559,546,528,587,578,544,526,528,478,507,473,449,392,444,407,410,401,249,298,288,287,255,199,210,186,187,203,176,170,137,170,129,116,121,134,106,102,98,75,53,55,51,40,35,20,17,14,10,10,4,0,2,0,6,0,0,32577,310,289,300,338,321,336,359,330,353,353,369,357,381,390,401,394,420,428,712,908,992,923,629,353,289,330,319,313,317,297,295,271,277,291,329,296,300,311,379,396,422,421,396,439,495,522,491,547,531,527,561,529,494,518,499,476,494,435,426,433,413,416,402,388,325,310,300,300,236,238,247,204,220,175,210,237,184,169,179,180,171,148,145,135,137,127,114,101,115,73,80,61,68,46,22,28,16,23,4,13,5,0,0,59635,29299,1640,1774,2040,1321,715,516,593,1236,1525,1446,1587,1986,2455,2589,2203,823,1038,574,729,935,701,530,343,30336,1558,1729,1898,1234,569,556,700,1152,1555,1455,1673,2159,2598,2584,2258,820,1112,601,771,1033,914,701,706,5758,3517,13,8,3,0,0,2,1,0,0,5,5,0,0,0,0,0,0,0,0,0,5,4,0,0,0,1,0,0,0,0,1,0,3352,1815,1814,0,0,1730,84,0,0,0,0,0,0,1,0,0,0,0,0,0,1537,1397,0,0,0,140,0,117,6,0,8,9,152,99,24,0,0,24,0,0,0,0,0,0,0,75,0,0,0,0,0,0,53,0,0,0,0,53,0,29,6,0,0,18,2241,10,3,0,0,0,0,0,0,0,3,3,0,0,0,0,0,0,0,0,0,7,7,0,0,0,0,0,0,0,0,0,0,1936,6,1,0,0,0,1,0,0,4,4,0,0,1,0,0,0,0,0,0,1930,1833,0,0,0,97,0,80,6,0,11,0,295,262,0,0,0,0,0,0,0,0,0,0,0,262,0,0,0,0,0,0,33,0,0,0,0,33,0,27,6,0,0,0
"G3600530","2010","NY","1","2","New York","36","Madison County","053",,,,,,,,,,,,,,,"45060","99999","532",,,,,,,,,,,,,,,,,"1696033233","16681306","Madison County","A","+42.9100255","-075.6635749","06","1",,73442,36064,341,388,420,408,419,403,415,393,412,481,474,478,490,543,488,504,536,540,790,978,885,814,598,431,409,375,386,393,387,335,391,388,322,295,352,349,350,362,419,445,476,424,453,524,534,610,554,540,588,631,601,634,618,585,564,496,526,498,515,472,432,457,444,443,300,354,321,355,287,277,230,220,240,227,200,198,138,163,162,161,154,132,101,108,109,67,84,74,45,40,30,22,24,13,7,3,6,2,2,0,1,1,0,37378,355,361,419,403,389,374,383,434,428,444,456,497,429,465,475,516,532,512,850,1116,921,885,597,409,375,356,374,376,338,368,371,311,349,339,363,375,333,352,431,497,495,472,477,508,548,555,597,605,596,582,621,593,604,617,593,550,513,535,471,496,426,421,466,456,342,336,348,364,344,312,244,275,251,229,231,229,189,196,196,196,183,165,200,161,130,138,118,103,99,84,71,70,58,45,34,32,18,11,8,3,10,0,0,68309,33690,1975,2104,2473,1573,826,446,486,1199,1791,1705,1893,2361,2878,2973,2495,881,1176,673,912,1106,807,576,381,34619,1925,2063,2322,1548,703,421,482,1186,1783,1726,1979,2494,2925,3016,2558,844,1258,679,1012,1217,977,770,731,5133,2374,8,3,2,0,0,0,2,0,0,1,1,0,0,0,0,0,0,0,0,0,5,4,0,0,0,1,1,0,0,0,0,0,2263,241,235,0,0,146,89,0,0,0,0,0,0,6,0,0,0,0,0,0,2022,1929,0,0,0,93,1,79,10,0,0,3,103,86,2,0,0,0,2,0,0,0,0,0,0,84,0,0,0,0,0,0,17,0,0,0,0,17,0,17,0,0,0,0,2759,14,7,2,0,0,0,2,0,0,5,5,0,0,0,0,0,0,0,0,0,7,5,0,0,0,2,2,0,0,0,0,0,2450,41,25,0,0,2,23,0,0,0,0,0,0,16,0,0,0,0,0,0,2409,2366,0,0,0,43,2,33,7,0,0,1,295,281,0,0,0,0,0,0,0,0,0,0,0,281,0,0,0,0,0,0,14,0,0,0,0,14,0,14,0,0,0,0
"G3600550","2010","NY","1","2","New York","36","Monroe County","055",,,,,,,,,,,,,,,"40380","99999","464",,,,,,,,,,,,,,,,,"1702154292","1837658838","Monroe County","A","+43.4644751","-077.6646556","06","1",,744344,359108,4331,4361,4467,4487,4389,4472,4561,4697,4528,4754,4910,4843,4959,4931,4984,5167,5550,5678,6404,6890,6673,6357,5882,5274,5251,5293,4830,4648,4585,4557,4650,3955,4030,3828,3832,4268,3633,3854,4038,4798,5152,4745,4576,4699,4915,5507,5391,5383,5392,5472,5916,5434,5592,5275,5220,5227,4917,4705,4624,4356,4406,4015,4143,4253,3063,2987,3029,3098,2664,2186,2154,2054,1955,1798,1774,1748,1535,1479,1468,1500,1408,1286,1255,1149,1074,965,840,750,702,587,447,360,260,206,138,93,80,45,22,10,24,1,0,385236,4132,4114,4251,4403,4347,4202,4323,4417,4544,4618,4665,4727,4652,4709,4876,4916,5346,5388,5967,6404,6387,5926,5697,5426,5302,5449,4865,4811,4825,4813,4969,4364,4277,4222,4135,4400,3995,4208,4580,5122,5349,5072,4941,5087,5366,5760,5680,5737,5973,6025,6171,5912,5716,5612,5489,5617,5295,5148,5060,4823,4759,4592,4703,4544,3568,3559,3436,3621,3041,2584,2595,2605,2419,2231,2281,2156,2035,2127,2064,2066,2046,1883,1969,1960,1871,1737,1624,1469,1346,1179,1014,747,690,541,459,348,230,197,109,75,140,9,0,718061,346022,21957,22953,24516,16157,9317,5157,5366,15412,23237,19842,20231,23615,26602,26957,23430,8291,11311,5943,7861,9575,7514,5864,4914,372039,21173,22072,23573,15533,8502,4786,4836,15725,24461,21742,22115,25642,28962,28683,25756,9280,12691,6930,9120,11874,10034,9011,9538,26283,13086,486,308,46,0,0,0,46,0,0,201,59,37,105,0,61,4,0,0,0,57,178,15,0,0,0,163,133,2,1,0,2,25,11140,1870,1305,0,0,0,1217,88,0,69,48,10,11,306,190,178,2,4,0,6,9270,7111,0,0,0,2159,205,1087,360,0,9,498,1460,1185,2,0,0,0,2,0,0,0,0,0,0,1138,45,13,25,7,0,0,275,0,0,0,0,275,2,110,8,0,83,72,13197,279,146,10,0,0,0,10,0,0,82,60,15,7,0,54,10,0,0,0,44,133,27,0,0,0,106,89,2,0,0,3,12,8962,551,136,0,0,0,132,4,0,18,14,4,0,296,101,95,2,2,0,2,8411,7208,0,0,0,1203,192,698,123,0,13,177,3956,3301,0,0,0,0,0,0,0,0,0,0,0,3198,103,15,86,2,0,0,655,0,0,0,0,655,5,222,3,0,157,268
"G3600570","2010","NY","1","2","New York","36","Montgomery County","057",,,,,,,,,,,,,,,"11220","99999","104",,,,,,,,,,,,,,,,,"1043875858","18939233","Montgomery County","A","+42.9008912","-074.4353575","06","2",,50219,24447,314,326,319,317,297,338,332,345,330,323,337,339,334,326,354,371,350,400,308,305,330,299,300,288,276,332,286,304,265,287,267,285,258,255,289,267,270,279,293,339,304,283,313,308,328,336,344,351,364,381,361,369,379,367,378,393,349,388,390,353,340,285,318,342,224,223,255,214,186,172,167,135,141,114,144,139,120,124,119,118,135,113,136,110,81,95,78,78,54,54,37,38,26,19,16,5,9,4,3,3,0,0,0,25772,311,306,306,290,276,305,285,290,307,321,333,337,345,335,309,375,345,373,282,297,264,302,254,322,280,338,298,323,316,285,286,291,276,234,257,279,265,300,324,361,313,292,339,321,344,369,338,380,390,375,412,384,397,373,355,390,382,346,320,349,325,335,337,314,245,228,235,260,213,180,174,174,183,195,158,159,173,157,191,202,185,183,164,168,153,180,131,134,135,108,85,72,65,58,37,35,29,21,18,10,10,1,0,49299,24077,1573,1668,1689,1116,600,318,294,842,1447,1330,1425,1523,1756,1833,1864,618,875,470,561,683,599,536,457,25222,1489,1508,1659,1092,574,263,300,849,1555,1333,1519,1593,1843,1909,1765,652,882,458,641,869,842,778,849,920,370,6,6,2,0,0,0,2,0,0,4,4,0,0,0,0,0,0,0,0,0,0,0,0,0,0,0,0,0,0,0,0,0,205,102,89,0,0,0,89,0,0,0,0,0,0,13,0,0,0,0,0,0,103,0,0,0,0,103,0,78,25,0,0,0,159,141,0,0,0,0,0,0,0,0,0,0,0,141,0,0,0,0,0,0,18,0,0,0,0,18,0,13,2,0,0,3,550,1,1,0,0,0,0,0,0,0,1,1,0,0,0,0,0,0,0,0,0,0,0,0,0,0,0,0,0,0,0,0,0,122,38,16,0,0,0,16,0,0,0,0,0,0,22,0,0,0,0,0,0,84,0,0,0,0,84,0,81,3,0,0,0,427,379,0,0,0,0,0,0,0,0,0,0,0,379,0,0,0,0,0,0,48,0,0,0,0,48,0,42,5,0,0,1
"G3600590","2010","NY","1","2","New York","36","Nassau County","059",,,,,,,,,,,,,,,"35620","35004","408",,,,,,,,,,,,,,,,,"737411094","436460605","Nassau County","A","+40.7296870","-073.5893844","06","1",,1339532,647978,7002,7329,7601,7729,8066,8259,8430,8630,8507,8942,9258,9362,9385,9829,10126,10278,10488,10608,8895,8446,8529,7984,8396,8194,8001,7778,7304,7339,6982,7004,7393,6651,7049,6931,7087,7631,7045,7481,8038,8654,9427,8839,8914,9514,9653,10589,10524,10352,10499,10672,11208,10413,10523,10143,9920,9852,9096,9083,8638,8446,8120,7929,8132,7766,5949,5752,5333,5673,4615,4244,4126,3808,3736,3608,3441,3333,3208,3099,3049,3096,3120,2812,2643,2463,2360,2119,1864,1701,1412,1148,886,671,538,389,277,204,152,89,61,51,47,7,1,691554,6696,7011,7315,7585,7554,7668,8228,8016,8171,8554,8723,8916,9169,9274,9565,9749,9651,9906,8413,7636,7904,7531,7807,7748,7282,7235,6884,6947,6757,7022,7530,6856,7160,7237,7410,7997,7595,8078,8536,9528,10080,9683,10006,10334,10599,11599,11428,11464,11195,11596,11888,11213,11373,10884,10502,10548,9872,9534,9285,9049,8963,8459,8633,8536,6442,6508,6150,6739,5529,5036,5128,4753,4835,4602,4691,4547,4357,4382,4382,4489,4535,4360,4258,4012,3812,3582,3267,2806,2576,2137,1787,1414,1174,914,760,571,433,354,212,178,248,27,0,1317866,637597,37656,42720,47848,31095,15628,7579,7172,23675,35822,34655,38464,45902,52144,51705,44671,15936,21663,10978,14368,18464,15501,13027,10924,680269,36097,40594,45612,29263,13953,6824,6754,22239,34645,36008,41623,50550,57036,55616,48061,17322,23472,12557,17160,23650,21601,19980,19652,21666,10381,510,350,27,0,0,0,27,0,0,226,26,186,14,0,97,0,1,0,0,96,160,39,0,0,0,121,57,0,3,0,3,58,7997,2223,1490,0,0,0,1484,6,0,32,16,16,0,684,17,17,0,0,0,0,5774,3980,0,0,0,1794,86,853,208,0,83,564,1874,1677,9,0,0,0,9,0,0,0,0,0,0,1658,10,0,10,0,0,0,197,0,0,0,0,197,2,84,10,0,17,84,11285,185,59,0,0,0,0,0,0,0,59,13,31,15,0,0,0,0,0,0,0,126,8,0,0,0,118,59,1,0,0,10,48,6155,663,131,0,0,0,131,0,0,31,5,16,10,476,25,20,5,0,0,0,5492,4422,0,0,0,1070,99,650,99,0,61,161,4945,4451,0,0,0,0,0,0,0,0,0,0,0,4437,14,6,8,0,0,0,494,0,0,0,0,494,4,185,55,0,19,231
"G3600610","2010","NY","1","2","New York","36","New York County","061",,,,,,,,,,,,,,,"35620","35644","408",,,,,,,,,,,,,,,,,"59126033","27873331","New York County","C","+40.7765574","-073.9701736","06","1",,1585873,744441,9052,8294,7643,7215,6861,6680,6493,6215,5850,5820,6115,5726,5653,5932,6048,6216,6484,6638,7903,9676,10095,9866,11471,14128,16178,17117,16842,17305,17283,16663,17372,15607,15091,14122,13470,13606,11685,11764,12033,12329,13116,11294,10828,10451,10729,11859,10655,10330,9906,9952,10643,9434,9360,9213,9189,9399,8640,8705,8157,8079,8454,7683,7811,7427,6183,6184,5745,6090,5171,4875,4901,4450,4278,3874,3864,3630,3313,3203,3006,3013,2773,2505,2312,2092,1888,1679,1430,1325,1060,880,691,533,400,321,265,198,136,115,69,49,74,11,0,841432,8685,7841,7387,6989,6612,6280,6173,6139,5778,5895,5822,5662,5591,5768,5912,6140,6305,6521,9621,11958,12524,12473,14909,18912,21002,21782,20449,20698,19696,18898,18811,16226,15572,14670,13560,13629,12063,11904,11727,12176,12430,11087,10561,10242,10490,10930,10394,10179,9958,9993,10720,9759,10172,10247,10076,10472,9898,9830,9774,9694,10196,9827,9957,9707,8329,8093,7693,8078,7002,6413,6398,5963,5701,5337,5259,4973,4321,4432,4206,4269,4093,3848,3827,3429,3264,3277,2917,2485,2204,1875,1593,1327,1203,933,714,685,560,419,262,222,423,50,2,1518500,710863,38443,30771,29216,19140,12595,7270,7710,38761,82534,73927,59941,54486,50267,45512,41076,15439,20676,11530,15630,20658,15636,11031,8614,807637,36903,29966,28548,18698,12397,8276,9161,51126,99166,77878,60871,54099,50707,50168,48997,19745,27674,15596,21219,28173,21564,17613,19092,67373,33578,1365,249,0,0,0,0,0,0,0,207,35,57,115,0,42,11,5,0,0,26,1116,46,0,0,0,1070,744,0,6,0,44,276,28909,4415,1799,783,0,212,683,121,0,129,75,50,4,1834,653,500,133,12,0,8,24494,13897,0,0,0,10597,4268,1066,1535,0,127,3601,3304,2031,22,16,0,0,6,0,0,0,0,0,0,1960,49,30,7,12,0,0,1273,4,0,0,0,1269,363,219,147,0,54,486,33795,1385,336,0,0,0,0,0,0,0,289,49,78,162,0,47,5,7,0,0,35,1049,80,0,0,0,969,735,1,4,0,2,227,27917,1434,213,49,0,1,0,163,0,118,50,20,48,859,244,200,29,5,0,10,26483,21304,0,0,0,5179,2294,457,784,0,99,1545,4493,3616,4,2,0,0,0,2,0,0,0,0,0,3561,51,38,0,13,0,0,877,2,0,0,0,875,92,133,173,0,60,417
"G3600630","2010","NY","1","2","New York","36","Niagara County","063",,,,,,,,,,,,,,,"15380","99999","160",,,,,,,,,,,,,,,,,"1352903595","1598826734","Niagara County","A","+43.4567309","-078.7921425","06","1",,216469,105008,1178,1132,1209,1141,1150,1188,1306,1226,1338,1343,1375,1385,1359,1381,1462,1429,1604,1546,1589,1565,1543,1400,1457,1293,1321,1327,1170,1187,1152,1274,1249,1169,1094,1084,1064,1135,1082,1137,1322,1335,1469,1387,1418,1379,1435,1659,1628,1636,1739,1815,1812,1803,1876,1813,1734,1763,1632,1514,1599,1388,1338,1358,1370,1355,997,962,996,996,832,739,706,697,636,681,552,619,541,581,506,488,500,471,430,399,383,306,292,217,215,187,128,79,75,57,41,22,24,11,11,6,2,2,0,111461,1143,1126,1156,1197,1148,1166,1190,1296,1189,1304,1342,1266,1280,1309,1344,1397,1436,1449,1592,1587,1563,1414,1379,1308,1324,1290,1204,1226,1207,1276,1263,1241,1151,1125,1131,1138,1132,1257,1228,1474,1380,1395,1467,1563,1580,1718,1710,1716,1835,1871,1892,1816,1954,1853,1770,1737,1602,1566,1489,1466,1474,1463,1481,1348,1069,1049,1062,1162,986,886,835,847,855,775,735,792,707,729,734,751,711,710,662,625,642,586,550,447,408,351,304,249,234,154,118,116,74,53,37,22,37,2,1,212150,103068,5804,6397,6950,4546,2756,1362,1290,3938,5977,5559,5918,6997,8397,8948,7838,2667,3697,1944,2538,3223,2684,2091,1547,109082,5763,6142,6533,4256,2632,1353,1288,3933,6169,5866,6203,7355,8804,9244,7815,2911,3874,2100,3007,3985,3606,3118,3125,4319,1940,55,43,14,0,0,0,14,0,0,28,4,3,21,0,1,0,1,0,0,0,12,1,0,0,0,11,2,0,0,0,0,9,1522,499,428,0,0,0,428,0,0,0,0,0,0,66,5,0,5,0,0,0,1023,651,0,0,0,372,54,171,56,0,28,63,363,332,4,0,0,0,4,0,0,0,0,0,0,313,15,0,15,0,0,0,31,0,0,0,0,31,3,13,0,0,2,13,2379,44,31,2,0,0,0,2,0,0,29,2,0,27,0,0,0,0,0,0,0,13,0,0,0,0,13,0,0,0,0,1,12,1278,144,53,0,0,0,53,0,0,2,1,1,0,84,5,0,5,0,0,0,1134,918,0,0,0,216,8,120,23,0,10,55,1057,1042,0,0,0,0,0,0,0,0,0,0,0,1036,6,0,6,0,0,0,15,0,0,0,0,15,0,9,0,0,0,6
"G3600650","2010","NY","1","2","New York","36","Oneida County","065",,,,,,,,,,,,,,,"46540","99999","999",,,,,,,,,,,,,,,,,"3140175831","117138182","Oneida County","A","+43.2427273","-075.4342824","06","1",,234878,117032,1335,1348,1321,1413,1346,1380,1381,1456,1423,1406,1470,1477,1528,1527,1487,1607,1724,1712,1875,2025,1827,1733,1698,1670,1552,1611,1489,1535,1496,1415,1446,1261,1318,1231,1248,1227,1218,1295,1460,1595,1577,1612,1573,1570,1730,1879,1790,1879,1812,1916,1922,1832,1824,1753,1677,1757,1648,1566,1497,1559,1507,1484,1450,1399,1064,1075,1103,1028,922,844,804,743,786,727,619,633,583,606,556,553,570,497,504,445,407,401,333,327,253,233,162,139,102,80,61,36,24,8,6,7,12,0,0,117846,1334,1288,1318,1280,1298,1320,1357,1359,1335,1368,1404,1346,1434,1409,1429,1566,1591,1600,1749,1844,1568,1599,1610,1363,1339,1342,1390,1334,1265,1341,1239,1227,1155,1177,1172,1213,1191,1303,1445,1526,1481,1453,1475,1603,1624,1668,1755,1728,1771,1867,1791,1783,1793,1732,1740,1704,1647,1542,1564,1508,1496,1519,1563,1549,1083,1131,1150,1199,1046,1013,889,898,863,833,822,783,743,788,762,772,741,754,731,718,733,693,609,582,501,497,377,298,255,207,170,119,91,83,42,40,42,4,0,221473,107874,6753,7043,7444,4944,2869,1305,1225,4063,6580,5708,6083,7235,8475,8439,7669,2860,3795,2125,2711,3557,2807,2286,1898,113599,6513,6738,7001,4724,2672,1212,1291,4076,6608,5915,6634,7573,8724,8745,7884,2980,4130,2237,3195,4193,3689,3355,3510,13405,9158,157,136,20,0,0,8,12,0,0,116,53,48,15,0,0,0,0,0,0,0,21,5,0,0,0,16,12,0,0,0,1,3,8196,5515,4996,0,0,4605,391,0,0,32,31,0,1,143,344,312,0,32,0,0,2681,1980,0,0,0,701,68,375,210,0,5,43,805,739,78,0,0,76,2,0,0,0,0,0,0,639,22,22,0,0,0,0,66,0,0,0,0,66,0,41,19,0,0,6,4247,60,47,0,0,0,0,0,0,0,47,16,29,2,0,0,0,0,0,0,0,13,3,0,0,0,10,10,0,0,0,0,0,2387,254,66,0,0,2,64,0,0,9,7,2,0,128,51,43,0,8,0,0,2133,1744,0,0,0,389,31,267,77,0,2,12,1800,1723,0,0,0,0,0,0,0,0,0,0,0,1717,6,6,0,0,0,0,77,0,0,0,0,77,0,51,3,0,6,17
"G3600670","2010","NY","1","2","New York","36","Onondaga County","067",,,,,,,,,,,,,,,"45060","99999","532",,,,,,,,,,,,,,,,,"2016019983","70521368","Onondaga County","A","+43.0065299","-076.1961167","06","1",,467026,224861,2784,2747,2855,2914,2823,2809,2903,2881,2969,3099,3273,3082,3042,3221,3090,3335,3404,3447,3715,4090,4254,3653,3452,3147,3143,3206,3038,2956,2798,2770,2827,2457,2601,2442,2346,2514,2278,2328,2589,2877,3020,3053,2848,3110,3203,3303,3450,3483,3512,3466,3677,3525,3516,3445,3299,3322,3058,3121,3013,2802,2715,2611,2478,2583,1827,1829,1726,1913,1554,1415,1321,1275,1235,1169,1100,1068,1024,1040,1016,1035,913,857,805,777,664,678,561,464,433,348,281,209,177,119,92,55,37,20,17,15,13,7,0,242165,2720,2584,2660,2688,2603,2748,2802,2843,2886,2967,2982,2997,2915,3086,3126,3267,3310,3393,4069,4381,4342,3676,3561,3343,3316,3021,3010,3036,2937,3055,2779,2677,2788,2580,2608,2587,2410,2637,2810,3263,3177,3132,3028,3201,3421,3683,3724,3763,3782,3664,3737,3755,3656,3600,3512,3476,3289,3221,3146,3045,2895,2905,2804,2727,2043,2015,2204,2111,1815,1697,1536,1595,1516,1442,1477,1459,1357,1368,1411,1427,1356,1327,1373,1174,1195,1087,1057,963,865,738,615,474,403,329,261,206,146,109,78,46,79,5,0,449957,217176,14105,14635,15639,10086,5460,2812,3126,9270,14447,12437,12377,14991,16950,17229,15116,5260,6822,3510,4825,6016,5050,3823,3190,232781,13231,14233,15086,9908,5078,2649,3069,9791,14909,13322,13627,15861,18517,18163,16064,5754,7510,4166,5541,7408,6734,5973,6187,17069,7685,213,161,37,0,0,0,37,0,0,108,93,0,15,0,16,14,0,2,0,0,52,7,0,0,0,45,19,2,0,0,0,24,6624,1087,853,0,0,0,850,3,0,6,6,0,0,170,58,53,0,5,0,0,5537,4422,0,0,0,1115,207,404,154,0,25,325,848,776,1,0,0,0,1,0,0,0,0,0,0,771,4,3,0,1,0,0,72,0,0,0,0,72,8,22,4,0,2,36,9384,119,45,5,0,0,0,5,0,0,30,26,0,4,0,10,9,0,1,0,0,74,16,0,0,0,58,42,0,0,0,3,13,6958,365,129,0,0,0,129,0,0,10,10,0,0,185,41,41,0,0,0,0,6593,6024,0,0,0,569,97,253,63,0,9,147,2307,2050,0,0,0,0,0,0,0,0,0,0,0,2041,9,4,0,5,0,0,257,0,0,0,0,257,5,36,2,0,5,209
"G3600690","2010","NY","1","2","New York","36","Ontario County","069",,,,,,,,,,,,,,,"40380","99999","464",,,,,,,,,,,,,,,,,"1668121832","47814148","Ontario County","A","+42.8566949","-077.3032768","06","1",,107931,52742,541,576,593,623,616,645,694,658,685,732,744,732,691,714,741,767,837,857,774,835,796,691,708,578,571,551,524,522,518,548,515,536,544,481,493,559,503,561,633,728,757,708,768,757,761,855,850,874,863,866,900,859,863,815,848,857,827,779,757,764,757,711,743,772,570,557,548,575,453,370,364,369,363,295,311,270,268,249,252,249,200,225,216,191,152,145,111,109,88,77,63,49,35,34,16,20,8,7,2,1,4,0,0,55189,506,546,565,628,614,592,695,598,705,620,673,693,697,714,734,726,771,777,769,799,766,692,642,520,577,530,513,556,525,555,595,530,538,512,511,562,520,582,700,750,835,755,763,760,846,874,908,961,922,923,944,905,861,859,843,861,845,805,813,804,748,772,785,800,533,592,604,583,468,419,427,418,420,365,334,330,333,313,312,284,290,279,282,262,255,253,233,225,215,181,125,121,109,98,72,56,41,23,17,10,16,1,0,104602,51204,2949,3414,3620,2448,1305,576,500,1696,2604,2535,2950,3710,4253,4235,3918,1447,2049,1093,1383,1668,1244,932,675,53398,2859,3210,3507,2264,1121,526,505,1640,2646,2659,3093,3933,4559,4378,4097,1506,2092,1188,1453,1937,1507,1269,1449,3329,1538,15,11,6,0,0,0,6,0,0,5,4,0,1,0,0,0,0,0,0,0,4,0,0,0,0,4,0,3,0,0,0,1,1272,272,166,0,0,0,166,0,0,3,3,0,0,54,49,48,0,1,0,0,1000,789,0,0,0,211,11,149,26,0,8,17,251,212,0,0,0,0,0,0,0,0,0,0,0,203,9,4,0,5,0,0,39,0,0,0,0,39,0,29,9,0,0,1,1791,14,14,3,0,0,0,3,0,0,11,8,0,3,0,0,0,0,0,0,0,0,0,0,0,0,0,0,0,0,0,0,0,1214,83,50,0,0,0,50,0,0,2,2,0,0,25,6,5,0,1,0,0,1131,945,0,0,0,186,1,157,8,0,0,20,563,469,0,0,0,0,0,0,0,0,0,0,0,469,0,0,0,0,0,0,94,0,0,0,0,94,0,85,6,0,0,3
"G3600710","2010","NY","1","2","New York","36","Orange County","071",,,,,,,,,,,,,,,"39100","99999","408",,,,,,,,,,,,,,,,,"2102256780","69822194","Orange County","A","+41.4024096","-074.3062522","06","1",,372813,186289,2595,2627,2745,2808,2783,2887,2848,2943,2786,2896,3022,2990,2992,2960,2964,3046,3100,3255,3053,3329,3349,3109,2794,2341,2365,2172,2059,2034,2015,2158,2194,1982,2101,2172,2099,2151,2177,2224,2515,2667,2909,2647,2764,2748,2829,2981,3107,2936,2923,2963,2892,2921,2782,2750,2662,2459,2434,2208,2150,2050,2097,1925,2002,1812,1436,1412,1366,1395,1168,978,953,910,823,798,685,751,609,629,568,580,528,479,462,433,342,347,273,245,189,184,131,93,75,57,46,36,13,12,11,4,10,0,0,186524,2498,2498,2640,2607,2687,2715,2621,2677,2783,2809,2868,2706,2867,2765,2896,2810,2944,2891,2644,2394,2349,2209,2183,2054,1971,2019,2060,2063,1945,2070,2162,2027,2033,2162,2144,2255,2253,2379,2553,2928,2842,2758,2809,2982,2935,3086,3125,3054,3057,2969,3011,2896,2767,2634,2596,2477,2379,2423,2282,2237,2091,2054,2049,1983,1499,1595,1441,1480,1288,1189,1085,1053,989,961,885,886,792,773,791,826,736,736,720,664,638,606,526,502,414,371,290,252,217,179,140,108,83,52,43,28,48,2,1,360583,177399,13527,14341,14891,9295,5139,2352,2166,6338,9893,9920,11139,13326,14396,13619,10981,3935,5151,2721,3451,4063,3045,2116,1594,183184,12900,13572,14079,8605,4460,2033,1953,6002,10069,10447,12314,14270,15221,13803,11704,4104,5462,2997,3906,4869,3934,3238,3242,12230,8890,193,92,10,0,2,0,8,0,0,82,25,0,57,0,0,0,0,0,0,0,101,0,1,1,0,100,20,0,0,0,11,69,8092,3257,2904,0,1200,1112,592,0,0,41,13,0,28,67,245,216,0,1,28,0,4835,183,3757,3757,0,895,93,378,61,0,169,194,605,465,81,0,38,41,2,0,0,0,0,0,0,367,17,16,0,1,0,0,140,0,0,0,0,140,2,99,2,0,2,35,3340,126,19,0,0,0,0,0,0,0,19,15,0,4,0,0,0,0,0,0,0,107,0,0,0,0,107,25,0,0,0,5,77,2010,188,58,0,7,0,51,0,0,8,8,0,0,78,44,38,0,4,2,0,1822,613,651,651,0,558,44,265,42,0,54,153,1204,1023,0,0,0,0,0,0,0,0,0,0,0,1023,0,0,0,0,0,0,181,0,0,0,0,181,2,92,0,0,2,85
"G3600730","2010","NY","1","2","New York","36","Orleans County","073",,,,,,,,,,,,,,,"40380","99999","464",,,,,,,,,,,,,,,,,"1013357365","1103755920","Orleans County","A","+43.5022867","-078.2297258","06","1",,42883,21233,231,230,222,239,224,238,258,229,251,269,289,283,290,298,323,294,392,343,368,322,302,265,281,248,269,247,234,272,263,255,240,225,265,228,191,225,224,223,256,296,305,316,274,332,292,345,373,367,415,362,377,338,378,332,368,338,290,294,304,258,251,275,262,276,175,176,181,246,153,160,157,154,119,158,106,134,95,104,93,88,79,65,64,55,54,49,46,41,38,36,20,17,16,11,6,5,2,3,1,1,1,0,0,21650,232,192,233,251,232,238,255,246,270,217,308,251,258,267,271,269,309,338,305,273,269,254,276,261,288,237,252,276,238,222,252,228,226,213,215,215,247,235,275,306,326,303,308,326,336,368,381,357,345,384,403,355,352,367,320,335,318,294,275,272,289,257,280,274,181,212,204,225,184,155,161,158,144,137,156,150,123,117,94,126,115,100,117,111,94,68,69,68,65,55,47,39,41,31,23,14,14,8,6,4,9,0,0,40297,19912,1146,1245,1482,1007,598,265,215,661,1053,982,1093,1401,1756,1699,1452,515,698,353,546,679,496,302,268,20385,1140,1226,1355,893,507,234,221,707,1060,996,1158,1458,1724,1736,1457,534,728,410,559,742,590,504,446,2586,1321,23,3,3,0,0,0,3,0,0,0,0,0,0,0,0,0,0,0,0,0,20,0,0,0,0,20,0,0,0,0,20,0,1208,1052,1032,0,0,979,53,0,0,0,0,0,0,19,1,1,0,0,0,0,156,0,0,0,0,156,0,32,0,0,124,0,90,88,14,0,0,14,0,0,0,0,0,0,0,74,0,0,0,0,0,0,2,0,0,0,0,2,0,2,0,0,0,0,1265,23,1,1,0,0,1,0,0,0,0,0,0,0,0,0,0,0,0,0,0,22,0,0,0,0,22,0,0,0,0,22,0,1049,924,915,0,0,904,11,0,0,0,0,0,0,8,1,1,0,0,0,0,125,0,0,0,0,125,0,20,0,0,104,1,193,188,3,0,0,3,0,0,0,0,0,0,0,185,0,0,0,0,0,0,5,0,0,0,0,5,0,4,0,0,0,1
"G3600750","2010","NY","1","2","New York","36","Oswego County","075",,,,,,,,,,,,,,,"45060","99999","532",,,,,,,,,,,,,,,,,"2464761256","933517775","Oswego County","A","+43.4614428","-076.2092580","06","1",,122109,60859,723,709,705,737,724,726,764,768,784,805,875,799,817,778,858,914,939,1012,1196,1280,1336,1232,1078,790,827,757,599,720,659,668,712,645,610,595,595,627,636,656,730,798,814,854,847,838,925,1013,992,1041,1019,1020,1028,922,1026,915,955,928,856,856,800,725,728,732,731,765,511,475,532,533,449,439,368,338,336,307,292,302,273,248,245,225,174,173,160,171,159,138,112,80,67,70,50,35,25,21,14,9,5,4,2,2,2,0,0,61250,705,672,668,707,696,721,711,697,755,763,776,786,723,854,818,864,943,927,1220,1323,1313,1138,901,733,724,679,627,629,660,692,712,664,606,635,624,661,621,686,746,843,904,821,800,870,913,967,1020,965,1031,995,1043,914,973,924,855,858,798,769,813,797,757,733,733,716,493,531,576,582,482,435,428,401,364,370,347,297,303,242,300,277,256,253,248,255,216,212,180,171,192,134,105,100,82,59,50,32,33,16,13,10,10,3,0,117155,58447,3598,3847,4127,2860,1622,874,914,2427,3324,3127,3428,4250,5030,4805,4131,1449,1991,998,1410,1617,1263,796,559,58708,3448,3647,3957,2728,1452,861,886,2205,3262,3227,3545,4304,4972,4694,4018,1487,1931,1103,1487,1878,1377,1137,1102,4954,2412,5,5,5,0,0,0,5,0,0,0,0,0,0,0,0,0,0,0,0,0,0,0,0,0,0,0,0,0,0,0,0,0,2215,139,110,0,0,0,110,0,0,1,1,0,0,28,0,0,0,0,0,0,2076,1905,0,0,0,171,64,72,19,0,0,16,192,177,0,0,0,0,0,0,0,0,0,0,0,177,0,0,0,0,0,0,15,0,0,0,0,15,9,4,0,0,0,2,2542,6,2,1,0,0,0,1,0,0,1,1,0,0,0,0,0,0,0,0,0,4,4,0,0,0,0,0,0,0,0,0,0,2055,42,11,0,0,0,11,0,0,0,0,0,0,31,0,0,0,0,0,0,2013,1965,0,0,0,48,5,27,6,0,3,7,481,466,0,0,0,0,0,0,0,0,0,0,0,466,0,0,0,0,0,0,15,0,0,0,0,15,0,15,0,0,0,0
"G3600770","2010","NY","1","2","New York","36","Otsego County","077",,,,,,,,,,,,,,,"36580","99999","999",,,,,,,,,,,,,,,,,"2594391877","36393713","Otsego County","A","+42.6297762","-075.0288410","06","2",,62259,30115,278,303,275,307,255,297,277,285,311,311,358,330,361,311,368,401,386,484,669,848,930,903,616,427,362,315,306,310,288,287,311,267,258,278,278,260,287,293,292,335,376,333,344,377,400,398,447,460,450,447,520,461,458,446,399,454,429,449,432,443,471,393,440,415,294,310,318,324,283,267,262,225,232,218,205,184,168,176,164,147,144,133,113,113,96,81,70,73,79,43,49,22,19,14,13,2,6,1,2,2,3,0,0,32144,244,266,261,272,280,326,274,329,287,324,315,310,345,314,371,367,394,441,886,1076,1106,1002,575,350,344,346,316,279,281,302,272,256,275,274,249,273,269,302,331,340,378,375,378,381,378,421,441,437,481,508,491,500,467,527,483,493,457,455,443,477,438,415,415,414,347,369,338,351,301,290,231,313,220,210,183,172,191,216,172,198,207,199,194,165,150,157,131,136,132,88,92,68,56,54,41,25,18,13,13,12,13,1,0,56939,27870,1414,1477,1711,1200,606,475,585,1208,1456,1366,1437,1810,2182,2270,2195,861,1137,623,870,1131,829,580,447,29069,1322,1539,1650,1137,546,467,643,1095,1481,1317,1506,1879,2270,2458,2315,848,1162,697,935,1142,934,851,875,5320,2245,96,37,2,0,0,0,2,0,0,12,12,0,0,0,23,0,0,0,0,23,59,2,0,0,0,57,5,0,0,0,52,0,2068,107,60,0,0,0,60,0,0,21,21,0,0,14,12,0,0,0,0,12,1961,1669,0,0,0,292,5,108,4,0,166,9,81,78,0,0,0,0,0,0,0,0,0,0,0,78,0,0,0,0,0,0,3,0,0,0,0,3,0,2,0,0,0,1,3075,72,19,1,0,0,0,1,0,0,10,10,0,0,0,8,0,0,0,0,8,53,7,0,0,0,46,1,0,0,0,45,0,2717,42,15,0,0,0,15,0,0,6,6,0,0,15,6,0,0,0,0,6,2675,2503,0,0,0,172,7,65,1,0,92,7,286,273,0,0,0,0,0,0,0,0,0,0,0,273,0,0,0,0,0,0,13,0,0,0,0,13,0,5,0,0,5,3
"G3600790","2010","NY","1","2","New York","36","Putnam County","079",,,,,,,,,,,,,,,"35620","35644","408",,,,,,,,,,,,,,,,,"596504166","41282767","Putnam County","A","+41.4279035","-073.7438816","06","1",,99710,49789,456,501,540,564,571,600,648,622,689,709,706,743,746,799,835,801,847,804,658,544,550,562,578,544,569,565,530,467,472,504,491,496,442,501,493,548,544,561,704,730,777,820,787,823,876,990,977,932,900,927,952,920,937,880,844,828,752,743,708,658,635,619,596,700,459,451,421,468,406,346,330,286,267,244,235,220,195,185,181,166,164,152,124,130,92,77,72,77,51,48,32,26,24,13,7,9,5,3,2,3,3,0,0,49921,445,456,502,525,548,625,614,668,632,634,671,700,763,710,733,748,742,753,553,437,415,435,467,488,487,494,394,413,424,445,452,426,485,490,511,548,575,615,713,827,832,767,846,854,905,1031,977,995,1073,993,956,907,882,912,786,844,779,747,710,657,625,643,624,628,483,486,508,473,395,356,355,305,331,289,286,218,228,219,255,194,228,188,190,200,168,150,151,146,112,79,74,73,70,45,41,29,19,13,12,7,8,1,0,97118,48274,2630,3258,3773,2430,1170,511,519,1555,2337,2282,2938,3937,4580,4410,3603,1238,1731,860,1200,1339,919,630,424,48844,2476,3171,3561,2234,980,405,428,1397,2085,2255,3173,4098,4971,4369,3674,1256,1706,983,1211,1542,1068,917,884,2592,1515,90,72,0,0,0,0,0,0,0,72,0,72,0,0,0,0,0,0,0,0,18,0,0,0,0,18,0,0,11,0,0,7,1282,245,219,0,0,0,170,49,0,1,1,0,0,25,0,0,0,0,0,0,1037,540,0,0,0,497,140,107,148,0,4,98,143,65,0,0,0,0,0,0,0,0,0,0,0,65,0,0,0,0,0,0,78,3,0,0,0,75,0,21,9,0,4,41,1077,27,14,0,0,0,0,0,0,0,14,0,14,0,0,0,0,0,0,0,0,13,0,0,0,0,13,0,0,9,0,0,4,753,104,78,0,0,0,55,23,0,0,0,0,0,26,0,0,0,0,0,0,649,347,0,0,0,302,2,87,141,0,8,64,297,174,0,0,0,0,0,0,0,0,0,0,0,174,0,0,0,0,0,0,123,0,0,0,0,123,0,27,6,0,0,90
"G3600810","2010","NY","1","2","New York","36","Queens County","081",,,,,,,,,,,,,,,"35620","35644","408",,,,,,,,,,,,,,,,,"281096933","180458283","Queens County","C","+40.6585571","-073.8379293","06","1",,2230722,1079803,13948,13609,13811,13493,13030,12907,12897,12641,12354,12607,12506,12235,12449,12564,13177,13726,14018,14459,14642,15001,15701,15527,16025,16644,17982,18170,17859,18654,18471,18639,19485,17621,17598,16970,16612,17730,15777,15821,16153,16822,17856,15655,15665,15031,15935,16690,16133,16143,15242,15673,16872,14935,15094,14730,14618,14630,13010,12649,12004,12025,12155,11094,10999,10516,8546,8227,7737,7657,6830,6531,6456,5796,5808,5368,5224,4742,4362,4081,3876,3825,3651,3303,3165,2913,2592,2414,2080,1906,1632,1280,1053,735,614,501,365,244,172,156,87,75,98,12,0,1150919,13442,12836,13153,12906,12236,12435,12154,11990,11826,11955,12003,11714,11955,12217,12586,13021,13424,13617,13437,13751,14796,14643,15567,16456,17534,18387,18295,18859,19087,18496,19879,17633,17766,17135,16514,17295,15780,15896,16314,16767,17798,16057,15903,15617,16407,17340,16888,16948,16114,16680,17837,16243,16502,16261,15941,16330,14704,14540,13645,13647,14372,13004,13036,12374,10396,10300,9448,9760,8758,8669,8506,7787,7591,7212,6959,6639,6072,6032,5660,5938,5994,5468,5287,4961,4786,4438,3973,3410,3166,2829,2321,1788,1552,1299,977,878,635,468,349,260,369,38,1,2202722,1065801,67536,63250,62765,41968,28525,15323,15279,50015,91125,87726,81698,79378,78906,75206,63322,22888,29536,15651,20543,27882,20122,14815,12342,1136921,64242,60232,60336,39930,26062,14453,14348,49113,92515,88549,81711,81363,83469,82243,72288,27153,35416,19494,26767,37247,29409,25119,25462,28000,14002,912,228,0,0,0,0,0,0,0,157,62,80,15,0,71,29,42,0,0,0,684,52,0,0,0,632,581,5,0,0,0,46,8877,3142,642,231,0,410,1,0,0,60,36,24,0,2038,402,401,1,0,0,0,5735,1751,0,0,0,3984,933,1175,990,0,10,876,4213,3684,0,0,0,0,0,0,0,0,0,0,0,3574,110,110,0,0,0,0,529,0,0,0,0,529,30,199,4,0,8,288,13998,730,119,0,0,0,0,0,0,0,67,45,13,9,0,52,17,35,0,0,0,611,16,0,0,0,595,557,2,0,0,0,36,6188,1768,23,3,0,4,9,7,0,33,30,1,2,1489,223,223,0,0,0,0,4420,1547,0,0,0,2873,1291,711,301,0,29,541,7080,6423,0,0,0,0,0,0,0,0,0,0,0,6301,122,122,0,0,0,0,657,0,0,0,0,657,16,204,0,0,0,437
"G3600830","2010","NY","1","2","New York","36","Rensselaer County","083",,,,,,,,,,,,,,,"10580","99999","104",,,,,,,,,,,,,,,,,"1689789426","33571435","Rensselaer County","A","+42.7104206","-073.5138454","06","1",,159429,78709,935,887,881,856,981,873,932,811,975,977,977,939,1009,979,1034,1103,1087,1090,1563,1875,1722,1540,1380,1141,1154,1021,996,979,1009,940,985,890,929,932,849,840,892,935,970,1097,1068,1103,1051,1046,1055,1166,1192,1154,1163,1257,1278,1189,1231,1217,1163,1143,1131,1108,1113,1067,974,998,1005,1019,701,711,599,660,547,493,438,463,439,404,400,382,337,341,336,306,312,279,251,242,190,200,179,131,116,94,69,63,49,33,24,28,14,9,4,3,5,1,0,80720,822,822,922,864,852,892,917,898,929,902,939,822,932,1001,1035,995,991,1108,1183,1287,1233,1237,1075,1002,1062,1093,1006,994,996,1082,1044,930,981,876,925,852,883,935,1016,1122,1097,1095,1009,1078,1203,1270,1301,1197,1281,1312,1317,1324,1302,1256,1242,1181,1177,1195,1083,1037,1056,1074,1004,1022,695,710,742,724,664,583,546,544,475,520,488,480,452,448,411,431,429,400,406,378,371,336,316,252,257,213,199,155,132,101,80,62,68,32,15,14,18,3,0,153822,75469,4539,4561,4932,3244,2099,1178,1194,3404,4865,4539,4683,5267,5874,6037,5524,1962,2706,1298,1685,2119,1652,1201,906,78353,4270,4537,4727,3059,1802,965,1067,3046,5138,4740,4773,5460,6329,6392,5624,2114,2702,1431,1945,2509,2123,1819,1781,5607,3240,50,28,2,0,0,0,2,0,0,26,26,0,0,0,0,0,0,0,0,0,22,8,0,0,0,14,3,6,0,0,3,2,2899,244,198,0,0,0,198,0,0,8,8,0,0,35,3,0,2,1,0,0,2655,2404,0,0,0,251,16,129,71,0,5,30,291,269,2,0,0,0,2,0,0,0,0,0,0,260,7,0,7,0,0,0,22,0,0,0,0,22,0,2,2,0,0,18,2367,50,10,0,0,0,0,0,0,0,10,10,0,0,0,0,0,0,0,0,0,40,6,0,0,0,34,9,19,0,0,3,3,1470,70,17,0,0,0,17,0,0,11,11,0,0,42,0,0,0,0,0,0,1400,1172,0,0,0,228,94,94,7,0,9,24,847,803,0,0,0,0,0,0,0,0,0,0,0,796,7,0,6,1,0,0,44,0,0,0,0,44,9,15,0,0,0,20
"G3600850","2010","NY","1","2","New York","36","Richmond County","085",,,,,,,,,,,,,,,"35620","35644","408",,,,,,,,,,,,,,,,,"151178512","113754972","Richmond County","C","+40.5638553","-074.1370633","06","1",,468730,227289,2846,2833,3028,2937,2940,3029,3094,3043,3089,3067,3227,3054,3166,3139,3308,3341,3387,3574,3289,3294,3328,3315,3218,3096,3121,3107,3142,3133,2947,2921,3097,2775,2964,2861,2830,3115,2831,2956,3033,3436,3482,3187,3147,3334,3286,3667,3419,3425,3430,3491,3710,3343,3561,3301,3243,3396,3004,2895,2856,2752,2780,2628,2770,2659,1962,1951,1798,1958,1613,1501,1493,1252,1211,1062,986,983,896,895,859,809,768,618,625,552,481,452,395,304,280,243,179,132,109,70,64,43,20,14,11,10,13,0,0,241441,2651,2675,2779,2840,2810,2884,3040,2931,2914,2924,2887,2883,3014,3053,3066,3149,3246,3353,3140,3156,3174,3141,3038,3013,3014,3011,2905,3023,3027,2772,3205,2938,3070,3123,2996,3215,2999,3080,3213,3594,3792,3327,3519,3491,3593,3696,3754,3818,3532,3773,3836,3654,3815,3672,3608,3512,3329,3225,3196,3088,3182,3076,3019,2940,2354,2328,2221,2138,1892,1724,1661,1535,1576,1444,1287,1382,1209,1279,1147,1136,1158,1078,1074,1000,909,844,781,687,587,510,448,384,305,236,198,182,99,97,48,38,66,6,0,460892,223193,14552,15312,15869,10255,6318,3180,3167,9201,14988,14254,15104,16110,17040,16771,14607,5309,7271,3669,4995,5866,4324,2912,2119,237699,13722,14683,14874,9667,5844,2952,2941,8931,14660,15250,16034,17635,18448,18455,16216,6199,8229,4501,5668,7354,5930,4888,4618,7838,4096,114,71,2,0,0,2,0,0,0,69,31,32,6,0,0,0,0,0,0,0,43,1,0,0,0,42,40,0,0,0,0,2,3217,1335,905,0,0,900,0,5,0,40,23,17,0,390,0,0,0,0,0,0,1882,549,46,46,0,1287,104,438,542,1,1,201,765,564,16,0,0,16,0,0,0,0,0,0,0,548,0,0,0,0,0,0,201,0,0,0,0,201,7,114,38,0,4,38,3742,153,101,0,0,0,0,0,0,0,101,44,33,24,0,0,0,0,0,0,0,52,2,0,0,0,50,36,1,4,0,0,9,1854,289,1,0,0,0,0,1,0,23,16,4,3,265,0,0,0,0,0,0,1565,905,1,1,0,659,72,288,206,0,0,93,1735,1502,0,0,0,0,0,0,0,0,0,0,0,1502,0,0,0,0,0,0,233,0,0,0,0,233,0,134,28,0,0,71
"G3600870","2010","NY","1","2","New York","36","Rockland County","087",,,,,,,,,,,,,,,"35620","35644","408",,,,,,,,,,,,,,,,,"449492975","66800379","Rockland County","A","+41.1547851","-074.0247721","06","1",,311687,152879,2388,2412,2528,2410,2512,2534,2567,2456,2481,2476,2489,2454,2505,2527,2503,2487,2614,2641,2361,2133,2021,1942,1971,2054,1991,1947,1899,1823,1812,1773,1829,1697,1721,1672,1690,1643,1646,1697,1750,1866,1987,1851,2009,2075,2126,2253,2155,2194,2283,2169,2247,2176,2215,2088,2068,2000,1876,1910,1810,1696,1668,1688,1751,1735,1252,1190,1239,1297,1090,1008,910,835,835,866,808,751,674,689,696,591,602,503,497,439,380,338,301,251,211,138,132,113,78,63,37,37,19,18,14,11,13,1,0,158808,2315,2231,2339,2395,2271,2364,2374,2353,2307,2373,2434,2305,2420,2419,2408,2388,2478,2422,2052,1902,1908,1768,1798,1832,1794,1781,1717,1769,1737,1705,1698,1663,1656,1632,1680,1761,1653,1864,1872,2057,2105,2106,2034,2158,2268,2366,2329,2300,2361,2346,2415,2264,2186,2169,2166,2058,2029,1991,1943,1935,1897,1768,2003,2023,1527,1462,1462,1517,1312,1158,1085,1071,1089,1023,1009,955,866,920,879,856,802,792,755,654,578,595,507,438,387,399,352,246,215,188,146,126,103,64,58,41,52,3,1,304504,149335,12232,12501,12463,7635,4137,1848,1782,5751,9015,8411,8428,9855,10782,10468,9024,3289,4612,2372,3329,4165,3304,2318,1614,155169,11539,11761,11977,7251,3592,1713,1614,5245,8580,8221,9125,10559,11561,11064,9785,3607,5445,2870,3891,5114,4227,3284,3144,7183,3544,153,73,3,0,0,0,3,0,0,18,14,4,0,0,52,0,0,0,0,52,80,7,0,0,0,73,12,0,1,0,40,20,2818,646,172,0,0,0,172,0,0,15,11,4,0,139,320,291,0,0,0,29,2172,868,0,0,0,1304,1,707,169,0,187,240,573,384,0,0,0,0,0,0,0,0,0,0,0,380,4,4,0,0,0,0,189,0,0,0,0,189,0,99,15,0,52,23,3639,68,28,0,0,0,0,0,0,0,7,0,7,0,0,21,0,0,0,0,21,40,5,0,0,0,35,12,2,0,0,10,11,1935,276,17,0,0,0,17,0,0,4,2,2,0,120,135,126,0,0,0,9,1659,941,0,0,0,718,17,468,79,0,84,70,1636,961,0,0,0,0,0,0,0,0,0,0,0,950,11,11,0,0,0,0,675,0,0,0,0,675,1,212,32,0,54,376
"G3600890","2010","NY","1","2","New York","36","St. Lawrence County","089",,,,,,,,,,,,,,,"36300","99999","999",,,,,,,,,,,,,,,,,"6942144728","365348866","St. Lawrence County","A","+44.4881125","-075.0743110","06","2",,111944,56852,669,683,661,696,671,692,663,652,687,644,686,647,630,670,655,693,674,760,1365,1726,1572,1438,1258,921,818,801,760,716,677,656,652,656,606,598,647,600,577,614,672,743,730,718,702,748,782,775,811,792,801,884,874,808,854,806,746,851,770,749,699,724,687,642,709,678,474,523,494,502,427,357,393,354,334,348,275,324,261,222,231,254,191,178,189,180,152,120,112,98,92,61,36,47,18,17,10,14,6,3,2,2,5,0,0,55092,593,637,647,643,674,600,632,671,678,650,671,605,627,651,641,712,631,709,1280,1491,1437,1197,971,697,596,624,603,612,540,612,559,566,553,542,544,533,515,616,670,697,686,627,633,661,756,782,786,804,806,836,848,797,831,748,743,786,717,770,732,731,623,668,683,709,481,476,512,514,467,448,406,393,401,411,349,363,327,286,302,363,300,299,285,254,243,211,204,160,148,135,121,79,63,42,35,38,32,9,17,13,14,1,0,101193,50101,3379,3334,3285,2101,1319,715,726,2152,3027,2774,2873,3380,3782,3866,3676,1293,1812,1001,1259,1675,1249,843,580,51092,3194,3231,3193,2027,1175,674,671,1922,2944,2744,3019,3342,3988,3943,3716,1275,1857,972,1404,1917,1576,1269,1039,10751,6751,34,16,2,0,0,1,1,0,0,14,0,14,0,0,0,0,0,0,0,0,18,11,0,0,0,7,0,0,0,0,0,7,6492,2485,2319,0,0,2192,117,10,0,6,0,6,0,53,107,106,1,0,0,0,4007,3807,0,0,0,200,28,121,21,0,7,23,225,195,13,0,0,13,0,0,0,0,0,0,0,170,12,11,1,0,0,0,30,0,0,0,0,30,0,16,2,0,3,9,4000,27,7,0,0,0,0,0,0,0,7,0,7,0,0,0,0,0,0,0,0,20,19,0,0,0,1,0,0,0,0,0,1,3429,67,10,0,0,1,9,0,0,0,0,0,0,34,23,23,0,0,0,0,3362,3263,0,0,0,99,0,58,6,0,18,17,544,486,0,0,0,0,0,0,0,0,0,0,0,478,8,4,4,0,0,0,58,0,0,0,0,58,2,30,0,0,10,16
"G3600910","2010","NY","1","2","New York","36","Saratoga County","091",,,,,,,,,,,,,,,"10580","99999","104",,,,,,,,,,,,,,,,,"2097849013","87603331","Saratoga County","A","+43.1061353","-073.8553872","06","1",,219607,108059,1142,1198,1257,1314,1299,1328,1409,1411,1410,1591,1551,1543,1509,1480,1490,1474,1548,1628,1299,1303,1294,1205,1241,1262,1286,1203,1242,1228,1242,1264,1259,1205,1324,1229,1274,1341,1242,1392,1506,1647,1716,1658,1701,1705,1782,1903,1837,1906,1774,1780,1739,1817,1805,1649,1626,1635,1483,1525,1522,1430,1484,1383,1443,1441,1038,994,1058,1085,855,782,749,699,628,599,527,477,458,457,444,438,402,357,357,291,262,248,218,171,169,115,89,80,78,41,33,22,7,7,5,3,2,0,0,111548,1127,1166,1192,1212,1233,1285,1338,1389,1377,1389,1407,1434,1411,1392,1465,1488,1491,1478,1298,1296,1173,1202,1209,1152,1136,1113,1174,1203,1173,1243,1241,1308,1236,1277,1304,1332,1373,1474,1573,1687,1778,1758,1671,1715,1840,1962,1920,1928,1830,1857,1946,1871,1746,1745,1716,1642,1556,1568,1562,1539,1498,1525,1531,1526,1080,1139,1152,1124,920,833,790,719,740,688,638,645,558,563,550,561,532,536,495,424,427,426,422,348,294,258,224,194,146,119,93,67,49,36,29,20,26,2,0,215657,106102,6206,7136,7557,4633,2260,1079,1050,3609,6059,6169,7019,8447,9072,8525,7528,2839,3910,2037,2710,3182,2245,1624,1206,109555,5928,6776,7088,4417,2006,935,1012,3381,5883,6340,7413,8738,9471,8997,7843,3004,4120,2281,2857,3540,2826,2318,2381,3950,1957,50,44,4,0,0,0,4,0,0,12,12,0,0,0,28,28,0,0,0,0,6,0,0,0,0,6,2,0,0,0,3,1,1704,619,582,0,0,455,127,0,0,1,1,0,0,26,10,10,0,0,0,0,1085,790,0,0,0,295,22,201,25,0,8,39,203,179,11,0,0,11,0,0,0,0,0,0,0,167,1,1,0,0,0,0,24,0,0,0,0,24,0,21,0,0,0,3,1993,65,62,0,0,0,0,0,0,0,31,5,26,0,0,31,31,0,0,0,0,3,1,0,0,0,2,0,0,0,0,1,1,1344,66,11,0,0,0,11,0,0,1,0,1,0,34,20,20,0,0,0,0,1278,1120,0,0,0,158,5,115,15,0,2,21,584,554,0,0,0,0,0,0,0,0,0,0,0,554,0,0,0,0,0,0,30,0,0,0,0,30,2,15,4,0,3,6
"G3600930","2010","NY","1","2","New York","36","Schenectady County","093",,,,,,,,,,,,,,,"10580","99999","104",,,,,,,,,,,,,,,,,"529693619","12614136","Schenectady County","A","+42.8175421","-074.0435834","06","1",,154727,74856,989,904,947,984,1006,959,997,1004,912,934,1047,1051,1028,998,1058,1134,1124,1173,1097,1144,1100,1026,1045,917,969,987,912,898,883,879,1000,836,886,850,846,887,854,839,996,1023,1004,1002,1002,1032,989,1214,1176,1180,1116,1230,1242,1202,1191,1183,1104,1178,1007,1032,1002,963,944,880,869,851,658,650,629,640,524,471,436,411,417,330,368,319,306,343,351,365,333,346,284,302,276,221,225,221,164,113,96,88,79,52,48,25,17,12,6,5,8,1,0,79871,885,854,896,885,926,936,922,936,915,999,960,964,975,945,1024,1084,1107,1047,1008,1008,1033,1093,1015,898,939,971,931,970,1009,978,1004,901,935,946,935,899,872,922,1037,1102,1060,992,1038,1157,1148,1222,1264,1243,1226,1291,1284,1214,1251,1186,1201,1167,1084,1036,1073,994,956,987,978,900,652,711,700,737,613,576,549,489,439,493,510,459,511,471,502,510,481,460,501,447,423,490,388,360,313,314,268,222,182,101,112,95,62,38,29,16,28,1,0,150293,72419,4809,4802,5160,3383,1829,827,805,2734,4438,4316,4492,4850,5749,5791,5086,1799,2341,1260,1607,1940,1648,1496,1257,77874,4439,4705,4857,3219,1630,779,922,2763,4817,4683,4776,5343,6194,6084,5314,1929,2512,1402,1908,2451,2405,2180,2562,4434,2437,95,64,8,0,0,0,8,0,0,56,7,49,0,0,0,0,0,0,0,0,31,0,0,0,0,31,10,0,0,0,1,20,2068,317,263,0,0,0,263,0,0,4,3,1,0,50,0,0,0,0,0,0,1751,939,0,0,0,812,122,244,33,0,1,412,274,231,0,0,0,0,0,0,0,0,0,0,0,231,0,0,0,0,0,0,43,0,0,0,0,43,0,5,0,0,0,38,1997,40,26,1,0,0,0,1,0,0,25,7,18,0,0,0,0,0,0,0,0,14,3,0,0,0,11,4,0,0,0,0,7,1264,65,20,0,0,0,20,0,0,4,3,1,0,41,0,0,0,0,0,0,1199,838,0,0,0,361,31,155,35,0,0,140,693,666,0,0,0,0,0,0,0,0,0,0,0,666,0,0,0,0,0,0,27,0,0,0,0,27,0,8,0,0,0,19
"G3600950","2010","NY","1","2","New York","36","Schoharie County","095",,,,,,,,,,,,,,,"10580","99999","104",,,,,,,,,,,,,,,,,"1610503950","11676842","Schoharie County","A","+42.5912940","-074.4381718","06","1",,32749,16375,139,166,175,156,138,164,175,177,179,172,201,196,199,203,215,196,203,222,340,426,338,266,218,195,204,187,191,171,163,151,203,161,164,139,146,164,175,190,169,206,214,192,214,227,218,243,274,231,238,291,254,283,262,234,247,279,250,241,273,208,251,230,274,256,164,158,228,178,150,156,117,134,125,116,100,118,107,91,98,87,67,70,65,50,44,58,33,34,20,29,16,10,8,10,4,0,0,3,0,0,0,0,0,16374,141,165,139,143,139,185,162,164,189,194,178,175,192,201,207,219,220,243,328,406,308,269,173,160,142,147,154,159,187,148,150,142,159,150,195,163,160,167,204,187,198,214,217,233,234,237,247,270,249,238,280,258,249,270,274,261,276,248,250,256,252,259,242,208,204,176,194,197,149,142,125,123,111,124,116,122,94,114,112,76,85,85,73,65,70,69,59,49,53,39,26,17,18,10,14,7,7,3,2,2,8,0,0,31193,15499,774,867,1014,617,397,188,185,521,807,776,880,1057,1266,1271,1246,477,690,385,480,589,498,293,221,15694,727,894,953,682,357,169,200,439,785,793,881,1094,1237,1328,1285,504,650,368,485,598,515,374,376,1556,876,4,4,4,0,0,2,2,0,0,0,0,0,0,0,0,0,0,0,0,0,0,0,0,0,0,0,0,0,0,0,0,0,854,165,165,0,0,125,40,0,0,0,0,0,0,0,0,0,0,0,0,0,689,647,0,0,0,42,0,42,0,0,0,0,18,2,2,0,0,2,0,0,0,0,0,0,0,0,0,0,0,0,0,0,16,0,0,0,0,16,0,16,0,0,0,0,680,0,0,0,0,0,0,0,0,0,0,0,0,0,0,0,0,0,0,0,0,0,0,0,0,0,0,0,0,0,0,0,0,660,3,3,0,0,3,0,0,0,0,0,0,0,0,0,0,0,0,0,0,657,619,0,0,0,38,0,38,0,0,0,0,20,2,2,0,0,2,0,0,0,0,0,0,0,0,0,0,0,0,0,0,18,0,0,0,0,18,0,18,0,0,0,0
"G3600970","2010","NY","1","2","New York","36","Schuyler County","097",,,,,,,,,,,,,,,"99999","99999","999",,,,,,,,,,,,,,,,,"850379456","36246347","Schuyler County","A","+42.4197760","-076.9386038","06","9",,18343,9122,81,88,95,92,85,103,101,103,117,117,117,121,112,111,125,132,130,171,123,111,111,114,101,102,117,102,93,81,97,91,76,75,89,82,101,86,86,94,110,128,140,121,121,149,126,156,150,144,138,157,152,158,150,173,134,165,140,157,131,143,149,134,146,131,84,104,107,99,93,89,84,66,74,72,60,63,57,54,55,55,39,34,23,20,26,24,20,16,18,17,9,7,4,5,2,2,2,0,1,1,0,0,0,9221,76,85,96,90,93,86,95,96,116,108,117,94,116,107,115,135,129,135,109,93,94,68,87,97,78,86,83,97,90,76,99,84,101,93,91,89,86,81,105,131,128,142,114,139,128,153,153,140,167,165,141,172,160,160,159,168,144,144,153,144,130,125,150,134,87,104,110,94,80,82,87,74,86,71,83,87,68,72,54,66,31,55,41,33,42,36,38,34,40,27,36,17,26,15,3,5,5,6,4,2,0,0,0,17989,8871,441,541,586,428,214,97,105,279,419,394,492,644,736,758,732,281,357,211,279,347,279,137,114,9118,440,501,549,398,202,94,68,262,431,466,491,645,775,791,750,255,371,212,255,393,340,190,239,354,251,5,4,4,0,0,4,0,0,0,0,0,0,0,0,0,0,0,0,0,0,1,1,0,0,0,0,0,0,0,0,0,0,211,156,152,0,0,133,19,0,0,0,0,0,0,4,0,0,0,0,0,0,55,24,0,0,0,31,0,15,16,0,0,0,35,33,0,0,0,0,0,0,0,0,0,0,0,33,0,0,0,0,0,0,2,0,0,0,0,2,0,0,2,0,0,0,103,1,0,0,0,0,0,0,0,0,0,0,0,0,0,0,0,0,0,0,0,1,0,0,0,0,1,0,0,1,0,0,0,17,6,4,0,0,4,0,0,0,0,0,0,0,2,0,0,0,0,0,0,11,0,0,0,0,11,0,5,6,0,0,0,85,83,0,0,0,0,0,0,0,0,0,0,0,83,0,0,0,0,0,0,2,0,0,0,0,2,0,0,2,0,0,0
"G3600990","2010","NY","1","2","New York","36","Seneca County","099",,,,,,,,,,,,,,,"42900","99999","464",,,,,,,,,,,,,,,,,"838393327","172838984","Seneca County","A","+42.7822943","-076.8270880","06","2",,35251,18454,218,208,239,181,197,184,198,222,190,220,202,195,216,224,193,227,275,268,257,233,264,274,299,299,366,312,259,282,253,236,228,233,232,217,204,222,212,202,238,258,261,242,235,218,281,263,280,286,279,296,302,297,314,268,306,296,227,290,272,234,205,213,250,236,174,175,149,190,143,133,147,126,123,98,113,101,91,86,99,93,68,73,89,75,55,61,51,32,25,22,18,20,8,11,6,3,3,2,0,1,2,0,0,16797,187,180,174,187,209,181,185,184,203,185,212,200,198,207,215,271,254,230,192,163,176,163,192,227,213,208,176,178,168,183,184,162,180,148,160,172,164,213,199,228,202,221,203,235,192,235,242,277,237,266,268,296,282,259,260,251,257,265,256,235,268,216,233,267,183,172,164,184,169,142,126,132,129,105,109,114,108,119,85,107,107,118,97,84,92,97,87,55,63,42,47,18,28,23,13,17,10,7,3,4,2,0,1,32442,16036,1043,1014,996,720,414,196,171,632,897,801,879,1020,1219,1359,1245,402,643,321,457,588,446,336,237,16406,937,938,1028,732,353,176,157,593,883,821,960,1037,1243,1351,1251,480,678,334,488,585,507,453,421,2809,2418,84,84,8,0,0,3,5,0,0,76,0,76,0,0,0,0,0,0,0,0,0,0,0,0,0,0,0,0,0,0,0,0,2227,2032,2014,0,0,1941,73,0,0,11,0,11,0,7,0,0,0,0,0,0,195,80,0,0,0,115,0,103,12,0,0,0,107,89,12,0,0,12,0,0,0,0,0,0,0,77,0,0,0,0,0,0,18,0,0,0,0,18,0,13,0,0,0,5,391,27,27,0,0,0,0,0,0,0,27,0,27,0,0,0,0,0,0,0,0,0,0,0,0,0,0,0,0,0,0,0,0,172,54,46,0,0,40,6,0,0,0,0,0,0,8,0,0,0,0,0,0,118,55,0,0,0,63,0,60,3,0,0,0,192,176,0,0,0,0,0,0,0,0,0,0,0,176,0,0,0,0,0,0,16,0,0,0,0,16,0,16,0,0,0,0
"G3601010","2010","NY","1","2","New York","36","Steuben County","101",,,,,,,,,,,,,,,"18500","99999","999",,,,,,,,,,,,,,,,,"3601531651","35027245","Steuben County","A","+42.2667252","-077.3855253","06","2",,98990,49126,586,553,635,597,586,580,664,684,623,638,700,680,646,662,706,725,755,791,710,555,591,545,519,553,539,520,540,587,532,580,593,564,540,547,488,552,525,539,561,632,701,652,639,661,679,786,762,763,788,770,794,813,802,813,731,798,742,757,757,693,679,650,611,640,492,510,469,466,444,392,387,338,350,348,298,278,304,267,279,230,223,194,186,178,160,144,92,103,89,84,58,57,33,19,15,16,9,3,3,0,4,0,0,49864,556,539,572,584,585,612,604,600,620,651,635,647,672,647,712,723,720,708,595,569,506,494,486,521,504,560,538,543,559,575,568,542,537,519,512,557,523,555,605,663,709,620,604,656,731,738,769,723,712,838,793,778,804,784,688,762,744,733,756,691,627,698,631,704,465,447,555,497,426,428,408,392,374,368,323,337,314,336,352,296,278,307,276,287,256,230,203,182,160,139,99,101,66,69,58,40,33,15,13,7,16,0,0,97407,48262,2957,3189,3379,2250,1250,579,537,1580,2704,2684,2760,3286,3817,3889,3686,1315,1710,972,1284,1686,1274,868,606,49145,2834,3086,3310,2151,1160,502,494,1499,2761,2657,2892,3307,3764,3830,3660,1313,1789,993,1334,1824,1579,1291,1115,1583,864,36,36,5,0,0,0,5,0,0,31,4,27,0,0,0,0,0,0,0,0,0,0,0,0,0,0,0,0,0,0,0,0,488,196,146,0,0,0,146,0,0,1,0,1,0,49,0,0,0,0,0,0,292,0,0,0,0,292,0,110,181,0,0,1,340,227,0,0,0,0,0,0,0,0,0,0,0,227,0,0,0,0,0,0,113,0,0,0,0,113,0,62,50,0,0,1,719,6,6,0,0,0,0,0,0,0,6,6,0,0,0,0,0,0,0,0,0,0,0,0,0,0,0,0,0,0,0,0,0,161,60,21,0,0,0,21,0,0,3,3,0,0,36,0,0,0,0,0,0,101,0,0,0,0,101,0,95,6,0,0,0,552,464,0,0,0,0,0,0,0,0,0,0,0,464,0,0,0,0,0,0,88,0,0,0,0,88,0,87,0,0,0,1
"G3601030","2010","NY","1","2","New York","36","Suffolk County","103",,,,,,,,,,,,,,,"35620","35004","408",,,,,,,,,,,,,,,,,"2362201496","3784184893","Suffolk County","A","+40.9435540","-072.6922184","06","1",,1493350,734668,8172,8417,8708,9334,9442,9597,10120,9953,10118,10351,10570,10727,10920,11015,11294,11440,11453,11934,10836,10287,10178,9422,9469,9205,9060,8932,8174,8203,8267,8417,8931,8080,8530,8353,8604,9224,8765,8887,9775,10599,11891,10881,11185,11603,12015,13033,12627,12521,12487,12767,12742,11897,11782,11083,10682,10474,9466,9161,8969,8404,8350,7990,8452,8355,6198,6310,6167,6383,5290,4749,4516,4363,4195,3835,3522,3546,3228,3161,3084,2931,2871,2538,2495,2055,1836,1631,1446,1283,1073,896,693,488,382,289,185,151,95,77,55,28,41,2,0,758682,7816,8025,8554,8650,8866,9298,9294,9434,9698,9956,10236,10272,10178,10483,10672,10850,10915,10908,9488,8881,9020,8762,8705,8478,8072,8142,7723,7776,7877,8157,8681,7988,8596,8650,8604,9244,8959,9431,10302,11261,11858,11298,11680,12187,12296,13555,12901,12875,12694,12999,13073,11832,11938,11371,10923,10581,10054,9727,9136,8966,9193,8814,9288,9522,7116,7268,7125,7448,6250,5662,5561,5181,4954,4696,4508,4354,4197,4254,4082,3952,3946,3617,3494,3325,3003,2808,2637,2337,2068,1830,1538,1279,1045,844,678,605,413,307,219,166,230,22,0,1463944,720165,43909,50025,54341,34526,18795,9027,8461,26447,40901,41845,46672,56915,62646,57419,45856,16141,22752,12367,16240,20143,15597,11259,7881,743779,41764,47594,51689,32390,16381,7942,7739,24296,39127,42226,48932,59034,64637,58761,48094,17862,25740,14258,19155,24481,20116,16213,15348,29406,14503,764,331,23,0,0,0,23,0,0,230,117,108,5,0,78,0,54,1,0,23,433,21,0,0,0,412,262,0,2,0,47,101,11336,2527,1471,0,0,0,1468,3,0,73,39,33,1,594,389,287,66,11,0,25,8809,5274,9,9,0,3526,305,1734,769,0,213,505,2403,2158,5,0,0,0,5,0,0,0,0,0,0,2101,52,29,13,10,0,0,245,0,0,0,0,245,5,173,10,0,4,53,14903,668,279,3,0,0,0,3,0,0,213,86,111,16,0,63,0,41,0,0,22,389,22,0,0,0,367,289,4,2,0,35,37,7903,962,162,0,0,0,159,3,0,36,26,5,5,558,206,139,44,11,0,12,6941,4858,5,5,0,2078,331,1135,338,0,119,155,6332,5715,0,0,0,0,0,0,0,0,0,0,0,5648,67,34,23,10,0,0,617,0,0,0,0,617,2,191,11,0,49,364
"G3601050","2010","NY","1","2","New York","36","Sullivan County","105",,,,,,,,,,,,,,,"99999","99999","999",,,,,,,,,,,,,,,,,"2507450206","74049483","Sullivan County","A","+41.7201763","-074.7646796","06","9",,77547,39614,463,481,471,502,486,463,516,483,502,513,506,510,521,506,513,507,616,560,542,541,521,515,438,460,431,406,431,413,445,412,487,469,433,464,442,438,428,459,487,479,533,518,535,586,607,701,671,664,670,684,692,648,668,661,633,623,549,569,589,541,582,522,527,509,434,387,425,442,364,357,314,313,295,242,220,230,196,224,164,191,154,121,162,130,93,82,73,73,44,30,37,23,18,9,8,5,6,2,3,0,1,0,0,37933,428,425,446,479,445,447,462,404,453,485,458,473,448,460,483,492,606,563,474,450,439,415,371,404,482,408,413,409,460,451,427,376,434,415,393,362,394,396,449,518,496,534,500,523,565,605,636,627,584,637,628,602,621,521,597,570,548,608,527,553,576,509,580,535,437,414,401,429,382,339,306,274,297,259,228,203,199,202,181,197,219,166,185,144,140,153,111,105,90,86,73,51,43,36,24,20,19,11,12,4,14,0,0,73722,36776,2386,2464,2522,1623,926,439,426,1163,1875,1997,2017,2470,3023,3011,2698,1058,1411,787,1123,1344,986,642,385,36946,2209,2247,2304,1562,829,390,377,1178,2083,2000,2076,2584,3046,2921,2745,1061,1518,803,1125,1336,956,823,773,3825,2838,124,78,11,0,0,0,9,2,0,67,60,7,0,0,0,0,0,0,0,0,46,0,0,0,0,46,28,1,0,0,16,1,2543,1543,1376,0,0,1236,128,12,0,70,24,46,0,97,0,0,0,0,0,0,1000,14,0,0,0,986,49,233,377,0,224,103,171,112,39,0,0,39,0,0,0,0,0,0,0,73,0,0,0,0,0,0,59,0,0,0,0,59,2,29,4,0,12,12,987,135,29,0,0,0,0,0,0,0,29,19,10,0,0,0,0,0,0,0,0,106,0,0,0,0,106,25,0,2,0,78,1,651,104,19,0,0,1,10,8,0,30,17,13,0,55,0,0,0,0,0,0,547,17,0,0,0,530,35,94,97,0,172,132,201,143,0,0,0,0,0,0,0,0,0,0,0,143,0,0,0,0,0,0,58,0,0,0,0,58,0,24,4,0,11,19
"G3601070","2010","NY","1","2","New York","36","Tioga County","107",,,,,,,,,,,,,,,"13780","99999","999",,,,,,,,,,,,,,,,,"1343172320","11080489","Tioga County","A","+42.1780568","-076.2974503","06","1",,51125,25345,274,315,324,330,304,333,318,329,349,336,346,389,362,360,369,349,399,374,352,299,268,250,264,233,260,291,236,272,293,263,304,252,299,265,235,299,241,283,303,318,344,332,326,333,367,385,392,442,442,421,462,459,503,455,465,420,360,350,323,351,303,323,331,349,225,239,265,262,235,213,178,171,186,182,172,157,162,176,147,104,115,117,101,86,64,60,58,37,49,25,17,18,15,17,6,4,1,2,1,0,0,0,0,25780,244,303,256,327,296,320,322,316,320,327,363,330,339,302,397,340,368,347,306,255,240,220,251,236,284,229,243,290,244,254,300,264,238,266,256,281,267,285,288,324,331,334,315,347,376,416,453,475,460,465,514,487,463,457,436,409,365,345,304,342,330,343,395,340,250,282,265,294,178,243,189,196,203,203,234,160,178,186,140,146,152,128,144,108,95,113,109,80,78,67,52,37,31,30,16,12,11,11,7,5,7,0,0,50602,25095,1547,1664,1824,1120,646,263,244,742,1316,1334,1424,1695,2065,2321,1789,622,904,504,707,874,738,470,282,25507,1419,1603,1729,1055,554,239,218,765,1249,1317,1437,1696,2260,2345,1755,673,978,542,707,1015,791,593,567,523,250,5,4,1,0,0,0,1,0,0,0,0,0,0,0,3,0,0,0,0,3,1,0,0,0,0,1,0,0,0,0,0,1,178,89,73,0,0,0,73,0,0,0,0,0,0,6,10,0,0,0,0,10,89,0,0,0,0,89,7,58,0,0,5,19,67,55,0,0,0,0,0,0,0,0,0,0,0,55,0,0,0,0,0,0,12,0,0,0,0,12,0,4,0,0,0,8,273,11,0,0,0,0,0,0,0,0,0,0,0,0,0,0,0,0,0,0,0,11,0,0,0,0,11,0,0,0,0,0,11,87,28,15,0,0,0,15,0,0,0,0,0,0,12,1,0,0,0,0,1,59,0,0,0,0,59,0,23,9,0,2,25,175,165,0,0,0,0,0,0,0,0,0,0,0,165,0,0,0,0,0,0,10,0,0,0,0,10,0,2,0,0,2,6
"G3601090","2010","NY","1","2","New York","36","Tompkins County","109",,,,,,,,,,,,,,,"27060","99999","296",,,,,,,,,,,,,,,,,"1229334487","43794640","Tompkins County","A","+42.4532811","-076.4737116","06","1",,101564,50031,444,449,502,438,452,440,480,461,463,447,479,455,459,454,473,582,599,650,1634,2800,2512,2554,1861,1041,968,866,804,814,791,735,678,583,602,578,468,533,445,491,480,510,554,521,524,531,530,554,560,575,519,563,595,587,600,558,573,624,595,633,610,520,582,515,500,520,375,358,372,351,301,269,243,229,207,198,186,178,167,154,151,157,138,152,126,122,89,110,77,64,83,54,31,35,43,36,23,14,4,8,2,1,5,0,0,51533,408,404,441,387,397,458,411,459,414,377,420,433,434,437,493,508,514,537,1895,2893,2587,2482,1678,908,811,852,738,747,782,725,705,617,561,548,490,520,463,490,506,540,591,507,539,546,561,566,647,607,613,645,635,618,660,656,651,663,617,697,631,601,557,555,576,564,369,408,374,355,349,334,272,216,236,245,208,225,195,217,187,211,198,184,221,183,166,169,177,110,144,114,105,83,81,43,40,46,30,16,17,8,23,1,0,88332,43352,2281,2291,2283,1566,1202,1041,1734,3473,3904,2863,2426,2628,2731,2871,2962,1088,1386,722,912,1049,786,604,549,44980,2034,2118,2215,1508,1094,1159,1853,3159,3777,2893,2495,2729,3058,3201,3196,1103,1506,777,1029,1159,1001,897,1019,13232,6679,306,290,4,0,0,0,4,0,0,286,5,168,113,0,0,0,0,0,0,0,16,11,0,0,0,5,4,0,0,0,0,1,6257,118,71,0,0,0,71,0,0,30,6,12,12,17,0,0,0,0,0,0,6139,5908,0,0,0,231,94,40,55,0,6,36,116,100,3,0,0,0,3,0,0,0,0,0,0,96,1,0,0,1,0,0,16,0,0,0,0,16,7,0,3,0,0,6,6553,57,20,0,0,0,0,0,0,0,20,0,3,17,0,0,0,0,0,0,0,37,29,0,0,0,8,2,1,0,0,0,5,6187,33,6,0,0,0,6,0,0,2,2,0,0,24,1,0,0,1,0,0,6154,6026,0,0,0,128,47,38,19,0,1,23,309,283,0,0,0,0,0,0,0,0,0,0,0,282,1,0,0,1,0,0,26,0,0,0,0,26,8,10,4,0,0,4
"G3601110","2010","NY","1","2","New York","36","Ulster County","111",,,,,,,,,,,,,,,"28740","99999","408",,,,,,,,,,,,,,,,,"2911755518","94599622","Ulster County","A","+41.9472321","-074.2654470","06","1",,182493,90809,848,856,945,966,919,965,1001,972,1020,1007,1058,1037,1064,1132,1192,1229,1230,1304,1344,1440,1456,1331,1246,1176,1195,1149,1053,1042,1083,992,1063,979,1022,1037,1008,1081,1003,1087,1175,1374,1372,1222,1369,1297,1424,1485,1568,1626,1614,1556,1592,1594,1532,1551,1451,1404,1326,1346,1325,1292,1275,1243,1263,1267,842,907,864,911,777,664,615,608,585,504,456,473,427,471,401,442,379,298,346,284,244,234,196,182,145,128,76,73,59,50,41,22,11,4,6,3,5,1,0,91684,782,889,934,893,964,907,998,943,946,990,1013,1029,1072,1039,1042,1157,1218,1255,1427,1539,1478,1435,1233,994,934,1026,877,948,924,950,980,988,936,935,960,1054,1005,1019,1121,1229,1249,1195,1194,1319,1358,1463,1484,1492,1499,1631,1583,1523,1552,1444,1449,1404,1378,1347,1438,1347,1232,1289,1326,1308,965,1005,968,967,812,734,690,624,611,591,571,539,542,568,530,485,470,505,496,479,375,392,376,322,272,236,184,167,175,108,101,83,55,43,28,14,29,5,0,170720,83532,4496,4924,5392,3593,2118,1106,1092,3057,4443,4354,4917,5988,7188,7324,6434,2453,3262,1711,2289,2680,2108,1481,1122,87188,4415,4745,5149,3553,1931,1039,1168,2915,4461,4606,5302,6178,7463,7426,6736,2481,3507,1942,2451,3015,2515,2136,2054,11773,7277,340,187,2,0,0,2,0,0,0,185,17,51,117,0,0,0,0,0,0,0,153,0,0,0,0,153,20,0,0,0,3,130,6436,3006,2800,0,0,2790,10,0,0,13,5,4,4,193,0,0,0,0,0,0,3430,927,2,2,0,2501,50,262,373,0,768,1048,501,283,37,0,0,37,0,0,0,0,0,0,0,246,0,0,0,0,0,0,218,0,0,0,0,218,13,83,17,0,14,91,4496,209,28,0,0,0,0,0,0,0,28,2,26,0,0,0,0,0,0,0,0,181,4,0,0,0,177,17,0,0,0,21,139,3248,132,4,0,0,4,0,0,0,7,3,4,0,121,0,0,0,0,0,0,3116,1789,1,1,0,1326,35,168,120,0,376,627,1039,713,0,0,0,0,0,0,0,0,0,0,0,713,0,0,0,0,0,0,326,0,0,0,0,326,3,146,13,0,77,87
"G3601130","2010","NY","1","2","New York","36","Warren County","113",,,,,,,,,,,,,,,"24020","99999","104",,,,,,,,,,,,,,,,,"2245395916","167449107","Warren County","A","+43.5551053","-073.8381388","06","1",,65707,32082,336,322,345,311,339,364,398,388,376,404,369,406,399,383,423,474,446,440,422,400,360,336,334,363,349,354,321,351,358,363,377,333,325,315,362,324,309,337,392,430,428,443,454,460,503,521,471,526,557,560,527,537,531,534,494,494,544,538,529,474,446,464,529,502,359,339,336,388,340,283,251,264,237,206,197,193,174,179,171,163,138,164,133,129,104,101,94,88,44,56,40,21,22,14,10,19,6,6,4,3,2,0,0,33625,309,338,317,315,309,334,327,339,352,340,368,385,412,406,415,421,455,480,393,338,329,282,328,376,347,367,369,349,363,347,300,330,347,357,327,327,304,407,395,479,481,474,432,460,489,565,532,584,568,588,577,588,556,531,558,500,533,535,510,487,473,526,491,492,384,371,382,414,345,275,293,270,279,234,253,215,209,255,227,235,236,217,192,190,154,184,168,134,123,91,80,64,55,45,36,41,20,10,13,8,8,2,0,64969,31720,1652,1930,1974,1356,806,352,326,1023,1701,1682,1759,2263,2612,2602,2561,904,1384,672,1006,1147,871,647,490,33249,1588,1692,1983,1347,725,321,279,1044,1785,1649,1903,2331,2824,2800,2556,992,1360,750,1031,1314,1109,934,932,738,362,11,10,2,0,0,0,2,0,0,6,6,0,0,0,2,0,0,0,0,2,1,0,0,0,0,1,1,0,0,0,0,0,265,158,143,0,0,0,124,19,0,0,0,0,0,12,3,0,3,0,0,0,107,12,0,0,0,95,11,77,0,0,0,7,86,81,0,0,0,0,0,0,0,0,0,0,0,81,0,0,0,0,0,0,5,0,0,0,0,5,0,2,0,0,0,3,376,12,12,3,0,0,0,3,0,0,9,2,0,7,0,0,0,0,0,0,0,0,0,0,0,0,0,0,0,0,0,0,0,106,36,28,0,0,0,28,0,0,0,0,0,0,6,2,1,0,0,0,1,70,8,0,0,0,62,4,55,0,0,0,3,258,256,0,0,0,0,0,0,0,0,0,0,0,256,0,0,0,0,0,0,2,0,0,0,0,2,0,2,0,0,0,0
"G3601150","2010","NY","1","2","New York","36","Washington County","115",,,,,,,,,,,,,,,"24020","99999","104",,,,,,,,,,,,,,,,,"2152756071","38083243","Washington County","A","+43.3123766","-073.4394282","06","1",,63216,32758,363,370,322,351,357,392,341,376,419,336,352,406,376,422,425,423,457,496,496,462,558,463,399,424,387,398,408,423,427,410,384,396,395,416,377,425,386,417,380,468,502,476,522,495,520,498,528,546,534,544,550,533,525,478,544,508,522,432,457,427,448,388,467,398,285,331,313,327,258,273,241,215,199,210,181,175,165,163,149,160,131,108,135,109,90,79,72,63,50,49,28,19,15,14,4,10,3,5,2,0,2,0,0,30458,285,318,327,331,325,342,326,353,344,354,369,356,380,348,424,387,363,401,342,325,338,299,332,339,352,325,369,345,300,303,341,324,352,348,296,340,309,343,382,385,428,434,441,472,460,507,500,459,501,532,501,511,503,492,501,462,470,446,414,403,381,417,403,415,324,323,325,348,292,259,248,236,209,194,226,212,210,201,198,179,182,172,164,143,156,142,125,110,107,81,85,52,49,35,23,21,14,18,5,5,9,1,0,60052,29955,1762,1863,1981,1335,740,371,336,1008,1695,1663,1776,2202,2377,2453,2256,817,1112,634,843,1030,794,540,367,30097,1585,1717,1876,1145,665,337,297,1018,1634,1655,1745,2230,2494,2503,2186,790,1133,645,891,1100,964,764,723,3164,2803,43,41,36,0,0,32,4,0,0,5,5,0,0,0,0,0,0,0,0,0,2,0,0,0,0,2,0,0,0,0,2,0,2620,2486,2473,0,0,2378,95,0,0,0,0,0,0,13,0,0,0,0,0,0,134,0,0,0,0,134,0,78,30,0,19,7,140,125,21,0,0,21,0,0,0,0,0,0,0,104,0,0,0,0,0,0,15,0,0,0,0,15,0,7,2,0,0,6,361,10,6,0,0,0,0,0,0,0,6,6,0,0,0,0,0,0,0,0,0,4,0,0,0,0,4,0,1,0,0,3,0,79,28,15,0,0,2,13,0,0,1,1,0,0,12,0,0,0,0,0,0,51,0,0,0,0,51,0,29,9,0,8,5,272,255,0,0,0,0,0,0,0,0,0,0,0,255,0,0,0,0,0,0,17,0,0,0,0,17,0,6,0,0,0,11
"G3601170","2010","NY","1","2","New York","36","Wayne County","117",,,,,,,,,,,,,,,"40380","99999","464",,,,,,,,,,,,,,,,,"1563902765","2018182309","Wayne County","A","+43.4587577","-077.0631637","06","1",,93772,46520,499,573,559,521,606,579,579,589,555,597,644,655,697,655,719,705,751,781,691,561,525,504,512,475,482,495,487,487,496,501,507,499,481,476,502,520,487,558,555,675,680,641,718,691,732,754,764,764,823,859,810,799,818,763,757,680,713,702,670,637,655,596,643,649,458,391,457,461,418,352,303,299,306,284,264,272,232,238,196,185,186,161,156,145,133,94,97,73,66,58,46,43,22,17,13,17,8,1,6,2,2,0,0,47252,542,537,553,571,539,548,602,590,609,610,647,631,663,632,648,705,718,690,567,482,448,427,477,458,446,483,440,482,476,478,517,500,484,462,455,499,516,531,596,765,662,667,672,735,711,769,792,827,880,789,825,799,822,783,783,740,684,710,636,619,589,610,612,664,489,509,484,512,372,370,363,325,319,273,293,297,275,262,261,270,250,195,203,210,183,159,165,123,141,116,91,93,49,50,50,21,20,18,12,10,14,1,0,92382,45667,2758,2899,3365,2227,1233,512,480,1404,2352,2377,2725,3393,3905,3900,3364,1236,1728,835,1216,1437,1081,734,506,46715,2741,2957,3221,2110,1047,444,422,1367,2339,2401,2893,3436,4046,3992,3370,1191,1750,981,1241,1542,1321,979,924,1390,853,15,14,2,0,0,0,2,0,0,12,12,0,0,0,0,0,0,0,0,0,1,0,0,0,0,1,0,0,0,0,1,0,643,424,383,0,0,232,131,20,0,4,4,0,0,37,0,0,0,0,0,0,219,0,0,0,0,219,0,175,27,0,13,4,195,139,0,0,0,0,0,0,0,0,0,0,0,137,2,0,0,2,0,0,56,0,0,0,0,56,0,41,4,0,11,0,537,6,3,0,0,0,0,0,0,0,3,3,0,0,0,0,0,0,0,0,0,3,0,0,0,0,3,0,0,0,0,3,0,160,46,23,0,0,0,23,0,0,0,0,0,0,23,0,0,0,0,0,0,114,0,0,0,0,114,0,81,31,0,2,0,371,339,0,0,0,0,0,0,0,0,0,0,0,339,0,0,0,0,0,0,32,0,0,0,0,32,0,27,3,0,0,2
"G3601190","2010","NY","1","2","New York","36","Westchester County","119",,,,,,,,,,,,,,,"35620","35644","408",,,,,,,,,,,,,,,,,"1114982482","179999078","Westchester County","A","+41.1527698","-073.7459120","06","1",,949113,456661,5554,5519,6054,6077,6115,6296,6406,6440,6488,6633,6676,6626,6718,6713,6836,6997,7386,7391,6315,5526,5420,5298,5553,5594,5599,5532,5154,5262,5186,5290,5487,5282,5417,5536,5382,5678,5614,5771,5999,6672,7158,6566,6787,6699,7047,7403,7368,7283,7236,7396,7352,7098,7061,6780,6711,6447,5986,5720,5699,5382,5428,5189,5204,5127,4061,3852,3700,3766,3322,2996,2819,2657,2584,2446,2329,2289,2106,2181,2067,2059,2043,1870,1683,1620,1445,1272,1172,970,807,730,536,386,328,259,194,166,101,86,51,35,52,2,0,492452,5236,5242,5779,5803,5820,6131,6227,6149,6177,6265,6363,6297,6478,6412,6561,6628,6701,6806,5861,5705,5292,5230,5237,5229,5128,5126,5008,5395,5315,5386,5470,5505,5760,5799,5721,6087,6028,6158,6496,7220,7516,7175,7316,7322,7675,8010,8008,7767,7812,7958,7977,7606,7620,7343,7243,7189,6550,6559,6155,6101,6060,5916,5885,5723,4594,4569,4428,4815,3826,3731,3658,3528,3378,3251,3111,3086,2890,2892,2954,2905,2947,2827,2783,2611,2371,2184,2124,1880,1660,1503,1282,1016,926,692,571,457,386,288,184,155,253,18,1,920409,442668,29238,32156,33130,20610,9979,4601,4586,15751,25509,26318,29023,33441,35857,34270,28680,10430,14156,7447,9903,12541,10372,8228,6442,477741,27784,30872,31951,19613,8645,4108,4289,14746,25683,27881,31685,36611,39170,37422,32251,11860,16008,8906,12165,16591,14141,12561,12798,28704,13993,1791,1253,27,0,0,0,27,0,0,995,150,628,217,0,231,125,0,0,0,106,538,335,0,0,0,203,145,0,0,0,34,24,10154,3884,2886,0,0,1695,1191,0,0,167,19,141,7,470,361,193,12,132,0,24,6270,3807,0,0,0,2463,539,726,103,0,292,803,2048,1716,30,0,0,20,10,0,0,0,0,0,0,1637,49,11,2,36,0,0,332,3,0,0,0,329,7,75,6,0,8,233,14711,855,436,2,0,0,1,1,0,0,394,74,314,6,0,40,31,2,0,0,7,419,192,0,0,0,227,148,1,1,0,40,37,8877,1764,1191,0,0,1084,107,0,0,44,7,37,0,383,146,75,6,51,0,14,7113,5776,0,0,0,1337,317,597,58,0,158,207,4979,4205,13,0,0,13,0,0,0,0,0,0,0,4153,39,12,3,24,0,0,774,0,0,0,0,774,8,116,2,0,5,643
"G3601210","2010","NY","1","2","New York","36","Wyoming County","121",,,,,,,,,,,,,,,"99999","99999","999",,,,,,,,,,,,,,,,,"1535205959","9171431","Wyoming County","A","+42.7013627","-078.2285667","06","9",,42155,22953,214,214,211,217,188,238,230,268,220,242,241,273,247,243,250,283,277,326,272,224,275,243,261,301,343,360,368,395,379,389,351,351,338,308,325,326,285,295,372,363,399,381,364,352,409,453,394,400,435,412,382,373,381,356,363,358,360,337,347,299,292,246,289,267,192,197,209,214,174,157,155,141,144,121,112,112,84,104,80,66,68,68,71,40,47,50,44,37,34,24,16,12,3,7,3,4,3,0,2,1,2,0,0,19202,212,198,194,228,220,220,233,235,249,240,233,240,256,259,245,263,302,295,239,209,198,187,175,225,211,207,224,190,222,188,221,207,193,178,201,204,209,225,219,283,283,241,285,278,272,319,331,343,331,290,322,271,349,333,284,301,267,287,296,263,275,249,232,248,198,199,191,201,167,159,169,132,115,149,100,125,99,111,100,103,117,104,107,92,62,78,64,79,57,48,47,36,31,20,13,14,7,4,7,0,9,1,0,38194,19103,1044,1198,1254,884,470,251,210,635,1189,975,1129,1407,1634,1556,1538,495,708,390,524,650,440,291,231,19091,1052,1177,1233,860,447,194,186,608,1024,996,1132,1354,1609,1555,1411,522,676,389,523,659,536,474,474,3961,3850,2,2,2,0,0,2,0,0,0,0,0,0,0,0,0,0,0,0,0,0,0,0,0,0,0,0,0,0,0,0,0,0,3768,3730,3728,0,0,3692,36,0,0,0,0,0,0,2,0,0,0,0,0,0,38,0,0,0,0,38,0,38,0,0,0,0,80,72,55,0,0,55,0,0,0,0,0,0,0,17,0,0,0,0,0,0,8,0,0,0,0,8,0,8,0,0,0,0,111,0,0,0,0,0,0,0,0,0,0,0,0,0,0,0,0,0,0,0,0,0,0,0,0,0,0,0,0,0,0,0,0,49,11,11,0,0,0,11,0,0,0,0,0,0,0,0,0,0,0,0,0,38,0,0,0,0,38,0,34,4,0,0,0,62,46,0,0,0,0,0,0,0,0,0,0,0,46,0,0,0,0,0,0,16,0,0,0,0,16,0,16,0,0,0,0
"G3601230","2010","NY","1","2","New York","36","Yates County","123",,,,,,,,,,,,,,,"99999","99999","999",,,,,,,,,,,,,,,,,"875785717","97504792","Yates County","A","+42.6382370","-077.1043238","06","9",,25348,12278,172,168,160,154,148,144,164,142,174,176,184,208,186,192,193,182,219,203,236,218,174,192,166,117,135,134,117,109,110,129,115,101,104,116,95,111,99,108,121,145,142,138,126,146,132,161,180,153,174,199,191,182,221,172,195,193,161,184,159,158,183,172,185,186,156,140,132,135,125,93,102,102,88,97,99,76,69,65,75,54,60,61,39,43,44,48,28,28,24,15,22,19,6,5,5,1,2,1,1,4,0,0,0,13070,179,126,160,172,142,175,150,176,175,126,149,178,182,184,179,167,208,218,226,279,271,222,183,135,117,136,137,133,120,133,117,117,118,109,113,113,111,137,130,150,133,132,120,143,153,176,183,215,200,207,186,207,192,194,209,185,186,200,194,179,184,175,150,183,123,145,148,152,106,114,108,100,120,99,76,105,78,70,80,82,90,69,75,68,67,54,47,35,44,32,24,24,23,13,15,17,11,10,2,1,4,0,0,24061,11818,802,800,953,574,345,121,148,355,582,517,575,675,856,955,846,352,521,269,349,477,329,233,184,12243,779,802,867,572,277,144,99,347,641,565,633,675,973,983,936,351,444,288,368,491,401,334,273,1287,460,40,39,2,0,0,0,2,0,0,37,37,0,0,0,0,0,0,0,0,0,1,0,0,0,0,1,0,0,0,0,1,0,353,89,49,0,0,0,49,0,0,29,29,0,0,7,4,4,0,0,0,0,264,230,0,0,0,34,0,27,0,0,7,0,67,52,0,0,0,0,0,0,0,0,0,0,0,52,0,0,0,0,0,0,15,0,0,0,0,15,0,15,0,0,0,0,827,26,0,0,0,0,0,0,0,0,0,0,0,0,0,0,0,0,0,0,0,26,2,0,0,0,24,0,0,0,0,24,0,648,26,5,0,0,0,5,0,0,3,3,0,0,12,6,6,0,0,0,0,622,588,0,0,0,34,0,15,0,0,16,3,153,120,0,0,0,0,0,0,0,0,0,0,0,120,0,0,0,0,0,0,33,0,0,0,0,33,0,31,0,0,2,0
"G3700010","2010","NC","3","5","North Carolina","37","Alamance County","001",,,,,,,,,,,,,,,"15500","99999","268",,,,,,,,,,,,,,,,,"1098007863","27957457","Alamance County","A","+36.0419739","-079.3999353","06","1",,151131,71890,963,931,1005,1021,926,1002,986,1040,1058,1040,1044,1017,1051,997,969,992,1025,1042,1086,1267,1217,1257,1043,852,804,850,720,810,814,812,877,733,842,780,885,882,826,939,1024,1100,1134,993,983,1078,1064,1092,1109,1131,1089,1044,1087,987,1114,1033,1024,909,947,873,815,832,839,792,885,809,604,671,622,657,592,489,440,437,419,413,415,366,395,335,318,316,292,259,251,226,205,183,149,136,109,105,81,60,48,39,21,19,8,11,3,0,4,0,0,79241,914,915,934,945,970,922,965,941,927,1008,1010,1011,991,965,953,985,1043,935,1241,1484,1444,1378,1090,871,926,907,831,926,903,877,910,916,960,856,955,949,956,1036,1107,1146,1123,1087,1026,1130,1093,1112,1173,1158,1153,1129,1177,1075,1068,1079,1057,1122,1028,1006,963,883,938,943,1003,957,768,753,727,777,647,632,580,563,546,543,505,531,508,503,462,411,451,449,397,422,365,368,303,282,235,226,164,143,116,118,73,56,39,27,27,15,20,3,0,146902,70114,4843,5121,5077,3047,1709,956,1134,2628,3965,4082,4739,5193,5392,5188,4309,1603,2261,1281,1723,2092,1679,1187,905,76788,4673,4757,4925,2959,1670,1034,1235,2804,4428,4587,5182,5434,5693,5431,4970,1866,2710,1467,2033,2689,2349,1968,1924,4229,1776,21,13,0,0,0,0,0,0,0,12,6,6,0,0,1,0,0,1,0,0,8,0,0,0,0,8,1,0,0,0,0,7,1528,120,63,0,0,0,63,0,0,1,1,0,0,53,3,0,0,3,0,0,1408,1074,0,0,0,334,63,172,28,0,31,40,227,178,0,0,0,0,0,0,0,0,0,0,0,173,5,0,0,5,0,0,49,0,0,0,0,49,0,30,0,0,13,6,2453,20,2,0,0,0,0,0,0,0,2,0,2,0,0,0,0,0,0,0,0,18,1,0,0,0,17,3,0,0,0,3,11,1876,35,2,0,0,0,2,0,0,1,1,0,0,30,2,0,0,2,0,0,1841,1680,0,0,0,161,11,104,12,0,9,25,557,494,0,0,0,0,0,0,0,0,0,0,0,490,4,0,0,4,0,0,63,0,0,0,0,63,0,33,3,0,27,0
"G3700030","2010","NC","3","5","North Carolina","37","Alexander County","003",,,,,,,,,,,,,,,"25860","99999","999",,,,,,,,,,,,,,,,,"673381461","9469976","Alexander County","A","+35.9209506","-081.1774668","06","1",,37198,18824,219,198,236,232,248,223,249,201,233,236,258,261,233,255,258,269,300,242,243,207,198,176,182,202,176,227,199,255,257,224,249,239,246,256,225,241,252,274,293,314,307,280,274,269,282,320,318,321,318,320,298,271,262,267,294,246,241,238,260,228,259,255,262,266,190,188,190,208,181,173,167,168,132,140,91,117,91,106,74,76,59,51,48,45,38,20,34,26,15,13,14,7,5,2,5,2,3,0,1,0,2,0,0,18374,209,223,213,213,218,245,205,226,246,273,204,222,242,215,240,234,242,232,236,175,159,175,181,168,192,219,172,198,194,223,220,196,220,164,207,243,241,237,277,265,262,251,275,255,243,296,330,283,266,258,273,254,277,270,281,262,258,221,266,258,247,233,286,262,208,223,204,215,196,172,185,146,158,134,126,123,129,132,124,97,95,84,101,64,60,47,50,54,49,27,31,32,22,12,12,11,8,1,4,3,4,0,0,36037,17771,1131,1142,1254,805,447,195,153,487,977,1044,1236,1280,1473,1326,1178,500,703,374,550,686,453,233,144,18266,1076,1195,1121,706,411,159,175,541,1006,1006,1262,1286,1432,1352,1265,476,752,425,578,738,587,385,332,1161,1053,19,17,0,0,0,0,0,0,0,17,0,0,17,0,0,0,0,0,0,0,2,0,0,0,0,2,0,0,0,0,0,2,982,976,972,0,0,951,21,0,0,0,0,0,0,4,0,0,0,0,0,0,6,0,0,0,0,6,0,5,0,0,1,0,52,46,15,0,0,15,0,0,0,0,0,0,0,31,0,0,0,0,0,0,6,0,0,0,0,6,0,6,0,0,0,0,108,4,4,0,0,0,0,0,0,0,4,0,0,4,0,0,0,0,0,0,0,0,0,0,0,0,0,0,0,0,0,0,0,14,9,0,0,0,0,0,0,0,0,0,0,0,9,0,0,0,0,0,0,5,0,0,0,0,5,0,2,0,0,0,3,90,85,0,0,0,0,0,0,0,0,0,0,0,85,0,0,0,0,0,0,5,0,0,0,0,5,0,4,0,0,0,1
"G3700050","2010","NC","3","5","North Carolina","37","Alleghany County","005",,,,,,,,,,,,,,,"99999","99999","999",,,,,,,,,,,,,,,,,"608801116","3854920","Alleghany County","A","+36.4893563","-081.1322988","06","9",,11155,5532,51,52,61,64,65,43,56,56,59,72,64,64,63,61,74,67,72,86,79,65,64,53,43,40,62,59,58,63,58,55,61,58,57,68,57,52,55,76,74,77,68,53,85,70,78,84,75,64,72,90,103,79,83,80,86,88,87,79,89,89,83,89,109,95,72,75,82,69,74,64,51,59,52,53,41,36,56,42,42,27,27,21,31,25,14,16,10,7,10,11,8,4,1,6,1,2,0,1,0,0,0,0,0,5623,51,36,64,61,76,50,50,62,53,77,51,76,69,55,81,61,62,70,68,49,51,50,36,52,53,51,42,43,52,48,45,60,43,56,50,60,66,79,64,55,75,69,75,68,62,60,78,91,80,71,78,92,91,99,81,98,88,85,77,92,89,82,110,81,87,77,73,93,64,68,59,63,55,63,47,51,64,46,57,44,40,36,35,28,32,30,25,29,25,19,12,7,15,6,8,4,1,5,1,2,2,0,0,11044,5483,293,286,326,224,142,62,53,144,291,299,333,351,382,425,426,172,274,155,203,253,198,116,75,5561,288,292,332,193,117,51,50,141,235,254,323,345,377,438,432,170,277,147,223,283,254,169,170,111,49,1,1,1,0,0,0,1,0,0,0,0,0,0,0,0,0,0,0,0,0,0,0,0,0,0,0,0,0,0,0,0,0,30,27,14,0,0,0,14,0,0,0,0,0,0,13,0,0,0,0,0,0,3,0,0,0,0,3,0,3,0,0,0,0,18,18,0,0,0,0,0,0,0,0,0,0,0,18,0,0,0,0,0,0,0,0,0,0,0,0,0,0,0,0,0,0,62,0,0,0,0,0,0,0,0,0,0,0,0,0,0,0,0,0,0,0,0,0,0,0,0,0,0,0,0,0,0,0,0,22,13,0,0,0,0,0,0,0,0,0,0,0,13,0,0,0,0,0,0,9,0,0,0,0,9,0,9,0,0,0,0,40,40,0,0,0,0,0,0,0,0,0,0,0,40,0,0,0,0,0,0,0,0,0,0,0,0,0,0,0,0,0,0
"G3700070","2010","NC","3","5","North Carolina","37","Anson County","007",,,,,,,,,,,,,,,"16740","99999","172",,,,,,,,,,,,,,,,,"1376453053","14612923","Anson County","A","+34.9749961","-080.1099594","06","1",,26948,14015,182,164,138,172,143,140,165,169,160,179,177,158,155,139,159,181,193,199,187,158,168,208,220,214,193,223,194,219,223,216,231,212,227,214,190,225,181,187,215,235,210,196,195,232,199,216,219,219,243,204,203,218,219,216,217,206,189,187,151,175,179,200,176,157,124,127,126,104,97,101,92,94,62,69,67,69,52,58,49,54,39,36,47,35,28,28,26,24,10,22,9,8,1,2,3,7,2,0,1,1,2,0,0,12933,135,149,173,148,163,155,156,168,160,167,199,147,179,159,160,173,195,207,146,169,160,143,149,136,123,155,160,138,127,140,132,130,148,135,138,152,132,154,159,146,204,148,204,169,186,164,194,179,153,192,178,186,185,218,171,166,212,162,185,179,188,190,147,144,150,156,142,138,132,111,110,97,106,84,107,85,85,82,71,64,85,75,69,73,54,66,52,42,42,34,36,21,21,30,15,4,7,8,2,1,6,1,0,24464,11676,799,813,788,571,336,159,162,399,624,641,682,739,868,932,848,368,443,249,298,371,275,178,133,12788,768,806,843,575,315,160,143,407,719,682,741,903,879,935,899,378,439,296,378,499,375,331,317,2484,2339,2,2,2,0,0,0,2,0,0,0,0,0,0,0,0,0,0,0,0,0,0,0,0,0,0,0,0,0,0,0,0,0,2289,2261,2249,0,0,2183,66,0,0,0,0,0,0,12,0,0,0,0,0,0,28,0,0,0,0,28,19,9,0,0,0,0,48,48,7,0,0,7,0,0,0,0,0,0,0,41,0,0,0,0,0,0,0,0,0,0,0,0,0,0,0,0,0,0,145,1,0,0,0,0,0,0,0,0,0,0,0,0,0,0,0,0,0,0,0,1,0,0,0,0,1,1,0,0,0,0,0,26,14,3,0,0,0,3,0,0,0,0,0,0,11,0,0,0,0,0,0,12,0,0,0,0,12,9,3,0,0,0,0,118,115,0,0,0,0,0,0,0,0,0,0,0,115,0,0,0,0,0,0,3,0,0,0,0,3,2,0,0,0,0,1
"G3700090","2010","NC","3","5","North Carolina","37","Ashe County","009",,,,,,,,,,,,,,,"99999","99999","999",,,,,,,,,,,,,,,,,"1103683753","8117340","Ashe County","A","+36.4363053","-081.4987699","06","9",,27281,13489,141,164,153,121,135,152,129,151,157,145,161,145,146,167,165,129,165,175,154,149,145,131,128,143,140,156,123,155,170,161,177,138,156,146,153,144,180,176,169,198,180,179,192,181,160,195,189,192,233,217,217,185,201,192,202,191,228,212,225,179,209,192,235,226,177,184,182,168,151,134,139,146,141,101,116,125,87,78,85,73,74,68,71,55,44,42,37,30,20,16,10,11,4,6,2,2,1,0,1,1,2,0,0,13792,137,127,163,152,159,127,147,123,131,159,133,193,127,165,142,137,135,143,120,119,108,129,99,88,118,129,142,140,137,159,135,141,152,155,138,152,150,162,166,162,162,170,163,178,193,196,219,182,211,198,222,196,203,233,217,207,233,226,226,195,197,241,241,216,172,176,182,186,194,171,166,179,151,121,139,120,110,90,96,117,99,89,82,80,69,80,60,45,49,46,45,35,30,28,16,12,10,8,4,4,5,0,0,26912,13265,713,734,783,468,295,141,123,388,736,741,850,874,1004,990,1029,400,636,364,451,635,440,303,167,13647,737,686,759,415,238,108,129,303,706,711,790,861,1004,1068,1085,437,626,356,547,743,524,399,415,369,224,3,1,1,0,0,0,1,0,0,0,0,0,0,0,0,0,0,0,0,0,2,0,0,0,0,2,0,0,0,0,0,2,174,38,33,0,0,0,33,0,0,0,0,0,0,5,0,0,0,0,0,0,136,0,0,0,0,136,0,28,0,0,108,0,47,40,0,0,0,0,0,0,0,0,0,0,0,40,0,0,0,0,0,0,7,0,0,0,0,7,0,2,0,0,0,5,145,3,0,0,0,0,0,0,0,0,0,0,0,0,0,0,0,0,0,0,0,3,0,0,0,0,3,0,0,0,0,1,2,32,16,7,0,0,0,7,0,0,0,0,0,0,9,0,0,0,0,0,0,16,0,0,0,0,16,0,7,0,0,2,7,110,108,0,0,0,0,0,0,0,0,0,0,0,108,0,0,0,0,0,0,2,0,0,0,0,2,0,2,0,0,0,0
"G3700110","2010","NC","3","5","North Carolina","37","Avery County","011",,,,,,,,,,,,,,,"99999","99999","999",,,,,,,,,,,,,,,,,"639951854","367329","Avery County","A","+36.0728941","-081.9203630","06","9",,17797,9690,83,73,85,81,79,69,81,70,77,87,85,79,107,90,92,95,97,107,112,140,125,176,155,130,155,135,132,143,144,150,155,120,162,116,121,151,157,175,157,174,174,168,143,149,142,169,169,167,159,158,154,160,142,132,125,115,148,123,126,124,132,145,110,142,110,97,91,99,93,86,73,69,79,61,56,73,46,58,46,40,44,36,31,41,26,44,15,21,8,11,6,5,16,6,1,1,0,1,0,2,0,0,0,8107,62,69,90,82,69,65,80,87,82,88,105,72,84,98,82,104,103,100,112,141,114,130,90,82,77,74,73,84,78,77,81,102,103,71,85,97,91,85,97,95,102,98,97,74,114,113,97,117,115,118,123,121,111,127,108,128,111,115,108,129,105,128,118,146,108,96,95,112,82,98,89,99,91,67,74,77,52,66,68,60,59,45,50,65,40,40,26,41,28,25,21,5,8,5,8,3,6,4,5,2,3,0,0,15383,7631,401,382,440,282,164,99,117,286,441,407,536,519,579,559,534,246,338,172,257,324,252,172,124,7752,372,401,427,275,158,60,89,231,383,440,463,483,558,586,585,232,367,188,289,409,313,241,202,2414,2059,32,32,1,0,0,0,1,0,0,31,31,0,0,0,0,0,0,0,0,0,0,0,0,0,0,0,0,0,0,0,0,0,1946,1744,1733,0,0,1706,27,0,0,2,2,0,0,9,0,0,0,0,0,0,202,164,0,0,0,38,0,4,0,0,33,1,81,63,35,0,0,35,0,0,0,0,0,0,0,28,0,0,0,0,0,0,18,0,0,0,0,18,0,18,0,0,0,0,355,47,46,0,0,0,0,0,0,0,46,46,0,0,0,0,0,0,0,0,0,1,1,0,0,0,0,0,0,0,0,0,0,235,12,3,0,0,1,2,0,0,2,2,0,0,7,0,0,0,0,0,0,223,206,0,0,0,17,0,14,0,0,3,0,73,53,0,0,0,0,0,0,0,0,0,0,0,53,0,0,0,0,0,0,20,0,0,0,0,20,0,20,0,0,0,0
"G3700130","2010","NC","3","5","North Carolina","37","Beaufort County","013",,,,,,,,,,,,,,,"47820","99999","999",,,,,,,,,,,,,,,,,"2142417945","339348344","Beaufort County","A","+35.4823128","-076.8420144","06","2",,47759,23008,306,259,278,297,308,288,259,329,301,354,314,299,309,275,333,301,302,352,298,263,211,225,230,221,245,230,224,209,237,273,258,247,277,241,253,276,233,285,283,280,264,275,278,289,260,298,326,320,326,307,328,352,328,338,364,340,373,389,333,331,378,354,366,387,317,292,296,305,257,243,229,220,226,193,170,155,116,179,128,114,106,102,84,82,80,48,40,25,46,17,21,13,7,15,6,2,1,2,1,1,2,0,0,24751,258,255,261,299,260,281,268,294,314,307,308,275,295,259,279,264,291,295,288,256,252,235,232,203,234,261,250,265,232,242,263,258,265,288,277,279,245,298,292,333,316,246,285,286,297,322,340,331,353,351,374,409,410,354,402,379,386,389,405,402,373,399,424,417,332,339,338,344,318,261,225,266,238,216,197,211,181,209,168,158,148,131,132,102,105,98,82,87,83,68,72,53,34,18,25,11,9,8,3,6,14,0,0,47256,22777,1448,1531,1530,951,553,208,217,681,1151,1266,1337,1352,1558,1686,1751,723,1065,587,802,1033,680,437,230,24479,1333,1464,1415,849,544,252,234,666,1245,1344,1440,1426,1690,1939,1947,766,1170,673,914,1125,899,591,553,503,231,4,3,3,0,0,0,3,0,0,0,0,0,0,0,0,0,0,0,0,0,1,0,0,0,0,1,0,0,0,0,0,1,172,90,77,0,0,0,77,0,0,0,0,0,0,13,0,0,0,0,0,0,82,0,0,0,0,82,10,51,0,0,5,16,55,55,0,0,0,0,0,0,0,0,0,0,0,55,0,0,0,0,0,0,0,0,0,0,0,0,0,0,0,0,0,0,272,2,2,0,0,0,0,0,0,0,2,2,0,0,0,0,0,0,0,0,0,0,0,0,0,0,0,0,0,0,0,0,0,67,25,9,0,0,0,9,0,0,0,0,0,0,16,0,0,0,0,0,0,42,0,0,0,0,42,0,33,0,0,2,7,203,199,0,0,0,0,0,0,0,0,0,0,0,199,0,0,0,0,0,0,4,0,0,0,0,4,0,2,0,0,2,0
"G3700150","2010","NC","3","5","North Carolina","37","Bertie County","015",,,,,,,,,,,,,,,"99999","99999","999",,,,,,,,,,,,,,,,,"1811100404","108725316","Bertie County","A","+36.0613302","-076.9623670","06","9",,21282,10534,119,113,114,140,110,95,111,121,130,123,133,111,124,129,138,136,132,189,151,120,122,154,151,163,163,169,146,145,155,127,154,147,137,124,104,122,141,118,127,129,117,127,126,119,139,154,172,184,163,171,152,158,179,181,182,162,142,167,147,154,128,106,137,130,121,106,87,97,84,91,66,96,73,64,85,57,67,66,45,56,38,50,37,28,26,34,23,13,19,18,5,16,12,6,6,3,3,1,0,0,1,0,0,10748,113,107,112,120,128,112,113,105,108,110,116,110,133,137,133,146,145,120,134,106,110,122,117,111,116,96,112,112,102,116,99,84,86,103,119,106,98,119,144,131,121,120,118,128,159,160,172,171,173,156,196,158,211,161,187,193,164,181,161,174,151,145,145,145,110,132,117,121,96,103,103,94,115,90,116,99,83,95,67,76,81,81,75,48,58,41,53,44,41,21,29,27,22,16,10,7,3,3,2,1,7,0,0,19958,9336,596,580,632,445,256,111,112,307,461,436,514,514,762,816,750,229,380,189,268,374,282,173,149,10622,580,548,629,411,240,109,120,342,529,488,597,641,829,908,868,293,400,246,318,504,411,321,290,1324,1198,15,14,6,0,0,0,6,0,0,8,8,0,0,0,0,0,0,0,0,0,1,0,0,0,0,1,0,1,0,0,0,0,1139,1085,1067,0,0,955,112,0,0,0,0,0,0,18,0,0,0,0,0,0,54,0,0,0,0,54,0,49,0,0,5,0,44,41,0,0,0,0,0,0,0,0,0,0,0,41,0,0,0,0,0,0,3,0,0,0,0,3,0,3,0,0,0,0,126,0,0,0,0,0,0,0,0,0,0,0,0,0,0,0,0,0,0,0,0,0,0,0,0,0,0,0,0,0,0,0,0,39,24,12,0,0,0,12,0,0,0,0,0,0,12,0,0,0,0,0,0,15,0,0,0,0,15,0,15,0,0,0,0,87,78,0,0,0,0,0,0,0,0,0,0,0,78,0,0,0,0,0,0,9,0,0,0,0,9,0,9,0,0,0,0
"G3700170","2010","NC","3","5","North Carolina","37","Bladen County","017",,,,,,,,,,,,,,,"99999","99999","999",,,,,,,,,,,,,,,,,"2264498846","33230362","Bladen County","A","+34.5919485","-078.5395125","06","9",,35190,16887,197,192,211,248,235,215,232,207,212,208,251,230,241,244,234,248,237,257,243,224,217,198,173,191,192,162,178,208,197,194,201,185,228,192,186,200,211,231,200,204,214,222,209,186,222,229,201,266,242,218,285,246,299,247,276,255,313,278,250,242,274,230,270,211,219,206,188,168,164,124,139,126,122,107,122,116,81,87,65,69,72,56,51,39,36,22,21,17,25,16,8,7,4,3,1,3,2,0,1,0,1,0,0,18303,188,201,197,232,230,222,221,205,232,211,246,215,225,230,235,227,242,259,198,195,206,170,206,171,187,209,208,200,201,201,235,176,223,202,190,192,246,242,239,213,224,217,236,217,237,289,269,264,237,263,287,294,293,275,275,290,297,293,271,296,262,239,245,253,240,204,243,208,175,190,157,151,148,160,158,144,105,126,112,112,88,101,84,85,63,66,78,38,52,35,29,19,18,18,12,6,8,2,2,5,8,2,0,34679,16536,1082,1073,1199,739,461,211,193,530,905,945,1007,1020,1123,1336,1310,500,692,389,443,606,406,246,120,18143,1047,1090,1150,728,392,206,169,563,1016,1020,1127,1128,1315,1417,1439,497,731,447,568,769,583,395,346,511,351,6,3,2,0,0,0,2,0,0,1,1,0,0,0,0,0,0,0,0,0,3,0,0,0,0,3,0,0,0,0,3,0,286,260,215,0,0,0,53,162,0,3,3,0,0,42,0,0,0,0,0,0,26,0,0,0,0,26,0,15,6,0,5,0,59,54,0,0,0,0,0,0,0,0,0,0,0,54,0,0,0,0,0,0,5,0,0,0,0,5,0,4,0,0,1,0,160,3,0,0,0,0,0,0,0,0,0,0,0,0,0,0,0,0,0,0,0,3,0,0,0,0,3,0,0,0,0,3,0,53,43,10,0,0,0,9,1,0,0,0,0,0,33,0,0,0,0,0,0,10,0,0,0,0,10,0,5,0,0,5,0,104,102,0,0,0,0,0,0,0,0,0,0,0,102,0,0,0,0,0,0,2,0,0,0,0,2,0,0,2,0,0,0
"G3700190","2010","NC","3","5","North Carolina","37","Brunswick County","019",,,,,,,,,,,,,,,"48900","99999","999",,,,,,,,,,,,,,,,,"2193650178","525380745","Brunswick County","A","+34.0387081","-078.2276879","06","1",,107431,52660,568,635,637,590,604,583,547,560,604,562,595,570,533,580,515,521,594,616,518,514,496,434,461,497,473,527,516,596,540,615,591,592,574,564,545,599,566,618,592,707,632,584,598,586,610,677,631,697,683,711,750,716,718,675,686,726,734,777,828,830,884,946,1073,1189,960,945,1023,1070,884,785,738,661,582,514,525,493,396,422,325,284,269,236,199,169,132,116,103,75,53,51,39,26,34,20,10,10,6,7,2,3,3,0,0,54771,529,566,546,575,578,557,523,519,535,549,552,525,526,506,509,518,587,547,457,417,436,435,461,472,542,478,529,575,590,609,625,598,621,583,584,591,566,617,631,640,620,604,615,610,608,679,727,676,716,753,815,742,796,769,833,881,984,976,1009,1007,1038,1146,1254,1282,1011,1030,1034,1010,878,743,645,668,557,542,494,436,398,361,329,303,284,267,254,226,191,192,184,122,143,107,102,64,58,42,45,37,32,14,7,4,11,2,0,106588,52243,3028,2854,2792,1717,1024,485,424,1400,2753,2843,3047,2978,3364,3525,3873,1827,3207,1962,2729,3001,1894,988,528,54345,2793,2681,2617,1651,874,434,433,1469,2771,3002,3037,3050,3540,3946,4852,2180,3537,2060,2618,2875,1793,1152,980,843,417,23,15,9,0,0,0,9,0,0,6,6,0,0,0,0,0,0,0,0,0,8,0,0,0,0,8,0,0,0,0,0,8,286,266,205,0,0,0,205,0,0,0,0,0,0,61,0,0,0,0,0,0,20,0,4,4,0,16,0,8,8,0,0,0,108,108,3,0,0,0,3,0,0,0,0,0,0,105,0,0,0,0,0,0,0,0,0,0,0,0,0,0,0,0,0,0,426,5,1,1,0,0,0,1,0,0,0,0,0,0,0,0,0,0,0,0,0,4,0,0,0,0,4,0,0,0,0,0,4,83,61,36,0,0,0,36,0,0,0,0,0,0,25,0,0,0,0,0,0,22,0,0,0,0,22,0,10,3,0,0,9,338,338,0,0,0,0,0,0,0,0,0,0,0,338,0,0,0,0,0,0,0,0,0,0,0,0,0,0,0,0,0,0
"G3700210","2010","NC","3","5","North Carolina","37","Buncombe County","021",,,,,,,,,,,,,,,"11700","99999","120",,,,,,,,,,,,,,,,,"1700772614","8984885","Buncombe County","A","+35.6093714","-082.5304259","06","1",,238318,114770,1342,1327,1383,1396,1417,1351,1428,1347,1369,1454,1383,1398,1308,1349,1384,1510,1516,1494,1400,1491,1394,1376,1428,1457,1475,1554,1504,1545,1588,1620,1731,1605,1601,1554,1456,1592,1541,1615,1572,1700,1720,1598,1503,1585,1544,1697,1613,1626,1663,1667,1655,1705,1666,1591,1670,1634,1613,1658,1595,1539,1562,1432,1523,1541,1193,1151,1136,1126,1022,898,869,802,754,726,741,671,580,576,559,519,489,474,403,447,343,336,277,252,217,163,136,108,60,58,39,34,20,10,7,5,13,1,0,123548,1301,1265,1316,1332,1396,1294,1302,1315,1303,1318,1401,1367,1283,1232,1279,1301,1312,1367,1418,1479,1484,1458,1538,1556,1538,1594,1603,1588,1616,1712,1673,1624,1676,1588,1451,1561,1473,1553,1550,1684,1705,1559,1533,1561,1590,1728,1706,1747,1726,1854,1788,1818,1936,1793,1950,1884,1834,1851,1810,1657,1751,1808,1697,1784,1303,1310,1344,1299,1265,1017,1008,1021,882,896,866,874,725,749,754,688,740,663,729,719,644,589,531,459,486,404,326,237,212,157,119,104,68,71,31,31,52,3,1,230645,110831,6816,6942,6781,4307,2353,1198,1198,4073,7530,7718,7818,7738,8011,8016,7832,2920,4173,2238,2988,3777,2814,2037,1553,119814,6563,6527,6545,3928,2211,1183,1252,4438,8030,7911,7735,7860,8643,9167,8937,3524,4721,2624,3521,4548,3638,3195,3113,7673,3939,310,198,26,0,0,12,14,0,0,80,18,17,45,0,92,0,46,0,0,46,112,0,0,0,0,112,13,0,1,0,96,2,3014,1243,910,0,0,554,356,0,0,8,4,2,2,171,154,0,150,2,0,2,1771,922,0,0,0,849,93,390,147,0,89,130,615,570,14,0,0,8,6,0,0,0,0,0,0,433,123,0,117,6,0,0,45,0,0,0,0,45,4,21,0,0,0,20,3734,121,99,1,0,0,0,1,0,0,37,15,22,0,0,61,0,61,0,0,0,22,3,0,0,0,19,13,2,0,0,3,1,2178,583,234,0,0,1,69,164,0,6,3,3,0,142,201,0,199,2,0,0,1595,1303,0,0,0,292,75,134,8,0,34,41,1435,1392,0,0,0,0,0,0,0,0,0,0,0,1234,158,0,149,9,0,0,43,0,0,0,0,43,0,30,0,0,7,6
"G3700230","2010","NC","3","5","North Carolina","37","Burke County","023",,,,,,,,,,,,,,,"25860","99999","999",,,,,,,,,,,,,,,,,"1313381247","20658001","Burke County","A","+35.7461820","-081.7061795","06","1",,90912,45468,501,572,518,563,511,511,516,548,531,614,618,591,594,589,638,642,701,799,1103,834,729,573,573,512,510,464,470,499,565,502,500,485,504,500,461,566,526,577,608,605,645,649,631,704,698,709,697,695,710,734,660,644,655,649,634,625,623,551,632,570,621,585,633,622,436,467,449,464,416,400,350,369,320,302,296,270,241,208,200,216,193,169,142,136,125,97,89,57,66,49,38,24,20,15,18,5,16,1,2,2,1,0,0,45444,447,478,531,468,479,503,503,520,498,572,555,541,553,554,608,645,588,588,543,519,496,499,435,448,472,455,424,486,451,488,517,504,487,468,497,533,477,611,604,599,666,622,561,611,667,680,688,702,689,706,750,720,681,721,676,635,638,650,575,652,643,672,604,655,496,484,582,515,504,439,422,369,365,394,365,363,345,351,281,290,298,246,241,231,179,189,172,160,156,119,95,71,57,48,29,19,20,13,8,4,15,1,0,87560,42969,2649,2712,3004,1924,1187,516,459,1471,2392,2334,2784,3230,3414,3139,2896,1169,1660,896,1255,1603,1107,724,444,44591,2388,2582,2775,1780,1047,490,493,1343,2282,2447,2800,3095,3414,3486,3104,1295,1730,1046,1445,1889,1557,1112,991,3352,2499,268,248,183,0,0,182,1,0,0,30,26,4,0,0,35,11,0,0,0,24,20,0,0,0,0,20,0,0,0,0,5,15,2027,1643,1515,0,0,1348,167,0,0,1,1,0,0,72,55,41,0,0,0,14,384,0,0,0,0,384,21,44,191,0,59,69,204,176,2,0,0,2,0,0,0,0,0,0,0,155,19,16,0,3,0,0,28,0,0,0,0,28,0,0,7,0,8,13,853,106,83,0,0,0,0,0,0,0,32,23,9,0,0,51,9,0,0,0,42,23,0,0,0,0,23,0,0,1,0,4,18,347,138,35,0,0,3,32,0,0,1,1,0,0,49,53,44,0,1,0,8,209,0,0,0,0,209,0,21,115,0,21,52,400,357,0,0,0,0,0,0,0,0,0,0,0,346,11,10,0,1,0,0,43,0,0,0,0,43,0,5,9,0,20,9
"G3700250","2010","NC","3","5","North Carolina","37","Cabarrus County","025",,,,,,,,,,,,,,,"16740","99999","172",,,,,,,,,,,,,,,,,"936925455","7033038","Cabarrus County","A","+35.3878448","-080.5528682","06","1",,178011,86944,1229,1277,1375,1373,1435,1393,1444,1416,1455,1531,1446,1369,1385,1310,1425,1462,1463,1398,1157,996,905,886,849,930,1026,958,946,1026,1051,1098,1144,1117,1117,1202,1114,1303,1239,1361,1462,1589,1530,1391,1428,1393,1359,1380,1317,1388,1287,1312,1265,1298,1200,1152,1093,1063,966,991,919,864,890,899,887,903,652,635,741,632,603,515,444,428,432,366,375,350,310,302,271,251,252,223,219,177,152,168,136,99,100,75,47,46,33,21,13,13,3,5,6,5,7,0,0,91067,1175,1247,1279,1324,1300,1259,1419,1344,1321,1421,1403,1303,1339,1344,1280,1300,1261,1276,1057,971,877,884,916,855,955,1061,979,1178,1118,1176,1241,1202,1220,1291,1359,1302,1331,1400,1542,1665,1532,1475,1400,1441,1299,1468,1443,1389,1338,1371,1332,1335,1276,1197,1137,1110,1078,1074,1038,970,979,893,1012,957,718,753,752,759,674,599,559,571,534,519,505,426,439,405,398,343,399,339,355,286,285,272,261,207,211,181,142,128,87,71,50,40,18,19,20,9,12,2,0,176531,86072,6679,7234,6921,4225,2122,891,871,2757,4989,5617,6892,7024,6605,5949,4784,1779,2423,1369,1736,2016,1458,989,742,90459,6325,6762,6663,3823,2019,872,877,2711,5491,6296,7225,7138,6988,6253,5249,1861,2664,1495,2014,2654,1969,1576,1534,1480,872,127,116,11,0,0,0,11,0,0,105,18,5,82,0,0,0,0,0,0,0,11,0,0,0,0,11,9,0,0,0,2,0,600,519,461,0,0,195,266,0,0,4,3,0,1,54,0,0,0,0,0,0,81,0,0,0,0,81,18,33,24,0,1,5,145,145,0,0,0,0,0,0,0,0,0,0,0,145,0,0,0,0,0,0,0,0,0,0,0,0,0,0,0,0,0,0,608,22,22,0,0,0,0,0,0,0,22,20,2,0,0,0,0,0,0,0,0,0,0,0,0,0,0,0,0,0,0,0,0,198,150,68,0,0,1,67,0,0,8,8,0,0,74,0,0,0,0,0,0,48,0,0,0,0,48,13,22,10,0,3,0,388,387,0,0,0,0,0,0,0,0,0,0,0,387,0,0,0,0,0,0,1,0,0,0,0,1,1,0,0,0,0,0
"G3700270","2010","NC","3","5","North Carolina","37","Caldwell County","027",,,,,,,,,,,,,,,"25860","99999","999",,,,,,,,,,,,,,,,,"1221349765","7115682","Caldwell County","A","+35.9578566","-081.5300759","06","1",,83029,40848,430,480,517,488,484,471,502,459,517,546,591,622,560,549,551,581,595,597,575,491,450,468,398,449,428,389,421,398,410,435,446,456,520,431,519,524,558,594,610,660,671,647,653,616,637,677,629,675,641,637,692,595,606,607,601,618,603,588,582,522,554,532,580,519,466,388,425,456,432,381,337,275,300,282,261,264,207,182,185,169,130,140,123,99,82,90,73,50,58,38,22,22,13,15,12,10,5,3,0,0,1,0,0,42181,413,447,406,499,481,506,497,471,506,567,559,539,559,531,558,527,597,583,535,487,464,444,408,433,385,387,416,378,442,435,462,467,467,457,470,507,537,523,580,685,635,641,605,585,625,637,667,659,639,678,618,629,628,598,636,607,629,604,563,548,592,608,606,577,466,477,456,473,434,401,373,364,372,334,327,277,292,290,252,242,206,215,220,199,159,132,138,125,120,97,66,63,42,33,30,27,19,13,7,4,6,1,0,82061,40211,2390,2493,2867,1768,1059,443,460,1237,1993,2284,2861,3165,3187,3063,2880,1071,1554,808,1254,1440,990,555,389,41850,2242,2546,2745,1704,1021,463,444,1225,2040,2307,2821,3085,3273,3095,2932,1190,1638,930,1293,1745,1318,957,836,968,637,22,5,3,0,0,0,3,0,0,2,0,2,0,0,0,0,0,0,0,0,17,0,0,0,0,17,9,0,0,0,0,8,521,425,391,0,0,236,155,0,0,0,0,0,0,33,1,0,0,1,0,0,96,0,0,0,0,96,1,4,64,0,1,26,94,86,6,0,0,2,4,0,0,0,0,0,0,80,0,0,0,0,0,0,8,0,0,0,0,8,0,5,3,0,0,0,331,9,2,2,0,0,0,2,0,0,0,0,0,0,0,0,0,0,0,0,0,7,0,0,0,0,7,5,0,0,0,1,1,115,70,29,0,0,0,29,0,0,0,0,0,0,41,0,0,0,0,0,0,45,0,0,0,0,45,12,10,7,0,0,16,207,201,0,0,0,0,0,0,0,0,0,0,0,201,0,0,0,0,0,0,6,0,0,0,0,6,0,4,0,0,0,2
"G3700290","2010","NC","3","5","North Carolina","37","Camden County","029",,,,,,,,,,,,,,,"21020","99999","999",,,,,,,,,,,,,,,,,"623038021","180412363","Camden County","A","+36.3423438","-076.1624876","06","2",,9980,5006,50,63,62,79,77,72,68,86,52,80,76,70,67,74,79,91,80,89,60,63,59,37,36,44,43,41,44,42,46,44,61,55,44,53,58,69,74,65,88,86,68,72,84,69,97,79,110,102,80,94,90,80,81,88,82,78,74,58,59,55,59,56,67,54,49,49,46,47,45,39,33,29,31,23,23,31,18,29,18,14,22,15,8,15,11,9,9,8,5,4,1,3,1,4,1,1,1,1,0,0,0,0,0,4974,51,47,52,59,55,61,72,79,79,77,71,83,86,81,72,82,62,73,63,43,37,43,35,44,37,34,39,40,69,51,58,66,47,50,58,78,77,79,82,82,87,89,74,86,72,93,79,83,88,89,92,67,89,77,79,66,63,59,67,54,56,52,52,63,55,41,50,63,34,49,32,41,35,34,23,24,25,26,27,21,24,18,15,15,16,14,10,11,8,11,2,5,5,4,0,4,0,0,0,2,0,0,0,9963,5000,331,358,366,260,123,59,37,122,217,271,382,390,465,419,323,115,170,95,131,138,110,70,48,4963,264,368,393,217,105,37,43,115,233,279,397,408,432,403,308,108,170,90,145,165,123,87,73,17,6,0,0,0,0,0,0,0,0,0,0,0,0,0,0,0,0,0,0,0,0,0,0,0,0,0,0,0,0,0,0,0,0,4,0,0,0,0,0,0,0,0,0,0,0,0,0,0,0,0,0,0,0,4,0,0,0,0,4,0,1,0,0,3,0,2,0,0,0,0,0,0,0,0,0,0,0,0,0,0,0,0,0,0,0,2,0,0,0,0,2,0,0,0,0,2,0,11,0,0,0,0,0,0,0,0,0,0,0,0,0,0,0,0,0,0,0,0,0,0,0,0,0,0,0,0,0,0,0,0,5,0,0,0,0,0,0,0,0,0,0,0,0,0,0,0,0,0,0,0,5,0,0,0,0,5,0,3,0,0,2,0,6,0,0,0,0,0,0,0,0,0,0,0,0,0,0,0,0,0,0,0,6,0,0,0,0,6,0,0,0,0,6,0
"G3700310","2010","NC","3","5","North Carolina","37","Carteret County","031",,,,,,,,,,,,,,,"33980","99999","999",,,,,,,,,,,,,,,,,"1311185243","2161018307","Carteret County","A","+34.8583130","-076.5269665","06","2",,66469,32829,334,305,323,361,380,356,386,294,314,368,375,369,375,363,349,397,403,461,375,328,307,348,322,390,384,383,417,395,375,410,389,349,377,346,322,357,359,358,379,404,405,438,434,463,426,464,489,466,502,526,559,508,500,534,529,508,530,503,522,470,538,516,559,566,455,464,457,447,382,352,371,321,261,269,270,219,206,205,196,194,175,161,160,136,116,105,89,62,54,52,21,25,18,16,9,9,6,3,0,0,1,0,0,33640,303,300,293,339,323,331,292,302,342,382,355,341,336,340,358,367,387,371,369,288,323,291,292,337,400,326,322,345,335,353,355,328,358,363,306,305,357,351,339,450,444,439,401,427,456,466,512,523,566,567,573,587,649,590,538,523,596,611,538,548,565,529,578,578,454,487,459,458,422,381,327,332,330,314,271,273,252,240,277,230,207,201,204,178,149,133,125,100,109,80,74,47,42,31,20,29,19,7,5,3,11,0,0,65482,32235,1700,1718,1828,1258,690,299,336,1052,1896,1718,1796,2111,2392,2589,2506,1046,1568,918,1173,1480,1009,729,423,33247,1555,1649,1730,1124,650,313,281,1018,1674,1708,1791,2155,2623,2920,2802,1090,1606,935,1249,1555,1239,885,695,987,594,9,3,3,0,0,0,3,0,0,0,0,0,0,0,0,0,0,0,0,0,6,0,0,0,0,6,1,0,0,0,0,5,485,412,375,0,0,281,93,1,0,0,0,0,0,37,0,0,0,0,0,0,73,4,13,13,0,56,12,13,0,0,8,23,100,100,2,0,0,2,0,0,0,0,0,0,0,98,0,0,0,0,0,0,0,0,0,0,0,0,0,0,0,0,0,0,393,4,0,0,0,0,0,0,0,0,0,0,0,0,0,0,0,0,0,0,0,4,0,0,0,0,4,0,0,0,0,0,4,120,50,22,0,0,3,18,1,0,0,0,0,0,28,0,0,0,0,0,0,70,17,2,2,0,51,7,13,0,0,11,20,269,264,0,0,0,0,0,0,0,0,0,0,0,264,0,0,0,0,0,0,5,0,0,0,0,5,0,2,0,0,3,0
"G3700330","2010","NC","3","5","North Carolina","37","Caswell County","033",,,,,,,,,,,,,,,"99999","99999","999",,,,,,,,,,,,,,,,,"1100542142","8625089","Caswell County","A","+36.3930972","-079.3325457","06","9",,23719,12074,101,117,114,124,146,132,148,134,152,175,144,148,148,153,129,145,159,168,146,121,149,134,129,144,131,135,149,138,143,143,148,150,146,150,130,152,153,164,172,194,168,155,168,188,175,187,222,198,238,205,218,187,210,203,214,222,185,191,159,159,191,189,164,163,155,131,128,139,111,99,111,81,76,92,81,62,57,57,41,51,43,32,19,28,29,34,24,18,14,8,13,7,5,6,1,1,1,1,0,0,1,0,0,11645,118,103,110,107,141,111,147,136,120,127,145,130,120,130,139,168,152,148,140,115,122,101,106,104,100,105,102,116,109,103,108,124,110,121,109,132,126,147,147,167,145,127,177,137,159,171,180,207,185,187,176,198,196,221,206,194,203,212,195,180,200,184,159,184,143,151,130,154,116,94,121,110,102,99,108,96,84,54,71,75,57,69,56,57,55,50,52,36,30,25,25,11,17,8,11,10,3,7,5,1,3,0,0,22351,10836,602,741,722,472,261,140,114,297,498,525,641,709,899,932,868,368,473,257,343,433,261,149,131,11515,579,641,664,468,255,121,101,308,534,571,716,740,926,985,975,382,479,276,357,537,369,271,260,1368,1238,0,0,0,0,0,0,0,0,0,0,0,0,0,0,0,0,0,0,0,0,0,0,0,0,0,0,0,0,0,0,0,0,1210,1157,1121,0,0,1099,22,0,0,0,0,0,0,36,0,0,0,0,0,0,53,0,0,0,0,53,0,52,0,0,1,0,28,24,4,0,0,4,0,0,0,0,0,0,0,20,0,0,0,0,0,0,4,0,0,0,0,4,0,3,0,0,1,0,130,0,0,0,0,0,0,0,0,0,0,0,0,0,0,0,0,0,0,0,0,0,0,0,0,0,0,0,0,0,0,0,0,47,18,2,0,0,2,0,0,0,0,0,0,0,16,0,0,0,0,0,0,29,0,0,0,0,29,0,23,5,0,1,0,83,78,0,0,0,0,0,0,0,0,0,0,0,78,0,0,0,0,0,0,5,0,0,0,0,5,0,4,0,0,1,0
"G3700350","2010","NC","3","5","North Carolina","37","Catawba County","035",,,,,,,,,,,,,,,"25860","99999","999",,,,,,,,,,,,,,,,,"1032683744","38057078","Catawba County","A","+35.6631822","-081.2141513","06","1",,154358,75603,910,978,966,1001,1034,1008,1023,1013,1121,1129,1108,1059,1049,1029,1118,1095,1080,1113,1085,957,830,851,910,782,860,864,855,839,885,893,946,902,987,939,899,1034,1025,1021,1135,1165,1174,1051,1145,1173,1092,1223,1192,1218,1251,1194,1158,1107,1125,1146,1082,1043,986,977,970,883,901,971,970,988,797,727,753,735,607,573,528,521,471,437,432,418,301,326,327,283,261,269,226,183,176,134,145,119,85,78,53,42,20,16,18,7,5,3,3,2,4,0,0,78755,910,886,1003,1022,960,970,1005,1003,1023,1015,1047,1054,985,949,1031,1010,1064,1024,984,910,900,852,861,820,908,856,812,875,925,869,953,954,943,925,902,1043,994,1082,1181,1186,1165,1097,1108,1099,1116,1160,1217,1154,1141,1175,1292,1117,1159,1090,1154,1160,1053,1024,1005,1044,1068,992,1074,1081,829,733,821,808,732,682,619,580,530,503,557,537,475,478,411,432,419,365,352,308,303,341,256,225,213,189,154,118,91,74,48,41,30,16,12,12,19,1,0,151950,74394,4882,5290,5355,3266,1887,749,790,2481,4245,4581,5275,5546,5977,5532,4814,1851,2735,1471,1899,2360,1630,1089,689,77556,4775,5013,5059,3090,1664,806,792,2536,4315,4652,5473,5551,5819,5771,5264,2050,2954,1542,2193,2746,2268,1647,1576,2408,1209,41,24,7,0,0,0,7,0,0,17,4,13,0,0,0,0,0,0,0,0,17,0,0,0,0,17,10,0,0,0,5,2,1018,455,378,0,0,191,187,0,0,0,0,0,0,75,2,0,0,2,0,0,563,301,0,0,0,262,78,23,25,0,13,123,150,144,0,0,0,0,0,0,0,0,0,0,0,138,6,0,0,6,0,0,6,0,0,0,0,6,0,0,0,0,1,5,1199,24,11,0,0,0,0,0,0,0,11,0,11,0,0,0,0,0,0,0,0,13,1,0,0,0,12,5,0,0,0,2,5,662,82,21,0,0,1,20,0,0,2,2,0,0,59,0,0,0,0,0,0,580,421,0,0,0,159,32,22,10,0,11,84,513,493,0,0,0,0,0,0,0,0,0,0,0,482,11,0,0,11,0,0,20,0,0,0,0,20,0,0,0,0,7,13
"G3700370","2010","NC","3","5","North Carolina","37","Chatham County","037",,,,,,,,,,,,,,,"20500","99999","450",,,,,,,,,,,,,,,,,"1766851529","71603066","Chatham County","A","+35.7049939","-079.2514542","06","1",,63505,30654,346,395,392,400,440,413,416,446,375,396,389,383,402,358,381,403,343,388,390,278,246,297,308,277,279,285,280,301,307,306,325,317,344,367,366,363,374,391,398,495,476,430,451,431,432,452,447,451,445,476,450,476,480,454,457,473,457,492,460,424,447,403,455,427,381,394,358,394,279,298,283,246,235,209,232,210,184,196,184,156,154,141,160,131,128,99,82,54,61,52,44,35,28,12,7,9,5,4,1,1,1,0,0,32851,356,375,394,425,394,425,410,391,390,399,395,327,344,357,349,337,379,328,281,256,270,243,267,297,295,284,281,301,357,329,357,341,368,389,342,389,405,385,454,494,481,400,456,428,437,451,480,486,495,513,528,490,490,446,505,509,488,527,523,472,495,489,546,546,446,396,409,425,354,354,290,278,312,250,256,274,226,219,232,222,214,184,207,194,184,183,151,119,122,111,102,66,54,46,35,29,27,19,5,7,8,0,0,62727,30375,1972,2045,1912,1132,662,244,294,859,1473,1710,2008,2207,2253,2303,2285,841,1251,747,959,1183,910,674,451,32352,1944,2013,1769,1021,533,268,243,856,1547,1797,2121,2194,2420,2450,2512,977,1529,801,1125,1356,1123,876,877,778,279,5,0,0,0,0,0,0,0,0,0,0,0,0,0,0,0,0,0,0,0,5,0,0,0,0,5,2,0,0,0,3,0,131,97,37,0,0,0,37,0,0,0,0,0,0,60,0,0,0,0,0,0,34,0,0,0,0,34,7,20,0,0,7,0,143,139,0,0,0,0,0,0,0,0,0,0,0,139,0,0,0,0,0,0,4,0,0,0,0,4,2,2,0,0,0,0,499,28,24,0,0,0,0,0,0,0,24,0,0,24,0,0,0,0,0,0,0,4,0,0,0,0,4,2,0,0,0,2,0,65,42,10,0,0,0,10,0,0,1,0,0,1,31,0,0,0,0,0,0,23,0,0,0,0,23,3,7,0,0,7,6,406,402,0,0,0,0,0,0,0,0,0,0,0,402,0,0,0,0,0,0,4,0,0,0,0,4,0,4,0,0,0,0
"G3700390","2010","NC","3","5","North Carolina","37","Cherokee County","039",,,,,,,,,,,,,,,"99999","99999","999",,,,,,,,,,,,,,,,,"1179547136","29262798","Cherokee County","A","+35.1362326","-084.0613080","06","9",,27444,13341,130,119,155,163,153,102,133,153,141,130,174,157,161,167,174,178,160,152,152,139,109,108,99,106,108,130,97,123,124,113,132,146,126,124,126,139,141,139,148,171,166,169,165,167,188,181,168,172,182,168,185,214,208,179,183,216,241,192,212,190,273,224,247,251,213,215,199,223,217,198,188,152,156,153,142,140,122,83,87,80,70,67,62,63,54,43,33,29,15,31,11,19,8,8,4,2,6,5,0,0,0,0,0,14103,125,131,134,126,141,130,154,126,157,157,125,147,141,136,165,148,173,169,165,99,112,109,98,105,110,131,114,141,112,135,132,116,138,123,137,146,154,127,176,178,152,149,157,158,186,189,160,196,197,179,218,168,221,224,227,232,228,249,233,238,233,291,248,305,223,260,264,235,231,171,183,165,161,153,146,151,110,120,95,93,96,92,82,80,84,74,60,59,36,41,41,21,22,21,15,10,7,4,8,2,5,1,0,27008,13134,716,657,833,488,290,103,104,302,568,637,719,827,850,950,1036,496,711,412,636,785,507,311,196,13874,653,723,713,490,260,112,108,306,627,638,769,794,914,1054,1178,523,774,520,632,793,556,405,332,436,207,8,1,1,0,0,0,1,0,0,0,0,0,0,0,0,0,0,0,0,0,7,0,0,0,0,7,2,1,0,0,0,4,161,102,93,0,0,0,93,0,0,0,0,0,0,9,0,0,0,0,0,0,59,0,0,0,0,59,8,28,18,0,0,5,38,38,0,0,0,0,0,0,0,0,0,0,0,38,0,0,0,0,0,0,0,0,0,0,0,0,0,0,0,0,0,0,229,6,0,0,0,0,0,0,0,0,0,0,0,0,0,0,0,0,0,0,0,6,0,0,0,0,6,5,0,0,0,0,1,62,20,14,0,0,0,14,0,0,0,0,0,0,6,0,0,0,0,0,0,42,0,0,0,0,42,5,28,9,0,0,0,161,160,0,0,0,0,0,0,0,0,0,0,0,160,0,0,0,0,0,0,1,0,0,0,0,1,1,0,0,0,0,0
"G3700410","2010","NC","3","5","North Carolina","37","Chowan County","041",,,,,,,,,,,,,,,"99999","99999","999",,,,,,,,,,,,,,,,,"446702391","157536111","Chowan County","A","+36.1272880","-076.6020704","06","9",,14793,7030,87,86,85,85,92,90,73,95,99,92,93,105,83,100,118,118,101,103,83,68,71,74,61,61,94,79,65,66,75,83,93,59,65,90,64,74,71,64,83,70,81,79,79,58,76,86,99,117,116,112,107,97,94,106,108,126,98,113,111,92,106,102,109,103,93,77,84,94,85,65,75,72,69,61,56,46,61,42,39,49,34,36,39,23,20,24,21,15,12,10,7,3,8,5,2,2,1,2,3,1,1,0,0,7763,90,83,95,86,90,93,82,88,85,108,90,85,86,99,74,97,75,106,83,66,59,73,83,74,82,79,66,98,69,68,75,69,97,95,79,81,65,77,91,79,72,85,72,100,86,121,101,118,116,119,131,123,112,116,97,135,122,122,130,109,130,120,101,137,104,103,101,94,87,92,80,64,70,70,95,48,72,51,62,54,56,53,56,38,53,47,39,27,33,25,18,12,14,14,7,10,5,4,4,0,6,0,0,14520,6920,435,449,496,319,148,67,72,212,357,366,360,366,524,509,535,204,302,158,240,323,229,145,104,7600,444,456,434,276,149,58,73,237,379,415,389,414,570,575,611,246,336,201,266,371,280,230,190,273,110,6,6,0,0,0,0,0,0,0,6,0,6,0,0,0,0,0,0,0,0,0,0,0,0,0,0,0,0,0,0,0,0,59,42,23,0,0,0,23,0,0,0,0,0,0,19,0,0,0,0,0,0,17,0,0,0,0,17,0,17,0,0,0,0,45,45,0,0,0,0,0,0,0,0,0,0,0,45,0,0,0,0,0,0,0,0,0,0,0,0,0,0,0,0,0,0,163,2,2,0,0,0,0,0,0,0,2,0,2,0,0,0,0,0,0,0,0,0,0,0,0,0,0,0,0,0,0,0,0,35,23,0,0,0,0,0,0,0,0,0,0,0,23,0,0,0,0,0,0,12,0,0,0,0,12,0,12,0,0,0,0,126,126,0,0,0,0,0,0,0,0,0,0,0,126,0,0,0,0,0,0,0,0,0,0,0,0,0,0,0,0,0,0
"G3700430","2010","NC","3","5","North Carolina","37","Clay County","043",,,,,,,,,,,,,,,"99999","99999","999",,,,,,,,,,,,,,,,,"556201310","15223554","Clay County","A","+35.0529971","-083.7522638","06","9",,10587,5223,46,57,45,52,57,52,55,95,48,59,67,52,72,64,70,52,72,64,56,44,59,36,33,45,61,57,48,31,38,61,32,65,40,45,62,47,56,60,63,61,58,52,62,64,47,51,56,73,76,61,86,87,84,75,75,69,84,69,82,85,94,92,102,108,98,77,88,94,72,77,61,58,53,62,64,56,50,41,38,43,36,30,23,27,29,15,9,11,6,11,7,3,6,2,3,1,0,0,1,0,0,0,0,5364,57,42,49,35,62,43,49,41,51,59,46,44,46,59,60,54,52,55,49,47,43,47,42,34,39,42,41,50,45,46,52,41,60,56,38,55,54,49,59,61,45,81,60,53,42,67,62,68,65,80,84,86,78,100,89,85,101,91,119,94,91,99,133,104,89,98,98,83,79,58,96,63,54,54,43,55,44,49,41,27,46,43,47,31,20,32,24,29,22,16,26,13,8,14,10,8,6,1,1,4,1,0,0,10496,5194,257,306,325,188,100,59,36,137,235,244,287,283,317,406,389,185,307,164,242,296,222,139,70,5302,245,243,254,159,96,43,47,115,223,246,276,278,340,434,490,190,324,194,219,305,207,180,194,91,29,3,3,0,0,0,0,0,0,0,3,3,0,0,0,0,0,0,0,0,0,0,0,0,0,0,0,0,0,0,0,0,0,5,5,0,0,0,0,0,0,0,0,0,0,0,5,0,0,0,0,0,0,0,0,0,0,0,0,0,0,0,0,0,0,21,21,0,0,0,0,0,0,0,0,0,0,0,21,0,0,0,0,0,0,0,0,0,0,0,0,0,0,0,0,0,0,62,3,3,0,0,0,0,0,0,0,3,3,0,0,0,0,0,0,0,0,0,0,0,0,0,0,0,0,0,0,0,0,0,14,4,0,0,0,0,0,0,0,0,0,0,0,4,0,0,0,0,0,0,10,0,0,0,0,10,0,10,0,0,0,0,45,45,0,0,0,0,0,0,0,0,0,0,0,45,0,0,0,0,0,0,0,0,0,0,0,0,0,0,0,0,0,0
"G3700450","2010","NC","3","5","North Carolina","37","Cleveland County","045",,,,,,,,,,,,,,,"43140","99999","172",,,,,,,,,,,,,,,,,"1202408392","10356247","Cleveland County","A","+35.3346302","-081.5571145","06","2",,98078,47319,582,625,609,571,555,639,642,591,643,712,646,720,666,688,698,711,741,794,743,738,730,626,603,497,510,502,441,514,503,459,510,509,526,525,535,522,549,565,627,687,670,653,637,752,694,732,717,765,758,706,804,666,729,703,640,724,707,657,647,573,619,603,649,623,479,480,484,475,447,376,390,315,304,272,249,261,257,242,191,198,195,153,153,111,133,82,93,66,57,46,40,32,21,9,10,8,2,4,2,0,0,0,0,50759,550,563,582,591,591,598,582,597,624,604,641,650,622,661,649,667,721,672,700,818,710,666,599,483,516,495,508,529,576,545,607,530,544,536,523,610,536,664,697,751,718,689,734,688,709,732,827,748,764,748,745,695,723,801,735,721,728,702,685,657,725,680,718,735,525,541,540,539,485,446,451,389,394,383,396,378,337,318,292,287,272,252,266,224,199,192,190,137,124,101,90,75,55,53,34,27,24,8,5,6,9,0,0,96028,46360,2937,3227,3416,2228,1218,590,514,1516,2373,2565,2926,3363,3642,3498,3286,1209,1744,963,1292,1523,1138,736,456,49668,2876,3005,3219,2053,1192,526,551,1525,2634,2728,3239,3523,3796,3679,3474,1401,1967,1076,1462,1995,1568,1160,1019,2050,959,25,19,12,0,0,12,0,0,0,7,4,0,3,0,0,0,0,0,0,0,6,0,0,0,0,6,0,0,0,0,0,6,884,150,142,0,0,142,0,0,0,0,0,0,0,8,0,0,0,0,0,0,734,546,0,0,0,188,62,13,13,0,11,89,50,38,0,0,0,0,0,0,0,0,0,0,0,32,6,6,0,0,0,0,12,0,0,0,0,12,0,0,0,0,7,5,1091,12,7,0,0,0,0,0,0,0,7,7,0,0,0,0,0,0,0,0,0,5,2,0,0,0,3,0,0,0,0,2,1,840,49,37,0,0,37,0,0,0,0,0,0,0,12,0,0,0,0,0,0,791,688,0,0,0,103,11,19,4,0,28,41,239,175,0,0,0,0,0,0,0,0,0,0,0,173,2,2,0,0,0,0,64,0,0,0,0,64,0,3,0,0,56,5
"G3700470","2010","NC","3","5","North Carolina","37","Columbus County","047",,,,,,,,,,,,,,,"99999","99999","999",,,,,,,,,,,,,,,,,"2427578082","42338295","Columbus County","A","+34.2604711","-078.6363776","06","9",,58098,28753,333,333,368,338,381,391,379,373,380,387,388,396,381,340,406,389,391,390,364,398,341,410,384,389,391,367,371,418,412,371,413,357,393,370,378,344,411,357,381,404,370,370,393,378,397,457,477,412,419,418,369,413,437,395,401,431,381,419,382,371,392,376,392,365,322,317,289,285,213,259,221,208,194,184,176,170,161,137,109,109,105,104,76,51,45,51,40,37,35,20,16,9,8,2,4,4,0,3,4,2,0,0,0,29345,327,352,361,344,377,341,351,380,366,443,387,379,401,348,412,443,398,378,400,300,284,318,312,344,320,282,315,314,313,305,338,309,323,345,319,328,337,374,376,354,348,370,374,355,392,438,400,459,412,429,435,417,483,446,418,412,398,400,399,432,380,382,398,453,335,347,335,318,270,310,276,257,254,225,254,247,211,215,182,194,124,153,141,129,114,106,102,71,69,44,54,48,33,22,26,13,18,7,5,1,6,1,0,55173,26196,1752,1910,1905,1144,743,331,301,863,1468,1492,1545,1638,1941,1893,1920,744,1048,599,742,961,672,362,222,28977,1760,1880,1922,1197,697,283,318,971,1521,1624,1760,1830,2124,2182,2029,760,1173,668,887,1234,1017,612,528,2925,2557,33,30,5,0,0,0,0,5,0,25,23,2,0,0,0,0,0,0,0,0,3,0,0,0,0,3,0,0,0,0,3,0,2434,2385,2317,0,0,2150,0,167,0,1,1,0,0,67,0,0,0,0,0,0,49,0,0,0,0,49,0,29,11,0,9,0,90,90,7,0,0,7,0,0,0,0,0,0,0,83,0,0,0,0,0,0,0,0,0,0,0,0,0,0,0,0,0,0,368,29,27,2,0,0,0,0,2,0,25,25,0,0,0,0,0,0,0,0,0,2,0,0,0,0,2,0,0,0,0,2,0,103,78,27,0,0,2,0,25,0,1,1,0,0,50,0,0,0,0,0,0,25,0,0,0,0,25,0,9,8,0,8,0,236,236,0,0,0,0,0,0,0,0,0,0,0,236,0,0,0,0,0,0,0,0,0,0,0,0,0,0,0,0,0,0
"G3700490","2010","NC","3","5","North Carolina","37","Craven County","049",,,,,,,,,,,,,,,"35100","99999","999",,,,,,,,,,,,,,,,,"1836191667","168876517","Craven County","A","+35.1181789","-077.0825413","06","2",,103505,51492,843,843,824,750,684,697,628,643,625,683,609,657,625,601,630,631,622,648,621,912,1202,1187,1232,1079,999,878,814,785,751,706,670,640,635,652,584,565,529,615,586,587,606,546,554,545,542,637,618,637,616,660,678,637,719,677,602,639,600,589,601,553,553,588,602,628,453,469,525,466,411,402,395,357,371,343,323,282,269,284,240,255,237,227,172,161,151,135,102,81,77,56,38,40,22,14,20,2,4,3,2,3,1,0,0,52013,778,773,762,734,690,665,620,596,639,707,673,675,602,557,615,647,599,628,573,674,788,819,803,792,826,743,697,680,685,687,639,621,603,595,602,585,511,577,595,612,618,572,548,523,561,640,681,652,719,737,690,765,799,634,787,695,711,661,684,640,686,626,659,678,510,586,585,557,474,454,419,403,418,395,387,353,290,361,330,355,304,257,268,204,243,212,179,165,131,116,88,70,72,47,44,44,18,14,9,5,12,0,1,98566,47387,3944,3276,3122,1893,1139,653,678,2276,3396,2956,2672,2623,3037,3222,2937,1121,1671,976,1266,1767,1292,920,550,51179,3732,3227,3120,1867,1179,748,769,2362,3450,3034,2854,2805,3412,3650,3368,1303,1835,1158,1470,1981,1640,1196,1019,4939,4105,8,7,4,0,0,0,4,0,0,3,2,1,0,0,0,0,0,0,0,0,1,0,0,0,0,1,0,0,0,0,0,1,3928,1049,925,0,0,766,159,0,0,3,0,3,0,121,0,0,0,0,0,0,2879,0,2765,2765,0,114,16,35,6,0,28,29,169,163,6,0,0,6,0,0,0,0,0,0,0,157,0,0,0,0,0,0,6,0,0,0,0,6,1,0,0,0,4,1,834,14,8,1,0,0,0,1,0,0,7,4,3,0,0,0,0,0,0,0,0,6,0,0,0,0,6,5,0,0,0,1,0,414,121,17,0,0,0,17,0,0,0,0,0,0,104,0,0,0,0,0,0,293,0,221,221,0,72,17,21,0,0,13,21,406,392,0,0,0,0,0,0,0,0,0,0,0,392,0,0,0,0,0,0,14,0,0,0,0,14,0,2,0,0,10,2
"G3700510","2010","NC","3","5","North Carolina","37","Cumberland County","051",,,,,,,,,,,,,,,"22180","99999","999",,,,,,,,,,,,,,,,,"1689487711","15675494","Cumberland County","A","+35.0501921","-078.8287186","06","1",,319431,154328,2832,2754,2647,2641,2534,2425,2337,2348,2338,2392,2362,2247,2294,2192,2223,2335,2196,2330,2478,2800,3092,3186,3190,3254,3229,3061,3112,2935,2670,2545,2484,2150,2126,1934,1860,1881,1802,1843,1950,2000,1944,1821,1855,1752,1930,2046,2063,1898,1891,2002,1990,1908,1872,1860,1751,1716,1642,1564,1467,1474,1461,1398,1352,1315,1009,952,941,964,785,720,743,690,658,578,594,529,553,512,455,452,367,314,288,214,226,161,146,109,105,68,48,45,35,25,16,22,6,7,6,2,2,0,0,165103,2804,2591,2714,2547,2475,2347,2286,2215,2215,2303,2283,2210,2245,2192,2097,2128,2230,2232,2286,2469,2736,2800,2878,3054,3044,3014,2907,2862,2688,2571,2631,2422,2220,2164,2138,2209,2035,2069,2229,2360,2300,2136,2026,2037,2115,2331,2318,2329,2292,2238,2302,2070,2173,2122,2129,2005,1911,1773,1719,1713,1627,1552,1521,1460,1142,1198,1170,1153,1104,968,1020,901,856,786,823,760,722,680,636,579,526,545,509,429,427,348,309,254,275,183,169,125,110,79,46,58,35,31,19,7,19,3,0,309274,146857,13395,11827,11289,6819,3956,2051,2180,7824,13232,10256,9336,9186,9799,9291,7795,2830,3651,1883,2445,3233,2469,1367,743,162417,13120,11361,11010,6555,4069,2420,2581,8670,13875,11519,10858,10574,11463,10751,9088,3165,4107,2347,3206,4331,3291,2278,1778,10157,7471,97,69,13,0,0,0,13,0,0,56,35,10,11,0,0,0,0,0,0,0,28,0,0,0,0,28,8,0,0,0,3,17,7176,531,461,0,0,0,461,0,0,6,6,0,0,64,0,0,0,0,0,0,6645,955,5305,5305,0,385,56,123,56,0,35,115,198,185,2,0,0,0,2,0,0,0,0,0,0,183,0,0,0,0,0,0,13,0,0,0,0,13,1,0,0,0,10,2,2686,68,48,0,0,0,0,0,0,0,48,40,4,4,0,0,0,0,0,0,0,20,0,0,0,0,20,10,0,0,0,2,8,1987,132,67,0,0,0,67,0,0,6,6,0,0,59,0,0,0,0,0,0,1855,1005,644,644,0,206,40,86,28,0,21,31,631,606,0,0,0,0,0,0,0,0,0,0,0,606,0,0,0,0,0,0,25,0,0,0,0,25,0,9,0,0,6,10
"G3700530","2010","NC","3","5","North Carolina","37","Currituck County","053",,,,,,,,,,,,,,,"47260","99999","999",,,,,,,,,,,,,,,,,"678194049","685673954","Currituck County","A","+36.3721739","-075.9412242","06","1",,23547,11669,139,125,137,143,134,147,140,132,141,190,169,142,161,163,188,178,188,199,151,131,126,128,116,96,123,104,124,105,91,127,142,116,120,130,118,140,148,164,161,196,170,184,169,188,178,200,221,223,219,202,268,212,220,200,202,187,154,177,146,169,135,133,175,144,106,120,114,131,107,88,93,84,77,62,64,58,41,58,45,36,39,31,27,21,25,22,10,13,14,6,6,7,7,2,1,4,0,0,0,0,1,0,0,11878,119,114,120,137,161,174,147,171,149,169,159,170,146,160,160,190,161,168,130,108,107,121,122,115,110,96,138,120,118,114,126,139,136,146,129,138,137,162,168,170,203,182,181,182,203,203,210,207,230,229,221,224,215,165,206,177,178,184,174,135,154,143,142,159,119,118,122,139,106,104,83,61,89,75,62,60,61,54,38,62,41,42,43,35,37,37,18,25,27,24,23,7,9,11,2,3,3,2,3,0,1,0,0,23412,11598,678,750,823,561,279,124,127,333,544,619,805,886,1063,1099,830,265,421,233,322,379,231,140,86,11814,651,810,795,518,238,106,121,347,584,675,775,950,1078,1028,847,295,418,240,347,366,267,189,169,135,71,4,4,4,0,0,0,4,0,0,0,0,0,0,0,0,0,0,0,0,0,0,0,0,0,0,0,0,0,0,0,0,0,44,39,29,0,0,0,29,0,0,0,0,0,0,10,0,0,0,0,0,0,5,0,0,0,0,5,0,5,0,0,0,0,23,21,0,0,0,0,0,0,0,0,0,0,0,21,0,0,0,0,0,0,2,0,0,0,0,2,0,2,0,0,0,0,64,1,0,0,0,0,0,0,0,0,0,0,0,0,0,0,0,0,0,0,0,1,0,0,0,0,1,0,1,0,0,0,0,14,13,5,0,0,0,5,0,0,0,0,0,0,8,0,0,0,0,0,0,1,0,0,0,0,1,0,1,0,0,0,0,49,49,0,0,0,0,0,0,0,0,0,0,0,49,0,0,0,0,0,0,0,0,0,0,0,0,0,0,0,0,0,0
"G3700550","2010","NC","3","5","North Carolina","37","Dare County","055",,,,,,,,,,,,,,,"28620","99999","999",,,,,,,,,,,,,,,,,"993052150","3053969840","Dare County","A","+35.6062688","-075.7675364","06","2",,33920,16956,154,169,182,217,180,220,201,171,174,186,198,190,185,175,227,173,216,229,186,156,161,170,194,181,177,184,204,222,217,202,228,190,241,208,197,217,203,243,239,223,254,250,261,231,222,253,285,292,286,253,276,267,258,301,326,324,254,246,260,276,261,242,247,292,196,207,171,194,184,129,133,161,133,142,99,98,84,98,100,83,60,50,61,43,47,45,32,20,17,16,18,9,6,4,5,2,1,0,0,0,0,1,0,16964,192,200,177,183,185,202,199,165,193,186,166,174,196,177,173,192,195,190,145,102,118,128,127,155,196,186,178,203,227,212,218,164,209,196,192,208,194,211,186,227,247,228,243,225,233,287,279,273,306,309,312,299,325,265,344,286,281,312,276,309,232,279,248,302,223,212,214,181,175,165,166,135,133,140,97,106,106,92,93,74,94,83,62,67,63,49,45,36,32,19,14,10,13,7,9,5,8,5,2,1,1,0,0,33768,16877,902,952,975,617,338,158,165,549,1016,1054,1121,1213,1364,1423,1360,503,734,378,503,664,460,257,171,16891,937,945,886,577,247,117,126,478,1002,977,1022,1174,1450,1541,1463,510,772,426,521,669,459,355,237,152,79,1,1,1,0,0,0,1,0,0,0,0,0,0,0,0,0,0,0,0,0,0,0,0,0,0,0,0,0,0,0,0,0,58,50,47,0,0,0,47,0,0,0,0,0,0,3,0,0,0,0,0,0,8,0,5,5,0,3,0,3,0,0,0,0,20,20,0,0,0,0,0,0,0,0,0,0,0,20,0,0,0,0,0,0,0,0,0,0,0,0,0,0,0,0,0,0,73,0,0,0,0,0,0,0,0,0,0,0,0,0,0,0,0,0,0,0,0,0,0,0,0,0,0,0,0,0,0,0,0,26,15,8,0,0,0,8,0,0,0,0,0,0,7,0,0,0,0,0,0,11,0,1,1,0,10,0,10,0,0,0,0,47,47,0,0,0,0,0,0,0,0,0,0,0,47,0,0,0,0,0,0,0,0,0,0,0,0,0,0,0,0,0,0
"G3700570","2010","NC","3","5","North Carolina","37","Davidson County","057",,,,,,,,,,,,,,,"45640","99999","268",,,,,,,,,,,,,,,,,"1431421129","37148773","Davidson County","A","+35.7951225","-080.2065247","06","2",,162878,79797,948,978,1099,1024,1089,1097,1135,1059,1085,1188,1109,1226,1107,1151,1089,1214,1163,1160,1047,972,869,858,778,789,868,837,865,867,837,912,1027,934,890,958,892,977,1004,1066,1125,1338,1262,1315,1195,1212,1222,1261,1311,1259,1314,1267,1279,1301,1242,1242,1181,1120,1052,1091,984,991,965,1009,1060,1080,762,812,757,803,724,646,649,513,513,514,471,417,411,354,341,305,297,280,213,217,182,162,124,101,107,73,51,41,28,27,23,6,6,6,5,5,5,0,0,83081,936,1038,954,920,989,996,1094,1022,1061,1124,1097,1157,1136,1070,1071,1075,1085,1126,967,847,827,829,846,813,871,872,895,873,921,958,947,943,965,942,925,1068,1054,1070,1308,1339,1280,1277,1219,1280,1180,1348,1317,1308,1382,1299,1315,1186,1272,1188,1188,1178,1128,1108,1087,1008,1104,1074,1170,1121,834,862,862,835,778,714,664,637,667,571,591,589,513,511,455,423,430,420,363,324,305,297,257,214,188,163,148,99,82,66,42,41,21,19,16,8,20,4,0,161187,78907,5130,5554,5668,3504,1990,854,844,2380,4247,4592,5446,6121,6337,6195,5199,1962,2877,1551,2154,2635,1800,1157,710,82280,4833,5294,5519,3263,1805,820,826,2520,4496,4689,5797,6197,6616,6120,5479,2168,3111,1719,2310,3092,2419,1748,1439,1691,890,65,35,7,0,0,0,7,0,0,28,17,11,0,0,0,0,0,0,0,0,30,0,0,0,0,30,10,0,0,0,1,19,643,507,450,0,0,256,194,0,0,8,3,5,0,49,0,0,0,0,0,0,136,0,0,0,0,136,51,17,0,0,12,56,182,157,2,0,0,2,0,0,0,0,0,0,0,155,0,0,0,0,0,0,25,0,0,0,0,25,0,0,0,0,7,18,801,42,30,3,0,0,0,3,0,0,27,16,11,0,0,0,0,0,0,0,0,12,0,0,0,0,12,6,0,0,0,2,4,287,190,135,0,0,112,23,0,0,6,5,1,0,49,0,0,0,0,0,0,97,0,0,0,0,97,24,20,0,0,16,37,472,460,0,0,0,0,0,0,0,0,0,0,0,458,2,0,0,2,0,0,12,0,0,0,0,12,0,4,0,0,8,0
"G3700590","2010","NC","3","5","North Carolina","37","Davie County","059",,,,,,,,,,,,,,,"49180","99999","268",,,,,,,,,,,,,,,,,"684029311","7726765","Davie County","A","+35.9293560","-080.5425423","06","1",,41240,20136,259,233,238,253,269,253,280,245,281,286,317,303,294,305,307,319,300,308,277,211,196,160,165,160,171,201,165,178,172,191,203,196,223,231,193,250,248,226,288,302,298,288,286,309,305,312,341,309,316,326,307,325,340,314,292,331,285,295,281,263,289,258,291,307,236,239,199,181,204,184,184,157,165,152,134,134,103,111,92,101,67,76,69,70,57,69,38,47,39,29,18,21,12,11,2,2,6,1,0,1,0,0,0,21104,210,212,219,237,222,254,235,266,294,272,293,297,278,265,297,300,270,280,252,206,172,153,159,174,179,172,175,212,201,192,191,225,217,238,250,233,255,273,319,326,343,280,299,285,292,367,351,341,327,330,321,315,356,342,304,328,326,318,309,280,298,242,314,305,202,260,239,249,217,211,190,169,163,169,156,165,142,137,148,128,123,124,131,87,84,97,72,69,71,53,56,36,24,22,20,12,12,6,4,4,4,0,0,40875,20010,1252,1345,1526,925,487,195,159,489,899,1039,1299,1475,1599,1573,1453,543,834,437,567,787,537,328,262,20865,1100,1321,1430,849,458,172,153,512,950,1117,1404,1492,1711,1636,1555,537,816,495,670,838,699,502,448,365,126,2,0,0,0,0,0,0,0,0,0,0,0,0,0,0,0,0,0,0,0,2,0,0,0,0,2,0,2,0,0,0,0,67,46,35,0,0,0,35,0,0,0,0,0,0,11,0,0,0,0,0,0,21,0,0,0,0,21,0,13,7,0,1,0,57,57,0,0,0,0,0,0,0,0,0,0,0,57,0,0,0,0,0,0,0,0,0,0,0,0,0,0,0,0,0,0,239,1,1,1,0,0,0,1,0,0,0,0,0,0,0,0,0,0,0,0,0,0,0,0,0,0,0,0,0,0,0,0,0,36,24,6,0,0,0,6,0,0,0,0,0,0,18,0,0,0,0,0,0,12,0,0,0,0,12,0,9,2,0,1,0,202,202,0,0,0,0,0,0,0,0,0,0,0,202,0,0,0,0,0,0,0,0,0,0,0,0,0,0,0,0,0,0
"G3700610","2010","NC","3","5","North Carolina","37","Duplin County","061",,,,,,,,,,,,,,,"99999","99999","999",,,,,,,,,,,,,,,,,"2113998631","14128054","Duplin County","A","+34.9344033","-077.9335434","06","9",,58505,28758,433,404,436,456,438,461,450,465,414,425,444,407,426,401,415,382,403,441,386,377,391,349,359,375,328,366,399,364,333,345,405,351,390,344,384,402,397,387,369,359,402,339,384,355,395,393,399,391,376,423,494,409,376,391,366,405,374,361,357,353,326,357,371,320,306,289,268,245,227,220,195,204,191,165,184,142,138,120,117,113,113,83,87,79,65,42,43,30,37,20,14,15,11,5,6,1,2,0,2,0,1,0,0,29747,443,406,427,435,406,408,375,367,396,414,385,402,417,390,390,375,366,367,355,352,331,323,356,329,356,351,323,385,369,342,370,366,375,385,372,352,356,372,392,427,407,369,361,369,390,376,400,442,419,425,407,436,379,454,424,411,453,375,378,333,349,367,407,376,311,266,288,307,283,238,242,232,215,217,210,217,202,209,172,181,172,142,122,139,103,106,105,81,75,64,52,43,41,30,24,15,9,4,3,5,5,2,0,57826,28269,2167,2215,2091,1225,760,388,344,1035,1758,1817,1866,1814,1924,1987,1821,676,978,555,682,920,621,407,218,29557,2117,1960,1984,1108,707,331,323,1040,1765,1863,1899,1891,2061,2092,1944,711,1085,553,823,1099,955,646,600,679,489,3,0,0,0,0,0,0,0,0,0,0,0,0,0,0,0,0,0,0,0,3,0,0,0,0,3,0,0,0,0,3,0,415,349,318,0,0,318,0,0,0,0,0,0,0,31,0,0,0,0,0,0,66,0,0,0,0,66,0,38,7,0,21,0,71,71,4,0,0,4,0,0,0,0,0,0,0,66,1,0,0,1,0,0,0,0,0,0,0,0,0,0,0,0,0,0,190,0,0,0,0,0,0,0,0,0,0,0,0,0,0,0,0,0,0,0,0,0,0,0,0,0,0,0,0,0,0,0,0,45,27,0,0,0,0,0,0,0,0,0,0,0,27,0,0,0,0,0,0,18,0,0,0,0,18,0,16,0,0,2,0,145,145,0,0,0,0,0,0,0,0,0,0,0,145,0,0,0,0,0,0,0,0,0,0,0,0,0,0,0,0,0,0
"G3700630","2010","NC","3","5","North Carolina","37","Durham County","063",,,,,,,,,,,,,,,"20500","99999","450",,,,,,,,,,,,,,,,,"740672748","30797770","Durham County","A","+36.0365885","-078.8779193","06","1",,267587,127656,2140,2195,2039,2021,1803,1772,1625,1634,1579,1728,1689,1540,1527,1450,1460,1509,1566,1536,1949,2446,2265,2215,2167,2221,2178,2330,2221,2394,2423,2501,2674,2425,2274,2133,2168,2126,1872,1986,2018,2038,1947,1711,1727,1627,1532,1716,1635,1719,1569,1600,1514,1514,1590,1531,1544,1483,1420,1414,1339,1308,1336,1243,1203,1190,866,914,757,806,683,633,539,500,491,445,481,425,390,332,310,352,294,276,283,261,194,210,188,176,134,109,78,80,53,37,28,35,18,10,6,4,8,1,0,139931,1976,2071,1900,1922,1748,1677,1679,1648,1683,1538,1505,1496,1433,1412,1430,1354,1452,1584,1993,2563,2426,2279,2410,2443,2628,2687,2637,2662,2794,2695,2651,2520,2381,2270,2116,2164,1960,2003,1982,2118,2030,1786,1774,1665,1696,1753,1841,1814,1919,1835,1765,1822,1888,1802,1761,1736,1770,1730,1686,1568,1450,1454,1423,1458,1039,1006,984,963,814,833,708,667,654,605,574,607,532,547,508,475,482,487,521,475,415,383,410,324,306,277,229,176,144,120,108,68,60,38,22,20,32,1,1,257466,122364,10180,8320,7636,4568,2589,1422,1759,6232,11644,11477,9863,8321,8014,7519,6852,2535,3218,1652,2091,2411,1759,1241,1061,135102,9601,8210,7259,4356,2395,1622,1862,7282,13422,11894,10171,8905,9107,8998,8444,2883,3900,1973,2581,3145,2579,2216,2297,10121,5292,109,64,19,0,0,0,19,0,0,45,18,17,10,0,0,0,0,0,0,0,45,9,0,0,0,36,23,0,0,0,0,13,4857,841,689,0,0,209,463,17,0,3,3,0,0,146,3,0,0,3,0,0,4016,3157,0,0,0,859,173,171,418,0,13,84,326,309,1,0,0,0,1,0,0,0,0,0,0,304,4,0,0,4,0,0,17,0,0,0,0,17,3,0,11,0,3,0,4829,82,20,1,0,0,0,1,0,0,19,7,11,1,0,0,0,0,0,0,0,62,24,0,0,0,38,25,0,0,0,0,13,3962,133,43,0,0,0,41,2,0,5,5,0,0,81,4,0,0,4,0,0,3829,3552,0,0,0,277,68,71,89,0,14,35,785,727,0,0,0,0,0,0,0,0,0,0,0,727,0,0,0,0,0,0,58,0,0,0,0,58,0,7,41,0,8,2
"G3700650","2010","NC","3","5","North Carolina","37","Edgecombe County","065",,,,,,,,,,,,,,,"40580","99999","999",,,,,,,,,,,,,,,,,"1308814792","3402234","Edgecombe County","A","+35.9170554","-077.6026551","06","1",,56552,26239,379,380,428,359,397,362,367,342,375,424,396,367,387,394,432,419,405,478,392,347,364,331,324,290,298,269,282,276,313,306,316,288,308,301,285,288,274,269,306,330,326,322,328,321,324,392,367,390,378,362,426,413,388,394,404,428,424,393,391,361,328,355,365,328,270,258,266,241,195,186,199,179,181,150,135,124,137,131,89,109,98,81,66,66,61,44,52,30,31,31,17,10,14,12,5,5,4,2,2,2,0,0,0,30313,331,347,379,344,362,376,381,378,408,356,388,325,363,376,363,430,423,458,360,365,408,383,370,330,361,340,358,395,370,399,370,340,366,299,323,349,324,326,379,383,391,354,350,414,417,446,444,445,472,497,410,502,472,489,459,491,477,449,434,406,404,405,404,381,323,318,307,298,241,260,208,233,260,211,232,206,183,201,152,164,177,144,135,148,122,110,100,77,68,73,69,40,22,42,35,19,13,8,7,4,3,1,0,55122,25744,1938,1865,1970,1273,724,359,322,884,1399,1451,1434,1590,1849,1985,1961,665,947,518,612,828,575,355,240,29378,1762,1897,1813,1279,710,360,371,1016,1679,1619,1698,1847,2239,2298,2233,790,1088,620,790,1127,879,677,586,1430,495,45,30,6,0,0,0,6,0,0,24,0,0,24,0,0,0,0,0,0,0,15,0,0,0,0,15,10,0,0,0,0,5,365,246,200,0,0,0,200,0,0,0,0,0,0,46,0,0,0,0,0,0,119,0,0,0,0,119,24,36,0,0,5,54,85,77,0,0,0,0,0,0,0,0,0,0,0,77,0,0,0,0,0,0,8,0,0,0,0,8,0,0,0,0,0,8,935,37,32,31,0,0,31,0,0,0,1,0,0,1,0,0,0,0,0,0,0,5,0,0,0,0,5,5,0,0,0,0,0,686,628,595,0,0,567,28,0,0,0,0,0,0,33,0,0,0,0,0,0,58,0,0,0,0,58,11,17,0,0,0,30,212,210,0,0,0,0,0,0,0,0,0,0,0,210,0,0,0,0,0,0,2,0,0,0,0,2,0,0,0,0,0,2
"G3700670","2010","NC","3","5","North Carolina","37","Forsyth County","067",,,,,,,,,,,,,,,"49180","99999","268",,,,,,,,,,,,,,,,,"1057097245","11781201","Forsyth County","A","+36.1316671","-080.2572892","06","1",,350670,166419,2401,2459,2415,2543,2443,2465,2388,2340,2373,2516,2486,2410,2428,2359,2316,2393,2425,2457,2500,2625,2510,2374,2249,2149,2149,2242,2047,2181,2070,2103,2372,2096,2172,2156,2053,2208,2044,2149,2237,2443,2463,2309,2351,2259,2329,2352,2489,2398,2458,2440,2575,2411,2339,2355,2238,2138,2140,2031,2011,1910,1888,1896,1866,1845,1384,1359,1388,1337,1168,1031,987,1015,920,863,866,773,711,669,708,618,608,487,547,455,432,384,321,242,235,181,130,103,76,58,40,29,19,10,6,9,10,3,0,184251,2265,2300,2428,2337,2270,2411,2365,2386,2306,2453,2400,2243,2230,2153,2270,2169,2349,2449,2637,3054,2914,2720,2605,2377,2400,2442,2307,2388,2346,2467,2423,2274,2347,2279,2166,2256,2288,2405,2478,2658,2577,2488,2358,2442,2400,2570,2748,2788,2778,2841,2720,2650,2662,2605,2542,2569,2397,2414,2431,2151,2179,2146,2234,2202,1631,1597,1540,1576,1493,1329,1242,1167,1177,1060,1165,1077,1000,1027,956,938,935,898,886,854,728,643,607,518,447,406,313,283,214,165,113,92,83,58,37,30,55,4,0,340819,161763,12243,12072,11958,7193,3911,1796,1955,6287,10404,10625,10851,11522,11896,11750,10067,3748,5060,2718,3501,4601,3412,2465,1728,179056,11588,11914,11277,6921,3732,2003,2183,7056,11896,11434,12051,12223,13687,13131,11912,4307,6045,3118,4347,5740,4868,4111,3512,9851,4656,151,115,0,0,0,0,0,0,0,111,11,92,8,0,4,4,0,0,0,0,36,6,0,0,0,30,22,1,0,0,0,7,4132,1101,920,0,0,247,673,0,0,11,4,6,1,166,4,0,0,4,0,0,3031,2572,0,0,0,459,256,72,47,0,14,70,373,351,11,0,0,0,11,0,0,0,0,0,0,329,11,0,0,11,0,0,22,0,0,0,0,22,2,5,0,0,13,2,5195,84,54,3,0,0,0,3,0,0,51,13,37,1,0,0,0,0,0,0,0,30,10,0,0,0,20,14,0,0,0,0,6,4094,243,86,0,0,0,81,5,0,14,8,6,0,142,1,1,0,0,0,0,3851,3709,0,0,0,142,48,44,23,0,5,22,1017,962,0,0,0,0,0,0,0,0,0,0,0,947,15,0,0,15,0,0,55,0,0,0,0,55,0,9,2,0,42,2
"G3700690","2010","NC","3","5","North Carolina","37","Franklin County","069",,,,,,,,,,,,,,,"39580","99999","450",,,,,,,,,,,,,,,,,"1273451203","7294554","Franklin County","A","+36.0882406","-078.2830903","06","1",,60619,30166,353,411,422,395,439,386,432,423,426,456,432,402,475,423,426,458,426,456,456,472,427,361,364,293,337,339,313,381,376,341,365,342,363,377,411,401,424,457,431,471,500,426,468,404,439,493,530,494,465,502,474,448,455,439,468,458,406,378,377,357,378,385,351,348,275,282,264,261,205,213,184,177,217,158,161,156,94,134,104,92,89,95,78,76,49,50,41,33,22,17,17,7,8,6,5,3,4,2,1,0,0,0,0,30453,374,394,354,426,413,435,392,388,432,444,414,377,390,422,428,355,383,400,376,314,337,297,297,294,322,283,308,312,345,375,379,344,351,353,349,433,401,407,457,471,461,464,431,451,458,470,472,473,513,500,509,474,470,434,438,485,484,414,395,400,392,414,380,373,299,293,317,323,274,228,235,211,194,182,180,187,143,149,138,135,133,138,116,110,113,78,79,61,80,71,49,37,23,27,29,8,8,7,9,4,4,0,0,58979,28984,2018,2122,2158,1336,714,330,288,884,1625,1757,2081,2144,2418,2244,1937,755,954,541,670,884,565,363,196,29995,1958,2087,2027,1136,589,309,284,902,1621,1770,2164,2259,2416,2317,2167,802,1045,603,815,985,721,549,469,1640,1182,7,4,2,0,0,0,2,0,0,2,2,0,0,0,0,0,0,0,0,0,3,1,0,0,0,2,0,1,0,0,1,0,1089,682,620,0,0,473,145,2,0,1,0,1,0,61,0,0,0,0,0,0,407,369,0,0,0,38,0,18,15,0,5,0,86,84,0,0,0,0,0,0,0,0,0,0,0,84,0,0,0,0,0,0,2,0,0,0,0,2,0,2,0,0,0,0,458,13,9,0,0,0,0,0,0,0,9,2,7,0,0,0,0,0,0,0,0,4,2,0,0,0,2,0,0,0,0,2,0,214,47,6,0,0,0,6,0,0,3,1,2,0,38,0,0,0,0,0,0,167,147,0,0,0,20,0,14,2,0,4,0,231,225,0,0,0,0,0,0,0,0,0,0,0,225,0,0,0,0,0,0,6,0,0,0,0,6,0,6,0,0,0,0
"G3700710","2010","NC","3","5","North Carolina","37","Gaston County","071",,,,,,,,,,,,,,,"16740","99999","172",,,,,,,,,,,,,,,,,"922106205","20913349","Gaston County","A","+35.2933443","-081.1772556","06","1",,206086,99718,1313,1287,1349,1356,1406,1384,1347,1345,1364,1390,1548,1387,1419,1430,1439,1449,1513,1482,1464,1396,1271,1247,1113,1180,1212,1133,1107,1226,1175,1185,1273,1183,1195,1233,1280,1283,1331,1508,1548,1587,1598,1505,1477,1536,1506,1615,1569,1544,1529,1534,1588,1423,1468,1428,1448,1430,1336,1290,1280,1229,1232,1142,1265,1219,920,839,854,891,694,755,646,563,580,513,555,567,426,398,356,389,346,274,265,267,212,182,151,131,122,61,59,51,42,33,18,12,7,2,3,3,2,0,0,106368,1252,1292,1259,1399,1274,1277,1268,1297,1290,1405,1423,1392,1389,1312,1356,1325,1385,1438,1358,1256,1187,1244,1252,1180,1249,1253,1121,1257,1256,1292,1345,1247,1324,1293,1289,1428,1455,1575,1670,1708,1671,1533,1579,1552,1523,1588,1642,1591,1564,1622,1532,1521,1517,1564,1582,1472,1353,1369,1472,1335,1336,1288,1391,1405,1069,1005,1021,1032,921,811,807,708,723,697,693,703,584,600,595,536,573,454,486,431,403,351,355,293,259,227,171,118,117,94,76,46,36,32,18,20,29,0,0,202769,98039,6697,6827,7207,4402,2647,1184,1176,3376,5690,6043,7153,7481,7691,7235,6502,2365,3384,1677,2321,2828,2072,1293,788,104730,6472,6524,6869,4135,2480,1107,1192,3639,6142,6454,7800,7801,7954,7674,6965,2606,3839,1997,2720,3554,2896,2123,1787,3317,1679,75,52,16,0,0,11,5,0,0,36,3,8,25,0,0,0,0,0,0,0,23,2,0,0,0,21,16,0,0,0,0,5,1314,713,615,0,0,227,388,0,0,0,0,0,0,97,1,0,0,1,0,0,601,287,0,0,0,314,64,61,21,0,0,168,290,243,2,0,0,0,2,0,0,0,0,0,0,241,0,0,0,0,0,0,47,0,0,0,0,47,3,37,0,0,0,7,1638,33,12,1,0,0,0,1,0,0,11,4,4,3,0,0,0,0,0,0,0,21,0,0,0,0,21,18,0,0,0,0,3,657,164,59,0,0,0,59,0,0,1,0,1,0,102,2,0,0,2,0,0,493,280,0,0,0,213,53,44,20,0,0,96,948,758,0,0,0,0,0,0,0,0,0,0,0,758,0,0,0,0,0,0,190,0,0,0,0,190,0,141,0,0,0,49
"G3700730","2010","NC","3","5","North Carolina","37","Gates County","073",,,,,,,,,,,,,,,"99999","99999","999",,,,,,,,,,,,,,,,,"881747682","13578050","Gates County","A","+36.4421353","-076.7023552","06","9",,12197,5962,55,56,82,83,79,82,60,69,82,99,71,89,86,103,105,102,100,88,69,79,73,67,52,60,70,64,50,58,54,64,54,48,51,63,66,65,53,67,63,81,91,80,95,97,87,110,109,94,110,95,109,93,106,104,83,115,92,90,62,81,66,79,69,80,68,61,75,56,59,51,64,48,48,22,48,30,33,23,25,20,28,13,31,9,14,19,12,11,12,8,5,8,1,0,0,1,0,0,0,0,0,0,0,6235,65,70,67,70,68,76,70,79,83,72,85,85,74,80,73,87,113,95,84,65,70,69,61,66,66,67,56,58,53,65,71,64,47,59,66,63,70,81,86,91,89,94,83,87,86,108,98,126,128,118,91,120,90,84,96,105,96,77,90,80,74,80,97,84,68,70,70,80,58,35,45,55,52,49,38,36,31,41,28,32,32,34,30,28,22,15,18,15,20,13,16,9,6,3,3,4,3,1,0,0,4,0,0,12136,5929,355,392,454,290,148,73,67,182,290,282,329,448,516,492,436,143,216,135,163,221,129,94,74,6207,340,380,397,295,149,70,69,193,298,307,391,439,578,477,447,154,249,138,173,233,168,141,121,61,33,0,0,0,0,0,0,0,0,0,0,0,0,0,0,0,0,0,0,0,0,0,0,0,0,0,0,0,0,0,0,0,0,14,14,0,0,0,0,0,0,0,0,0,0,0,14,0,0,0,0,0,0,0,0,0,0,0,0,0,0,0,0,0,0,19,19,0,0,0,0,0,0,0,0,0,0,0,19,0,0,0,0,0,0,0,0,0,0,0,0,0,0,0,0,0,0,28,0,0,0,0,0,0,0,0,0,0,0,0,0,0,0,0,0,0,0,0,0,0,0,0,0,0,0,0,0,0,0,0,6,6,0,0,0,0,0,0,0,0,0,0,0,6,0,0,0,0,0,0,0,0,0,0,0,0,0,0,0,0,0,0,22,22,0,0,0,0,0,0,0,0,0,0,0,22,0,0,0,0,0,0,0,0,0,0,0,0,0,0,0,0,0,0
"G3700750","2010","NC","3","5","North Carolina","37","Graham County","075",,,,,,,,,,,,,,,"99999","99999","999",,,,,,,,,,,,,,,,,"756481641","24828214","Graham County","A","+35.3481113","-083.8309088","06","9",,8861,4367,48,48,62,66,65,66,48,54,42,68,72,67,39,65,54,51,57,43,49,44,44,59,34,42,45,32,39,36,58,52,44,45,49,54,40,53,52,48,47,58,53,50,55,43,79,80,43,60,76,55,63,56,71,59,65,65,62,58,52,51,76,73,78,56,47,53,64,87,49,39,50,41,31,34,37,37,36,23,24,30,20,18,23,11,22,15,8,6,16,7,5,2,3,3,1,1,0,5,1,0,0,0,0,4494,45,35,50,48,41,58,50,54,54,56,51,39,52,54,45,61,50,55,49,63,46,55,34,42,48,54,51,39,44,41,43,65,53,33,44,36,40,53,43,57,64,57,45,47,58,78,60,58,63,61,88,60,59,57,71,80,65,63,52,69,78,58,81,79,72,44,62,64,43,51,62,49,40,42,46,55,33,39,31,30,25,33,27,17,12,20,22,16,14,13,13,4,5,6,10,3,4,1,3,0,1,0,0,8768,4329,289,277,297,151,93,43,59,120,217,232,256,279,312,314,286,149,178,117,173,191,147,85,64,4439,219,272,241,166,112,46,55,123,229,238,227,270,319,335,329,133,232,103,155,233,184,105,113,93,38,1,0,0,0,0,0,0,0,0,0,0,0,0,0,0,0,0,0,0,0,1,0,0,0,0,1,0,0,0,0,1,0,12,10,6,0,0,0,6,0,0,0,0,0,0,4,0,0,0,0,0,0,2,0,0,0,0,2,0,0,0,0,2,0,25,25,0,0,0,0,0,0,0,0,0,0,0,25,0,0,0,0,0,0,0,0,0,0,0,0,0,0,0,0,0,0,55,0,0,0,0,0,0,0,0,0,0,0,0,0,0,0,0,0,0,0,0,0,0,0,0,0,0,0,0,0,0,0,0,8,6,0,0,0,0,0,0,0,0,0,0,0,6,0,0,0,0,0,0,2,0,0,0,0,2,0,0,0,0,2,0,47,47,0,0,0,0,0,0,0,0,0,0,0,47,0,0,0,0,0,0,0,0,0,0,0,0,0,0,0,0,0,0
"G3700770","2010","NC","3","5","North Carolina","37","Granville County","077",,,,,,,,,,,,,,,"99999","99999","999",,,,,,,,,,,,,,,,,"1376758990","12765614","Granville County","A","+36.2998840","-078.6576338","06","9",,59916,32015,322,329,338,373,401,362,418,405,375,370,414,376,392,398,395,392,451,487,388,626,762,437,309,291,334,334,307,349,378,443,458,385,424,437,476,506,450,499,567,507,551,611,553,541,515,538,585,518,554,552,554,521,513,488,481,447,467,385,384,380,430,412,387,377,304,303,301,271,215,216,190,194,179,148,135,140,162,112,85,82,89,75,68,67,59,52,40,31,19,25,10,11,6,7,2,2,1,3,1,0,1,0,0,27901,324,298,307,360,334,348,315,353,366,356,384,367,345,338,376,361,406,397,382,296,285,242,252,265,251,292,286,297,290,323,306,327,345,355,373,353,379,370,427,455,445,420,439,414,457,472,497,433,410,433,492,449,446,446,397,397,384,381,386,373,379,376,320,362,268,282,255,265,243,214,199,219,175,198,173,163,155,151,156,140,136,124,112,93,103,94,85,60,56,61,61,43,24,19,26,12,11,12,2,5,12,0,0,52968,25695,1762,1925,1935,1227,691,295,283,770,1286,1492,1812,2100,2154,2019,1577,657,859,510,603,730,504,316,188,27273,1621,1732,1797,1145,663,282,232,752,1462,1682,1946,2141,2194,2175,1877,728,929,523,704,930,732,521,505,6948,6320,149,141,7,0,1,0,6,0,0,134,30,0,104,0,0,0,0,0,0,0,8,0,0,0,0,8,1,0,5,0,2,0,5720,5421,5230,0,4209,955,66,0,0,19,8,0,11,172,0,0,0,0,0,0,299,0,0,0,0,299,8,85,200,0,6,0,451,424,320,0,320,0,0,0,0,0,0,0,0,104,0,0,0,0,0,0,27,0,0,0,0,27,0,3,22,0,2,0,628,40,35,3,0,2,0,1,0,0,32,29,0,3,0,0,0,0,0,0,0,5,0,0,0,0,5,4,0,1,0,0,0,364,182,71,0,65,0,6,0,0,9,9,0,0,102,0,0,0,0,0,0,182,0,0,0,0,182,8,76,96,0,2,0,224,180,0,0,0,0,0,0,0,0,0,0,0,180,0,0,0,0,0,0,44,0,0,0,0,44,0,10,30,0,4,0
"G3700790","2010","NC","3","5","North Carolina","37","Greene County","079",,,,,,,,,,,,,,,"24780","99999","999",,,,,,,,,,,,,,,,,"688749236","1222022","Greene County","A","+35.4819328","-077.6816672","06","1",,21362,11457,145,118,148,148,147,133,141,131,147,169,137,157,130,144,120,132,141,151,134,124,133,149,165,197,165,177,169,186,164,208,206,199,188,170,200,218,178,176,171,184,171,175,161,152,165,180,177,172,171,206,202,184,154,188,149,158,168,156,129,143,117,126,131,122,90,96,110,91,76,52,57,58,57,53,52,57,38,45,33,32,34,35,19,18,14,20,22,8,11,4,6,3,2,0,4,0,0,0,0,0,3,0,0,9905,148,127,134,146,126,148,119,117,133,124,157,149,139,149,116,110,139,132,141,113,121,99,113,97,84,121,105,106,118,104,121,108,113,124,144,124,131,117,136,111,121,94,144,101,120,137,147,157,145,132,158,159,147,165,167,153,155,138,132,131,142,103,120,112,106,92,80,72,83,75,84,91,67,73,65,63,53,62,61,51,54,64,45,34,46,51,28,28,20,22,27,13,8,15,5,8,5,4,1,0,5,0,0,19042,9247,706,721,686,423,252,119,114,340,539,573,598,536,670,712,662,229,319,194,207,263,200,113,71,9795,681,641,710,381,254,121,98,292,550,609,618,577,717,793,706,243,336,170,230,373,271,225,199,2320,2210,3,2,0,0,0,0,0,0,0,2,2,0,0,0,0,0,0,0,0,0,1,0,0,0,0,1,0,0,0,0,1,0,2145,2088,2086,0,0,2086,0,0,0,0,0,0,0,2,0,0,0,0,0,0,57,0,0,0,0,57,0,27,6,0,24,0,62,62,37,0,0,37,0,0,0,0,0,0,0,25,0,0,0,0,0,0,0,0,0,0,0,0,0,0,0,0,0,0,110,0,0,0,0,0,0,0,0,0,0,0,0,0,0,0,0,0,0,0,0,0,0,0,0,0,0,0,0,0,0,0,0,23,9,5,0,0,5,0,0,0,0,0,0,0,4,0,0,0,0,0,0,14,0,0,0,0,14,0,13,1,0,0,0,87,87,0,0,0,0,0,0,0,0,0,0,0,87,0,0,0,0,0,0,0,0,0,0,0,0,0,0,0,0,0,0
"G3700810","2010","NC","3","5","North Carolina","37","Guilford County","081",,,,,,,,,,,,,,,"24660","99999","268",,,,,,,,,,,,,,,,,"1672364534","30883952","Guilford County","A","+36.0790650","-079.7886652","06","1",,488406,232483,3086,3037,3182,3240,3150,3179,3179,3198,3256,3369,3380,3210,3299,3178,3404,3303,3440,3406,3876,4262,4029,3946,3549,3504,3362,3275,3131,3194,3228,3226,3244,2924,2989,2932,2811,3028,2839,3030,3304,3489,3713,3242,3215,3154,3276,3442,3380,3355,3346,3431,3418,3350,3183,3207,3040,2938,2948,2841,2615,2647,2602,2523,2529,2537,1933,1893,1851,1817,1539,1413,1364,1244,1214,1080,1142,1041,915,899,884,805,772,785,667,621,531,472,436,332,317,225,186,145,120,66,60,44,21,23,12,4,10,0,0,255923,2849,3015,3052,3008,3020,3119,3066,3164,3049,3222,3244,3140,3143,3096,3140,3191,3130,3339,4384,4959,4690,4626,4355,3928,3653,3587,3288,3508,3362,3361,3374,3298,3280,3143,3171,3280,3227,3317,3496,3823,3837,3465,3453,3392,3468,3759,3672,3681,3604,3637,3701,3624,3448,3543,3376,3346,3294,3177,3072,3031,3021,2927,2962,2881,2282,2146,2103,2230,1851,1775,1654,1570,1512,1422,1381,1453,1242,1287,1257,1192,1227,1129,1086,1015,953,867,782,758,670,545,476,344,287,229,191,157,119,112,40,46,60,4,1,472914,225426,15657,16137,16406,10027,5865,3173,3419,9962,15744,14653,15413,16319,16620,15906,13750,5048,6927,3715,4711,5970,4464,3253,2287,247488,14912,15594,15714,9595,5615,3472,3988,11542,17009,16182,17043,17501,18225,17573,15845,5908,8074,4212,5811,7435,6246,5116,4876,15492,7057,269,140,27,0,0,0,27,0,0,113,39,44,30,0,0,0,0,0,0,0,129,9,0,0,0,120,70,0,1,0,9,40,6238,1080,853,0,0,0,816,37,0,9,7,2,0,180,38,36,2,0,0,0,5158,3768,0,0,0,1390,348,390,196,0,86,370,550,493,0,0,0,0,0,0,0,0,0,0,0,484,9,0,0,9,0,0,57,0,0,0,0,57,8,20,0,0,9,20,8435,172,38,1,0,0,0,1,0,0,37,18,15,4,0,0,0,0,0,0,0,134,25,0,0,0,109,69,0,0,0,8,32,6786,272,113,0,0,0,111,2,0,2,0,2,0,134,23,20,1,2,0,0,6514,5909,0,0,0,605,160,193,60,0,64,128,1477,1444,0,0,0,0,0,0,0,0,0,0,0,1432,12,0,0,12,0,0,33,0,0,0,0,33,0,21,0,0,12,0
"G3700830","2010","NC","3","5","North Carolina","37","Halifax County","083",,,,,,,,,,,,,,,"40260","99999","999",,,,,,,,,,,,,,,,,"1875375057","18371274","Halifax County","A","+36.2514376","-077.6448423","06","2",,54691,26137,315,313,327,342,352,340,351,356,325,345,364,382,376,332,357,388,415,454,444,327,379,301,298,285,302,339,265,301,277,311,270,287,300,269,268,290,286,286,330,329,343,333,337,359,381,387,422,374,435,408,438,409,401,411,399,361,390,414,370,380,379,330,360,341,267,230,258,250,260,208,199,205,179,162,170,169,146,125,119,98,109,94,99,103,69,60,52,32,30,28,21,16,13,5,7,2,3,3,2,1,3,0,0,28554,306,308,357,324,319,314,309,341,377,390,330,321,341,333,327,372,427,388,371,332,341,295,293,310,300,320,314,309,311,300,330,287,257,281,275,274,317,329,321,353,352,341,363,326,397,441,450,420,455,449,441,475,408,422,480,455,449,443,392,380,430,411,376,387,301,305,277,340,266,270,256,256,236,215,242,232,190,190,186,190,183,202,164,135,164,136,132,90,92,83,52,48,44,33,27,18,13,15,8,3,11,2,0,53275,24971,1645,1715,1808,1248,767,377,295,827,1363,1237,1346,1589,1891,1938,1849,688,953,478,710,896,648,452,251,28304,1614,1731,1648,1187,703,340,295,903,1551,1429,1588,1772,2209,2219,2109,835,1060,582,868,1185,953,802,721,1416,1166,18,10,0,0,0,0,0,0,0,10,10,0,0,0,0,0,0,0,0,0,8,0,0,0,0,8,0,0,0,0,0,8,1053,1031,991,0,0,991,0,0,0,4,4,0,0,36,0,0,0,0,0,0,22,0,0,0,0,22,5,16,0,0,0,1,95,92,10,0,0,10,0,0,0,0,0,0,0,82,0,0,0,0,0,0,3,0,0,0,0,3,0,2,0,0,1,0,250,4,4,0,0,0,0,0,0,0,4,4,0,0,0,0,0,0,0,0,0,0,0,0,0,0,0,0,0,0,0,0,0,51,24,0,0,0,0,0,0,0,0,0,0,0,24,0,0,0,0,0,0,27,0,0,0,0,27,4,21,0,0,0,2,195,195,0,0,0,0,0,0,0,0,0,0,0,195,0,0,0,0,0,0,0,0,0,0,0,0,0,0,0,0,0,0
"G3700850","2010","NC","3","5","North Carolina","37","Harnett County","085",,,,,,,,,,,,,,,"20380","99999","450",,,,,,,,,,,,,,,,,"1541008895","16360689","Harnett County","A","+35.3686348","-078.8716104","06","2",,114678,56199,898,977,933,981,932,960,905,936,909,920,934,908,880,854,856,812,836,877,874,905,802,827,775,724,805,738,749,787,825,806,840,767,820,857,749,820,789,825,908,919,883,818,743,752,781,846,786,735,755,743,802,731,708,648,724,648,591,557,586,558,548,525,538,516,404,412,406,401,329,363,325,310,251,259,246,211,182,181,143,159,130,135,93,99,77,82,52,46,49,39,29,13,2,10,3,5,7,1,1,1,2,0,0,58479,849,918,922,958,936,860,916,844,883,867,886,847,811,813,837,784,780,808,872,992,913,823,782,782,742,837,821,875,811,831,899,839,851,808,782,861,817,838,868,848,856,816,747,738,821,795,794,805,739,732,788,722,741,703,640,700,693,654,616,596,572,567,630,640,470,425,452,441,437,395,360,331,323,294,303,324,286,250,232,228,221,210,215,142,154,158,138,112,80,79,87,55,54,33,21,12,10,11,7,2,11,0,0,111298,54164,4721,4629,4428,2520,1398,632,696,2136,3754,3861,4089,3824,3710,3493,2866,1050,1438,798,1077,1354,855,511,324,57134,4583,4369,4191,2370,1360,698,679,2212,4165,4169,4226,3965,3852,3579,3239,1134,1727,864,1260,1586,1273,881,752,3380,2035,10,7,0,0,0,0,0,0,0,7,7,0,0,0,0,0,0,0,0,0,3,1,0,0,0,2,2,0,0,0,0,0,1890,1004,960,0,0,960,0,0,0,0,0,0,0,44,0,0,0,0,0,0,886,795,0,0,0,91,15,27,27,0,22,0,135,129,20,0,0,20,0,0,0,0,0,0,0,109,0,0,0,0,0,0,6,0,0,0,0,6,0,0,6,0,0,0,1345,6,3,0,0,0,0,0,0,0,3,3,0,0,0,0,0,0,0,0,0,3,1,0,0,0,2,2,0,0,0,0,0,1062,55,1,0,0,1,0,0,0,0,0,0,0,54,0,0,0,0,0,0,1007,968,0,0,0,39,7,26,5,0,1,0,277,272,0,0,0,0,0,0,0,0,0,0,0,272,0,0,0,0,0,0,5,0,0,0,0,5,2,0,2,0,1,0
"G3700870","2010","NC","3","5","North Carolina","37","Haywood County","087",,,,,,,,,,,,,,,"11700","99999","120",,,,,,,,,,,,,,,,,"1434055217","2416649","Haywood County","A","+35.5570974","-082.9728070","06","1",,59036,28502,290,282,330,273,302,310,324,332,314,338,361,352,338,334,344,349,382,385,372,317,329,305,263,270,286,269,286,305,306,282,280,270,303,305,305,321,322,371,392,387,382,365,361,365,403,477,403,414,409,447,406,424,440,425,381,388,438,417,398,411,462,443,426,455,355,387,362,388,353,313,327,279,292,282,259,213,258,196,186,162,156,152,161,123,86,89,89,76,59,61,32,27,17,8,6,8,4,3,2,3,2,0,0,30534,275,284,297,307,265,295,288,296,318,303,318,328,333,308,336,354,331,359,308,272,233,295,302,274,267,295,291,276,247,282,293,316,302,322,276,346,330,357,402,386,382,403,392,429,399,449,448,460,469,469,461,438,482,459,463,460,448,428,494,431,453,461,538,517,439,400,439,397,415,388,347,341,352,331,303,285,243,270,272,248,210,197,218,187,186,145,144,145,109,115,66,67,44,32,32,22,19,7,7,3,8,1,0,58223,28116,1474,1617,1724,1103,679,327,299,802,1415,1441,1766,1849,2113,2046,2037,895,1225,745,1046,1418,993,657,445,30107,1425,1500,1613,1032,578,230,295,839,1384,1501,1808,1993,2276,2288,2251,912,1484,831,1193,1647,1282,946,799,813,386,22,17,8,0,0,8,0,0,0,9,9,0,0,0,0,0,0,0,0,0,5,0,0,0,0,5,0,0,0,0,0,5,247,136,117,0,0,117,0,0,0,0,0,0,0,19,0,0,0,0,0,0,111,0,0,0,0,111,0,7,2,0,6,96,117,86,0,0,0,0,0,0,0,0,0,0,0,86,0,0,0,0,0,0,31,0,0,0,0,31,0,10,0,0,5,16,427,25,22,0,0,0,0,0,0,0,22,22,0,0,0,0,0,0,0,0,0,3,0,0,0,0,3,0,0,0,0,0,3,105,18,0,0,0,0,0,0,0,0,0,0,0,18,0,0,0,0,0,0,87,0,0,0,0,87,0,12,3,0,4,68,297,251,0,0,0,0,0,0,0,0,0,0,0,251,0,0,0,0,0,0,46,0,0,0,0,46,0,23,0,0,3,20
"G3700890","2010","NC","3","5","North Carolina","37","Henderson County","089",,,,,,,,,,,,,,,"11700","99999","120",,,,,,,,,,,,,,,,,"966241824","5602486","Henderson County","A","+35.3364243","-082.4796336","06","1",,106740,51560,605,610,624,629,610,567,657,669,614,667,666,578,625,640,614,621,599,619,552,489,489,468,458,516,498,491,574,587,557,563,593,553,575,597,570,644,598,609,702,690,670,733,686,652,625,668,707,699,718,682,775,673,754,707,719,761,702,699,666,689,656,748,764,792,625,610,614,670,607,580,579,542,463,441,472,486,433,413,420,381,369,318,296,296,253,211,176,175,152,101,97,61,52,37,28,27,17,8,7,5,5,1,0,55180,548,576,595,597,619,597,571,645,639,586,643,617,664,557,568,539,576,608,489,441,419,394,406,453,528,515,550,526,529,575,572,569,584,572,574,594,598,663,654,721,668,647,625,653,626,759,743,752,758,766,789,784,787,754,833,757,738,791,828,804,854,816,919,893,703,820,799,856,768,706,617,623,565,579,567,550,444,522,462,479,439,395,423,382,370,363,283,287,247,212,129,136,128,87,70,45,34,31,17,12,15,0,0,105441,50985,3075,3173,3117,1830,1021,480,456,1443,2725,2866,3200,3336,3437,3580,3491,1394,2166,1212,1837,2474,2087,1483,1102,54456,2933,3035,3041,1720,922,416,392,1381,2678,2855,3206,3197,3758,3919,3899,1658,2491,1606,2317,2907,2380,1902,1843,1299,575,19,12,6,0,0,0,6,0,0,6,6,0,0,0,0,0,0,0,0,0,7,0,0,0,0,7,5,0,0,0,2,0,348,182,111,0,0,0,111,0,0,1,1,0,0,70,0,0,0,0,0,0,166,32,0,0,0,134,25,56,17,0,8,28,208,200,0,0,0,0,0,0,0,0,0,0,0,199,1,0,0,1,0,0,8,0,0,0,0,8,0,8,0,0,0,0,724,16,2,2,0,0,0,2,0,0,0,0,0,0,0,0,0,0,0,0,0,14,0,0,0,0,14,5,0,0,0,6,3,201,102,21,0,0,0,21,0,0,0,0,0,0,81,0,0,0,0,0,0,99,1,0,0,0,98,24,52,10,0,11,1,507,495,0,0,0,0,0,0,0,0,0,0,0,489,6,0,0,6,0,0,12,0,0,0,0,12,0,9,0,0,2,1
"G3700910","2010","NC","3","5","North Carolina","37","Hertford County","091",,,,,,,,,,,,,,,"99999","99999","999",,,,,,,,,,,,,,,,,"914421664","18891664","Hertford County","A","+36.3635174","-076.9816160","06","9",,24669,12062,127,118,161,132,190,160,139,142,130,155,149,157,128,133,147,153,150,161,257,284,182,165,147,133,130,168,150,167,143,155,161,137,140,152,142,147,135,143,163,163,158,154,129,166,191,187,193,161,166,176,218,167,207,225,150,218,185,180,170,190,155,164,135,118,134,119,136,116,99,81,95,82,91,81,65,59,64,52,49,41,45,40,42,40,23,21,40,21,16,13,9,12,4,3,1,6,1,1,0,0,1,0,0,12607,135,140,132,139,141,148,151,134,140,145,131,137,144,128,141,155,169,155,226,239,219,168,147,139,135,131,128,132,155,140,143,107,143,117,122,140,110,133,137,148,146,132,164,130,173,155,187,192,197,186,204,180,189,227,203,230,220,208,187,153,154,179,166,152,140,136,125,151,130,92,127,99,111,98,124,84,95,105,85,80,64,89,64,75,71,40,51,35,42,37,25,21,20,11,11,7,7,6,0,4,5,2,0,22372,10267,728,726,714,461,295,117,108,328,555,530,537,600,728,848,836,306,370,242,286,392,252,176,132,12105,687,718,681,479,286,155,131,395,683,629,667,738,912,994,984,328,455,259,362,545,422,333,262,2297,1795,3,1,1,0,0,0,1,0,0,0,0,0,0,0,0,0,0,0,0,0,2,2,0,0,0,0,0,0,0,0,0,0,1703,1304,1273,1217,0,0,56,0,0,0,0,0,0,31,0,0,0,0,0,0,399,384,0,0,0,15,0,9,0,0,6,0,89,83,18,18,0,0,0,0,0,0,0,0,0,65,0,0,0,0,0,0,6,0,0,0,0,6,0,2,0,0,4,0,502,0,0,0,0,0,0,0,0,0,0,0,0,0,0,0,0,0,0,0,0,0,0,0,0,0,0,0,0,0,0,0,0,356,36,7,0,0,0,7,0,0,0,0,0,0,29,0,0,0,0,0,0,320,308,0,0,0,12,0,9,0,0,3,0,146,137,0,0,0,0,0,0,0,0,0,0,0,137,0,0,0,0,0,0,9,0,0,0,0,9,0,5,0,0,4,0
"G3700930","2010","NC","3","5","North Carolina","37","Hoke County","093",,,,,,,,,,,,,,,"22180","99999","999",,,,,,,,,,,,,,,,,"1012022108","4019951","Hoke County","A","+35.0172328","-079.2419636","06","1",,46952,22878,471,452,431,487,465,456,417,433,403,391,402,390,384,335,321,334,303,330,292,272,247,272,267,306,352,414,400,420,452,448,446,430,402,365,359,351,324,385,351,357,320,289,274,269,286,299,294,312,282,278,284,295,264,288,244,240,242,237,223,204,208,175,190,169,124,137,122,133,117,88,91,80,87,70,57,57,51,73,39,36,45,49,20,31,18,11,12,8,13,1,4,2,4,8,1,4,2,0,0,0,0,0,0,24074,520,430,483,438,399,414,372,383,371,433,394,397,332,336,346,296,316,320,282,260,303,289,299,332,400,418,449,450,420,464,447,428,441,384,366,391,372,361,366,352,308,318,265,320,311,316,306,309,323,322,297,310,302,300,294,264,269,259,233,216,191,212,210,192,161,134,119,138,121,112,109,121,79,99,103,94,67,73,71,62,51,59,49,56,35,41,37,30,33,25,25,18,15,9,8,4,7,3,2,2,1,0,0,46282,22334,2306,2100,1831,963,552,242,254,878,2059,1904,1704,1395,1409,1327,1125,376,477,257,335,378,245,159,58,23948,2269,1973,1805,926,539,303,287,1029,2198,2063,1832,1514,1570,1499,1236,400,560,251,368,502,359,236,229,670,544,5,4,0,0,0,0,0,0,0,4,0,4,0,0,0,0,0,0,0,0,1,0,0,0,0,1,0,1,0,0,0,0,500,457,444,0,0,320,124,0,0,2,0,2,0,11,0,0,0,0,0,0,43,6,0,0,0,37,0,30,7,0,0,0,39,39,0,0,0,0,0,0,0,0,0,0,0,39,0,0,0,0,0,0,0,0,0,0,0,0,0,0,0,0,0,0,126,7,7,0,0,0,0,0,0,0,7,0,7,0,0,0,0,0,0,0,0,0,0,0,0,0,0,0,0,0,0,0,0,52,21,9,0,0,0,9,0,0,0,0,0,0,12,0,0,0,0,0,0,31,3,0,0,0,28,0,26,2,0,0,0,67,67,0,0,0,0,0,0,0,0,0,0,0,67,0,0,0,0,0,0,0,0,0,0,0,0,0,0,0,0,0,0
"G3700950","2010","NC","3","5","North Carolina","37","Hyde County","095",,,,,,,,,,,,,,,"99999","99999","999",,,,,,,,,,,,,,,,,"1586884785","2101324125","Hyde County","A","+35.4081567","-076.1536867","06","9",,5810,3226,32,26,36,34,27,34,17,33,30,37,25,29,39,25,39,31,31,29,30,14,24,39,33,42,64,64,54,67,62,52,71,63,65,59,50,58,54,55,67,52,39,55,46,47,43,44,54,56,38,51,54,49,47,51,44,47,58,49,64,41,43,32,41,41,21,27,37,30,22,27,21,24,24,17,11,8,12,12,21,13,12,8,7,8,6,9,3,3,4,3,3,0,4,1,0,0,0,0,0,0,1,0,0,2584,19,24,31,33,31,29,22,38,26,31,23,24,28,35,36,19,37,36,40,21,24,17,17,26,18,22,23,21,32,37,34,24,23,19,28,29,30,36,32,35,43,30,34,23,33,21,34,41,34,41,40,44,32,45,53,56,53,49,44,36,44,40,33,37,37,34,24,27,23,19,23,16,21,26,31,25,22,24,22,11,12,16,13,10,9,10,9,7,13,8,11,10,6,2,5,2,2,1,0,2,1,0,0,4980,2438,155,151,156,91,44,24,25,65,151,141,152,139,164,215,238,69,99,62,78,91,63,38,27,2542,138,146,146,92,58,24,17,61,135,128,162,162,169,213,238,84,106,58,67,115,99,56,68,830,788,1,0,0,0,0,0,0,0,0,0,0,0,0,0,0,0,0,0,0,0,1,0,0,0,0,1,0,0,0,0,1,0,768,753,749,0,0,749,0,0,0,0,0,0,0,4,0,0,0,0,0,0,15,0,0,0,0,15,0,11,0,0,4,0,19,19,3,0,0,3,0,0,0,0,0,0,0,16,0,0,0,0,0,0,0,0,0,0,0,0,0,0,0,0,0,0,42,0,0,0,0,0,0,0,0,0,0,0,0,0,0,0,0,0,0,0,0,0,0,0,0,0,0,0,0,0,0,0,0,8,1,0,0,0,0,0,0,0,0,0,0,0,1,0,0,0,0,0,0,7,0,0,0,0,7,0,6,0,0,1,0,34,34,0,0,0,0,0,0,0,0,0,0,0,34,0,0,0,0,0,0,0,0,0,0,0,0,0,0,0,0,0,0
"G3700970","2010","NC","3","5","North Carolina","37","Iredell County","097",,,,,,,,,,,,,,,"44380","99999","172",,,,,,,,,,,,,,,,,"1486221270","59749281","Iredell County","A","+35.8063558","-080.8745449","06","2",,159437,78491,974,990,1042,1046,1143,1057,1097,1161,1199,1231,1237,1289,1187,1226,1213,1221,1251,1233,1176,1100,976,810,904,881,867,865,918,823,852,906,904,846,914,918,933,951,1076,1036,1238,1326,1253,1180,1236,1183,1274,1277,1351,1338,1309,1228,1301,1174,1200,1091,1070,1073,1014,957,945,924,906,850,983,888,644,696,691,719,595,564,495,460,452,440,420,403,350,303,287,248,277,259,208,182,171,136,104,90,66,58,49,34,27,11,8,3,5,4,5,2,3,0,0,80946,867,898,949,973,1093,1055,1107,1114,1124,1222,1203,1130,1170,1121,1174,1159,1240,1189,962,830,800,742,741,830,805,830,888,903,977,972,920,883,982,937,987,1019,1076,1121,1256,1371,1272,1243,1182,1272,1301,1360,1411,1320,1306,1360,1291,1240,1247,1103,1110,1078,967,1014,1005,902,988,969,997,1067,701,755,752,789,697,616,597,566,578,490,528,524,422,450,373,357,411,347,305,303,266,255,224,218,178,152,111,89,66,61,46,22,20,19,10,8,14,1,0,158145,77810,5187,5740,6138,3682,2251,962,796,2609,4293,4461,5576,6065,6451,5787,4879,1747,2505,1378,1864,2243,1571,1057,568,80335,4773,5620,5787,3564,1790,798,740,2361,4555,4690,5826,6256,6739,5970,4937,1945,2752,1499,2088,2723,2075,1550,1297,1292,681,50,38,4,0,0,0,4,0,0,34,27,7,0,0,0,0,0,0,0,0,12,0,0,0,0,12,8,0,0,0,0,4,487,308,278,0,0,0,278,0,0,3,3,0,0,27,0,0,0,0,0,0,179,0,0,0,0,179,62,55,3,0,24,35,144,133,0,0,0,0,0,0,0,0,0,0,0,133,0,0,0,0,0,0,11,0,0,0,0,11,0,2,0,0,5,4,611,44,30,1,0,0,0,1,0,0,29,29,0,0,0,0,0,0,0,0,0,14,0,0,0,0,14,6,2,0,0,0,6,179,79,38,0,0,0,38,0,0,1,1,0,0,40,0,0,0,0,0,0,100,0,0,0,0,100,22,33,1,0,22,22,388,372,0,0,0,0,0,0,0,0,0,0,0,372,0,0,0,0,0,0,16,0,0,0,0,16,0,0,0,0,12,4
"G3700990","2010","NC","3","5","North Carolina","37","Jackson County","099",,,,,,,,,,,,,,,"99999","99999","999",,,,,,,,,,,,,,,,,"1271048658","9815952","Jackson County","A","+35.2864625","-083.1306405","06","9",,40271,20043,205,200,185,230,225,197,213,235,219,199,230,220,196,210,188,169,204,230,500,749,645,662,629,438,314,343,281,275,252,248,224,210,221,181,188,202,201,253,243,245,220,216,196,229,239,206,266,205,227,248,272,222,218,305,261,243,219,229,266,241,247,266,309,273,221,223,227,201,177,248,157,154,130,121,114,119,95,80,102,87,78,64,68,43,59,48,19,30,21,27,11,8,7,11,2,4,2,2,1,0,0,0,0,20228,189,210,185,187,219,189,163,181,186,193,205,180,181,159,182,155,195,209,597,811,733,645,461,341,331,290,221,214,214,236,193,235,232,212,167,215,205,176,185,236,224,203,227,200,210,236,223,248,250,243,301,246,242,254,280,288,298,272,261,263,304,280,266,335,212,230,242,242,205,195,162,193,169,142,142,152,131,131,110,99,91,95,82,75,51,42,62,58,38,46,33,27,29,21,13,11,5,6,6,5,2,1,0,36697,18412,1045,1062,1042,600,457,354,416,1179,1372,1014,1140,1097,1150,1274,1195,513,798,449,620,669,477,303,186,18285,987,911,907,552,399,352,414,988,1158,1036,1016,1061,1194,1321,1377,582,812,469,639,804,603,369,334,3574,1631,6,2,0,0,0,0,0,0,0,2,2,0,0,0,0,0,0,0,0,0,4,3,0,0,0,1,0,0,0,0,0,1,1589,8,0,0,0,0,0,0,0,3,3,0,0,5,0,0,0,0,0,0,1581,1559,0,0,0,22,0,4,0,0,0,18,36,32,0,0,0,0,0,0,0,0,0,0,0,32,0,0,0,0,0,0,4,0,0,0,0,4,0,0,0,0,0,4,1943,11,0,0,0,0,0,0,0,0,0,0,0,0,0,0,0,0,0,0,0,11,4,0,0,0,7,0,0,0,0,0,7,1806,12,0,0,0,0,0,0,0,1,1,0,0,11,0,0,0,0,0,0,1794,1781,0,0,0,13,0,2,0,0,0,11,126,126,0,0,0,0,0,0,0,0,0,0,0,126,0,0,0,0,0,0,0,0,0,0,0,0,0,0,0,0,0,0
"G3701010","2010","NC","3","5","North Carolina","37","Johnston County","101",,,,,,,,,,,,,,,"39580","99999","450",,,,,,,,,,,,,,,,,"2049455206","10890982","Johnston County","A","+35.5134050","-078.3672671","06","1",,168878,83150,1232,1299,1264,1375,1352,1397,1442,1349,1414,1432,1398,1429,1397,1281,1319,1287,1186,1249,1129,974,979,841,802,846,908,919,936,1009,995,1090,1087,1046,1213,1212,1209,1232,1267,1373,1464,1558,1431,1355,1368,1373,1300,1364,1380,1352,1236,1249,1210,1125,1103,1040,992,954,984,964,962,834,840,809,901,868,690,666,628,633,514,472,471,416,426,340,339,300,257,210,225,205,183,172,161,122,101,84,76,66,65,42,27,24,15,11,8,4,2,2,3,3,2,0,0,85728,1142,1322,1240,1336,1283,1260,1353,1291,1291,1315,1374,1313,1258,1208,1256,1277,1172,1177,1107,841,824,773,772,821,894,894,931,1031,996,1040,1109,1155,1239,1258,1245,1249,1280,1381,1502,1559,1567,1465,1337,1330,1268,1340,1351,1327,1268,1250,1233,1154,1132,1084,1097,1087,1052,1101,977,929,959,967,992,928,780,746,741,633,622,564,532,503,487,434,425,410,318,326,354,318,287,307,283,252,212,188,204,151,142,131,87,72,70,53,34,34,19,21,9,5,10,0,0,167107,82024,6521,7034,6821,3712,2091,972,818,2466,4822,5638,6746,6710,6462,5381,4627,1629,2435,1287,1604,1970,1173,707,398,85083,6319,6507,6405,3616,1938,816,772,2485,4883,5994,6960,6951,6523,5677,5134,1916,2691,1480,1806,2339,1657,1220,994,1771,1126,14,13,4,0,0,0,4,0,0,9,5,4,0,0,0,0,0,0,0,0,1,0,0,0,0,1,0,0,0,0,0,1,976,825,784,0,0,631,153,0,0,1,1,0,0,39,1,1,0,0,0,0,151,0,0,0,0,151,11,57,2,0,38,43,136,102,7,0,0,7,0,0,0,0,0,0,0,95,0,0,0,0,0,0,34,0,0,0,0,34,0,23,0,0,8,3,645,21,10,0,0,0,0,0,0,0,10,4,6,0,0,0,0,0,0,0,0,11,0,0,0,0,11,5,0,0,0,0,6,136,59,21,0,0,1,20,0,0,1,1,0,0,32,5,5,0,0,0,0,77,0,0,0,0,77,8,41,6,0,10,12,488,468,0,0,0,0,0,0,0,0,0,0,0,468,0,0,0,0,0,0,20,0,0,0,0,20,0,16,0,0,3,1
"G3701030","2010","NC","3","5","North Carolina","37","Jones County","103",,,,,,,,,,,,,,,"35100","99999","999",,,,,,,,,,,,,,,,,"1219128858","6493576","Jones County","A","+35.0321598","-077.3564428","06","2",,10153,4883,55,52,58,66,68,61,58,49,46,57,79,62,58,60,56,52,71,75,68,73,60,50,60,56,51,66,48,68,53,61,45,45,50,52,45,39,55,44,62,61,62,47,47,69,54,74,73,78,81,71,64,75,89,79,111,88,87,78,69,66,63,77,88,66,65,57,53,46,47,44,49,38,31,46,47,45,35,26,21,21,24,25,19,16,12,13,11,10,11,7,4,2,1,0,2,3,1,0,0,0,0,0,0,5270,69,62,67,57,64,50,60,61,53,67,71,60,65,63,52,56,69,79,55,42,66,52,64,60,74,51,41,68,53,41,39,70,55,41,43,50,40,55,55,53,55,66,67,62,67,78,78,81,97,89,81,86,89,80,109,101,91,82,86,72,68,72,89,83,59,59,58,54,68,52,49,35,45,49,48,46,23,29,40,34,28,32,35,31,26,22,26,20,15,15,12,13,4,7,7,3,3,0,1,0,0,0,0,10062,4831,299,271,314,198,140,58,49,164,294,236,255,277,373,412,386,139,216,108,135,208,141,94,64,5231,319,291,309,202,96,65,52,198,254,248,253,316,422,444,431,138,231,117,172,223,167,149,134,91,52,1,1,0,0,0,0,0,0,0,1,1,0,0,0,0,0,0,0,0,0,0,0,0,0,0,0,0,0,0,0,0,0,34,27,17,0,0,0,17,0,0,0,0,0,0,10,0,0,0,0,0,0,7,0,0,0,0,7,0,7,0,0,0,0,17,17,0,0,0,0,0,0,0,0,0,0,0,17,0,0,0,0,0,0,0,0,0,0,0,0,0,0,0,0,0,0,39,4,4,0,0,0,0,0,0,0,4,4,0,0,0,0,0,0,0,0,0,0,0,0,0,0,0,0,0,0,0,0,0,8,7,0,0,0,0,0,0,0,2,2,0,0,5,0,0,0,0,0,0,1,0,0,0,0,1,0,1,0,0,0,0,27,27,0,0,0,0,0,0,0,0,0,0,0,27,0,0,0,0,0,0,0,0,0,0,0,0,0,0,0,0,0,0
"G3701050","2010","NC","3","5","North Carolina","37","Lee County","105",,,,,,,,,,,,,,,"41820","99999","999",,,,,,,,,,,,,,,,,"660341698","10576667","Lee County","A","+35.4760747","-079.1722200","06","2",,57866,28264,415,415,403,467,422,406,428,402,427,420,458,438,362,420,405,411,432,414,400,376,343,336,320,380,364,360,329,383,392,386,393,352,378,371,361,409,331,331,375,455,457,381,374,355,372,457,404,402,416,405,369,395,388,388,398,384,353,376,320,338,285,334,343,325,246,246,267,258,216,202,184,169,173,141,122,149,127,138,113,127,88,91,89,75,63,52,49,42,40,27,30,12,12,8,6,5,4,3,0,1,0,0,0,29602,412,440,414,432,401,387,434,369,404,378,452,399,407,416,368,402,379,421,316,332,340,325,317,353,339,347,377,417,355,381,409,416,385,354,359,398,334,395,401,439,420,357,360,403,370,444,388,442,381,432,429,401,388,420,420,395,375,375,346,346,361,339,354,347,297,270,249,303,280,249,220,188,234,200,190,195,157,177,172,155,147,132,144,135,104,113,114,90,80,67,43,49,37,19,24,27,13,9,8,7,7,0,0,56867,27621,2120,2080,2079,1254,762,336,315,1024,1771,1807,1812,1879,2019,1900,1730,615,897,506,665,769,639,392,250,29246,2094,1972,2041,1201,647,340,322,1001,1867,1911,1958,1896,2081,2055,1823,699,990,518,825,1014,825,608,558,999,643,12,3,3,0,0,0,3,0,0,0,0,0,0,0,0,0,0,0,0,0,9,0,0,0,0,9,1,0,0,0,0,8,523,410,376,0,0,287,89,0,0,0,0,0,0,34,0,0,0,0,0,0,113,0,0,0,0,113,11,50,4,0,5,43,108,95,4,0,0,4,0,0,0,0,0,0,0,91,0,0,0,0,0,0,13,0,0,0,0,13,0,4,0,0,1,8,356,7,1,1,0,0,0,1,0,0,0,0,0,0,0,0,0,0,0,0,0,6,0,0,0,0,6,0,0,0,0,0,6,89,38,11,0,0,1,10,0,0,0,0,0,0,27,0,0,0,0,0,0,51,0,0,0,0,51,2,19,2,0,0,28,260,256,0,0,0,0,0,0,0,0,0,0,0,256,0,0,0,0,0,0,4,0,0,0,0,4,0,2,0,0,1,1
"G3701070","2010","NC","3","5","North Carolina","37","Lenoir County","107",,,,,,,,,,,,,,,"28820","99999","999",,,,,,,,,,,,,,,,,"1037527054","5768474","Lenoir County","A","+35.2380617","-077.6390233","06","2",,59495,28397,366,350,352,395,396,421,399,392,403,418,416,435,403,405,428,464,511,502,413,402,357,324,320,319,307,327,272,315,340,355,359,274,317,311,310,327,315,308,316,384,324,343,348,334,353,421,420,460,423,409,453,427,465,429,440,456,417,395,419,359,371,375,377,336,310,286,250,276,229,230,214,195,173,197,198,175,155,140,140,122,128,104,123,79,87,71,62,35,30,25,32,18,11,7,7,2,1,1,0,2,0,0,0,31098,353,365,402,380,441,373,302,351,355,388,379,424,378,383,370,413,416,403,366,334,309,326,300,338,343,343,318,361,313,351,336,324,335,344,328,362,335,334,340,406,351,376,355,381,414,431,458,464,485,444,519,494,486,518,496,526,480,465,418,425,440,406,454,436,345,376,310,330,287,299,293,281,267,241,244,250,239,208,228,206,200,185,165,160,161,132,110,96,97,70,68,46,41,41,25,16,5,12,13,3,4,0,0,58253,27629,1858,2032,2072,1386,793,351,318,921,1550,1501,1616,1640,2057,2151,1965,721,997,526,721,948,712,508,285,30624,1941,1768,1926,1220,695,305,325,966,1678,1652,1760,1850,2255,2473,2275,832,1206,674,898,1296,1102,829,698,1242,768,108,99,10,0,0,0,10,0,0,89,21,0,68,0,0,0,0,0,0,0,9,0,0,0,0,9,0,5,0,0,3,1,555,124,98,0,0,0,98,0,0,1,0,0,1,25,0,0,0,0,0,0,431,0,0,0,0,431,7,95,214,0,70,45,105,66,0,0,0,0,0,0,0,0,0,0,0,66,0,0,0,0,0,0,39,0,0,0,0,39,0,0,34,0,2,3,474,21,18,0,0,0,0,0,0,0,18,18,0,0,0,0,0,0,0,0,0,3,0,0,0,0,3,0,3,0,0,0,0,241,24,6,0,0,0,6,0,0,1,1,0,0,17,0,0,0,0,0,0,217,0,0,0,0,217,0,74,120,0,0,23,212,157,0,0,0,0,0,0,0,0,0,0,0,157,0,0,0,0,0,0,55,0,0,0,0,55,0,0,47,0,0,8
"G3701090","2010","NC","3","5","North Carolina","37","Lincoln County","109",,,,,,,,,,,,,,,"30740","99999","172",,,,,,,,,,,,,,,,,"771655597","23577093","Lincoln County","A","+35.4878252","-081.2251762","06","2",,78265,38813,430,479,437,527,477,527,550,516,545,554,561,531,536,557,568,560,586,628,494,461,410,411,412,418,390,401,392,417,384,427,418,438,439,432,432,506,525,531,632,668,647,629,593,613,656,722,677,621,677,658,634,598,610,583,534,587,557,499,510,511,507,499,539,564,349,381,412,372,363,339,287,264,240,205,205,183,179,149,156,123,137,101,96,74,93,56,51,33,34,33,12,17,14,6,7,3,1,5,0,0,1,0,0,39452,438,468,448,473,440,463,518,466,494,557,518,488,528,517,549,559,491,497,491,429,393,390,416,355,364,432,376,386,390,403,420,443,485,490,485,503,464,578,659,689,658,589,605,629,607,648,611,678,671,658,596,688,586,589,620,591,552,534,543,533,498,497,574,607,408,403,402,389,368,331,322,278,270,252,262,225,215,198,201,167,181,161,152,140,127,120,111,72,90,61,59,37,37,33,19,19,8,7,2,3,7,0,0,77586,38447,2350,2692,2753,1756,942,400,397,1197,1988,2124,2838,3111,3316,2935,2654,996,1438,793,1064,1178,781,489,255,39139,2266,2498,2600,1547,920,393,389,1130,1983,2320,2891,3076,3246,3065,2734,992,1567,802,1085,1373,982,706,574,679,366,18,18,18,0,0,18,0,0,0,0,0,0,0,0,0,0,0,0,0,0,0,0,0,0,0,0,0,0,0,0,0,0,276,221,172,0,0,172,0,0,0,0,0,0,0,49,0,0,0,0,0,0,55,0,0,0,0,55,6,37,0,0,0,12,72,59,0,0,0,0,0,0,0,0,0,0,0,59,0,0,0,0,0,0,13,0,0,0,0,13,0,10,0,0,0,3,313,1,0,0,0,0,0,0,0,0,0,0,0,0,0,0,0,0,0,0,0,1,0,0,0,0,1,0,0,0,0,0,1,105,40,1,0,0,1,0,0,0,0,0,0,0,39,0,0,0,0,0,0,65,0,0,0,0,65,2,46,1,0,0,16,207,172,0,0,0,0,0,0,0,0,0,0,0,172,0,0,0,0,0,0,35,0,0,0,0,35,2,31,0,0,0,2
"G3701110","2010","NC","3","5","North Carolina","37","McDowell County","111",,,,,,,,,,,,,,,"99999","99999","999",,,,,,,,,,,,,,,,,"1141169175","13956758","McDowell County","A","+35.6822317","-082.0480292","06","9",,44996,22517,245,284,280,267,282,288,280,236,282,289,308,324,256,289,305,278,293,275,303,235,226,231,233,244,251,232,263,303,312,279,282,288,264,284,279,318,327,323,336,338,348,307,344,332,320,326,317,324,331,346,366,327,338,329,354,304,314,319,358,284,313,308,319,298,224,262,221,248,213,201,204,189,173,169,148,139,130,118,90,87,95,85,87,93,56,47,47,29,39,21,21,8,13,8,4,0,1,8,0,1,0,0,0,22479,217,235,248,283,255,217,240,284,267,258,307,270,253,305,259,273,272,281,250,225,224,225,204,226,238,233,179,226,249,227,264,264,274,250,252,288,295,296,282,319,341,288,298,289,347,338,278,310,371,339,366,303,350,334,358,335,344,325,357,305,293,341,330,306,297,236,264,268,216,213,214,191,209,168,178,187,159,141,144,143,133,121,117,110,96,91,88,76,62,61,60,38,29,34,17,17,8,13,12,1,7,0,0,43330,21265,1354,1374,1472,836,526,217,215,625,1179,1209,1493,1527,1531,1623,1523,607,812,469,654,856,538,396,229,22065,1233,1264,1394,823,471,222,224,657,1096,1284,1467,1546,1618,1689,1636,626,918,488,684,942,737,548,498,1666,1252,25,14,1,0,0,0,1,0,0,13,13,0,0,0,0,0,0,0,0,0,11,0,0,0,0,11,3,0,0,0,3,5,1114,891,869,0,0,775,94,0,0,2,2,0,0,20,0,0,0,0,0,0,223,0,0,0,0,223,25,109,66,0,4,19,113,81,10,0,0,10,0,0,0,0,0,0,0,71,0,0,0,0,0,0,32,0,0,0,0,32,0,26,0,0,2,4,414,10,1,1,0,0,0,1,0,0,0,0,0,0,0,0,0,0,0,0,0,9,0,0,0,0,9,1,0,0,0,2,6,179,31,18,0,0,0,18,0,0,0,0,0,0,13,0,0,0,0,0,0,148,0,0,0,0,148,18,79,9,0,0,42,225,195,0,0,0,0,0,0,0,0,0,0,0,195,0,0,0,0,0,0,30,0,0,0,0,30,0,20,0,0,2,8
"G3701130","2010","NC","3","5","North Carolina","37","Macon County","113",,,,,,,,,,,,,,,"99999","99999","999",,,,,,,,,,,,,,,,,"1335290241","10694329","Macon County","A","+35.1529593","-083.4219010","06","9",,33922,16495,165,181,194,186,176,163,190,163,172,198,193,207,211,173,175,193,200,209,235,190,179,184,177,192,192,162,179,180,156,160,165,171,167,147,145,179,156,168,143,200,206,204,184,178,181,199,194,223,241,202,246,244,244,223,228,230,229,235,282,263,241,266,253,297,210,248,282,235,208,189,220,215,171,140,193,163,165,150,129,139,122,100,89,76,61,73,56,45,36,25,14,21,13,12,11,3,7,1,1,2,0,1,0,17427,162,154,179,185,168,175,159,175,157,172,193,183,178,186,171,193,171,224,188,154,155,147,138,170,167,164,163,151,167,187,164,148,145,139,120,163,177,150,184,203,163,163,172,180,188,255,214,227,250,250,279,266,219,228,249,290,268,292,330,250,296,300,308,313,295,286,251,301,251,244,230,207,220,216,170,201,162,170,147,168,126,137,126,114,88,108,97,82,83,54,35,41,36,31,17,20,9,8,7,4,6,0,0,33483,16273,902,886,956,579,360,155,162,546,835,794,843,947,1055,1180,1235,503,757,528,630,930,740,440,310,17210,848,838,911,572,323,151,145,466,831,712,875,861,1193,1239,1425,595,910,534,796,1037,826,566,556,439,222,26,8,0,0,0,0,0,0,0,8,3,0,5,0,0,0,0,0,0,0,18,0,0,0,0,18,0,0,0,0,18,0,158,12,0,0,0,0,0,0,0,1,1,0,0,11,0,0,0,0,0,0,146,0,0,0,0,146,0,20,0,0,126,0,38,35,0,0,0,0,0,0,0,0,0,0,0,35,0,0,0,0,0,0,3,0,0,0,0,3,0,3,0,0,0,0,217,16,3,0,0,0,0,0,0,0,3,0,0,3,0,0,0,0,0,0,0,13,0,0,0,0,13,0,0,0,0,13,0,63,14,0,0,0,0,0,0,0,0,0,0,0,14,0,0,0,0,0,0,49,0,0,0,0,49,0,14,0,0,35,0,138,138,0,0,0,0,0,0,0,0,0,0,0,138,0,0,0,0,0,0,0,0,0,0,0,0,0,0,0,0,0,0
"G3701150","2010","NC","3","5","North Carolina","37","Madison County","115",,,,,,,,,,,,,,,"11700","99999","120",,,,,,,,,,,,,,,,,"1164379747","4836699","Madison County","A","+35.8640801","-082.7127309","06","1",,20764,10273,100,96,103,115,92,106,136,117,141,142,129,128,136,125,137,122,125,118,154,225,155,182,145,107,95,88,86,88,93,105,100,114,109,139,102,121,129,113,147,116,135,132,152,127,134,135,157,146,149,175,151,139,179,157,139,159,168,173,154,146,145,164,158,158,123,131,121,136,95,117,82,77,86,82,73,64,62,66,57,58,33,43,40,46,36,29,26,21,8,12,8,12,3,3,2,3,1,0,2,1,1,0,0,10491,76,79,91,89,98,95,129,101,128,125,118,119,102,131,110,112,118,103,144,214,170,130,134,104,73,80,94,113,90,96,126,114,119,118,105,128,112,132,147,142,134,112,138,153,143,129,147,136,168,149,162,166,152,163,167,181,188,169,168,148,147,174,162,179,118,121,131,120,115,113,93,116,84,79,98,78,64,88,70,52,68,58,62,46,47,40,40,33,38,28,33,22,27,12,11,13,8,10,3,5,3,0,0,19736,9748,506,642,653,354,206,86,103,284,448,552,618,668,751,753,794,306,434,251,344,394,301,189,111,9988,433,578,573,320,200,101,87,262,468,578,658,675,724,807,850,319,457,248,345,460,335,254,256,1028,525,13,0,0,0,0,0,0,0,0,0,0,0,0,0,0,0,0,0,0,0,13,0,0,0,0,13,0,0,0,0,13,0,465,41,31,0,0,0,31,0,0,0,0,0,0,10,0,0,0,0,0,0,424,374,0,0,0,50,0,46,0,0,4,0,47,44,0,0,0,0,0,0,0,0,0,0,0,44,0,0,0,0,0,0,3,0,0,0,0,3,0,3,0,0,0,0,503,20,0,0,0,0,0,0,0,0,0,0,0,0,0,0,0,0,0,0,0,20,0,0,0,0,20,0,0,0,0,20,0,352,8,0,0,0,0,0,0,0,0,0,0,0,8,0,0,0,0,0,0,344,320,0,0,0,24,0,19,3,0,2,0,131,127,0,0,0,0,0,0,0,0,0,0,0,127,0,0,0,0,0,0,4,0,0,0,0,4,0,4,0,0,0,0
"G3701170","2010","NC","3","5","North Carolina","37","Martin County","117",,,,,,,,,,,,,,,"99999","99999","999",,,,,,,,,,,,,,,,,"1194547357","754236","Martin County","A","+35.8410585","-077.1128666","06","9",,24505,11433,119,129,135,168,154,130,146,144,138,147,151,156,133,165,164,169,168,190,178,147,115,118,129,118,115,108,117,114,106,106,102,99,123,112,95,106,138,125,120,140,136,142,149,141,141,171,178,150,164,175,204,197,194,210,209,187,192,193,175,183,171,178,183,171,153,137,136,134,112,100,104,100,86,80,97,77,75,65,68,55,42,38,32,39,28,22,31,25,16,14,16,8,1,3,2,0,1,1,2,0,2,0,0,13072,127,159,130,134,145,156,154,125,165,162,165,185,148,133,145,142,174,180,160,138,148,114,129,118,147,136,99,123,141,130,136,106,135,119,136,117,141,151,155,176,174,166,147,171,182,185,181,200,173,191,186,213,198,237,244,198,246,215,201,175,199,208,181,204,165,151,172,157,127,113,102,140,116,123,130,105,107,106,90,80,98,85,72,73,70,36,54,41,36,50,15,23,14,19,10,7,10,8,3,1,4,0,0,24349,11377,705,704,765,522,325,115,118,362,551,531,629,708,831,1010,930,346,505,271,342,464,332,178,133,12972,695,762,774,495,298,148,114,391,625,632,738,837,929,1076,1031,403,543,321,394,598,479,383,306,156,56,10,8,0,0,0,0,0,0,0,8,8,0,0,0,0,0,0,0,0,0,2,0,0,0,0,2,0,0,0,0,2,0,17,16,0,0,0,0,0,0,0,0,0,0,0,16,0,0,0,0,0,0,1,0,0,0,0,1,0,0,0,0,1,0,29,29,0,0,0,0,0,0,0,0,0,0,0,29,0,0,0,0,0,0,0,0,0,0,0,0,0,0,0,0,0,0,100,3,2,0,0,0,0,0,0,0,2,2,0,0,0,0,0,0,0,0,0,1,0,0,0,0,1,0,0,0,0,1,0,30,21,0,0,0,0,0,0,0,0,0,0,0,21,0,0,0,0,0,0,9,0,0,0,0,9,0,8,0,0,1,0,67,67,0,0,0,0,0,0,0,0,0,0,0,67,0,0,0,0,0,0,0,0,0,0,0,0,0,0,0,0,0,0
"G3701190","2010","NC","3","5","North Carolina","37","Mecklenburg County","119",,,,,,,,,,,,,,,"16740","99999","172",,,,,,,,,,,,,,,,,"1356745512","57153194","Mecklenburg County","A","+35.2468623","-080.8338317","06","1",,919628,444881,7002,7055,6978,7017,6930,6835,6806,6616,6669,6735,6593,6403,6313,6241,6095,6189,6142,6222,6340,5928,5863,5958,6052,6616,7188,7555,7465,7805,7673,7872,7820,7330,7418,7220,7033,7317,6838,7228,7453,7844,7585,7166,6614,6528,6536,6618,6598,6502,6392,6335,6267,5847,5861,5484,5231,5075,4737,4503,4387,4176,4069,3988,4063,3822,2872,2741,2649,2625,2265,2089,1864,1662,1567,1418,1361,1351,1146,1194,1068,1004,934,780,811,723,657,593,501,434,382,275,225,179,141,96,59,63,41,23,21,12,13,0,1,474747,6677,6706,6779,6694,6632,6576,6557,6369,6479,6573,6519,6306,6049,5916,5736,5860,5948,6121,5999,6138,5962,5993,6347,6753,7365,7682,7741,8258,8178,7986,8115,7809,7810,7742,7658,7753,7459,7555,7818,8246,7840,7292,6962,6942,6744,7098,7011,7005,6788,6658,6702,6359,6301,6102,5826,5713,5615,5205,5050,4888,4769,4529,4718,4368,3253,3446,3222,3014,2810,2462,2240,2098,2094,1956,1976,1776,1737,1663,1578,1567,1502,1448,1475,1351,1200,1261,1059,906,876,752,587,481,404,345,230,186,147,85,51,50,100,10,0,903613,436733,34922,33625,31564,18417,10484,5123,5480,19269,37847,36371,36245,33944,31951,28222,22545,7992,10683,5347,6909,7750,5609,3721,2713,466880,33464,32511,30466,17851,9790,5090,5451,20097,39694,39013,38698,35622,34398,31157,26355,9263,12277,6620,8202,10172,8001,6437,6251,16015,8148,313,176,71,0,0,0,71,0,0,105,27,78,0,0,0,0,0,0,0,0,137,7,0,0,0,130,106,0,2,0,2,20,6916,2329,2052,0,0,241,1721,90,0,5,4,1,0,272,0,0,0,0,0,0,4587,2964,0,0,0,1623,483,312,221,0,11,596,919,849,6,0,0,2,4,0,0,0,0,0,0,843,0,0,0,0,0,0,70,0,0,0,0,70,2,5,0,0,48,15,7867,205,74,7,0,0,0,6,1,0,67,19,48,0,0,0,0,0,0,0,0,131,16,0,0,0,115,87,10,3,0,4,11,5200,413,197,0,0,1,154,42,0,8,6,2,0,208,0,0,0,0,0,0,4787,4059,1,1,0,727,232,172,131,0,10,182,2462,2331,0,0,0,0,0,0,0,0,0,0,0,2331,0,0,0,0,0,0,131,0,0,0,0,131,0,0,0,0,130,1
"G3701210","2010","NC","3","5","North Carolina","37","Mitchell County","121",,,,,,,,,,,,,,,"99999","99999","999",,,,,,,,,,,,,,,,,"573487628","1714316","Mitchell County","A","+36.0131020","-082.1635541","06","9",,15579,7600,74,86,78,69,79,69,75,93,96,91,82,102,89,101,87,100,104,93,93,72,77,82,71,86,81,75,73,70,75,72,81,86,92,72,95,84,91,92,99,98,106,118,105,103,99,94,108,121,111,112,106,121,110,127,121,119,109,124,134,95,92,119,110,114,106,113,99,95,98,97,100,93,71,61,74,59,54,32,43,44,47,38,41,31,34,24,13,17,11,9,12,5,1,3,4,4,2,0,1,0,1,0,0,7979,64,72,84,88,75,85,77,83,87,77,98,81,75,68,87,79,77,110,72,71,88,78,73,59,72,78,73,96,70,72,86,71,95,91,73,84,75,79,87,85,102,104,89,108,126,118,112,116,118,122,126,123,124,145,122,143,114,120,129,136,106,104,112,139,97,146,101,114,87,84,94,79,72,73,92,71,72,72,64,60,68,59,55,52,45,37,44,36,37,24,19,7,26,12,8,9,4,1,0,3,2,0,0,15375,7534,384,424,461,296,162,76,81,233,358,420,463,524,542,584,579,209,328,212,288,395,231,186,98,7841,383,409,409,264,138,85,77,197,374,406,405,527,585,636,636,209,346,246,282,409,328,266,224,204,66,3,0,0,0,0,0,0,0,0,0,0,0,0,0,0,0,0,0,0,0,3,0,0,0,0,3,1,0,0,0,0,2,42,3,0,0,0,0,0,0,0,0,0,0,0,3,0,0,0,0,0,0,39,26,0,0,0,13,4,5,0,0,4,0,21,21,0,0,0,0,0,0,0,0,0,0,0,21,0,0,0,0,0,0,0,0,0,0,0,0,0,0,0,0,0,0,138,2,0,0,0,0,0,0,0,0,0,0,0,0,0,0,0,0,0,0,0,2,1,0,0,0,1,1,0,0,0,0,0,62,6,0,0,0,0,0,0,0,0,0,0,0,6,0,0,0,0,0,0,56,40,0,0,0,16,3,7,0,0,3,3,74,74,0,0,0,0,0,0,0,0,0,0,0,74,0,0,0,0,0,0,0,0,0,0,0,0,0,0,0,0,0,0
"G3701230","2010","NC","3","5","North Carolina","37","Montgomery County","123",,,,,,,,,,,,,,,"99999","99999","999",,,,,,,,,,,,,,,,,"1273651813","25988964","Montgomery County","A","+35.3380706","-079.9041962","06","9",,27798,13458,151,167,181,198,167,152,180,194,179,233,221,196,184,151,207,227,210,204,177,173,164,175,134,155,138,148,144,151,137,152,174,149,176,164,165,136,178,170,152,174,164,192,163,165,179,196,178,190,195,193,211,179,201,201,217,201,177,170,199,180,191,199,181,226,135,125,160,161,139,121,113,102,96,82,86,81,59,59,78,51,52,49,50,46,26,35,23,24,17,14,14,8,5,6,4,0,0,0,1,0,0,0,0,14340,158,170,182,168,187,188,193,172,207,196,170,188,182,200,184,187,205,207,139,133,150,144,153,149,152,159,179,160,159,182,177,150,157,172,157,174,181,183,182,207,195,169,191,183,189,194,205,199,174,203,207,201,216,197,207,222,221,182,201,173,218,186,225,212,150,150,163,158,153,130,120,118,112,88,84,122,86,79,97,71,79,63,83,61,62,63,50,54,41,39,41,31,16,23,10,9,10,3,4,3,1,0,0,26705,13043,863,938,948,611,341,158,166,395,681,784,764,812,909,980,911,386,539,285,416,474,322,216,144,13662,865,956,914,582,268,143,128,408,743,715,849,830,912,995,987,397,584,310,435,513,443,335,350,1093,415,42,40,2,0,0,2,0,0,0,38,38,0,0,0,0,0,0,0,0,0,2,0,0,0,0,2,0,1,0,0,1,0,343,307,304,0,0,304,0,0,0,1,1,0,0,2,0,0,0,0,0,0,36,0,0,0,0,36,0,21,4,0,11,0,30,26,3,0,0,3,0,0,0,0,0,0,0,23,0,0,0,0,0,0,4,0,0,0,0,4,0,4,0,0,0,0,678,27,27,1,0,0,1,0,0,0,26,26,0,0,0,0,0,0,0,0,0,0,0,0,0,0,0,0,0,0,0,0,0,560,544,540,0,0,540,0,0,0,0,0,0,0,4,0,0,0,0,0,0,16,0,0,0,0,16,0,8,2,0,2,4,91,79,5,0,0,5,0,0,0,0,0,0,0,74,0,0,0,0,0,0,12,0,0,0,0,12,0,3,0,0,9,0
"G3701250","2010","NC","3","5","North Carolina","37","Moore County","125",,,,,,,,,,,,,,,"43860","99999","999",,,,,,,,,,,,,,,,,"1807404472","20746101","Moore County","A","+35.3101631","-079.4806639","06","2",,88247,42176,455,479,561,540,524,530,577,516,536,574,600,566,565,531,548,552,589,575,489,410,388,379,382,363,378,388,445,418,463,431,465,471,420,438,429,503,437,465,538,548,522,493,521,509,530,546,547,597,603,570,569,573,585,531,554,567,504,547,531,519,549,578,648,635,490,512,572,582,508,483,427,415,410,398,399,396,343,373,337,329,298,301,278,270,237,202,171,147,131,94,67,51,47,32,32,21,16,3,3,1,4,1,1,46071,479,501,510,497,498,521,513,511,529,539,541,566,531,495,539,517,521,523,465,367,367,340,388,354,404,447,418,473,491,437,530,432,461,485,467,529,522,537,548,564,540,591,549,531,566,615,628,621,618,638,647,620,640,611,632,649,628,653,690,585,647,654,745,751,571,632,640,635,563,549,499,512,493,395,458,452,400,377,409,394,378,407,349,326,292,307,274,261,209,189,139,118,89,84,70,67,30,31,18,20,25,3,0,87399,41849,2556,2727,2789,1694,890,388,379,1111,2128,2218,2481,2558,2850,2802,2650,1119,1767,1077,1565,2041,1754,1347,958,45550,2483,2611,2670,1555,832,367,339,1142,2260,2374,2686,2767,3114,3135,3193,1289,2059,1262,1738,2337,1997,1674,1666,848,327,52,48,0,0,0,0,0,0,0,48,0,24,24,0,0,0,0,0,0,0,4,0,0,0,0,4,0,0,0,0,3,1,125,30,0,0,0,0,0,0,0,0,0,0,0,30,0,0,0,0,0,0,95,0,0,0,0,95,0,71,0,0,24,0,150,145,0,0,0,0,0,0,0,0,0,0,0,145,0,0,0,0,0,0,5,0,0,0,0,5,0,5,0,0,0,0,521,12,8,0,0,0,0,0,0,0,8,0,0,8,0,0,0,0,0,0,0,4,0,0,0,0,4,0,1,0,0,1,2,89,46,0,0,0,0,0,0,0,2,0,0,2,44,0,0,0,0,0,0,43,0,0,0,0,43,0,37,0,0,4,2,420,416,0,0,0,0,0,0,0,0,0,0,0,416,0,0,0,0,0,0,4,0,0,0,0,4,0,3,0,0,1,0
"G3701270","2010","NC","3","5","North Carolina","37","Nash County","127",,,,,,,,,,,,,,,"40580","99999","999",,,,,,,,,,,,,,,,,"1399646368","6118092","Nash County","A","+35.9659447","-077.9875546","06","1",,95840,46275,593,576,580,625,607,617,621,622,714,640,718,681,642,690,635,681,734,707,677,640,640,528,546,512,507,472,510,534,552,528,573,559,553,528,572,576,568,617,651,654,690,602,633,633,648,699,708,726,792,746,699,695,732,730,691,664,665,655,639,594,625,611,590,601,491,471,480,408,348,339,322,302,260,261,251,198,211,178,200,169,166,160,140,136,97,94,77,53,55,49,30,22,14,13,9,7,4,4,4,2,2,0,0,49565,574,553,596,565,608,623,572,554,624,655,648,653,638,628,702,700,674,685,642,535,523,542,543,558,498,470,532,557,595,545,599,540,587,603,597,617,606,616,664,665,665,672,621,691,722,771,760,779,768,811,772,734,713,742,758,789,729,721,730,674,724,639,724,657,456,455,501,501,426,384,401,378,360,308,318,327,306,292,252,278,258,251,241,241,224,203,167,140,146,108,92,79,47,50,40,27,28,5,8,10,4,1,0,93630,44731,2979,3210,3361,2118,1193,574,474,1458,2475,2635,2919,3044,3495,3392,3144,1211,1658,937,1077,1368,940,669,400,48899,2896,3028,3263,2048,1087,481,509,1568,2688,2924,3163,3356,3876,3704,3625,1351,1824,948,1295,1740,1409,1132,984,2210,1544,15,9,0,0,0,0,0,0,0,9,8,1,0,0,0,0,0,0,0,0,6,0,0,0,0,6,1,0,0,0,2,3,1384,970,927,0,0,927,0,0,0,2,2,0,0,38,3,0,0,3,0,0,414,256,0,0,0,158,27,31,11,0,64,25,145,141,19,0,0,19,0,0,0,0,0,0,0,122,0,0,0,0,0,0,4,0,0,0,0,4,0,2,0,0,0,2,666,17,16,0,0,0,0,0,0,0,16,16,0,0,0,0,0,0,0,0,0,1,0,0,0,0,1,0,0,0,0,1,0,300,59,1,0,0,1,0,0,0,1,1,0,0,54,3,0,0,3,0,0,241,186,0,0,0,55,10,20,0,0,15,10,349,349,0,0,0,0,0,0,0,0,0,0,0,349,0,0,0,0,0,0,0,0,0,0,0,0,0,0,0,0,0,0
"G3701290","2010","NC","3","5","North Carolina","37","New Hanover County","129",,,,,,,,,,,,,,,"48900","99999","999",,,,,,,,,,,,,,,,,"496071702","353971012","New Hanover County","A","+34.1774660","-077.8713775","06","1",,202667,98269,1169,1172,1233,1212,1200,1145,1167,1132,1156,1153,1158,1138,1041,1101,1112,1141,1166,1130,1346,1812,1972,1909,1861,1739,1625,1709,1650,1688,1586,1586,1437,1508,1463,1233,1305,1341,1274,1338,1440,1551,1406,1375,1266,1255,1197,1328,1387,1384,1357,1302,1280,1250,1269,1250,1227,1331,1250,1227,1171,1134,1150,1140,1158,1220,922,953,937,917,752,712,633,628,593,522,521,536,429,436,381,385,353,334,305,277,242,211,180,153,125,125,82,53,42,37,33,17,10,9,5,2,4,0,0,104398,1150,1175,1127,1132,1154,1122,1140,1061,1043,1070,1120,1029,1050,1088,1016,1104,1044,1062,1601,2130,2145,2084,1879,1598,1644,1585,1622,1576,1502,1441,1424,1326,1360,1322,1240,1303,1233,1323,1372,1496,1500,1320,1299,1273,1268,1361,1396,1390,1413,1424,1526,1437,1513,1349,1442,1449,1439,1393,1392,1385,1226,1318,1385,1391,1058,1108,1058,1077,895,812,747,763,689,622,644,633,573,612,502,512,492,496,477,445,416,372,311,357,299,255,239,174,156,108,90,69,53,38,28,16,17,2,1,195969,94947,5972,5736,5537,3405,2296,1608,1691,4987,8023,6751,6804,6331,6513,6103,5973,2257,3252,1877,2356,2855,2132,1473,1015,101022,5736,5432,5297,3199,2267,1645,1800,4963,7677,6632,6681,6612,6948,7232,7014,2531,3813,2147,2771,3417,2757,2215,2236,6698,3322,76,28,16,0,0,0,16,0,0,12,0,8,4,0,0,0,0,0,0,0,48,2,0,0,0,46,8,0,0,0,0,38,3020,958,831,0,0,387,426,18,0,0,0,0,0,125,2,0,0,2,0,0,2062,1482,28,0,28,552,156,139,97,0,38,122,226,186,7,0,0,4,3,0,0,0,0,0,0,175,4,0,0,4,0,0,40,0,0,0,0,40,4,29,0,0,0,7,3376,23,3,2,0,0,0,2,0,0,1,0,1,0,0,0,0,0,0,0,0,20,4,0,0,0,16,5,1,0,0,0,10,2738,148,58,0,0,2,52,4,0,0,0,0,0,90,0,0,0,0,0,0,2590,2363,1,0,1,226,46,62,64,0,18,36,615,514,0,0,0,0,0,0,0,0,0,0,0,509,5,0,0,5,0,0,101,0,0,0,0,101,0,96,0,0,4,1
"G3701310","2010","NC","3","5","North Carolina","37","Northampton County","131",,,,,,,,,,,,,,,"40260","99999","999",,,,,,,,,,,,,,,,,"1389757849","36301273","Northampton County","A","+36.4217739","-077.3983518","06","2",,22099,10714,119,113,129,127,146,138,138,106,117,127,150,113,135,130,121,150,173,174,153,129,136,125,120,134,114,102,113,109,118,132,117,85,99,106,114,103,117,123,142,124,130,113,128,115,162,166,145,147,168,164,173,140,205,193,168,174,194,148,157,159,140,180,166,164,127,150,137,147,117,98,110,119,85,74,67,88,67,48,69,51,54,34,38,35,28,36,23,15,25,9,10,4,10,7,6,2,0,2,1,1,0,0,0,11385,116,115,98,121,113,125,115,102,121,121,121,127,131,114,147,129,130,148,126,118,135,114,99,99,112,87,115,121,99,102,115,81,87,99,118,101,92,109,116,126,130,124,119,147,152,147,204,179,160,145,212,194,188,191,186,194,179,198,162,181,145,175,175,181,183,151,163,132,139,137,129,120,105,113,100,111,107,106,82,97,96,89,77,76,76,70,50,40,39,31,35,21,19,8,10,14,5,11,1,6,3,0,0,21347,10112,634,626,649,493,269,130,117,317,465,442,532,574,721,849,813,319,449,281,358,443,321,177,133,11235,563,584,640,407,244,135,114,310,520,499,544,672,833,970,910,317,534,307,406,555,492,379,300,752,602,4,4,4,0,0,0,4,0,0,0,0,0,0,0,0,0,0,0,0,0,0,0,0,0,0,0,0,0,0,0,0,0,544,537,513,0,0,460,53,0,0,0,0,0,0,24,0,0,0,0,0,0,7,0,0,0,0,7,0,7,0,0,0,0,54,54,2,0,0,2,0,0,0,0,0,0,0,52,0,0,0,0,0,0,0,0,0,0,0,0,0,0,0,0,0,0,150,0,0,0,0,0,0,0,0,0,0,0,0,0,0,0,0,0,0,0,0,0,0,0,0,0,0,0,0,0,0,0,0,20,17,2,0,0,0,2,0,0,0,0,0,0,15,0,0,0,0,0,0,3,0,0,0,0,3,0,3,0,0,0,0,130,130,0,0,0,0,0,0,0,0,0,0,0,130,0,0,0,0,0,0,0,0,0,0,0,0,0,0,0,0,0,0
"G3701330","2010","NC","3","5","North Carolina","37","Onslow County","133",,,,,,,,,,,,,,,"27340","99999","999",,,,,,,,,,,,,,,,,"1975496912","370806698","Onslow County","A","+34.7634600","-077.5032971","06","1",,177772,95349,2138,1819,1800,1608,1391,1332,1236,1200,1172,1149,1140,1099,1049,1003,1006,1002,929,951,1874,3701,4599,5215,4814,3896,3100,2596,2153,1841,1617,1464,1331,1178,1189,1152,1052,1025,993,993,992,926,870,824,804,835,791,905,932,807,896,894,839,857,880,854,779,768,675,641,661,653,574,560,602,585,438,406,407,415,404,381,327,317,286,327,307,252,222,201,205,188,213,166,127,91,90,84,65,51,47,33,14,25,16,8,4,5,5,5,2,2,2,0,0,82423,1962,1720,1637,1536,1380,1293,1199,1091,1117,1032,1083,1053,1034,962,958,967,940,950,1128,1614,2232,2248,2276,2184,1981,1758,1652,1586,1401,1357,1317,1175,1120,1108,949,1001,1010,989,1026,1056,958,883,846,918,892,908,1007,1005,992,938,919,949,959,870,868,847,775,787,729,660,688,638,651,608,484,504,506,471,462,435,454,409,375,361,389,324,297,277,268,238,226,191,187,174,182,145,145,86,105,87,64,45,35,38,20,13,17,12,7,5,8,0,0,159967,78823,8753,6085,5268,2850,1892,1544,2187,7060,8243,5696,4864,4098,4392,4178,3378,1127,1610,809,1185,1548,1049,665,342,81144,8230,5731,5066,2824,2470,2022,2127,6258,7680,5652,5069,4476,4837,4552,3782,1322,1731,1004,1356,1959,1370,914,712,17805,16526,68,48,7,0,0,0,7,0,0,41,8,33,0,0,0,0,0,0,0,0,20,0,11,11,0,9,0,1,0,0,0,8,16356,381,337,0,0,0,174,4,159,1,1,0,0,43,0,0,0,0,0,0,15975,0,15852,15852,0,123,6,57,11,0,8,41,102,91,0,0,0,0,0,0,0,0,0,0,0,91,0,0,0,0,0,0,11,0,0,0,0,11,0,0,0,0,2,9,1279,63,54,0,0,0,0,0,0,0,54,8,46,0,0,0,0,0,0,0,0,9,0,2,2,0,7,0,0,0,0,0,7,969,72,27,0,0,0,24,1,2,11,8,3,0,34,0,0,0,0,0,0,897,0,832,832,0,65,1,14,11,0,2,37,247,241,0,0,0,0,0,0,0,0,0,0,0,241,0,0,0,0,0,0,6,0,0,0,0,6,0,0,0,0,0,6
"G3701350","2010","NC","3","5","North Carolina","37","Orange County","135",,,,,,,,,,,,,,,"20500","99999","450",,,,,,,,,,,,,,,,,"1030705790","8986425","Orange County","A","+36.0624990","-079.1193552","06","1",,133801,63954,629,672,710,694,791,808,817,854,790,838,792,821,831,848,805,866,858,864,1318,1975,1890,1924,1676,1143,1097,1022,975,923,843,823,882,796,821,733,745,767,737,767,854,821,886,866,832,870,899,867,960,918,847,919,869,893,883,869,823,871,876,800,810,739,767,659,680,668,514,492,478,457,399,328,325,281,258,235,230,212,184,171,197,164,170,122,137,111,95,85,96,72,84,38,34,31,23,6,14,5,5,5,1,1,2,0,1,69847,605,652,691,694,752,729,744,798,815,792,790,800,799,822,747,788,829,834,1701,2450,2495,2493,1896,1208,1144,1096,1000,940,895,917,856,812,761,712,777,785,806,787,830,944,998,909,937,858,905,999,1025,955,956,998,1052,1007,995,995,971,946,910,952,875,812,739,711,736,716,564,539,498,510,425,406,363,354,325,309,294,270,243,267,209,240,228,218,181,199,175,184,174,116,120,88,92,84,60,45,27,20,28,19,11,6,11,2,0,124244,59738,3479,4102,4095,2574,1272,968,1484,3718,4498,3905,3860,4284,4425,4285,4062,1411,1858,967,1178,1316,910,620,467,64506,3381,3870,3954,2429,1164,1318,1948,4039,4824,3899,4136,4593,4928,5010,4480,1443,2010,1024,1336,1630,1199,949,942,9557,4216,38,14,0,0,0,0,0,0,0,14,2,0,12,0,0,0,0,0,0,0,24,12,0,0,0,12,9,0,0,0,0,3,4087,370,350,0,0,205,145,0,0,2,2,0,0,18,0,0,0,0,0,0,3717,3526,0,0,0,191,53,77,43,0,2,16,91,77,2,0,0,2,0,0,0,0,0,0,0,72,3,0,0,3,0,0,14,0,0,0,0,14,0,3,11,0,0,0,5341,47,17,1,0,0,0,1,0,0,16,2,0,14,0,0,0,0,0,0,0,30,19,0,0,0,11,9,0,0,0,0,2,5034,34,12,0,0,0,12,0,0,5,0,0,5,17,0,0,0,0,0,0,5000,4900,0,0,0,100,22,55,6,0,4,13,260,223,0,0,0,0,0,0,0,0,0,0,0,220,3,0,0,3,0,0,37,0,0,0,0,37,0,0,37,0,0,0
"G3701370","2010","NC","3","5","North Carolina","37","Pamlico County","137",,,,,,,,,,,,,,,"35100","99999","999",,,,,,,,,,,,,,,,,"871627408","596248407","Pamlico County","A","+35.1474623","-076.6650693","06","2",,13144,6710,59,40,63,60,64,64,68,50,71,45,74,75,75,79,57,84,64,67,72,70,51,76,77,78,84,86,79,85,71,58,74,66,70,82,77,70,69,74,82,93,83,82,84,85,72,89,91,95,106,117,113,126,96,99,106,116,88,114,101,100,112,131,133,118,99,74,102,104,80,99,93,72,87,45,62,53,65,56,52,47,41,36,45,32,18,23,23,11,6,5,11,2,3,3,0,0,0,0,0,1,0,0,0,6434,65,58,63,74,53,68,61,65,66,56,81,51,73,73,64,79,77,68,73,56,64,49,50,42,67,47,58,61,64,54,51,49,48,54,51,48,62,57,65,85,64,66,49,57,74,77,82,110,109,100,106,116,99,110,104,111,120,104,125,121,124,111,115,127,97,88,101,105,85,72,76,85,74,81,70,63,63,67,51,36,55,41,44,36,28,31,22,19,16,16,18,6,12,11,7,9,6,2,2,4,4,0,0,12439,6062,286,298,360,212,138,47,59,192,290,250,287,330,423,495,493,236,339,176,281,354,269,167,80,6377,313,316,342,224,129,64,49,159,284,252,316,309,478,534,580,235,337,187,262,386,279,194,148,705,648,3,3,3,0,0,0,3,0,0,0,0,0,0,0,0,0,0,0,0,0,0,0,0,0,0,0,0,0,0,0,0,0,621,609,608,0,0,570,38,0,0,0,0,0,0,1,0,0,0,0,0,0,12,0,4,4,0,8,0,7,0,0,1,0,24,24,4,0,0,4,0,0,0,0,0,0,0,20,0,0,0,0,0,0,0,0,0,0,0,0,0,0,0,0,0,0,57,0,0,0,0,0,0,0,0,0,0,0,0,0,0,0,0,0,0,0,0,0,0,0,0,0,0,0,0,0,0,0,0,7,7,4,0,0,1,3,0,0,0,0,0,0,3,0,0,0,0,0,0,0,0,0,0,0,0,0,0,0,0,0,0,50,50,0,0,0,0,0,0,0,0,0,0,0,50,0,0,0,0,0,0,0,0,0,0,0,0,0,0,0,0,0,0
"G3701390","2010","NC","3","5","North Carolina","37","Pasquotank County","139",,,,,,,,,,,,,,,"21020","99999","999",,,,,,,,,,,,,,,,,"587616860","162021054","Pasquotank County","A","+36.2652763","-076.2603545","06","2",,40661,19969,272,272,296,292,264,258,259,286,237,291,244,263,244,214,251,257,266,269,370,462,388,366,367,332,293,297,288,295,278,285,294,253,239,247,221,260,240,246,273,246,264,280,245,238,262,287,249,307,322,332,279,285,287,273,259,279,258,214,181,233,222,207,243,214,181,160,167,179,133,120,110,137,112,109,111,83,88,90,67,69,78,57,63,69,52,50,42,28,29,26,15,12,5,7,7,7,3,2,3,2,1,0,0,20692,242,266,262,257,270,271,230,222,250,253,247,252,250,219,233,236,250,254,382,463,468,409,306,297,263,231,252,262,264,249,297,235,281,211,245,209,219,224,255,268,256,239,233,233,268,289,300,298,273,300,317,309,288,323,325,283,273,248,273,246,247,227,236,238,196,234,200,210,153,160,163,144,151,110,100,112,108,134,117,114,110,123,103,95,81,77,70,74,55,35,45,22,25,20,18,15,11,8,6,8,8,1,0,37598,18050,1392,1329,1216,778,508,214,219,698,1178,1064,1128,1172,1389,1329,1144,421,629,327,429,571,391,309,215,19548,1296,1226,1200,737,419,224,223,744,1245,1263,1171,1226,1455,1556,1320,472,668,432,520,658,573,491,429,3063,1919,20,10,6,0,0,0,6,0,0,4,0,4,0,0,0,0,0,0,0,0,10,3,0,0,0,7,6,0,0,0,0,1,1848,1024,1014,0,0,909,105,0,0,0,0,0,0,10,0,0,0,0,0,0,824,769,38,38,0,17,5,8,1,0,0,3,51,50,2,0,0,2,0,0,0,0,0,0,0,48,0,0,0,0,0,0,1,0,0,0,0,1,1,0,0,0,0,0,1144,5,0,0,0,0,0,0,0,0,0,0,0,0,0,0,0,0,0,0,0,5,3,0,0,0,2,2,0,0,0,0,0,1022,24,16,0,0,0,16,0,0,0,0,0,0,8,0,0,0,0,0,0,998,980,3,3,0,15,9,1,2,0,0,3,117,116,0,0,0,0,0,0,0,0,0,0,0,116,0,0,0,0,0,0,1,0,0,0,0,1,1,0,0,0,0,0
"G3701410","2010","NC","3","5","North Carolina","37","Pender County","141",,,,,,,,,,,,,,,"48900","99999","999",,,,,,,,,,,,,,,,,"2252758539","163145775","Pender County","A","+34.5125805","-077.8880289","06","1",,52217,26134,309,296,338,310,288,328,298,335,345,357,322,328,362,324,347,345,363,424,381,336,279,289,289,302,316,320,249,304,307,297,328,283,283,314,352,353,342,317,349,395,396,363,355,388,357,400,382,414,439,392,423,449,398,380,413,410,364,360,354,328,365,330,384,369,299,330,308,287,235,214,214,211,185,134,172,174,123,126,126,105,95,85,89,81,54,53,50,33,41,25,21,9,17,6,6,4,0,2,1,0,2,0,0,26083,302,294,305,325,297,291,286,301,371,347,344,356,358,319,334,324,347,369,307,271,257,272,243,258,269,246,250,271,280,314,322,276,302,309,279,276,318,358,344,384,379,379,339,351,353,383,433,404,392,415,401,413,395,398,425,393,388,373,382,354,362,360,381,373,313,308,273,313,249,247,235,193,199,186,192,170,174,167,134,151,146,116,117,89,79,78,64,70,59,45,46,40,32,28,14,12,10,9,6,7,8,2,0,51127,25213,1539,1662,1683,1127,709,276,279,851,1370,1430,1625,1756,1919,1987,1744,682,1031,629,723,902,640,395,254,25914,1517,1595,1711,1039,578,255,271,765,1356,1481,1678,1799,2024,2031,1886,722,1065,579,802,995,772,522,471,1090,921,8,5,4,0,0,0,4,0,0,1,1,0,0,0,0,0,0,0,0,0,3,0,0,0,0,3,0,0,0,0,1,2,838,806,776,0,0,719,57,0,0,1,1,0,0,29,0,0,0,0,0,0,32,0,0,0,0,32,0,0,0,0,31,1,75,75,23,0,0,23,0,0,0,0,0,0,0,52,0,0,0,0,0,0,0,0,0,0,0,0,0,0,0,0,0,0,169,8,0,0,0,0,0,0,0,0,0,0,0,0,0,0,0,0,0,0,0,8,0,0,0,0,8,0,0,0,0,4,4,34,22,10,0,0,0,10,0,0,0,0,0,0,12,0,0,0,0,0,0,12,0,0,0,0,12,0,0,0,0,8,4,127,124,0,0,0,0,0,0,0,0,0,0,0,124,0,0,0,0,0,0,3,0,0,0,0,3,0,0,0,0,2,1
"G3701430","2010","NC","3","5","North Carolina","37","Perquimans County","143",,,,,,,,,,,,,,,"21020","99999","999",,,,,,,,,,,,,,,,,"639957337","212061101","Perquimans County","A","+36.1782605","-076.4042691","06","2",,13453,6446,60,75,78,75,83,61,72,66,70,74,93,85,83,76,67,76,96,85,71,70,76,65,64,64,52,55,56,62,80,73,63,73,69,56,66,53,64,81,53,57,68,78,71,79,76,76,101,97,83,85,102,100,105,102,92,106,117,104,80,74,99,107,109,113,94,81,104,97,91,98,59,82,86,76,66,61,57,47,48,42,31,30,34,26,16,24,18,8,8,6,12,11,4,2,2,2,0,0,1,0,0,0,0,7007,64,71,75,86,78,86,67,79,78,74,72,82,79,81,67,81,90,84,83,52,56,78,64,76,64,58,76,74,73,62,84,67,71,61,57,75,54,49,71,87,90,72,87,82,87,85,107,98,106,111,114,107,106,115,90,125,106,103,89,123,96,130,118,112,105,102,108,131,94,92,87,78,82,74,75,66,40,51,56,38,39,38,35,34,26,35,27,20,29,20,17,14,16,8,5,7,2,6,3,1,1,0,0,13369,6406,371,343,401,253,141,76,65,179,326,327,308,371,442,499,480,204,312,184,282,366,250,133,93,6963,374,384,380,253,135,56,78,203,341,339,336,418,506,532,546,223,334,209,315,392,248,166,195,84,40,7,7,0,0,0,0,0,0,0,7,0,0,7,0,0,0,0,0,0,0,0,0,0,0,0,0,0,0,0,0,0,0,11,8,0,0,0,0,0,0,0,0,0,0,0,8,0,0,0,0,0,0,3,0,0,0,0,3,0,0,0,0,3,0,22,22,0,0,0,0,0,0,0,0,0,0,0,22,0,0,0,0,0,0,0,0,0,0,0,0,0,0,0,0,0,0,44,3,3,0,0,0,0,0,0,0,3,0,0,3,0,0,0,0,0,0,0,0,0,0,0,0,0,0,0,0,0,0,0,9,4,0,0,0,0,0,0,0,0,0,0,0,4,0,0,0,0,0,0,5,0,0,0,0,5,0,0,0,0,5,0,32,28,0,0,0,0,0,0,0,0,0,0,0,28,0,0,0,0,0,0,4,0,0,0,0,4,0,0,0,0,4,0
"G3701450","2010","NC","3","5","North Carolina","37","Person County","145",,,,,,,,,,,,,,,"20500","99999","450",,,,,,,,,,,,,,,,,"1016108548","30450439","Person County","A","+36.3863868","-078.9654705","06","1",,39464,19137,256,224,237,240,229,259,241,264,296,269,265,246,257,274,270,264,316,255,264,255,219,201,190,209,199,195,189,203,181,225,206,223,213,245,186,264,217,254,272,275,266,245,252,269,274,301,303,300,327,321,310,288,350,332,354,263,281,278,250,253,268,266,244,263,203,200,187,191,164,161,146,141,131,142,107,97,102,77,101,75,58,54,61,60,58,38,29,28,36,15,21,13,10,6,7,4,2,2,1,2,2,0,0,20327,235,233,237,247,231,223,221,233,235,263,256,236,276,256,267,254,304,245,255,216,186,176,198,199,194,206,207,192,204,234,229,208,233,237,224,237,256,282,290,276,304,261,258,256,287,297,303,334,347,304,319,347,343,336,328,289,326,298,307,266,303,278,267,286,228,215,199,229,198,170,173,166,176,147,142,157,139,129,109,129,108,107,91,92,72,76,66,72,61,44,55,37,26,22,10,10,11,9,7,3,7,0,0,39022,18932,1186,1329,1310,832,514,215,198,585,972,1065,1264,1295,1527,1619,1316,530,705,386,509,660,439,275,201,20090,1182,1175,1291,801,470,186,174,589,1039,1129,1334,1358,1579,1668,1482,576,775,409,593,790,640,439,411,442,205,5,2,1,0,0,0,1,0,0,1,1,0,0,0,0,0,0,0,0,0,3,0,0,0,0,3,0,0,0,0,1,2,141,77,63,0,0,0,63,0,0,0,0,0,0,14,0,0,0,0,0,0,64,0,0,0,0,64,0,40,0,0,13,11,59,54,0,0,0,0,0,0,0,0,0,0,0,54,0,0,0,0,0,0,5,0,0,0,0,5,0,3,0,0,0,2,237,3,2,0,0,0,0,0,0,0,2,2,0,0,0,0,0,0,0,0,0,1,0,0,0,0,1,0,0,0,0,0,1,52,26,10,0,0,0,10,0,0,0,0,0,0,16,0,0,0,0,0,0,26,0,0,0,0,26,0,19,0,0,1,6,182,176,0,0,0,0,0,0,0,0,0,0,0,176,0,0,0,0,0,0,6,0,0,0,0,6,0,2,0,0,4,0
"G3701470","2010","NC","3","5","North Carolina","37","Pitt County","147",,,,,,,,,,,,,,,"24780","99999","999",,,,,,,,,,,,,,,,,"1688606138","7382149","Pitt County","A","+35.5910652","-077.3724038","06","1",,168148,79360,1174,1174,1163,1182,1115,1099,1048,1091,1004,1123,1028,1061,997,1081,988,959,986,1059,1709,2359,2530,2175,2049,1605,1524,1444,1318,1242,1126,1181,1167,1072,1075,1038,971,984,964,977,1029,1047,1068,969,970,916,981,962,978,902,989,989,973,938,923,1029,967,949,875,860,879,789,830,778,796,717,550,562,564,550,455,465,408,351,322,332,330,272,245,254,224,184,200,175,168,152,106,120,84,94,53,47,39,37,28,9,13,4,3,3,3,4,5,0,0,88788,1116,1078,1132,1064,1035,1024,1009,962,1014,1027,1029,1008,984,957,934,1021,962,1110,2095,3183,3209,2768,2272,1820,1615,1511,1363,1389,1270,1220,1240,1213,1166,1091,1068,1072,1089,1040,1059,1195,1149,1020,1038,998,1010,1158,1068,1128,1075,1130,1196,1072,1151,1097,1181,994,1104,1010,949,891,973,834,929,857,608,625,597,564,497,492,520,427,427,393,426,449,396,352,332,304,302,339,279,290,239,252,194,192,189,143,123,93,83,56,50,38,26,22,18,7,13,5,0,161622,76389,5805,5362,5135,2979,2592,2224,2060,5028,6185,5219,4879,4806,4761,4769,4306,1598,2047,1109,1458,1710,1137,755,465,85233,5425,5034,4909,3078,3106,2846,2609,5618,6722,5757,5425,5189,5537,5675,4934,1796,2376,1213,1542,2162,1777,1294,1209,6526,2971,51,40,0,0,0,0,0,0,0,40,17,11,12,0,0,0,0,0,0,0,11,5,0,0,0,6,5,0,0,0,0,1,2689,458,396,0,0,0,396,0,0,2,1,1,0,60,0,0,0,0,0,0,2231,1996,0,0,0,235,65,61,42,0,5,62,231,221,0,0,0,0,0,0,0,0,0,0,0,220,1,0,0,1,0,0,10,0,0,0,0,10,2,2,0,0,0,6,3555,20,6,0,0,0,0,0,0,0,6,3,2,1,0,0,0,0,0,0,0,14,11,0,0,0,3,1,0,0,0,0,2,2978,87,35,0,0,0,35,0,0,5,5,0,0,46,1,0,0,1,0,0,2891,2768,0,0,0,123,26,49,32,0,1,15,557,552,0,0,0,0,0,0,0,0,0,0,0,552,0,0,0,0,0,0,5,0,0,0,0,5,0,4,0,0,1,0
"G3701490","2010","NC","3","5","North Carolina","37","Polk County","149",,,,,,,,,,,,,,,"99999","99999","999",,,,,,,,,,,,,,,,,"615871126","1932284","Polk County","A","+35.2789284","-082.1676673","06","9",,20510,9825,81,104,100,91,101,113,115,102,120,128,135,110,114,99,133,142,136,122,125,92,99,81,76,73,69,80,89,82,68,93,94,73,70,95,83,92,105,122,106,110,104,136,122,144,127,119,151,138,154,140,189,136,140,141,154,134,158,136,152,164,152,156,166,178,122,119,158,169,144,115,101,99,112,86,101,80,85,71,82,72,64,73,65,53,55,35,48,40,30,29,20,11,17,12,19,15,1,1,3,2,2,0,0,10685,103,74,90,97,90,97,103,87,114,86,112,109,114,150,109,120,118,119,111,96,81,108,59,86,78,63,66,91,78,80,71,75,77,79,78,95,92,114,111,127,138,137,126,114,141,149,141,112,137,179,167,169,170,175,182,190,207,190,182,174,195,168,204,196,130,152,143,155,161,117,146,104,102,111,91,104,106,88,100,97,100,90,90,85,66,76,81,60,68,69,46,51,41,26,19,15,14,7,13,7,3,0,0,20180,9720,476,577,591,399,216,97,81,209,404,412,530,628,700,755,738,304,461,274,427,495,384,305,257,10460,454,486,594,357,207,80,108,222,371,377,531,647,715,860,934,361,525,293,428,547,477,398,488,330,105,3,1,1,0,0,0,1,0,0,0,0,0,0,0,0,0,0,0,0,0,2,0,0,0,0,2,0,0,0,0,0,2,55,23,12,0,0,0,12,0,0,0,0,0,0,11,0,0,0,0,0,0,32,0,0,0,0,32,0,6,25,0,0,1,47,37,0,0,0,0,0,0,0,0,0,0,0,37,0,0,0,0,0,0,10,0,0,0,0,10,0,10,0,0,0,0,225,1,0,0,0,0,0,0,0,0,0,0,0,0,0,0,0,0,0,0,0,1,0,0,0,0,1,0,0,0,0,0,1,51,18,1,0,0,0,1,0,0,0,0,0,0,17,0,0,0,0,0,0,33,0,0,0,0,33,0,0,31,0,1,1,173,146,0,0,0,0,0,0,0,0,0,0,0,146,0,0,0,0,0,0,27,0,0,0,0,27,0,27,0,0,0,0
"G3701510","2010","NC","3","5","North Carolina","37","Randolph County","151",,,,,,,,,,,,,,,"24660","99999","268",,,,,,,,,,,,,,,,,"2026710821","17696116","Randolph County","A","+35.7099148","-079.8062153","06","1",,141752,69838,867,933,972,916,923,937,1004,912,1048,1079,1032,1059,1076,947,1024,1052,1019,1062,930,870,909,763,739,762,792,790,772,745,751,815,782,772,779,802,817,949,908,999,1063,1126,1071,1034,1138,1039,1031,1129,1062,1078,1098,1119,1048,1064,1061,1041,997,987,902,928,842,871,845,840,867,953,677,693,658,678,582,538,541,436,435,394,393,387,297,329,298,261,269,216,211,180,144,138,112,94,79,76,62,41,22,20,16,6,10,2,0,1,0,0,0,71914,832,868,906,906,873,935,966,933,950,978,1032,956,980,959,948,896,970,964,868,810,828,733,767,788,737,801,725,790,802,802,894,836,880,865,844,904,950,998,991,1101,1073,1008,1039,1098,1036,1071,1129,1128,1047,1092,1042,1037,1055,1055,1003,973,972,946,941,904,848,885,990,925,721,776,779,731,643,578,576,522,500,491,507,445,443,406,420,373,383,331,319,268,241,247,233,214,188,164,138,82,78,75,46,37,27,30,17,6,16,0,0,140454,69114,4602,4977,5136,3121,1792,888,754,2258,3823,3898,4996,5242,5427,5160,4480,1669,2469,1332,1779,2166,1534,979,632,71340,4381,4760,4873,2823,1676,827,732,2283,3913,4309,4926,5245,5452,5181,4717,1724,2629,1542,1937,2561,2028,1453,1368,1298,724,26,17,4,0,0,0,4,0,0,13,9,4,0,0,0,0,0,0,0,0,9,0,0,0,0,9,1,0,0,0,0,8,501,398,351,0,0,183,168,0,0,0,0,0,0,47,0,0,0,0,0,0,103,8,0,0,0,95,14,43,12,0,11,15,197,191,37,0,0,37,0,0,0,0,0,0,0,154,0,0,0,0,0,0,6,0,0,0,0,6,0,2,0,0,3,1,574,15,13,0,0,0,0,0,0,0,13,8,5,0,0,0,0,0,0,0,0,2,0,0,0,0,2,1,0,0,0,0,1,118,55,25,0,0,0,25,0,0,2,0,2,0,28,0,0,0,0,0,0,63,0,0,0,0,63,5,34,4,0,5,15,441,433,0,0,0,0,0,0,0,0,0,0,0,433,0,0,0,0,0,0,8,0,0,0,0,8,0,7,0,0,0,1
"G3701530","2010","NC","3","5","North Carolina","37","Richmond County","153",,,,,,,,,,,,,,,"40460","99999","999",,,,,,,,,,,,,,,,,"1227191624","15790811","Richmond County","A","+35.0019574","-079.7478094","06","2",,46639,22957,306,297,362,292,342,275,325,293,297,352,319,299,377,331,356,318,375,332,359,369,396,375,288,270,246,284,233,278,246,304,297,275,307,269,249,287,295,292,302,384,309,281,276,290,329,331,344,326,319,363,320,314,345,318,300,311,302,310,295,287,303,297,262,294,263,208,212,211,168,166,159,144,151,143,138,127,129,108,72,73,92,94,82,56,45,56,36,33,30,22,12,16,13,8,3,4,3,1,0,0,0,0,0,23682,276,321,292,307,301,285,267,290,306,331,316,333,310,333,307,293,325,339,348,276,292,273,240,268,261,252,247,250,264,308,286,289,295,261,253,297,315,322,289,334,291,344,313,295,317,341,319,317,333,340,357,340,336,313,322,315,343,312,375,305,314,339,323,300,250,248,221,248,216,242,195,199,193,152,163,170,150,131,143,111,120,132,112,97,99,85,79,67,73,57,54,32,25,15,16,13,1,6,5,4,2,0,0,45479,21975,1599,1537,1680,1004,669,278,270,678,1220,1295,1465,1416,1642,1564,1485,592,813,419,537,724,500,364,224,23504,1497,1479,1599,956,624,292,272,767,1316,1382,1553,1556,1641,1654,1642,652,868,468,697,893,684,534,478,1160,982,28,28,0,0,0,0,0,0,0,28,8,0,20,0,0,0,0,0,0,0,0,0,0,0,0,0,0,0,0,0,0,0,907,831,809,0,0,730,79,0,0,1,1,0,0,21,0,0,0,0,0,0,76,0,0,0,0,76,6,22,12,0,2,34,47,47,0,0,0,0,0,0,0,0,0,0,0,45,2,0,0,2,0,0,0,0,0,0,0,0,0,0,0,0,0,0,178,1,1,1,0,0,0,1,0,0,0,0,0,0,0,0,0,0,0,0,0,0,0,0,0,0,0,0,0,0,0,0,0,55,39,10,0,0,1,9,0,0,0,0,0,0,29,0,0,0,0,0,0,16,0,0,0,0,16,0,3,0,0,0,13,122,122,0,0,0,0,0,0,0,0,0,0,0,119,3,0,0,3,0,0,0,0,0,0,0,0,0,0,0,0,0,0
"G3701550","2010","NC","3","5","North Carolina","37","Robeson County","155",,,,,,,,,,,,,,,"31300","99999","354",,,,,,,,,,,,,,,,,"2458470383","4574244","Robeson County","A","+34.6392096","-079.1008811","06","2",,134168,65243,1038,1012,1094,1084,1015,990,968,958,1017,1047,1031,1036,1042,1017,964,1040,1042,1058,1257,1248,1141,1050,987,911,868,853,785,851,795,840,849,849,896,873,846,810,805,887,913,893,832,854,852,792,839,866,832,943,869,867,891,803,884,857,865,810,779,805,754,702,756,770,777,747,584,568,486,509,432,397,373,380,341,282,279,307,254,222,182,157,146,160,125,108,104,92,81,53,59,53,36,15,14,13,6,8,5,3,1,0,2,0,0,68925,1032,935,1041,1000,971,967,865,900,968,984,1039,1008,972,926,924,922,1008,1012,1201,1256,1219,1095,956,870,846,923,851,895,881,873,955,856,950,844,824,890,907,881,954,899,916,819,858,871,834,946,857,936,917,955,1012,961,903,937,938,976,918,836,781,874,810,782,769,733,661,624,546,534,548,475,488,428,454,397,400,369,293,343,286,278,306,260,266,260,167,201,141,157,140,113,94,59,52,37,20,24,19,22,8,5,10,1,0,130063,62579,5234,4974,5076,3105,2040,974,908,2546,3869,4044,4082,3964,4159,4166,3753,1503,2084,1037,1319,1636,1093,608,405,67484,4974,4665,4863,2935,1945,1084,1006,2589,4392,4406,4513,4278,4591,4739,4361,1584,2147,1160,1535,2137,1494,1149,937,4105,2664,64,50,1,0,0,0,1,0,0,34,11,17,6,0,15,0,0,0,0,15,14,2,0,0,0,12,8,0,0,0,0,4,2445,1501,1450,0,0,1050,302,98,0,0,0,0,0,30,21,19,0,2,0,0,944,767,0,0,0,177,0,55,17,0,49,56,155,133,10,0,0,10,0,0,0,0,0,0,0,119,4,2,0,2,0,0,22,0,0,0,0,22,0,7,0,0,11,4,1441,37,34,2,0,0,0,2,0,0,10,9,0,1,0,22,0,0,0,0,22,3,0,0,0,0,3,0,0,0,0,0,3,991,91,32,0,0,2,28,2,0,1,1,0,0,31,27,5,0,0,0,22,900,804,0,0,0,96,1,43,7,0,19,26,413,365,0,0,0,0,0,0,0,0,0,0,0,362,3,0,0,3,0,0,48,0,0,0,0,48,0,19,0,0,27,2
"G3701570","2010","NC","3","5","North Carolina","37","Rockingham County","157",,,,,,,,,,,,,,,"24660","99999","268",,,,,,,,,,,,,,,,,"1464770304","18529683","Rockingham County","A","+36.3809268","-079.7828887","06","1",,93643,45166,490,489,589,529,541,560,575,577,612,600,643,645,609,581,606,648,725,660,594,563,505,470,472,486,480,427,437,480,460,471,483,453,557,511,498,578,553,573,623,668,651,653,622,629,686,742,700,751,685,749,761,744,707,676,732,732,706,700,677,621,600,593,640,632,490,486,436,477,428,376,369,361,329,299,323,258,235,232,195,188,199,146,137,156,128,98,98,66,69,42,40,25,21,12,9,9,6,7,3,1,2,0,0,48477,477,519,501,524,546,529,528,540,595,568,603,598,538,602,579,629,618,616,539,479,518,500,477,509,522,441,451,525,504,495,521,486,549,518,551,562,580,615,697,716,679,623,706,702,703,774,740,730,748,712,792,795,792,782,749,767,727,698,701,656,643,650,660,646,532,517,542,514,485,473,439,418,430,358,389,390,323,312,288,289,308,323,287,237,231,237,178,169,162,125,109,76,56,49,51,41,33,18,17,17,12,2,0,92588,44695,2636,2924,3078,2020,1143,497,463,1412,2239,2473,2963,3213,3588,3583,3406,1187,1748,914,1265,1653,1079,732,479,47893,2566,2759,2917,1861,1018,518,498,1505,2413,2616,3153,3390,3687,3887,3532,1286,1825,1045,1452,1994,1542,1283,1146,1055,471,21,15,1,0,0,0,1,0,0,14,13,1,0,0,0,0,0,0,0,0,6,0,0,0,0,6,0,0,0,0,1,5,306,167,120,0,0,0,120,0,0,2,2,0,0,45,0,0,0,0,0,0,139,0,0,0,0,139,6,70,13,0,44,6,144,120,0,0,0,0,0,0,0,0,0,0,0,119,1,0,0,1,0,0,24,0,0,0,0,24,0,11,0,0,11,2,584,7,4,0,0,0,0,0,0,0,4,3,1,0,0,0,0,0,0,0,0,3,0,0,0,0,3,0,0,0,0,1,2,134,52,13,0,0,0,13,0,0,0,0,0,0,39,0,0,0,0,0,0,82,0,0,0,0,82,0,42,12,0,21,7,443,417,0,0,0,0,0,0,0,0,0,0,0,416,1,0,0,1,0,0,26,0,0,0,0,26,1,0,2,0,23,0
"G3701590","2010","NC","3","5","North Carolina","37","Rowan County","159",,,,,,,,,,,,,,,"41580","99999","172",,,,,,,,,,,,,,,,,"1324451332","31989769","Rowan County","A","+35.6392183","-080.5253439","06","2",,138428,68363,870,921,970,944,908,880,954,947,974,928,924,958,889,942,974,932,960,1019,994,982,1064,867,826,810,848,795,825,862,861,855,857,812,880,824,816,847,868,865,974,1054,952,923,950,934,976,1047,1073,1040,970,1039,1115,988,1017,984,1034,930,940,939,949,815,824,796,913,822,577,654,650,645,550,540,465,437,372,370,389,376,305,297,316,278,262,247,222,204,160,153,131,117,104,71,57,46,54,25,16,7,7,3,3,2,1,0,0,70065,821,873,900,931,906,865,888,882,870,913,855,915,897,925,864,907,921,915,887,898,882,868,833,842,864,794,764,799,849,869,918,863,831,817,788,789,856,877,880,1044,926,937,897,928,958,983,1031,1022,1074,1052,1103,1026,1011,1015,977,975,952,945,847,812,939,887,844,976,631,661,708,700,628,535,565,511,500,494,457,477,404,443,466,359,387,373,326,312,336,281,250,236,210,185,157,120,109,66,74,46,19,21,13,6,20,1,1,134142,65428,4609,4681,4651,2853,1688,858,760,2215,3890,3949,4374,4539,4960,4958,4442,1561,2245,1271,1687,1986,1500,1045,706,68714,4422,4416,4448,2726,1603,729,757,2409,4006,4175,4426,4625,5140,5104,4497,1812,2434,1353,1848,2478,2087,1645,1574,4286,2935,100,84,6,0,0,0,6,0,0,78,35,43,0,0,0,0,0,0,0,0,16,0,0,0,0,16,3,0,0,0,10,3,2494,1405,1194,0,0,982,212,0,0,2,2,0,0,146,63,26,35,2,0,0,1089,799,0,0,0,290,25,85,0,0,97,83,341,310,18,0,0,18,0,0,0,0,0,0,0,190,102,9,73,20,0,0,31,0,0,0,0,31,0,14,0,0,5,12,1351,36,15,2,0,0,0,2,0,0,13,11,2,0,0,0,0,0,0,0,0,21,1,0,0,0,20,2,0,0,0,11,7,843,107,28,0,0,0,28,0,0,0,0,0,0,75,4,2,2,0,0,0,736,646,0,0,0,90,10,35,0,0,9,36,472,463,0,0,0,0,0,0,0,0,0,0,0,460,3,0,3,0,0,0,9,0,0,0,0,9,0,9,0,0,0,0
"G3701610","2010","NC","3","5","North Carolina","37","Rutherford County","161",,,,,,,,,,,,,,,"22580","99999","999",,,,,,,,,,,,,,,,,"1461144059","4399859","Rutherford County","A","+35.4027469","-081.9195825","06","2",,67810,32781,378,377,426,438,339,390,440,358,427,468,456,445,430,477,471,473,434,475,448,416,385,352,296,337,337,331,297,343,318,358,409,346,386,342,367,394,386,412,420,459,468,443,476,461,461,506,468,526,495,499,507,483,498,475,467,501,514,475,452,431,468,495,495,515,388,352,356,406,332,295,314,306,266,234,223,221,194,185,165,136,136,134,105,117,85,82,70,67,62,48,15,20,13,12,5,7,5,2,2,0,1,0,0,35029,376,368,374,416,386,401,388,390,409,466,453,430,414,411,445,448,459,488,465,378,355,327,353,353,349,301,328,349,333,330,374,379,361,363,393,426,399,415,464,451,486,476,459,486,472,508,500,496,515,506,516,514,517,560,524,552,532,479,516,463,485,503,519,534,390,398,415,454,389,366,351,329,283,320,274,273,266,230,235,215,207,195,187,184,173,174,141,115,134,89,70,59,45,55,39,30,16,18,11,4,8,1,0,66587,32122,1956,2083,2279,1382,863,379,342,940,1607,1792,1981,2240,2401,2396,2339,949,1375,701,1016,1316,864,551,370,34465,1918,2054,2153,1387,841,350,322,1046,1622,1857,2146,2367,2496,2610,2514,975,1422,803,1196,1527,1169,876,814,1223,659,2,0,0,0,0,0,0,0,0,0,0,0,0,0,0,0,0,0,0,0,2,0,0,0,0,2,0,0,0,0,0,2,502,406,371,0,0,236,135,0,0,1,1,0,0,34,0,0,0,0,0,0,96,0,0,0,0,96,30,54,4,0,1,7,155,132,0,0,0,0,0,0,0,0,0,0,0,125,7,0,0,7,0,0,23,0,0,0,0,23,4,12,0,0,1,6,564,10,2,0,0,0,0,0,0,0,2,1,1,0,0,0,0,0,0,0,0,8,0,0,0,0,8,2,1,0,0,0,5,186,75,27,0,0,1,26,0,0,0,0,0,0,48,0,0,0,0,0,0,111,0,0,0,0,111,20,59,6,0,10,16,368,346,0,0,0,0,0,0,0,0,0,0,0,339,7,0,0,7,0,0,22,0,0,0,0,22,0,5,0,0,14,3
"G3701630","2010","NC","3","5","North Carolina","37","Sampson County","163",,,,,,,,,,,,,,,"99999","99999","999",,,,,,,,,,,,,,,,,"2446865522","4805674","Sampson County","A","+34.9905745","-078.3713822","06","9",,63431,31108,421,415,463,451,452,466,439,460,501,464,514,468,445,459,470,470,467,509,427,386,404,334,384,371,352,335,366,358,357,376,390,407,418,399,326,412,451,458,420,472,393,459,413,458,438,480,465,470,471,437,452,395,435,439,412,446,436,418,401,384,361,364,388,330,275,304,302,275,228,241,238,210,192,177,180,177,138,113,121,112,100,98,93,79,70,56,40,55,44,36,14,11,11,9,5,2,9,5,1,1,4,0,0,32323,443,453,406,448,453,419,441,437,435,448,488,466,438,379,463,405,492,429,385,347,376,337,299,359,353,319,368,397,382,420,418,394,397,411,378,434,373,412,458,461,425,386,435,429,439,437,426,415,414,442,477,438,475,471,472,462,454,433,373,386,381,408,451,372,308,331,332,324,290,257,249,258,262,251,222,249,211,215,202,178,183,158,140,123,117,118,105,83,92,71,93,23,27,43,21,16,13,15,6,2,12,1,0,62344,30376,2199,2330,2354,1440,803,404,300,1088,1726,1848,2119,2060,2232,2088,2054,718,978,602,727,982,639,416,269,31968,2203,2180,2234,1326,728,375,337,1000,1885,1994,2135,2112,2128,2322,2097,788,1121,654,858,1213,1007,662,609,1087,732,11,11,0,0,0,0,0,0,0,11,8,3,0,0,0,0,0,0,0,0,0,0,0,0,0,0,0,0,0,0,0,0,605,533,492,0,0,492,0,0,0,0,0,0,0,41,0,0,0,0,0,0,72,0,0,0,0,72,0,7,20,0,45,0,116,116,7,0,0,7,0,0,0,0,0,0,0,109,0,0,0,0,0,0,0,0,0,0,0,0,0,0,0,0,0,0,355,0,0,0,0,0,0,0,0,0,0,0,0,0,0,0,0,0,0,0,0,0,0,0,0,0,0,0,0,0,0,0,0,65,50,10,0,0,10,0,0,0,5,5,0,0,35,0,0,0,0,0,0,15,0,0,0,0,15,0,4,8,0,3,0,290,286,0,0,0,0,0,0,0,0,0,0,0,286,0,0,0,0,0,0,4,0,0,0,0,4,0,2,0,0,0,2
"G3701650","2010","NC","3","5","North Carolina","37","Scotland County","165",,,,,,,,,,,,,,,"29900","99999","354",,,,,,,,,,,,,,,,,"825803818","3831577","Scotland County","A","+34.8400226","-079.4773366","06","2",,36157,17466,222,261,235,275,263,224,248,238,230,260,283,289,283,262,252,314,256,287,271,258,246,246,229,161,201,206,187,164,181,245,197,209,215,210,216,235,200,260,237,220,265,222,209,208,203,286,249,254,286,204,237,248,278,264,246,276,218,240,234,256,216,241,253,222,183,167,156,147,144,138,121,119,108,85,92,75,64,82,77,65,49,44,39,30,35,38,29,10,18,24,7,9,5,2,8,2,3,0,0,0,0,0,0,18691,248,227,276,251,236,228,232,202,204,218,225,228,253,272,275,251,268,297,298,240,268,238,256,200,203,216,199,218,191,210,193,225,219,208,215,208,221,257,236,252,229,216,230,220,261,262,238,268,255,308,268,231,283,269,285,285,250,282,298,282,271,258,251,219,188,216,195,174,156,165,138,120,136,129,116,125,93,101,86,85,95,88,94,78,74,85,58,60,63,38,35,33,13,19,16,15,5,4,4,2,7,1,0,34427,16124,1256,1200,1369,854,462,208,196,480,801,864,956,985,1104,1215,1162,455,640,319,429,488,354,189,138,18303,1238,1084,1253,815,458,220,179,622,1029,1055,1171,1154,1325,1331,1391,528,655,409,494,631,476,405,380,1730,1342,3,1,1,0,0,0,1,0,0,0,0,0,0,0,0,0,0,0,0,0,2,0,0,0,0,2,0,0,0,0,2,0,1264,1062,1042,0,0,925,117,0,0,0,0,0,0,20,0,0,0,0,0,0,202,183,0,0,0,19,0,9,6,0,4,0,75,75,32,0,0,30,2,0,0,0,0,0,0,42,1,0,0,1,0,0,0,0,0,0,0,0,0,0,0,0,0,0,388,1,1,1,0,0,0,1,0,0,0,0,0,0,0,0,0,0,0,0,0,0,0,0,0,0,0,0,0,0,0,0,0,260,30,9,0,0,0,9,0,0,0,0,0,0,21,0,0,0,0,0,0,230,224,0,0,0,6,0,6,0,0,0,0,127,127,0,0,0,0,0,0,0,0,0,0,0,124,3,0,0,3,0,0,0,0,0,0,0,0,0,0,0,0,0,0
"G3701670","2010","NC","3","5","North Carolina","37","Stanly County","167",,,,,,,,,,,,,,,"10620","99999","172",,,,,,,,,,,,,,,,,"1023267267","25262146","Stanly County","A","+35.3105227","-080.2543552","06","2",,60585,30111,341,372,381,382,356,366,385,376,402,416,402,437,390,390,409,409,386,446,503,474,427,438,341,393,381,341,320,316,353,339,336,340,375,330,339,348,386,393,496,422,443,426,382,433,460,483,494,447,486,449,440,440,417,463,422,443,406,405,425,396,382,394,420,370,291,307,274,325,257,268,199,232,240,180,204,174,142,146,125,129,105,114,114,105,79,73,64,47,39,24,30,21,8,13,7,6,2,1,0,2,1,0,0,30474,335,339,370,337,377,412,332,370,389,358,351,382,364,342,388,416,429,396,397,378,402,363,370,353,347,341,287,348,352,325,340,315,345,311,295,321,364,375,407,389,463,425,395,457,377,485,469,476,451,442,468,436,447,389,434,428,440,418,413,372,369,396,446,397,319,319,371,353,311,282,245,258,216,226,244,239,212,201,214,185,205,184,182,135,111,121,110,100,91,64,59,58,33,29,18,20,23,8,14,1,7,1,0,58534,28651,1831,1937,2026,1235,843,360,362,978,1504,1570,1890,2012,2250,2082,2035,761,1057,567,830,1026,693,491,311,29883,1757,1860,1826,1237,678,351,321,1045,1643,1598,1852,2111,2306,2159,2065,761,1155,680,939,1168,1004,767,600,2051,1460,17,9,3,0,0,0,3,0,0,6,6,0,0,0,0,0,0,0,0,0,8,0,0,0,0,8,6,2,0,0,0,0,1304,893,612,0,0,537,75,0,0,0,0,0,0,281,0,0,0,0,0,0,411,292,0,0,0,119,8,72,6,0,1,32,139,132,37,0,0,37,0,0,0,0,0,0,0,95,0,0,0,0,0,0,7,0,0,0,0,7,0,0,0,0,0,7,591,7,2,0,0,0,0,0,0,0,2,2,0,0,0,0,0,0,0,0,0,5,0,0,0,0,5,2,1,0,0,0,2,292,24,8,0,0,1,7,0,0,0,0,0,0,16,0,0,0,0,0,0,268,204,0,0,0,64,6,42,4,0,0,12,292,284,0,0,0,0,0,0,0,0,0,0,0,284,0,0,0,0,0,0,8,0,0,0,0,8,0,8,0,0,0,0
"G3701690","2010","NC","3","5","North Carolina","37","Stokes County","169",,,,,,,,,,,,,,,"49180","99999","268",,,,,,,,,,,,,,,,,"1162535003","17539406","Stokes County","A","+36.4041946","-080.2392707","06","1",,47401,23124,246,258,272,285,239,252,266,305,280,290,300,308,365,312,319,354,348,366,310,293,246,188,210,243,245,229,198,229,229,216,226,268,239,222,271,251,291,312,346,367,322,354,340,383,351,382,387,416,389,408,416,354,352,388,405,400,339,339,344,312,294,315,339,339,231,263,265,211,229,208,197,184,178,169,162,160,118,101,95,80,101,93,56,75,61,52,39,28,26,24,12,19,7,4,8,3,1,1,0,0,1,0,0,24277,215,239,231,261,250,266,282,268,270,307,302,296,303,330,336,302,353,345,271,252,263,229,214,231,202,214,218,222,248,221,248,215,247,249,279,270,286,306,358,372,397,330,366,354,366,419,380,406,417,397,412,380,405,379,376,382,371,322,342,339,292,327,355,373,275,280,298,291,244,250,226,199,199,200,184,162,159,151,146,128,137,136,104,115,91,114,96,79,77,78,40,44,18,26,15,25,6,5,8,4,9,0,0,46945,22935,1300,1393,1602,1065,596,242,184,690,1085,1213,1559,1742,1972,1902,1723,605,907,524,647,883,537,367,197,24010,1196,1393,1567,999,523,263,225,646,1119,1233,1589,1807,2014,1946,1753,615,992,571,781,988,717,538,535,456,189,5,3,3,0,0,0,3,0,0,0,0,0,0,0,0,0,0,0,0,0,2,0,0,0,0,2,0,0,0,0,2,0,108,82,66,0,0,0,66,0,0,0,0,0,0,16,0,0,0,0,0,0,26,0,0,0,0,26,0,15,6,0,5,0,76,76,0,0,0,0,0,0,0,0,0,0,0,76,0,0,0,0,0,0,0,0,0,0,0,0,0,0,0,0,0,0,267,1,1,1,0,0,0,1,0,0,0,0,0,0,0,0,0,0,0,0,0,0,0,0,0,0,0,0,0,0,0,0,0,52,35,9,0,0,0,9,0,0,0,0,0,0,26,0,0,0,0,0,0,17,0,0,0,0,17,0,13,3,0,1,0,214,214,0,0,0,0,0,0,0,0,0,0,0,214,0,0,0,0,0,0,0,0,0,0,0,0,0,0,0,0,0,0
"G3701710","2010","NC","3","5","North Carolina","37","Surry County","171",,,,,,,,,,,,,,,"34340","99999","268",,,,,,,,,,,,,,,,,"1378304182","10715854","Surry County","A","+36.4154160","-080.6864631","06","2",,73673,35971,435,457,451,422,448,462,487,457,451,497,527,513,528,515,521,572,547,537,504,488,449,384,373,325,340,377,376,374,413,412,367,369,418,440,447,428,464,559,497,527,507,546,481,528,525,538,554,538,576,553,554,532,507,517,523,487,484,515,474,453,476,495,538,509,327,361,355,350,343,310,275,286,284,249,247,192,184,213,172,167,146,126,142,113,94,101,73,69,58,35,36,23,13,18,18,8,5,4,1,2,3,0,0,37702,400,427,451,460,424,416,443,426,478,475,501,524,500,551,445,496,457,516,416,402,391,367,351,339,361,342,370,360,360,388,377,405,442,402,427,439,523,507,510,529,559,483,507,517,565,575,543,533,532,573,577,525,521,544,570,516,534,495,522,512,474,474,558,506,415,401,437,455,331,375,347,353,354,324,313,258,226,291,259,257,234,213,230,207,207,168,157,145,136,101,82,84,55,39,44,40,19,11,5,7,8,1,0,72803,35541,2211,2353,2578,1611,986,442,378,1016,1912,2007,2452,2570,2729,2609,2388,967,1364,714,995,1321,912,599,427,37262,2162,2238,2519,1468,814,389,367,1045,1814,2047,2497,2614,2744,2731,2566,942,1473,832,1150,1666,1255,1022,907,870,430,74,67,3,0,0,0,3,0,0,64,64,0,0,0,0,0,0,0,0,0,7,0,0,0,0,7,5,0,0,0,1,1,248,144,115,0,0,0,115,0,0,0,0,0,0,29,0,0,0,0,0,0,104,0,0,0,0,104,14,17,20,0,49,4,108,101,0,0,0,0,0,0,0,0,0,0,0,94,7,0,0,7,0,0,7,0,0,0,0,7,0,0,0,0,7,0,440,3,2,1,0,0,0,1,0,0,1,1,0,0,0,0,0,0,0,0,0,1,0,0,0,0,1,1,0,0,0,0,0,95,28,7,0,0,0,7,0,0,1,1,0,0,20,0,0,0,0,0,0,67,0,0,0,0,67,14,21,8,0,20,4,342,334,0,0,0,0,0,0,0,0,0,0,0,329,5,0,0,5,0,0,8,0,0,0,0,8,0,0,0,0,8,0
"G3701730","2010","NC","3","5","North Carolina","37","Swain County","173",,,,,,,,,,,,,,,"99999","99999","999",,,,,,,,,,,,,,,,,"1367504099","32758423","Swain County","A","+35.5688491","-083.4656136","06","9",,13981,6812,92,71,91,91,83,103,95,89,83,99,86,87,112,87,111,90,91,97,112,109,95,77,66,86,72,59,64,62,88,71,80,92,77,66,71,88,81,92,71,97,82,75,80,87,72,113,96,101,113,95,101,103,101,99,90,106,82,82,92,100,84,95,105,91,96,94,75,74,92,59,65,55,48,48,47,55,34,38,24,39,27,25,27,16,21,11,13,10,5,2,10,8,5,2,3,2,0,2,0,0,1,0,0,7169,80,100,86,72,113,86,97,68,84,80,95,87,90,88,94,105,94,92,81,88,90,96,72,82,63,79,79,93,65,90,71,70,83,71,88,78,98,64,99,105,102,69,87,81,88,119,80,110,83,113,104,107,118,99,98,117,108,114,91,100,76,122,107,83,93,83,81,85,76,79,70,56,53,60,74,58,40,32,56,51,40,28,40,33,25,21,29,24,14,15,13,8,9,5,9,6,5,1,1,2,2,0,0,13737,6710,428,461,480,275,210,85,73,216,342,386,429,396,518,489,460,177,288,168,223,258,183,107,58,7027,448,410,453,277,159,80,92,213,404,383,444,427,503,525,527,197,281,163,238,305,230,141,127,244,102,14,11,0,0,0,0,0,0,0,11,11,0,0,0,0,0,0,0,0,0,3,0,0,0,0,3,0,0,0,0,3,0,48,14,0,0,0,0,0,0,0,0,0,0,0,14,0,0,0,0,0,0,34,0,0,0,0,34,0,0,0,0,34,0,40,39,0,0,0,0,0,0,0,0,0,0,0,39,0,0,0,0,0,0,1,0,0,0,0,1,0,0,0,0,0,1,142,23,15,0,0,0,0,0,0,0,15,15,0,0,0,0,0,0,0,0,0,8,0,0,0,0,8,0,0,0,0,8,0,39,11,0,0,0,0,0,0,0,0,0,0,0,11,0,0,0,0,0,0,28,0,0,0,0,28,0,0,0,0,28,0,80,80,0,0,0,0,0,0,0,0,0,0,0,80,0,0,0,0,0,0,0,0,0,0,0,0,0,0,0,0,0,0
"G3701750","2010","NC","3","5","North Carolina","37","Transylvania County","175",,,,,,,,,,,,,,,"14820","99999","120",,,,,,,,,,,,,,,,,"980383414","5140678","Transylvania County","A","+35.2100946","-082.8166964","06","2",,33090,15973,151,149,146,142,159,153,145,149,160,176,170,171,195,159,173,161,205,199,266,271,219,257,190,164,143,165,154,143,132,142,151,153,164,141,175,152,144,182,168,140,150,166,186,187,180,183,188,196,240,223,208,190,221,221,241,241,228,215,267,219,237,243,235,316,235,219,227,224,232,194,220,217,233,193,170,152,155,123,147,140,150,136,126,91,71,61,49,51,52,38,22,23,18,13,11,8,5,1,0,1,5,0,0,17117,150,157,162,148,153,152,164,149,129,151,165,153,148,191,189,167,176,165,197,218,186,171,174,159,163,123,152,156,134,130,156,144,142,144,148,188,143,166,150,163,200,163,194,168,182,214,252,242,206,259,206,226,273,256,248,247,265,243,264,271,229,265,295,337,275,276,297,324,281,236,227,254,202,215,195,166,193,183,174,146,154,156,131,160,100,96,79,86,79,73,62,45,32,41,26,22,20,13,9,6,2,0,0,32020,15352,747,781,864,544,358,137,177,414,722,772,776,860,1020,1066,1158,475,781,441,640,1025,705,556,333,16668,770,743,845,493,314,135,142,464,689,728,804,897,1165,1203,1283,487,900,569,839,1085,838,674,601,1070,621,27,5,3,0,0,0,3,0,0,2,2,0,0,0,0,0,0,0,0,0,22,0,0,0,0,22,3,0,0,0,15,4,516,74,49,0,0,0,49,0,0,0,0,0,0,25,0,0,0,0,0,0,442,268,0,0,0,174,0,7,2,0,150,15,78,73,0,0,0,0,0,0,0,0,0,0,0,73,0,0,0,0,0,0,5,0,0,0,0,5,0,0,0,0,0,5,449,18,2,0,0,0,0,0,0,0,2,2,0,0,0,0,0,0,0,0,0,16,0,0,0,0,16,2,0,0,0,9,5,276,24,8,0,0,0,8,0,0,0,0,0,0,16,0,0,0,0,0,0,252,185,0,0,0,67,6,9,3,0,25,24,155,152,0,0,0,0,0,0,0,0,0,0,0,152,0,0,0,0,0,0,3,0,0,0,0,3,0,0,0,0,0,3
"G3701770","2010","NC","3","5","North Carolina","37","Tyrrell County","177",,,,,,,,,,,,,,,"99999","99999","999",,,,,,,,,,,,,,,,,"1007595142","531422526","Tyrrell County","A","+35.8704196","-076.1653454","06","9",,4407,2434,14,20,26,19,29,19,25,24,27,18,20,29,22,17,26,15,29,19,24,33,23,25,29,57,57,53,51,42,39,51,59,44,47,29,43,48,29,42,25,31,38,32,37,28,35,41,35,34,48,40,46,37,51,27,29,31,35,27,29,26,28,27,26,28,20,20,15,14,21,28,28,10,22,10,16,18,16,17,10,8,12,9,6,10,5,7,3,3,1,0,3,1,2,1,0,1,1,0,0,1,1,0,0,1973,25,17,32,28,23,17,24,19,15,27,27,18,19,15,19,18,22,32,34,24,15,15,13,21,12,22,29,16,16,23,18,17,26,5,28,21,17,14,30,25,25,22,21,18,31,30,29,36,26,38,34,29,29,37,35,40,30,22,22,21,28,25,40,21,24,22,27,20,24,14,25,24,19,29,25,22,11,14,17,12,12,6,12,18,6,4,7,11,10,10,10,4,2,2,0,1,1,1,0,0,0,0,0,3775,1805,108,113,114,63,52,20,19,57,105,106,87,89,136,156,140,48,72,35,63,86,69,42,25,1970,125,102,98,72,57,15,15,46,105,94,106,117,159,164,135,53,85,49,58,122,76,54,63,632,629,0,0,0,0,0,0,0,0,0,0,0,0,0,0,0,0,0,0,0,0,0,0,0,0,0,0,0,0,0,0,0,0,629,624,624,0,0,624,0,0,0,0,0,0,0,0,0,0,0,0,0,0,5,0,0,0,0,5,0,5,0,0,0,0,0,0,0,0,0,0,0,0,0,0,0,0,0,0,0,0,0,0,0,0,0,0,0,0,0,0,0,0,0,0,0,0,3,0,0,0,0,0,0,0,0,0,0,0,0,0,0,0,0,0,0,0,0,0,0,0,0,0,0,0,0,0,0,0,0,3,2,2,0,0,2,0,0,0,0,0,0,0,0,0,0,0,0,0,0,1,0,0,0,0,1,0,1,0,0,0,0,0,0,0,0,0,0,0,0,0,0,0,0,0,0,0,0,0,0,0,0,0,0,0,0,0,0,0,0,0,0,0,0
"G3701790","2010","NC","3","5","North Carolina","37","Union County","179",,,,,,,,,,,,,,,"16740","99999","172",,,,,,,,,,,,,,,,,"1635630037","20736444","Union County","A","+34.9915012","-080.5301312","06","1",,201292,99366,1294,1424,1534,1596,1708,1687,1876,1918,1958,2004,1911,1926,1802,1830,1784,1745,1632,1554,1449,1247,1083,1018,954,938,941,894,937,940,956,1024,1073,1071,1134,1203,1197,1394,1319,1503,1708,1837,1817,1813,1693,1743,1749,1797,1756,1735,1574,1612,1525,1446,1322,1301,1213,1189,1097,1065,966,936,974,918,926,950,718,747,770,734,633,583,519,542,415,427,353,380,310,260,254,226,203,175,172,159,104,100,108,90,53,54,56,31,17,14,15,7,6,2,3,4,2,0,0,101926,1249,1304,1441,1504,1629,1665,1725,1763,1730,1939,1812,1736,1789,1744,1742,1766,1610,1549,1398,1092,974,884,918,902,855,875,909,974,1045,1069,1184,1159,1272,1382,1309,1487,1531,1687,1692,1978,1901,1784,1817,1791,1748,1731,1812,1635,1628,1565,1490,1443,1426,1281,1166,1160,1156,1050,1086,1040,1004,1061,1082,1071,787,850,807,843,722,601,592,596,510,521,463,430,355,366,352,314,301,272,255,238,226,218,201,147,169,144,103,78,75,54,38,26,28,10,11,5,15,2,0,199242,98339,7546,9438,9234,4910,2402,1001,942,2746,4698,5634,7722,8780,8414,6774,5225,1884,2582,1507,1945,2234,1401,794,526,100903,7106,8815,8818,4904,2145,915,844,2605,4857,6290,8365,9028,8357,6785,5471,2061,2931,1648,2162,2640,1763,1234,1159,2050,1027,55,21,4,0,0,0,4,0,0,17,12,5,0,0,0,0,0,0,0,0,34,0,0,0,0,34,1,0,0,0,0,33,851,243,216,0,0,0,216,0,0,0,0,0,0,23,4,0,0,4,0,0,608,461,0,0,0,147,22,36,26,0,0,63,121,106,0,0,0,0,0,0,0,0,0,0,0,106,0,0,0,0,0,0,15,0,0,0,0,15,0,0,0,0,0,15,1023,54,11,0,0,0,0,0,0,0,11,5,6,0,0,0,0,0,0,0,0,43,8,0,0,0,35,2,0,0,0,0,33,637,41,19,0,0,0,19,0,0,0,0,0,0,21,1,0,0,1,0,0,596,504,0,0,0,92,10,16,3,0,1,62,332,323,0,0,0,0,0,0,0,0,0,0,0,322,1,0,0,1,0,0,9,0,0,0,0,9,0,0,0,0,0,9
"G3701810","2010","NC","3","5","North Carolina","37","Vance County","181",,,,,,,,,,,,,,,"25780","99999","999",,,,,,,,,,,,,,,,,"656606884","42223392","Vance County","A","+36.3654806","-078.4054343","06","2",,45422,21319,298,308,284,343,322,312,322,279,328,369,330,307,329,326,313,308,375,388,362,335,301,304,264,290,233,228,211,199,252,247,273,243,249,225,235,237,259,253,313,295,327,268,297,247,291,284,265,327,317,276,264,285,322,304,306,322,260,312,279,241,299,257,253,277,225,197,203,205,176,164,158,146,147,114,109,104,116,81,89,68,57,67,75,69,49,36,29,20,19,21,11,13,0,8,4,1,4,2,3,0,0,0,0,24103,300,303,305,337,302,309,264,349,303,363,312,313,289,282,321,288,368,392,339,325,313,296,249,299,281,244,265,249,279,287,295,267,282,253,247,277,286,278,327,345,335,304,327,304,320,326,345,368,321,363,341,337,391,336,352,355,351,363,318,310,309,318,320,278,272,232,236,248,220,203,168,169,162,160,176,154,160,139,144,133,115,128,117,99,76,94,79,87,67,47,50,31,42,32,22,26,14,8,4,1,13,0,0,44576,20904,1553,1604,1603,1039,637,272,274,744,1112,1208,1334,1407,1450,1457,1404,554,747,399,541,660,448,304,153,23672,1545,1587,1514,1015,600,285,283,807,1321,1334,1497,1580,1717,1745,1688,621,865,466,665,820,710,495,512,846,415,42,8,5,0,0,0,5,0,0,3,3,0,0,0,0,0,0,0,0,0,34,0,0,0,0,34,8,0,0,0,24,2,313,117,104,0,0,0,104,0,0,0,0,0,0,13,0,0,0,0,0,0,196,0,0,0,0,196,3,33,16,0,124,20,60,58,0,0,0,0,0,0,0,0,0,0,0,58,0,0,0,0,0,0,2,0,0,0,0,2,0,2,0,0,0,0,431,39,0,0,0,0,0,0,0,0,0,0,0,0,0,0,0,0,0,0,0,39,0,0,0,0,39,4,0,0,0,33,2,204,32,12,0,0,0,12,0,0,1,1,0,0,19,0,0,0,0,0,0,172,0,0,0,0,172,28,12,4,0,119,9,188,184,0,0,0,0,0,0,0,0,0,0,0,184,0,0,0,0,0,0,4,0,0,0,0,4,2,2,0,0,0,0
"G3701830","2010","NC","3","5","North Carolina","37","Wake County","183",,,,,,,,,,,,,,,"39580","99999","450",,,,,,,,,,,,,,,,,"2163206258","57246693","Wake County","A","+35.7898464","-078.6506240","06","1",,900993,438792,6454,6467,6756,6870,6765,6855,6930,6897,6872,6963,6700,6551,6704,6324,6375,6348,6310,6281,6282,6550,6483,6284,6125,6280,6377,6422,6259,6713,6619,6503,6723,6700,6791,6754,6745,7035,6930,7022,7247,7747,7746,7148,7020,6672,6871,6908,7015,6867,6629,6556,6538,6047,5943,5632,5467,5135,4832,4685,4357,4066,3838,3833,3890,3914,2951,2855,2777,2730,2144,1937,1754,1662,1632,1444,1341,1300,1177,1107,1066,908,883,801,715,641,584,573,460,390,346,274,201,144,119,79,54,47,30,15,8,10,9,1,1,462201,6097,6308,6443,6661,6674,6742,6814,6587,6687,6746,6535,6511,6315,6170,5933,6065,5980,5923,6035,6042,6090,5785,5872,6431,6617,6664,6571,6978,6897,7188,7313,7083,7486,7108,7409,7637,7109,7432,7520,8158,7931,7394,7044,7221,7224,7282,7311,7097,7115,7067,6852,6487,6319,6055,5760,5732,5384,5245,5016,4600,4498,4402,4532,4447,3240,3152,3098,2975,2516,2406,2277,2091,1993,1814,1793,1731,1412,1525,1482,1375,1350,1298,1183,1172,1094,1022,896,832,828,629,512,427,356,263,237,175,134,101,64,43,69,5,0,880010,428224,33271,34489,32592,18799,9354,5046,5480,18000,31963,33175,35595,34862,33555,29224,22844,7614,10687,5600,6770,7765,5470,3507,2562,451786,32148,33549,31417,17879,8297,4677,5046,18321,33867,36019,37557,36487,35643,31300,25872,8861,12158,6215,7834,9856,7352,5775,5656,20983,10568,271,169,57,0,0,0,57,0,0,79,29,15,35,0,33,33,0,0,0,0,102,19,0,0,0,83,31,5,0,0,5,42,9752,2327,2058,0,0,871,776,411,0,6,3,3,0,133,130,129,0,1,0,0,7425,6221,0,0,0,1204,194,409,111,0,35,455,545,499,0,0,0,0,0,0,0,0,0,0,0,494,5,4,0,1,0,0,46,0,0,0,0,46,4,10,24,0,4,4,10415,198,96,16,0,0,11,4,1,0,48,9,16,23,0,32,32,0,0,0,0,102,24,0,0,0,78,36,4,0,0,2,36,8575,1669,1434,0,0,1329,101,4,0,6,1,2,3,168,61,61,0,0,0,0,6906,6353,0,0,0,553,87,245,94,0,25,102,1642,1519,17,0,0,17,0,0,0,0,0,0,0,1495,7,3,0,4,0,0,123,0,0,0,0,123,0,21,102,0,0,0
"G3701850","2010","NC","3","5","North Carolina","37","Warren County","185",,,,,,,,,,,,,,,"99999","99999","999",,,,,,,,,,,,,,,,,"1109696231","39641663","Warren County","A","+36.3979785","-078.0999244","06","9",,20972,10597,123,105,121,125,128,96,119,114,100,115,116,101,132,106,129,114,141,162,127,117,127,159,164,120,119,116,120,135,136,141,118,135,101,129,107,116,125,115,132,124,113,144,131,117,151,150,178,153,170,150,176,154,183,151,200,156,183,174,154,167,165,160,140,156,142,128,114,132,133,124,90,100,87,71,98,77,64,57,73,51,52,45,40,37,21,27,29,17,15,18,9,10,14,6,0,1,5,1,2,1,0,0,0,10375,99,121,135,117,118,130,95,97,114,120,115,120,111,101,106,141,140,131,137,105,104,76,100,123,110,108,105,83,89,124,101,112,99,78,81,103,103,96,113,110,100,126,98,110,115,152,140,149,144,147,165,172,160,137,191,181,174,172,197,166,148,143,195,160,150,158,129,140,130,91,93,113,99,88,111,95,73,99,76,69,69,67,71,73,51,52,50,38,46,23,27,16,17,9,15,6,2,5,1,2,8,0,0,19804,9567,602,544,584,417,242,120,121,316,490,439,464,540,684,796,790,314,423,239,376,432,309,185,140,10237,590,556,553,412,242,104,76,328,509,471,524,548,731,822,885,288,500,287,358,491,396,303,263,1168,1030,0,0,0,0,0,0,0,0,0,0,0,0,0,0,0,0,0,0,0,0,0,0,0,0,0,0,0,0,0,0,0,0,962,918,907,0,0,907,0,0,0,0,0,0,0,11,0,0,0,0,0,0,44,0,0,0,0,44,0,13,18,0,13,0,68,58,7,0,0,7,0,0,0,0,0,0,0,51,0,0,0,0,0,0,10,0,0,0,0,10,0,2,0,0,8,0,138,0,0,0,0,0,0,0,0,0,0,0,0,0,0,0,0,0,0,0,0,0,0,0,0,0,0,0,0,0,0,0,0,24,19,3,0,0,3,0,0,0,0,0,0,0,16,0,0,0,0,0,0,5,0,0,0,0,5,0,0,4,0,1,0,114,111,0,0,0,0,0,0,0,0,0,0,0,111,0,0,0,0,0,0,3,0,0,0,0,3,0,0,0,0,3,0
"G3701870","2010","NC","3","5","North Carolina","37","Washington County","187",,,,,,,,,,,,,,,"99999","99999","999",,,,,,,,,,,,,,,,,"901664508","196093080","Washington County","A","+35.8445891","-076.5723342","06","9",,13228,6221,96,81,92,72,98,68,76,84,83,102,78,81,101,77,92,83,104,98,94,78,82,70,58,55,50,57,48,68,52,75,55,56,58,65,61,52,55,63,58,65,62,42,81,71,94,81,94,95,92,72,91,98,87,108,106,106,137,100,105,101,102,94,102,94,67,73,86,77,52,49,53,59,44,48,49,57,38,26,27,28,39,27,28,25,23,14,16,14,13,6,6,4,5,5,2,2,1,1,1,0,0,0,0,7007,78,80,84,99,77,71,105,76,73,68,96,65,78,89,87,86,87,78,79,88,73,65,57,71,71,73,79,65,62,61,59,56,88,72,66,72,60,76,88,84,113,85,96,84,90,98,105,111,76,98,108,83,112,112,118,125,116,120,110,99,106,98,88,108,90,88,87,100,80,63,61,55,60,67,64,57,54,60,57,50,49,48,32,38,27,39,35,27,31,17,11,16,11,6,8,5,6,1,2,3,1,0,0,13077,6156,438,410,428,282,172,82,70,163,300,294,292,348,431,488,542,195,260,158,173,249,170,132,79,6921,418,393,414,251,166,73,65,199,339,341,380,468,486,529,569,202,284,174,242,298,270,185,175,151,65,8,8,0,0,0,0,0,0,0,8,8,0,0,0,0,0,0,0,0,0,0,0,0,0,0,0,0,0,0,0,0,0,20,7,0,0,0,0,0,0,0,0,0,0,0,7,0,0,0,0,0,0,13,0,0,0,0,13,0,11,0,0,2,0,37,35,0,0,0,0,0,0,0,0,0,0,0,35,0,0,0,0,0,0,2,0,0,0,0,2,0,2,0,0,0,0,86,1,1,0,0,0,0,0,0,0,1,1,0,0,0,0,0,0,0,0,0,0,0,0,0,0,0,0,0,0,0,0,0,13,7,0,0,0,0,0,0,0,1,1,0,0,6,0,0,0,0,0,0,6,0,0,0,0,6,0,4,0,0,2,0,72,70,0,0,0,0,0,0,0,0,0,0,0,70,0,0,0,0,0,0,2,0,0,0,0,2,0,2,0,0,0,0
"G3701890","2010","NC","3","5","North Carolina","37","Watauga County","189",,,,,,,,,,,,,,,"14380","99999","999",,,,,,,,,,,,,,,,,"809515805","2322130","Watauga County","A","+36.2353712","-081.7099186","06","2",,51079,25636,196,209,219,192,191,210,196,204,176,206,193,205,199,211,206,216,243,229,737,1449,1684,1585,1331,917,567,430,389,316,312,255,229,243,252,235,195,242,199,243,229,244,266,249,217,240,230,243,279,274,273,281,272,242,318,294,293,314,272,264,293,314,266,296,305,279,229,216,206,220,188,194,165,181,129,154,115,90,107,101,87,90,76,83,88,51,41,56,37,42,24,22,18,22,10,8,5,7,12,1,1,0,2,0,0,25443,166,220,168,201,185,193,183,179,168,199,186,181,171,178,182,236,180,197,893,1720,1740,1483,1080,659,418,295,279,275,243,220,237,193,217,197,231,213,207,224,221,284,226,247,222,255,211,259,279,327,305,294,308,273,296,329,305,283,327,302,311,347,289,261,313,266,226,233,243,223,195,198,182,166,140,131,151,135,131,130,95,113,106,105,103,103,75,73,64,69,55,50,32,35,31,32,24,11,12,7,9,9,9,0,0,45756,23290,1007,992,1014,687,727,1177,1474,2724,1674,1134,1149,1184,1329,1396,1447,560,807,418,596,742,468,329,255,22466,938,922,898,607,727,1120,1318,2058,1296,1067,1141,1157,1451,1511,1565,547,796,474,611,762,589,462,449,5323,2346,1,0,0,0,0,0,0,0,0,0,0,0,0,0,0,0,0,0,0,0,1,1,0,0,0,0,0,0,0,0,0,0,2304,55,49,0,0,0,49,0,0,0,0,0,0,6,0,0,0,0,0,0,2249,2172,0,0,0,77,16,26,27,0,3,5,41,38,0,0,0,0,0,0,0,0,0,0,0,38,0,0,0,0,0,0,3,0,0,0,0,3,0,0,0,0,0,3,2977,8,0,0,0,0,0,0,0,0,0,0,0,0,0,0,0,0,0,0,0,8,6,0,0,0,2,0,0,0,0,0,2,2836,19,5,0,0,0,5,0,0,0,0,0,0,14,0,0,0,0,0,0,2817,2788,0,0,0,29,3,9,5,0,9,3,133,133,0,0,0,0,0,0,0,0,0,0,0,133,0,0,0,0,0,0,0,0,0,0,0,0,0,0,0,0,0,0
"G3701910","2010","NC","3","5","North Carolina","37","Wayne County","191",,,,,,,,,,,,,,,"24140","99999","999",,,,,,,,,,,,,,,,,"1432488557","9752596","Wayne County","A","+35.3627413","-078.0048260","06","1",,122623,59956,896,892,875,890,936,813,860,869,910,908,857,879,826,835,756,905,815,886,860,915,952,964,918,957,939,997,822,881,852,814,809,736,806,736,711,746,721,750,763,762,750,783,701,838,758,881,923,898,915,862,862,857,876,811,772,822,750,752,715,686,681,647,691,639,488,492,487,439,391,393,419,401,342,352,321,295,288,239,263,209,176,184,150,126,134,95,72,78,66,45,38,25,15,11,12,6,10,2,1,1,1,0,0,62667,799,876,844,886,871,881,826,821,814,792,797,796,796,810,788,815,835,829,840,773,860,784,793,817,909,913,881,823,759,833,808,720,783,733,740,745,746,777,800,850,818,803,791,765,787,918,873,920,886,915,913,920,915,885,931,836,794,835,816,785,753,722,748,704,572,585,607,561,545,460,480,489,481,443,412,424,387,339,362,322,318,289,266,283,234,216,180,156,144,110,110,73,69,39,31,31,14,8,12,12,5,2,0,119404,57582,4487,4360,4153,2605,1594,782,805,2517,4089,3567,3539,3616,4260,4029,3616,1304,1788,965,1211,1804,1279,751,461,61822,4276,4134,3987,2477,1487,799,734,2474,4191,3772,3907,3934,4463,4531,4024,1462,2005,1174,1548,2266,1777,1326,1074,3219,2374,3,0,0,0,0,0,0,0,0,0,0,0,0,0,0,0,0,0,0,0,3,0,0,0,0,3,2,0,1,0,0,0,2263,1355,1121,0,0,1121,0,0,0,0,0,0,0,179,55,0,0,55,0,0,908,177,503,503,0,228,37,86,49,0,7,49,108,101,2,0,0,2,0,0,0,0,0,0,0,93,6,0,0,6,0,0,7,0,0,0,0,7,0,2,0,0,0,5,845,2,0,0,0,0,0,0,0,0,0,0,0,0,0,0,0,0,0,0,0,2,1,0,0,0,1,0,0,1,0,0,0,509,151,0,0,0,0,0,0,0,0,0,0,0,134,17,0,0,17,0,0,358,188,91,91,0,79,11,32,15,0,0,21,334,329,0,0,0,0,0,0,0,0,0,0,0,318,11,0,0,11,0,0,5,0,0,0,0,5,0,3,2,0,0,0
"G3701930","2010","NC","3","5","North Carolina","37","Wilkes County","193",,,,,,,,,,,,,,,"35900","99999","999",,,,,,,,,,,,,,,,,"1953571382","6843251","Wilkes County","A","+36.2093027","-081.1653541","06","2",,69340,34264,390,402,422,385,424,422,425,438,483,479,461,477,448,440,451,496,489,461,439,371,358,326,385,301,373,379,370,329,343,406,391,397,401,403,382,418,432,465,474,494,510,429,504,466,492,553,549,509,553,535,566,540,550,531,538,520,517,486,482,439,452,460,467,478,381,417,397,391,340,302,302,270,260,260,237,239,209,177,152,154,137,139,113,114,105,95,54,60,59,43,19,19,20,16,10,7,3,3,3,1,0,0,0,35076,334,397,417,410,409,380,378,431,429,450,444,457,418,425,491,415,435,423,367,346,327,326,359,346,339,351,333,310,332,388,386,363,365,389,398,399,442,403,470,509,501,411,458,443,476,539,537,528,566,588,504,534,548,514,503,522,539,494,534,454,494,497,504,549,397,458,414,405,384,325,337,340,357,310,314,253,260,242,208,223,215,192,178,151,141,149,144,109,112,102,65,53,55,40,34,21,24,13,5,3,14,1,0,68373,33710,2023,2243,2263,1407,806,354,318,1031,1780,1904,2233,2347,2649,2684,2430,908,1313,806,1024,1311,916,589,371,34663,1967,2067,2217,1256,709,326,326,1037,1700,1888,2218,2288,2753,2596,2537,989,1445,868,1103,1637,1141,813,782,967,554,57,57,0,0,0,0,0,0,0,57,15,42,0,0,0,0,0,0,0,0,0,0,0,0,0,0,0,0,0,0,0,0,387,327,297,0,0,222,75,0,0,1,1,0,0,29,0,0,0,0,0,0,60,0,0,0,0,60,3,36,1,0,18,2,110,107,0,0,0,0,0,0,0,0,0,0,0,107,0,0,0,0,0,0,3,0,0,0,0,3,0,3,0,0,0,0,413,36,36,2,0,0,0,2,0,0,34,9,25,0,0,0,0,0,0,0,0,0,0,0,0,0,0,0,0,0,0,0,0,70,40,19,0,0,1,18,0,0,2,2,0,0,19,0,0,0,0,0,0,30,0,0,0,0,30,0,18,5,0,6,1,307,305,0,0,0,0,0,0,0,0,0,0,0,305,0,0,0,0,0,0,2,0,0,0,0,2,0,2,0,0,0,0
"G3701950","2010","NC","3","5","North Carolina","37","Wilson County","195",,,,,,,,,,,,,,,"48980","99999","999",,,,,,,,,,,,,,,,,"953567109","14395628","Wilson County","A","+35.7041251","-077.9189823","06","2",,81234,38784,565,588,588,548,543,551,541,571,560,561,569,609,601,568,563,570,633,606,566,531,500,501,429,499,460,495,469,505,495,455,472,470,484,433,458,409,480,510,478,539,558,524,485,496,542,534,538,565,561,548,577,531,533,584,579,543,559,512,568,508,467,458,524,461,371,333,358,395,320,282,260,258,246,208,257,230,147,161,151,128,114,148,112,91,104,80,63,57,46,41,29,22,14,8,8,4,2,2,2,0,4,0,0,42450,525,503,530,522,538,538,511,551,521,577,554,593,524,526,526,549,551,578,582,545,526,526,486,482,473,518,482,488,511,473,514,524,499,527,512,508,538,507,530,568,595,557,547,545,561,650,616,608,603,602,625,598,634,638,591,652,610,631,578,518,564,498,595,530,436,432,421,432,349,329,339,321,326,322,311,249,286,257,235,200,226,218,210,169,195,188,140,113,121,107,67,64,49,43,33,27,16,19,9,1,8,0,0,79641,38071,2829,2780,2903,1783,997,458,470,1349,2373,2285,2389,2575,2711,2772,2653,906,1330,678,977,1190,778,543,342,41570,2616,2694,2717,1662,974,473,481,1391,2464,2568,2647,2802,3061,3080,2962,1052,1547,842,1092,1561,1160,914,810,1593,713,40,35,9,0,0,0,9,0,0,3,3,0,0,0,23,0,0,0,0,23,5,0,0,0,0,5,1,0,0,0,0,4,496,243,151,0,0,0,142,9,0,0,0,0,0,82,10,0,0,0,0,10,253,137,0,0,0,116,15,31,3,0,38,29,177,172,0,0,0,0,0,0,0,0,0,0,0,172,0,0,0,0,0,0,5,0,0,0,0,5,0,3,2,0,0,0,880,28,25,1,0,0,0,1,0,0,1,1,0,0,0,23,0,0,0,0,23,3,1,0,0,0,2,1,0,0,0,0,1,399,84,15,0,0,0,15,0,0,0,0,0,0,58,11,0,0,0,0,11,315,279,0,0,0,36,2,22,0,0,3,9,453,448,0,0,0,0,0,0,0,0,0,0,0,448,0,0,0,0,0,0,5,0,0,0,0,5,0,0,0,0,5,0
"G3701970","2010","NC","3","5","North Carolina","37","Yadkin County","197",,,,,,,,,,,,,,,"49180","99999","268",,,,,,,,,,,,,,,,,"867203563","6932224","Yadkin County","A","+36.1587653","-080.6651641","06","1",,38406,18877,187,261,228,234,264,235,247,252,223,285,257,288,276,295,253,278,317,276,286,204,195,189,224,168,184,180,177,164,206,204,214,218,198,180,220,240,238,242,234,316,308,300,264,288,269,333,298,296,289,297,321,295,282,254,295,238,282,255,258,224,244,234,263,256,210,187,203,208,149,180,187,159,142,121,134,118,94,96,90,78,76,78,59,57,52,34,36,40,26,21,17,16,13,3,2,4,1,1,1,0,3,0,1,19529,205,232,205,236,231,226,207,240,222,259,253,270,237,241,272,249,242,255,249,184,188,173,196,202,216,193,192,195,197,206,223,186,220,216,216,235,228,271,266,298,286,289,295,297,288,311,330,332,271,295,272,288,270,285,278,289,251,242,280,226,296,264,272,241,195,216,230,247,185,194,178,154,181,163,140,162,127,154,126,123,117,115,96,86,80,68,69,48,54,46,54,50,22,16,13,8,13,6,6,4,3,0,0,38102,18760,1174,1240,1369,869,486,192,185,568,924,1023,1265,1419,1511,1438,1248,478,723,389,537,736,472,317,197,19342,1108,1154,1272,746,433,188,172,614,980,1060,1292,1451,1536,1392,1283,557,703,445,618,803,672,465,398,304,117,4,2,2,0,0,0,2,0,0,0,0,0,0,0,0,0,0,0,0,0,2,0,0,0,0,2,0,0,0,0,2,0,74,41,39,0,0,0,39,0,0,0,0,0,0,2,0,0,0,0,0,0,33,0,0,0,0,33,0,10,0,0,23,0,39,36,0,0,0,0,0,0,0,0,0,0,0,36,0,0,0,0,0,0,3,0,0,0,0,3,0,0,0,0,3,0,187,2,0,0,0,0,0,0,0,0,0,0,0,0,0,0,0,0,0,0,0,2,0,0,0,0,2,0,0,0,0,2,0,32,17,4,0,0,0,4,0,0,0,0,0,0,13,0,0,0,0,0,0,15,0,0,0,0,15,0,6,0,0,9,0,153,149,0,0,0,0,0,0,0,0,0,0,0,149,0,0,0,0,0,0,4,0,0,0,0,4,0,0,0,0,4,0
"G3701990","2010","NC","3","5","North Carolina","37","Yancey County","199",,,,,,,,,,,,,,,"99999","99999","999",,,,,,,,,,,,,,,,,"809623022","1458712","Yancey County","A","+35.8895036","-082.3039804","06","9",,17818,8744,88,72,90,112,86,127,102,117,97,102,127,88,99,97,135,75,121,116,115,91,86,81,74,73,85,104,95,80,71,76,88,105,92,75,104,116,114,112,122,109,119,109,132,99,147,139,133,124,104,111,148,130,111,127,128,125,147,137,126,139,142,135,138,133,118,113,110,130,107,102,95,84,84,86,65,83,67,68,56,52,44,44,38,32,36,17,20,24,20,9,9,10,3,6,4,5,0,0,0,0,1,0,0,9074,85,66,91,71,92,76,82,87,95,97,100,94,120,101,103,120,119,112,85,77,95,90,77,73,62,90,65,93,69,69,103,88,110,96,111,106,98,99,113,112,139,99,112,108,108,119,139,127,130,116,153,134,128,141,136,136,155,132,145,149,144,160,147,155,122,136,101,132,114,101,113,92,87,106,98,87,74,68,74,64,66,53,57,64,43,48,34,37,42,31,29,25,22,14,9,6,5,6,5,0,5,0,0,17653,8664,448,545,545,311,205,84,81,226,422,459,568,600,608,639,670,274,384,221,337,407,320,187,123,8989,404,437,517,351,162,95,90,209,385,504,525,564,629,687,715,303,422,237,346,493,360,265,289,165,80,2,1,1,0,0,0,1,0,0,0,0,0,0,0,0,0,0,0,0,0,1,0,0,0,0,1,0,0,0,0,0,1,49,41,26,0,0,0,26,0,0,0,0,0,0,15,0,0,0,0,0,0,8,0,0,0,0,8,0,4,0,0,0,4,29,25,0,0,0,0,0,0,0,0,0,0,0,25,0,0,0,0,0,0,4,0,0,0,0,4,0,0,0,0,0,4,85,2,0,0,0,0,0,0,0,0,0,0,0,0,0,0,0,0,0,0,0,2,0,0,0,0,2,0,0,0,0,0,2,25,10,6,0,0,0,6,0,0,0,0,0,0,4,0,0,0,0,0,0,15,0,0,0,0,15,0,8,0,0,0,7,58,57,0,0,0,0,0,0,0,0,0,0,0,57,0,0,0,0,0,0,1,0,0,0,0,1,0,0,0,0,0,1
"G4100010","2010","OR","4","9","Oregon","41","Baker County","001",,,,,,,,,,,,,,,"99999","99999","999",,,,,,,,,,,,,,,,,"7947008933","51831394","Baker County","A","+44.7034268","-117.6919334","06","9",,16134,8140,68,82,88,87,89,95,90,67,104,84,77,96,103,85,107,132,118,113,93,78,78,72,54,83,77,83,83,86,83,87,86,86,68,72,87,77,73,80,81,101,92,97,86,92,91,101,100,98,136,133,117,125,125,127,125,130,148,145,129,140,145,131,124,147,107,103,116,113,108,117,106,103,78,69,87,59,61,81,59,52,43,52,45,53,30,34,30,19,11,20,15,5,7,9,2,2,0,1,3,1,2,0,0,7994,76,86,109,82,85,76,81,74,82,95,85,93,81,91,92,104,101,102,79,59,63,70,77,51,60,77,68,81,76,71,81,71,42,66,75,60,62,69,74,89,81,74,77,108,104,89,124,97,116,129,137,120,145,149,125,140,115,144,159,138,145,136,132,154,94,119,113,102,114,112,103,95,93,75,81,73,67,67,57,47,59,52,53,48,36,37,38,46,26,15,27,27,13,11,11,12,2,3,4,4,4,0,0,15761,7824,414,440,468,362,170,75,62,192,370,347,364,414,539,599,680,271,375,219,335,443,310,220,155,7937,438,408,442,307,135,63,69,185,368,328,354,439,554,675,695,279,377,232,326,447,311,243,262,373,316,1,1,1,0,0,1,0,0,0,0,0,0,0,0,0,0,0,0,0,0,0,0,0,0,0,0,0,0,0,0,0,0,301,274,270,0,0,270,0,0,0,0,0,0,0,4,0,0,0,0,0,0,27,0,0,0,0,27,0,23,2,0,0,2,14,12,0,0,0,0,0,0,0,0,0,0,0,12,0,0,0,0,0,0,2,0,0,0,0,2,0,2,0,0,0,0,57,0,0,0,0,0,0,0,0,0,0,0,0,0,0,0,0,0,0,0,0,0,0,0,0,0,0,0,0,0,0,0,0,32,4,0,0,0,0,0,0,0,0,0,0,0,4,0,0,0,0,0,0,28,0,0,0,0,28,0,13,15,0,0,0,25,22,0,0,0,0,0,0,0,0,0,0,0,22,0,0,0,0,0,0,3,0,0,0,0,3,0,3,0,0,0,0
"G4100030","2010","OR","4","9","Oregon","41","Benton County","003",,,,,,,,,,,,,,,"18700","99999","102",,,,,,,,,,,,,,,,,"1750680238","6917958","Benton County","A","+44.4906234","-123.4263169","06","1",,85579,42868,371,387,369,403,388,409,419,375,410,413,464,428,453,476,465,490,470,498,1144,1878,1782,1800,1623,1279,945,797,693,603,556,542,525,440,455,441,430,417,416,411,382,468,496,417,400,430,421,453,459,454,495,559,538,513,553,519,569,550,587,583,604,580,545,510,502,534,306,356,353,298,278,244,249,225,206,185,169,180,168,177,169,137,146,116,133,110,104,97,97,85,66,49,43,49,18,26,15,18,3,2,3,0,2,0,0,42711,361,373,399,353,374,370,425,411,448,429,459,406,423,436,456,458,492,488,1154,1717,1613,1691,1361,956,713,581,576,527,537,514,466,424,453,436,418,421,416,433,426,437,463,448,408,422,463,480,486,519,529,579,568,572,611,616,666,616,618,629,624,533,523,466,526,488,323,366,376,344,296,285,261,247,250,190,206,219,185,207,220,161,180,177,175,169,152,153,134,150,133,108,78,67,55,47,35,32,11,11,8,7,9,0,0,80536,40325,1912,2020,2279,1431,1567,1408,1575,3655,3139,2273,2080,2144,2393,2645,2888,1054,1334,706,818,1023,828,600,553,40211,1855,2081,2164,1399,1333,1214,1492,2950,2701,2181,2118,2190,2587,3024,3011,983,1330,742,914,1151,977,838,976,5043,2543,46,28,0,0,0,0,0,0,0,28,0,28,0,0,0,0,0,0,0,0,18,9,0,0,0,9,6,0,0,0,0,3,2449,37,35,0,0,0,30,5,0,1,0,1,0,1,0,0,0,0,0,0,2412,2209,0,0,0,203,15,67,15,0,31,75,48,19,0,0,0,0,0,0,0,0,0,0,0,15,4,0,0,4,0,0,29,0,0,0,0,29,0,23,4,0,0,2,2500,62,39,0,0,0,0,0,0,0,39,0,39,0,0,0,0,0,0,0,0,23,9,0,0,0,14,7,0,0,0,0,7,2332,15,7,0,0,0,5,2,0,0,0,0,0,8,0,0,0,0,0,0,2317,2196,0,0,0,121,22,39,24,0,7,29,106,57,0,0,0,0,0,0,0,0,0,0,0,50,7,0,0,7,0,0,49,0,0,0,0,49,0,40,0,0,5,4
"G4100050","2010","OR","4","9","Oregon","41","Clackamas County","005",,,,,,,,,,,,,,,"38900","99999","999",,,,,,,,,,,,,,,,,"4844112024","31827481","Clackamas County","A","+45.1604934","-122.1951274","06","1",,375992,184925,2102,2215,2265,2385,2193,2333,2464,2432,2442,2582,2707,2652,2800,2780,2856,2840,2876,2945,2584,2218,2043,2014,1907,2110,2088,2126,2089,2036,2142,2116,2212,2115,2170,2179,2275,2229,2185,2237,2375,2691,2696,2649,2396,2480,2609,2753,2833,2881,2871,3013,3004,2953,3042,2985,2994,2970,3010,2792,2746,2708,2666,2477,2595,2452,1853,1901,1871,1701,1473,1424,1268,1095,1080,963,868,829,717,703,665,719,589,561,558,528,455,412,398,359,287,219,208,162,129,97,92,50,36,31,19,4,13,3,0,191067,2038,1979,2009,2109,2182,2298,2305,2312,2333,2537,2585,2567,2655,2704,2570,2671,2743,2765,2389,1983,1956,1756,1817,1955,2128,1972,2040,2107,2087,2100,2254,2196,2204,2231,2150,2261,2252,2392,2409,2754,2753,2677,2715,2483,2606,2876,2888,3028,3015,3146,3107,3086,3247,3148,3002,3170,3030,3126,2911,2794,2789,2638,2714,2773,1846,1913,1940,1908,1606,1490,1367,1246,1187,1159,991,947,909,886,956,879,808,908,806,772,737,743,678,646,617,569,411,379,302,250,222,162,120,89,43,45,49,3,1,373239,183513,11154,12243,13775,8573,4712,1990,1976,5998,10390,10863,11643,12734,14260,14888,14166,5126,6867,3755,4587,5245,3595,2622,2351,189726,10314,11773,13056,8152,4337,1945,1746,5863,10256,11003,12005,13184,14906,15547,14994,5408,7314,3838,4976,5900,4498,3875,4836,2753,1412,124,67,2,0,0,0,2,0,0,65,14,51,0,0,0,0,0,0,0,0,57,0,0,0,0,57,4,3,0,0,47,3,956,390,339,0,0,0,339,0,0,9,8,1,0,38,4,0,0,4,0,0,566,0,0,0,0,566,2,220,73,0,198,73,332,221,4,0,0,0,4,0,0,0,0,0,0,214,3,0,0,3,0,0,111,0,0,0,0,111,0,71,9,0,19,12,1341,67,33,0,0,0,0,0,0,0,33,1,32,0,0,0,0,0,0,0,0,34,0,0,0,0,34,7,0,0,0,26,1,453,94,53,0,0,0,53,0,0,3,3,0,0,38,0,0,0,0,0,0,359,0,0,0,0,359,9,217,19,0,82,32,821,535,0,0,0,0,0,0,0,0,0,0,0,518,17,0,0,17,0,0,286,0,0,0,0,286,0,201,38,0,42,5
"G4100070","2010","OR","4","9","Oregon","41","Clatsop County","007",,,,,,,,,,,,,,,"11820","99999","999",,,,,,,,,,,,,,,,,"2147227903","661312521","Clatsop County","A","+46.0245092","-123.7050140","06","2",,37039,18407,183,210,179,223,205,179,204,225,212,211,214,200,208,228,200,222,240,288,257,262,268,250,243,234,249,216,203,242,240,229,243,215,193,230,199,191,197,192,226,215,250,212,197,189,183,249,242,254,281,274,276,276,298,293,275,311,289,325,330,320,293,348,297,257,228,216,229,207,184,185,157,164,144,106,117,129,97,92,77,101,73,76,66,70,60,57,38,42,25,39,14,23,18,14,7,3,3,0,1,0,1,0,0,18632,201,208,229,234,204,200,187,219,206,191,222,198,204,231,206,209,195,226,235,244,216,205,200,212,214,203,203,189,256,226,221,178,195,192,178,193,208,179,197,219,223,225,195,185,209,237,248,245,277,295,276,263,309,291,335,344,349,333,359,331,316,283,302,318,226,229,236,215,202,174,150,146,129,133,147,118,117,108,102,102,125,116,97,73,94,74,84,49,44,57,48,40,25,23,14,8,19,15,4,2,6,0,0,36083,17843,998,1027,1049,702,425,211,203,646,1072,1048,991,1008,1277,1411,1561,640,778,442,569,683,490,337,275,18240,1075,1003,1059,611,386,168,182,581,1061,956,981,1035,1299,1468,1708,598,839,463,584,694,535,487,467,956,564,55,36,0,0,0,0,0,0,0,36,0,0,36,0,0,0,0,0,0,0,19,0,0,0,0,19,4,0,0,0,14,1,470,73,57,0,0,0,57,0,0,13,0,0,13,3,0,0,0,0,0,0,397,43,125,0,125,229,35,22,10,1,156,5,39,15,0,0,0,0,0,0,0,0,0,0,0,15,0,0,0,0,0,0,24,0,0,0,0,24,0,15,0,0,9,0,392,22,0,0,0,0,0,0,0,0,0,0,0,0,0,0,0,0,0,0,0,22,0,0,0,0,22,1,0,0,0,21,0,275,17,11,0,0,0,11,0,0,1,0,0,1,5,0,0,0,0,0,0,258,74,2,0,2,182,8,20,11,0,136,7,95,55,0,0,0,0,0,0,0,0,0,0,0,55,0,0,0,0,0,0,40,0,0,0,0,40,2,7,0,0,31,0
"G4100090","2010","OR","4","9","Oregon","41","Columbia County","009",,,,,,,,,,,,,,,"38900","99999","999",,,,,,,,,,,,,,,,,"1702546794","80219744","Columbia County","A","+45.9419320","-123.0810790","06","1",,49351,24722,305,255,312,288,287,290,310,312,332,349,381,385,358,387,375,376,393,350,331,315,278,256,233,234,222,208,234,237,227,287,270,303,269,304,294,255,286,319,326,329,362,336,352,337,367,333,374,388,376,423,413,404,396,418,417,414,398,420,378,393,352,360,358,359,264,267,276,312,227,206,193,182,146,153,115,167,128,99,82,86,67,66,77,75,56,71,46,36,42,19,15,22,15,7,7,2,4,2,0,0,0,0,0,24629,231,306,276,261,279,282,300,307,311,335,357,337,351,311,332,362,330,306,312,265,241,242,232,228,221,218,222,248,258,281,304,298,302,297,313,297,280,311,321,360,400,358,322,342,331,316,369,369,425,403,429,410,435,395,398,381,379,420,358,399,339,380,391,388,252,233,276,249,217,224,173,188,148,156,122,143,121,129,101,121,114,95,98,94,81,85,77,54,53,53,39,41,29,30,17,19,4,12,12,0,6,1,0,48852,24440,1447,1590,1884,1119,637,271,242,667,1149,1406,1492,1733,1871,2036,1989,707,976,537,744,782,552,338,271,24412,1348,1534,1685,998,570,239,242,669,1214,1502,1554,1744,1868,2055,1935,713,1026,504,685,777,604,460,486,499,282,5,3,0,0,0,0,0,0,0,3,3,0,0,0,0,0,0,0,0,0,2,0,0,0,0,2,0,0,0,0,0,2,233,172,159,0,0,0,159,0,0,0,0,0,0,13,0,0,0,0,0,0,61,0,0,0,0,61,3,24,14,0,1,19,44,37,3,0,0,0,3,0,0,0,0,0,0,34,0,0,0,0,0,0,7,0,0,0,0,7,0,0,2,0,0,5,217,9,3,0,0,0,0,0,0,0,3,3,0,0,0,0,0,0,0,0,0,6,0,0,0,0,6,0,0,0,0,0,6,109,35,28,0,0,0,28,0,0,0,0,0,0,7,0,0,0,0,0,0,74,0,0,0,0,74,0,23,17,0,3,31,99,88,0,0,0,0,0,0,0,0,0,0,0,88,0,0,0,0,0,0,11,0,0,0,0,11,1,3,0,0,0,7
"G4100110","2010","OR","4","9","Oregon","41","Coos County","011",,,,,,,,,,,,,,,"18300","99999","999",,,,,,,,,,,,,,,,,"4134068696","544389499","Coos County","A","+43.1841928","-124.0925574","06","2",,63043,31086,308,317,355,314,364,331,340,303,309,328,322,338,325,359,312,387,364,361,402,413,383,322,321,335,313,331,320,376,333,332,360,327,278,314,326,330,303,295,296,340,320,337,294,356,346,386,431,420,425,471,500,478,474,518,540,516,525,543,510,487,497,511,526,554,378,395,417,401,406,397,379,340,346,298,290,280,238,265,212,213,203,179,146,161,137,124,97,66,101,60,51,46,35,15,13,15,14,6,2,3,4,1,0,31957,289,320,332,340,303,302,337,341,294,325,287,333,329,335,337,332,389,368,391,394,314,294,316,309,339,326,332,311,299,350,335,310,314,307,318,293,292,309,272,316,305,309,363,299,364,381,424,444,450,494,528,518,534,529,547,563,574,541,583,549,573,513,491,569,448,432,458,438,452,390,372,365,353,314,310,304,260,240,240,235,236,210,195,197,172,147,141,104,121,94,76,54,39,47,38,35,24,12,8,3,14,0,0,62035,30463,1656,1603,1650,1097,807,372,309,923,1624,1527,1515,1602,2065,2455,2552,1000,1445,809,1199,1641,1190,799,623,31572,1580,1599,1616,1088,780,312,291,942,1606,1570,1474,1619,2181,2633,2780,1081,1494,886,1262,1691,1249,954,884,1008,623,31,18,0,0,0,0,0,0,0,18,0,0,18,0,0,0,0,0,0,0,13,0,0,0,0,13,0,0,0,0,3,10,497,316,297,0,0,220,68,9,0,1,0,0,1,18,0,0,0,0,0,0,181,9,5,5,0,167,20,40,11,0,29,67,95,61,0,0,0,0,0,0,0,0,0,0,0,61,0,0,0,0,0,0,34,0,0,0,0,34,0,4,0,0,14,16,385,10,2,0,0,0,0,0,0,0,2,0,0,2,0,0,0,0,0,0,0,8,0,0,0,0,8,0,1,0,0,1,6,171,42,16,0,0,0,12,4,0,0,0,0,0,26,0,0,0,0,0,0,129,10,5,5,0,114,7,37,11,0,18,41,204,145,0,0,0,0,0,0,0,0,0,0,0,145,0,0,0,0,0,0,59,0,0,0,0,59,0,21,0,0,19,19
"G4100130","2010","OR","4","9","Oregon","41","Crook County","013",,,,,,,,,,,,,,,"39260","99999","140",,,,,,,,,,,,,,,,,"7715797890","21192731","Crook County","A","+44.1630537","-120.3715849","06","2",,20978,10398,108,115,127,119,108,120,106,126,143,141,150,132,156,125,148,144,136,144,119,101,102,91,85,85,92,97,101,100,93,86,98,97,118,129,124,99,118,92,131,121,122,109,102,134,114,144,134,126,123,150,176,162,161,170,154,164,147,168,152,148,157,180,197,185,121,140,159,155,150,157,141,128,120,88,90,80,69,53,72,54,49,53,47,40,51,45,24,23,19,18,6,11,8,7,7,1,2,2,0,2,0,0,0,10580,115,99,121,112,107,116,123,129,135,110,147,126,146,158,109,139,147,113,107,80,89,90,93,78,77,100,100,91,106,90,124,113,139,118,108,139,104,82,136,118,118,108,121,123,116,133,147,137,150,183,159,161,176,155,176,162,175,199,162,165,202,180,184,195,127,164,146,133,124,139,94,113,116,95,80,66,83,70,84,72,56,66,46,50,47,52,31,31,30,26,34,27,13,11,10,3,7,2,5,3,3,0,0,20733,10288,572,629,707,424,216,101,89,255,472,560,555,575,671,814,775,333,502,298,459,560,321,236,164,10445,548,610,682,397,185,89,88,244,481,596,572,579,746,819,858,379,501,307,392,490,365,255,262,245,110,16,0,0,0,0,0,0,0,0,0,0,0,0,0,0,0,0,0,0,0,16,0,0,0,0,16,0,0,0,0,0,16,61,16,16,0,0,0,16,0,0,0,0,0,0,0,0,0,0,0,0,0,45,0,0,0,0,45,0,0,3,0,0,42,33,15,0,0,0,0,0,0,0,0,0,0,0,14,1,0,0,1,0,0,18,0,0,0,0,18,0,8,0,0,0,10,135,15,0,0,0,0,0,0,0,0,0,0,0,0,0,0,0,0,0,0,0,15,0,0,0,0,15,0,0,0,0,0,15,59,1,0,0,0,0,0,0,0,0,0,0,0,1,0,0,0,0,0,0,58,0,0,0,0,58,0,1,5,0,0,52,61,36,0,0,0,0,0,0,0,0,0,0,0,33,3,0,0,3,0,0,25,0,0,0,0,25,0,14,0,0,1,10
"G4100150","2010","OR","4","9","Oregon","41","Curry County","015",,,,,,,,,,,,,,,"15060","99999","999",,,,,,,,,,,,,,,,,"4215100613","934686544","Curry County","A","+42.4666711","-124.2114065","06","2",,22364,11041,96,68,95,94,101,84,102,89,85,99,107,90,108,114,137,120,136,135,109,90,95,93,77,87,74,80,84,100,101,101,68,72,85,79,83,91,84,90,87,100,101,104,105,85,95,141,116,153,185,157,184,171,172,182,175,203,215,236,199,192,219,216,214,253,171,192,200,234,178,161,169,174,143,169,123,108,128,114,102,90,115,79,73,66,82,62,54,44,38,26,18,18,13,7,10,10,5,0,0,0,2,0,0,11323,95,74,77,89,62,75,89,89,92,89,102,98,96,85,109,101,103,126,108,82,76,61,72,89,96,93,76,77,72,113,70,90,95,79,74,79,97,100,105,84,115,111,91,132,128,130,157,134,181,149,168,178,194,216,203,200,200,212,217,227,230,238,243,270,206,212,211,221,188,175,179,170,161,141,160,125,122,105,100,96,90,73,102,83,74,84,64,53,59,37,33,26,28,24,10,11,12,12,3,6,4,0,0,22046,10893,454,459,555,390,199,92,92,231,458,380,445,481,740,876,1029,432,635,390,566,769,535,403,282,11153,395,433,489,329,189,76,61,253,427,403,458,572,743,952,1049,466,715,421,579,804,542,400,397,318,148,2,0,0,0,0,0,0,0,0,0,0,0,0,0,0,0,0,0,0,0,2,0,0,0,0,2,2,0,0,0,0,0,84,27,24,0,0,0,24,0,0,0,0,0,0,3,0,0,0,0,0,0,57,0,2,2,0,55,13,17,9,0,7,9,62,25,0,0,0,0,0,0,0,0,0,0,0,25,0,0,0,0,0,0,37,0,0,0,0,37,0,28,0,0,4,5,170,5,0,0,0,0,0,0,0,0,0,0,0,0,0,0,0,0,0,0,0,5,0,0,0,0,5,2,0,0,0,0,3,54,7,3,0,0,0,3,0,0,0,0,0,0,4,0,0,0,0,0,0,47,0,2,2,0,45,10,19,5,0,6,5,111,46,0,0,0,0,0,0,0,0,0,0,0,46,0,0,0,0,0,0,65,0,0,0,0,65,0,58,0,0,5,2
"G4100170","2010","OR","4","9","Oregon","41","Deschutes County","017",,,,,,,,,,,,,,,"13460","99999","140",,,,,,,,,,,,,,,,,"7817065156","94747043","Deschutes County","A","+43.9151181","-121.2255751","06","1",,157733,77971,911,916,1036,1015,1031,1078,1044,1015,988,1008,987,1131,1085,1050,1045,1105,1081,1013,902,876,820,806,802,850,965,932,956,1045,1019,1023,1049,1015,993,1007,984,1009,982,1023,1113,1249,1168,1057,1026,972,1026,1044,1015,1069,1114,1092,1159,1110,1090,1119,1132,1047,1128,1152,1095,1015,1167,1111,1130,1086,811,907,821,902,711,661,693,617,545,521,487,427,363,366,369,284,338,272,252,244,267,171,178,157,122,99,83,64,47,30,24,22,11,6,7,6,2,0,1,79762,885,905,928,996,992,954,997,995,963,1002,1037,972,1006,1005,1028,1041,958,1018,898,763,778,800,787,819,877,913,993,942,1021,1024,1052,976,1021,955,1008,963,980,1065,999,1188,1169,1141,1019,1024,1056,1091,1148,1162,1149,1206,1268,1218,1205,1157,1252,1229,1241,1245,1240,1159,1158,1130,1193,1093,891,889,880,892,739,661,686,570,545,529,447,445,419,391,419,397,347,331,325,317,304,243,255,267,216,195,142,139,105,95,59,59,30,27,17,11,19,1,1,156489,77365,4902,5130,5294,3162,1727,804,790,2578,4919,5008,5338,5211,5299,5574,5415,2262,3018,1722,2269,2854,1791,1331,967,79124,4704,4911,5041,3002,1627,768,795,2470,4875,4996,5177,5388,5734,6082,6091,2273,3162,1758,2280,2756,2035,1545,1654,1244,606,51,38,0,0,0,0,0,0,0,38,4,10,24,0,0,0,0,0,0,0,13,0,0,0,0,13,3,0,0,0,4,6,412,185,168,0,0,0,168,0,0,4,3,0,1,13,0,0,0,0,0,0,227,34,0,0,0,193,80,71,5,0,8,29,143,93,0,0,0,0,0,0,0,0,0,0,0,93,0,0,0,0,0,0,50,0,0,0,0,50,2,36,3,0,6,3,638,24,16,0,0,0,0,0,0,0,16,7,9,0,0,0,0,0,0,0,0,8,0,0,0,0,8,2,0,0,0,1,5,228,59,31,0,0,0,31,0,0,4,3,0,1,24,0,0,0,0,0,0,169,30,0,0,0,139,23,91,0,0,3,22,386,224,0,0,0,0,0,0,0,0,0,0,0,223,1,0,0,1,0,0,162,0,0,0,0,162,0,124,11,0,22,5
"G4100190","2010","OR","4","9","Oregon","41","Douglas County","019",,,,,,,,,,,,,,,"40700","99999","999",,,,,,,,,,,,,,,,,"13043372940","253020349","Douglas County","A","+43.2859035","-123.1543801","06","2",,107667,53151,558,585,589,617,562,594,590,539,617,614,585,666,654,646,709,728,725,779,753,616,608,550,553,575,588,541,518,504,528,534,606,532,539,513,552,517,514,519,547,584,610,550,518,609,584,666,683,720,688,739,790,782,861,820,915,827,898,855,875,797,833,831,908,906,682,672,716,797,587,622,550,583,543,511,458,468,373,397,392,359,327,292,315,264,232,194,171,165,112,103,92,73,58,43,25,21,14,6,6,8,7,0,0,54516,539,493,564,553,588,567,558,569,562,614,598,611,639,626,617,621,701,717,647,537,591,488,518,540,553,578,521,569,524,521,612,537,575,509,495,524,538,496,505,637,623,540,595,632,635,692,718,751,757,782,869,821,841,914,852,914,863,962,895,899,889,866,889,870,681,729,739,708,619,596,600,604,544,532,486,472,463,463,441,441,372,350,351,323,289,292,241,210,231,189,156,131,116,78,72,53,41,25,25,18,14,0,0,105959,52171,2897,2947,3255,2195,1274,564,522,1635,2563,2683,2624,2815,3435,4112,4192,1651,2469,1372,1979,2621,1958,1396,1012,53788,2719,2858,3078,2021,1158,570,472,1580,2670,2707,2688,2997,3671,4279,4500,1748,2428,1456,1911,2736,2221,1624,1696,1708,980,63,17,0,0,0,0,0,0,0,17,9,8,0,0,0,0,0,0,0,0,46,0,0,0,0,46,16,2,0,0,25,3,699,206,174,0,0,0,174,0,0,4,4,0,0,18,10,7,3,0,0,0,493,0,7,7,0,486,109,92,18,0,179,88,218,118,0,0,0,0,0,0,0,0,0,0,0,114,4,2,2,0,0,0,100,0,0,0,0,100,19,34,25,0,7,15,728,61,26,0,0,0,0,0,0,0,26,20,6,0,0,0,0,0,0,0,0,35,0,0,0,0,35,25,0,0,0,7,3,297,71,43,0,0,0,43,0,0,6,6,0,0,22,0,0,0,0,0,0,226,0,0,0,0,226,51,56,26,0,60,33,370,227,0,0,0,0,0,0,0,0,0,0,0,226,1,1,0,0,0,0,143,0,0,0,0,143,15,78,30,0,8,12
"G4100210","2010","OR","4","9","Oregon","41","Gilliam County","021",,,,,,,,,,,,,,,"99999","99999","999",,,,,,,,,,,,,,,,,"3120439560","46700614","Gilliam County","A","+45.3816660","-120.2118514","06","9",,1871,965,5,7,15,16,11,11,11,5,5,10,16,15,7,12,9,15,13,19,10,6,8,4,4,11,9,16,7,5,8,4,9,18,8,14,3,5,11,8,7,14,7,13,10,18,8,12,12,19,11,19,18,15,28,14,25,13,16,16,11,22,27,17,20,12,10,17,9,10,8,12,9,11,9,7,9,5,7,6,8,7,7,6,6,2,4,4,2,4,2,2,1,0,2,0,2,0,3,0,0,0,0,0,0,906,15,5,8,6,6,7,9,10,5,12,9,7,5,10,7,9,8,13,8,1,4,7,9,4,3,6,6,6,8,8,10,9,7,8,10,6,7,9,9,6,12,16,8,8,5,12,17,21,11,15,18,13,19,21,10,18,19,24,21,15,12,12,16,19,8,15,14,16,9,12,9,14,9,7,13,3,11,9,7,3,7,7,6,9,3,9,9,1,5,8,5,0,3,4,2,0,3,2,0,0,0,0,0,1851,962,54,42,59,47,16,8,4,24,40,52,45,56,73,100,78,44,42,26,30,44,33,25,20,889,40,43,38,30,9,4,7,16,34,44,37,49,76,81,97,24,43,28,37,51,31,32,38,20,3,0,0,0,0,0,0,0,0,0,0,0,0,0,0,0,0,0,0,0,0,0,0,0,0,0,0,0,0,0,0,0,0,0,0,0,0,0,0,0,0,0,0,0,0,0,0,0,0,0,0,0,0,0,0,0,0,0,0,0,0,0,0,0,0,3,3,0,0,0,0,0,0,0,0,0,0,0,3,0,0,0,0,0,0,0,0,0,0,0,0,0,0,0,0,0,0,17,0,0,0,0,0,0,0,0,0,0,0,0,0,0,0,0,0,0,0,0,0,0,0,0,0,0,0,0,0,0,0,0,0,0,0,0,0,0,0,0,0,0,0,0,0,0,0,0,0,0,0,0,0,0,0,0,0,0,0,0,0,0,0,0,17,17,0,0,0,0,0,0,0,0,0,0,0,17,0,0,0,0,0,0,0,0,0,0,0,0,0,0,0,0,0,0
"G4100230","2010","OR","4","9","Oregon","41","Grant County","023",,,,,,,,,,,,,,,"99999","99999","999",,,,,,,,,,,,,,,,,"11728867794","1893802","Grant County","A","+44.4963261","-119.0140572","06","9",,7445,3699,24,30,31,44,33,40,35,37,41,28,32,43,47,36,57,44,49,64,52,31,25,28,34,24,27,32,36,29,34,22,39,32,31,32,31,40,29,31,44,37,28,30,37,39,31,35,50,47,64,56,59,48,48,58,65,64,76,86,67,61,82,74,53,74,54,57,68,65,60,54,55,37,38,45,45,39,39,34,25,24,36,15,20,10,16,23,13,8,10,3,9,11,6,5,7,0,0,0,0,0,1,0,0,3746,36,35,38,35,32,30,31,48,27,48,45,45,44,53,43,40,41,44,34,27,21,21,36,24,30,38,39,28,25,32,26,39,27,33,36,30,40,30,45,40,42,29,45,39,49,45,36,56,59,56,54,59,57,85,77,65,65,63,80,67,74,60,65,65,56,52,52,57,53,44,37,51,47,39,30,41,35,26,32,27,38,28,17,18,14,16,22,16,20,24,10,12,7,5,0,2,4,2,3,1,0,0,0,7340,3658,162,181,215,157,83,25,27,83,148,165,177,164,250,277,352,156,178,125,178,219,159,93,84,3682,176,184,230,125,60,21,21,90,161,159,185,204,251,331,337,134,186,104,153,199,153,109,109,105,41,0,0,0,0,0,0,0,0,0,0,0,0,0,0,0,0,0,0,0,0,0,0,0,0,0,0,0,0,0,0,0,0,21,11,7,0,0,0,7,0,0,0,0,0,0,4,0,0,0,0,0,0,10,0,0,0,0,10,0,10,0,0,0,0,20,20,0,0,0,0,0,0,0,0,0,0,0,20,0,0,0,0,0,0,0,0,0,0,0,0,0,0,0,0,0,0,64,0,0,0,0,0,0,0,0,0,0,0,0,0,0,0,0,0,0,0,0,0,0,0,0,0,0,0,0,0,0,0,0,9,9,2,0,0,0,2,0,0,0,0,0,0,7,0,0,0,0,0,0,0,0,0,0,0,0,0,0,0,0,0,0,55,51,0,0,0,0,0,0,0,0,0,0,0,51,0,0,0,0,0,0,4,0,0,0,0,4,0,0,0,0,4,0
"G4100250","2010","OR","4","9","Oregon","41","Harney County","025",,,,,,,,,,,,,,,"99999","99999","999",,,,,,,,,,,,,,,,,"26244789736","241492856","Harney County","A","+43.0643552","-118.9859493","06","9",,7422,3778,43,43,37,53,44,53,47,41,43,53,40,50,36,48,61,59,63,75,62,39,38,30,44,32,28,34,18,24,34,45,32,30,47,49,50,35,31,49,28,47,40,40,28,45,28,51,45,47,56,64,52,68,72,64,64,70,62,59,59,65,59,64,57,66,42,54,43,57,50,47,36,46,25,36,36,33,27,24,27,17,18,15,19,10,12,19,10,5,7,3,6,4,2,5,1,1,0,1,0,0,0,0,0,3644,28,44,47,33,31,39,36,45,43,47,52,47,48,36,40,60,50,49,48,27,25,28,31,27,36,29,45,30,49,43,33,36,46,35,40,45,37,32,45,39,46,33,48,45,45,49,37,44,67,74,44,53,59,63,75,55,60,65,60,53,68,45,57,68,44,42,42,41,58,28,28,38,34,25,36,30,34,29,28,19,23,22,16,16,13,16,12,16,8,13,9,7,7,5,1,1,5,3,1,0,0,0,0,7295,3682,219,235,226,174,84,28,23,98,150,202,186,178,262,319,315,123,164,97,154,179,128,74,64,3613,183,209,222,158,75,25,28,93,192,190,196,217,269,291,293,113,169,84,126,158,140,88,94,127,96,35,31,0,0,0,0,0,0,0,31,0,16,15,0,0,0,0,0,0,0,4,0,0,0,0,4,3,0,0,0,1,0,61,51,15,0,0,0,15,0,0,35,0,0,35,1,0,0,0,0,0,0,10,0,0,0,0,10,0,0,8,0,2,0,0,0,0,0,0,0,0,0,0,0,0,0,0,0,0,0,0,0,0,0,0,0,0,0,0,0,0,0,0,0,0,0,31,3,0,0,0,0,0,0,0,0,0,0,0,0,0,0,0,0,0,0,0,3,0,0,0,0,3,2,0,0,0,1,0,12,3,2,0,0,0,2,0,0,0,0,0,0,1,0,0,0,0,0,0,9,0,0,0,0,9,3,0,0,0,6,0,16,12,0,0,0,0,0,0,0,0,0,0,0,12,0,0,0,0,0,0,4,0,0,0,0,4,0,0,0,0,4,0
"G4100270","2010","OR","4","9","Oregon","41","Hood River County","027",,,,,,,,,,,,,,,"26220","99999","999",,,,,,,,,,,,,,,,,"1351841432","29106836","Hood River County","A","+45.5117753","-121.6559762","06","2",,22346,11173,148,135,151,149,162,167,156,176,169,186,190,187,150,166,171,140,165,186,192,103,114,119,134,128,135,137,158,105,149,139,161,120,155,131,153,139,163,145,145,161,153,151,169,162,155,171,179,168,186,170,165,175,171,175,178,170,155,161,164,157,134,134,122,112,85,94,81,100,62,66,46,40,67,62,48,61,49,43,39,49,36,36,27,27,35,18,23,22,17,15,14,10,10,3,3,3,0,2,1,0,2,0,0,11173,125,147,171,140,159,143,140,156,164,174,195,146,166,147,170,179,171,160,149,110,103,110,89,122,106,118,120,144,137,134,153,145,128,137,148,138,151,149,146,145,180,159,188,171,142,159,150,163,178,181,184,173,171,176,161,172,174,130,163,131,109,108,122,124,73,98,82,66,84,90,65,50,76,55,51,60,44,60,51,71,54,43,48,62,47,30,48,42,51,39,31,24,19,13,11,12,6,3,4,2,4,0,0,21559,10696,710,829,840,467,272,104,105,354,632,665,724,749,845,839,794,263,313,171,226,260,236,159,139,10863,710,740,804,502,245,96,104,309,633,694,706,822,821,856,762,217,313,177,237,293,278,243,301,787,477,108,0,0,0,0,0,0,0,0,0,0,0,0,0,0,0,0,0,0,0,108,0,0,0,0,108,0,0,0,0,108,0,349,4,0,0,0,0,0,0,0,0,0,0,0,4,0,0,0,0,0,0,345,0,0,0,0,345,0,11,1,0,331,2,20,8,0,0,0,0,0,0,0,0,0,0,0,8,0,0,0,0,0,0,12,0,0,0,0,12,0,7,0,0,5,0,310,97,0,0,0,0,0,0,0,0,0,0,0,0,0,0,0,0,0,0,0,97,0,0,0,0,97,0,0,0,0,97,0,146,12,0,0,0,0,0,0,0,0,0,0,0,12,0,0,0,0,0,0,134,0,0,0,0,134,0,10,1,0,122,1,67,52,0,0,0,0,0,0,0,0,0,0,0,52,0,0,0,0,0,0,15,0,0,0,0,15,0,8,3,0,4,0
"G4100290","2010","OR","4","9","Oregon","41","Jackson County","029",,,,,,,,,,,,,,,"32780","99999","999",,,,,,,,,,,,,,,,,"7209356169","46880700","Jackson County","A","+42.4117820","-122.6757974","06","1",,203206,99002,1168,1226,1250,1216,1260,1136,1169,1202,1218,1249,1291,1228,1247,1318,1309,1328,1336,1342,1340,1282,1283,1215,1119,1202,1201,1204,1234,1200,1184,1234,1155,1144,1165,1100,1114,1116,1081,1095,1091,1238,1305,1171,1191,1090,1154,1241,1204,1347,1429,1464,1414,1405,1399,1532,1481,1542,1519,1452,1585,1463,1558,1463,1487,1366,1127,1183,1108,1061,1016,910,874,820,761,702,663,621,575,572,566,559,491,464,407,456,367,353,301,285,231,184,150,131,98,71,57,33,21,12,10,7,3,0,0,104204,1137,1145,1195,1168,1207,1162,1155,1096,1166,1222,1253,1220,1212,1234,1270,1337,1239,1401,1356,1288,1336,1198,1266,1198,1158,1179,1153,1223,1148,1149,1247,1151,1179,1171,1136,1085,1059,1055,1171,1228,1269,1173,1115,1182,1227,1340,1374,1373,1464,1446,1592,1542,1525,1614,1636,1695,1667,1686,1579,1549,1619,1529,1542,1550,1252,1225,1194,1178,1106,966,846,885,841,745,763,727,686,677,677,691,664,591,648,563,564,580,469,441,403,319,306,215,195,145,133,87,70,45,23,12,30,1,0,199714,96948,6114,5969,6379,3975,2389,1191,1162,3413,5888,5567,5523,5762,6538,6994,7399,2950,3915,2258,2957,3763,2860,2137,1845,102766,5837,5797,6185,3962,2327,1262,1155,3563,5792,5840,5544,5912,6952,7873,8138,3139,4320,2402,3231,4043,3377,2923,3192,3492,2054,56,32,4,0,0,0,2,2,0,28,1,16,11,0,0,0,0,0,0,0,24,1,0,0,0,23,4,5,2,0,7,5,1695,362,326,0,0,0,180,146,0,0,0,0,0,36,0,0,0,0,0,0,1333,342,0,0,0,991,78,230,453,0,52,178,303,132,5,0,0,0,5,0,0,0,0,0,0,127,0,0,0,0,0,0,171,0,0,0,0,171,4,43,94,0,18,12,1438,38,9,0,0,0,0,0,0,0,9,5,4,0,0,0,0,0,0,0,0,29,0,0,0,0,29,12,3,0,0,9,5,857,85,48,0,0,0,23,25,0,2,2,0,0,35,0,0,0,0,0,0,772,446,0,0,0,326,39,148,84,0,16,39,543,330,0,0,0,0,0,0,0,0,0,0,0,330,0,0,0,0,0,0,213,0,0,0,0,213,0,171,27,0,12,3
"G4100310","2010","OR","4","9","Oregon","41","Jefferson County","031",,,,,,,,,,,,,,,"99999","99999","999",,,,,,,,,,,,,,,,,"4612211364","26231709","Jefferson County","A","+44.6437900","-121.1830211","06","9",,21720,11256,162,186,153,174,143,160,143,153,136,141,127,159,173,174,151,161,169,164,152,149,137,117,116,154,132,136,148,105,127,138,141,113,114,144,122,130,151,127,131,148,157,119,159,168,149,165,167,164,162,167,171,152,135,153,142,160,147,179,140,140,153,146,151,154,127,122,131,110,117,105,108,84,117,95,89,80,56,63,52,52,46,41,36,28,32,19,11,17,14,8,13,10,3,2,2,3,0,1,0,0,1,0,0,10464,129,138,158,139,169,136,122,151,136,164,171,148,156,159,122,151,152,160,141,136,120,115,100,127,103,123,113,110,117,106,113,113,102,114,100,125,106,129,106,134,137,131,118,138,138,138,140,165,138,167,139,135,147,148,153,123,152,155,149,140,143,155,168,165,105,118,108,122,126,121,92,73,89,81,78,80,60,49,40,43,42,38,51,36,43,27,26,17,19,16,13,17,11,12,5,4,1,1,3,1,0,0,0,20867,10471,818,733,784,493,292,121,105,341,527,532,572,655,730,705,725,287,415,247,328,483,298,179,101,10396,733,709,756,462,276,116,115,327,562,535,594,660,747,720,716,297,431,223,367,411,266,207,166,853,785,1,0,0,0,0,0,0,0,0,0,0,0,0,0,0,0,0,0,0,0,1,0,0,0,0,1,0,0,0,0,0,1,752,725,711,0,0,622,89,0,0,0,0,0,0,14,0,0,0,0,0,0,27,2,0,0,0,25,1,5,13,0,0,6,32,30,23,0,0,20,3,0,0,0,0,0,0,7,0,0,0,0,0,0,2,0,0,0,0,2,0,2,0,0,0,0,68,1,1,1,0,0,0,1,0,0,0,0,0,0,0,0,0,0,0,0,0,0,0,0,0,0,0,0,0,0,0,0,0,44,33,21,0,0,0,21,0,0,0,0,0,0,12,0,0,0,0,0,0,11,0,0,0,0,11,0,3,0,0,1,7,23,15,0,0,0,0,0,0,0,0,0,0,0,15,0,0,0,0,0,0,8,0,0,0,0,8,0,8,0,0,0,0
"G4100330","2010","OR","4","9","Oregon","41","Josephine County","033",,,,,,,,,,,,,,,"24420","99999","999",,,,,,,,,,,,,,,,,"4246719858","5644013","Josephine County","A","+42.3853819","-123.5972453","06","2",,82713,40240,400,470,411,434,415,450,463,448,431,463,521,480,465,527,521,554,601,586,579,439,417,379,411,349,401,417,384,372,394,407,402,395,401,380,411,340,390,398,436,439,426,429,422,408,489,497,516,540,536,558,638,549,649,614,565,657,627,600,606,607,692,689,683,690,537,575,547,594,483,486,450,418,432,401,387,360,338,277,305,278,250,274,213,195,202,137,178,131,130,116,74,62,41,33,23,20,8,8,5,2,2,0,0,42473,395,410,426,418,419,423,426,425,420,479,474,512,475,507,504,504,493,533,458,392,390,397,372,350,427,349,378,403,409,351,437,391,404,398,369,390,355,397,415,477,467,461,444,421,489,498,526,620,606,609,643,661,691,644,679,691,679,727,730,668,758,705,710,765,626,636,638,623,515,511,483,454,456,413,393,395,349,377,316,325,318,318,262,258,269,229,243,208,188,192,133,122,100,51,69,53,40,23,17,10,16,0,0,81112,39381,2120,2185,2414,1640,963,411,374,1140,1930,1949,1963,2130,2601,2962,3050,1366,1900,1103,1554,2073,1537,1111,905,41731,2056,2098,2386,1505,833,382,395,1137,1865,1982,2022,2262,2827,3291,3463,1450,2082,1267,1632,2171,1731,1364,1530,1601,859,281,107,1,0,0,0,1,0,0,106,3,15,88,0,0,0,0,0,0,0,174,0,0,0,0,174,16,2,0,0,0,156,426,184,137,0,0,0,137,0,0,29,0,0,29,18,0,0,0,0,0,0,242,0,0,0,0,242,54,51,33,0,11,93,152,99,0,0,0,0,0,0,0,0,0,0,0,99,0,0,0,0,0,0,53,0,0,0,0,53,0,29,6,0,11,7,742,198,21,0,0,0,0,0,0,0,20,8,8,4,0,1,0,0,1,0,0,177,0,0,0,0,177,15,0,0,0,0,162,236,45,12,0,0,0,12,0,0,4,0,4,0,27,2,0,0,2,0,0,191,0,0,0,0,191,29,80,21,0,12,49,308,219,0,0,0,0,0,0,0,0,0,0,0,214,5,0,0,5,0,0,89,0,0,0,0,89,0,70,12,0,3,4
"G4100350","2010","OR","4","9","Oregon","41","Klamath County","035",,,,,,,,,,,,,,,"28900","99999","999",,,,,,,,,,,,,,,,,"15387252316","503746014","Klamath County","A","+42.6837613","-121.6461682","06","2",,66380,33051,371,404,394,454,392,405,443,384,379,468,399,452,391,430,445,467,442,462,511,494,489,454,426,417,407,397,372,337,368,350,385,336,357,348,325,363,368,331,403,417,402,388,371,382,392,438,446,437,438,460,471,452,449,508,469,531,487,557,474,483,530,468,514,505,384,411,392,385,351,331,289,289,274,267,222,225,217,222,189,176,168,140,146,112,96,102,70,66,58,49,40,20,16,20,11,6,7,7,2,0,2,0,0,33329,372,389,407,407,410,386,386,346,369,398,387,417,402,403,453,394,451,444,480,460,452,406,433,417,370,353,359,336,357,378,353,305,339,340,379,389,336,361,371,399,412,392,367,370,408,445,462,455,465,460,513,457,518,498,483,517,561,571,553,478,550,472,484,496,375,361,377,409,321,347,306,278,309,274,227,249,229,237,226,188,173,154,159,180,148,138,107,122,115,69,62,57,35,28,27,17,10,8,12,5,9,0,0,65430,32516,2012,2077,2114,1362,840,441,403,1190,1790,1735,1860,1916,2190,2336,2521,990,1393,802,1064,1334,1015,658,473,32914,1980,1882,2056,1279,840,423,383,1192,1762,1711,1849,1933,2278,2459,2669,1019,1344,735,1070,1382,1112,795,761,950,535,17,8,0,0,0,0,0,0,0,8,5,3,0,0,0,0,0,0,0,0,9,2,0,0,0,7,2,1,0,0,4,0,486,71,64,0,0,0,64,0,0,1,1,0,0,6,0,0,0,0,0,0,415,286,0,0,0,129,16,28,26,0,42,17,32,14,0,0,0,0,0,0,0,0,0,0,0,14,0,0,0,0,0,0,18,0,0,0,0,18,0,8,0,0,7,3,415,24,15,0,0,0,0,0,0,0,15,9,6,0,0,0,0,0,0,0,0,9,1,0,0,0,8,2,1,0,0,5,0,273,22,13,0,0,0,13,0,0,0,0,0,0,9,0,0,0,0,0,0,251,161,0,0,0,90,10,39,17,0,22,2,118,74,0,0,0,0,0,0,0,0,0,0,0,74,0,0,0,0,0,0,44,0,0,0,0,44,0,20,2,0,22,0
"G4100370","2010","OR","4","9","Oregon","41","Lake County","037",,,,,,,,,,,,,,,"99999","99999","999",,,,,,,,,,,,,,,,,"21079871249","567917619","Lake County","A","+42.7884009","-120.3897896","06","9",,7895,4163,35,32,31,30,48,25,34,42,50,49,41,44,52,33,46,57,61,59,43,28,34,29,38,46,43,33,29,44,40,45,44,41,50,57,34,45,49,42,53,55,57,56,39,67,64,62,55,77,58,66,79,48,64,65,80,66,68,84,78,74,78,66,57,91,45,61,61,65,56,51,46,38,51,36,38,41,32,29,18,35,20,16,21,26,9,13,16,13,14,4,6,3,2,1,1,3,0,0,0,0,2,0,0,3732,22,42,45,38,43,39,25,29,43,45,47,40,44,45,35,64,48,62,33,23,25,27,26,34,27,35,35,29,25,43,31,38,27,39,36,46,34,29,38,50,39,40,39,52,62,42,49,50,55,62,64,57,70,70,80,61,69,63,63,59,55,70,59,79,53,48,43,55,50,56,43,45,26,35,28,22,36,26,28,44,24,23,26,22,13,12,13,12,11,11,6,7,8,3,4,3,0,0,0,0,0,1,0,7441,3739,176,200,216,177,68,29,27,105,144,172,183,221,251,296,344,138,192,115,165,203,152,90,75,3702,190,181,211,174,56,25,27,87,166,171,194,231,258,341,313,125,190,91,161,175,154,103,78,454,424,0,0,0,0,0,0,0,0,0,0,0,0,0,0,0,0,0,0,0,0,0,0,0,0,0,0,0,0,0,0,0,0,396,389,388,0,0,375,13,0,0,0,0,0,0,1,0,0,0,0,0,0,7,0,0,0,0,7,0,5,0,0,2,0,28,25,19,0,0,19,0,0,0,0,0,0,0,6,0,0,0,0,0,0,3,0,0,0,0,3,0,3,0,0,0,0,30,0,0,0,0,0,0,0,0,0,0,0,0,0,0,0,0,0,0,0,0,0,0,0,0,0,0,0,0,0,0,0,0,8,0,0,0,0,0,0,0,0,0,0,0,0,0,0,0,0,0,0,0,8,0,0,0,0,8,0,8,0,0,0,0,22,16,0,0,0,0,0,0,0,0,0,0,0,16,0,0,0,0,0,0,6,0,0,0,0,6,0,6,0,0,0,0
"G4100390","2010","OR","4","9","Oregon","41","Lane County","039",,,,,,,,,,,,,,,"21660","99999","999",,,,,,,,,,,,,,,,,"11792524334","437051225","Lane County","A","+43.9282763","-122.8976779","06","1",,351715,173044,1788,1873,1893,1881,1979,1837,2025,1836,1974,1927,2107,2044,2061,2040,2122,2086,2055,2252,2791,3661,4056,3582,3107,2688,2610,2557,2476,2418,2380,2365,2475,2220,2323,2156,2001,2054,2041,1900,2069,2207,2152,2113,2039,1977,2020,2179,2175,2136,2295,2331,2478,2320,2420,2395,2439,2532,2555,2592,2651,2444,2503,2468,2359,2382,1735,1724,1705,1683,1427,1356,1316,1177,1086,1046,1006,862,786,803,840,775,697,701,616,579,518,455,408,383,352,281,249,165,135,76,80,58,36,23,14,6,12,1,0,178671,1694,1776,1844,1900,1753,1698,1876,1817,1858,1928,1892,1992,1914,1984,1976,1989,1976,2042,2847,3833,3686,3399,3080,2576,2332,2462,2323,2332,2403,2410,2305,2100,2165,2102,2053,2020,1890,1936,1944,2134,2217,2037,1948,2003,2046,2204,2228,2373,2442,2535,2608,2550,2676,2676,2690,2797,2887,2905,2657,2795,2606,2462,2490,2401,1853,1818,1873,1775,1650,1471,1379,1403,1209,1143,1111,1030,957,992,953,895,953,887,898,847,908,767,750,643,650,484,422,335,251,243,179,138,105,80,50,46,43,5,1,343185,168732,9392,9587,10332,6333,4798,3706,3397,8227,12007,10995,10121,10162,10897,11828,12591,4922,6415,3405,4419,5565,4006,3035,2592,174453,8954,9171,9730,5953,4809,3312,3228,7876,11828,10687,9848,10182,11698,13128,13952,5039,6690,3672,4852,6172,4704,4308,4660,8530,4312,136,80,3,0,0,0,3,0,0,77,12,48,17,0,0,0,0,0,0,0,56,5,0,0,0,51,15,1,0,0,5,30,3761,575,456,0,0,0,400,56,0,41,16,2,23,76,2,0,0,2,0,0,3186,2066,0,0,0,1120,235,295,97,0,113,380,415,215,2,0,0,0,2,0,0,0,0,0,0,211,2,0,0,2,0,0,200,0,0,0,0,200,2,92,66,0,12,28,4218,101,31,0,0,0,0,0,0,0,31,3,21,7,0,0,0,0,0,0,0,70,17,0,0,0,53,21,1,0,0,6,25,3141,147,70,0,0,0,55,15,0,5,3,2,0,72,0,0,0,0,0,0,2994,2295,0,0,0,699,83,211,103,0,86,216,976,565,0,0,0,0,0,0,0,0,0,0,0,564,1,0,0,1,0,0,411,0,0,0,0,411,4,251,104,0,37,15
"G4100410","2010","OR","4","9","Oregon","41","Lincoln County","041",,,,,,,,,,,,,,,"99999","99999","999",,,,,,,,,,,,,,,,,"2537580591","554304210","Lincoln County","A","+44.6410762","-123.9111826","06","9",,46034,22402,255,234,209,222,235,233,213,197,237,207,231,216,205,218,237,220,261,307,269,259,252,246,213,212,211,217,232,250,233,240,240,221,230,229,238,232,219,217,209,261,255,235,186,239,225,255,261,304,329,315,319,329,368,372,423,417,400,460,411,404,424,415,415,441,373,312,337,386,287,261,267,240,270,209,211,198,164,160,131,156,134,110,138,109,88,64,72,67,46,30,35,21,23,13,5,7,5,1,2,1,0,0,0,23632,211,212,239,233,197,233,203,191,190,202,211,212,201,212,219,223,210,217,226,203,210,196,157,187,236,230,214,253,224,234,255,220,235,218,201,205,193,197,224,219,272,239,249,237,250,262,315,318,338,367,383,375,406,445,465,451,500,541,470,479,486,482,435,523,379,321,415,393,347,296,262,283,248,257,211,233,179,173,186,201,143,157,154,123,105,122,111,103,84,68,58,38,41,30,18,20,10,8,5,5,4,0,0,45272,21904,1148,1087,1104,746,441,202,221,601,1119,1128,1116,1109,1437,1783,2082,836,1225,646,929,1193,801,569,381,23368,1089,1016,1052,639,403,198,187,569,1139,1112,1028,1236,1584,2060,2434,965,1329,733,1029,1252,960,668,686,762,498,52,6,0,0,0,0,0,0,0,6,4,0,2,0,0,0,0,0,0,0,46,0,0,0,0,46,8,2,0,0,35,1,405,153,143,0,0,0,143,0,0,1,0,0,1,9,0,0,0,0,0,0,252,0,9,9,0,243,4,24,3,0,165,47,41,23,0,0,0,0,0,0,0,0,0,0,0,23,0,0,0,0,0,0,18,0,0,0,0,18,3,8,0,0,2,5,264,20,5,0,0,0,0,0,0,0,5,4,0,1,0,0,0,0,0,0,0,15,0,0,0,0,15,5,0,0,0,7,3,160,42,31,0,0,0,31,0,0,1,1,0,0,10,0,0,0,0,0,0,118,0,2,2,0,116,10,41,3,0,40,22,84,54,0,0,0,0,0,0,0,0,0,0,0,54,0,0,0,0,0,0,30,0,0,0,0,30,0,18,0,0,2,10
"G4100430","2010","OR","4","9","Oregon","41","Linn County","043",,,,,,,,,,,,,,,"10540","99999","102",,,,,,,,,,,,,,,,,"5931407318","48773626","Linn County","A","+44.4948239","-122.5437555","06","2",,116672,57578,754,825,792,836,796,786,810,801,780,789,832,855,795,812,780,747,833,815,786,779,725,673,656,643,677,752,691,726,770,719,714,723,690,660,711,728,648,731,722,748,770,710,678,677,724,684,774,776,860,833,839,790,820,841,805,862,800,881,807,841,732,760,771,763,560,574,636,592,490,492,450,424,363,385,345,301,301,255,270,255,277,228,235,182,182,177,133,118,99,83,69,55,42,28,24,12,11,9,8,2,3,0,0,59094,688,695,759,774,761,732,732,727,765,749,796,822,759,815,812,740,792,817,736,767,681,667,659,680,762,714,740,742,731,707,777,658,755,688,673,717,665,659,750,766,742,686,671,658,698,777,765,811,822,881,855,834,870,843,867,957,861,865,789,760,831,760,816,793,572,594,648,622,565,539,470,469,485,420,385,368,345,339,325,340,314,272,255,261,278,238,198,222,179,159,128,119,93,56,65,46,34,14,17,8,11,0,0,115445,56950,3995,3965,4070,2392,1545,709,654,1923,3597,3442,3519,3505,3870,4052,4156,1476,2073,1205,1559,1950,1365,1087,841,58495,3673,3699,3995,2302,1475,677,656,2084,3608,3528,3539,3434,4033,4244,4206,1583,2168,1235,1714,2210,1679,1332,1421,1227,628,16,4,0,0,0,0,0,0,0,4,4,0,0,0,0,0,0,0,0,0,12,0,0,0,0,12,2,0,1,0,1,8,509,203,177,0,0,0,177,0,0,0,0,0,0,26,0,0,0,0,0,0,306,0,0,0,0,306,65,77,66,0,27,71,103,80,2,0,0,0,2,0,0,0,0,0,0,76,2,0,0,2,0,0,23,0,0,0,0,23,2,15,0,0,6,0,599,66,50,0,0,0,0,0,0,0,50,0,0,50,0,0,0,0,0,0,0,16,0,0,0,0,16,1,1,1,0,4,9,243,97,35,0,0,0,35,0,0,36,5,0,31,26,0,0,0,0,0,0,146,0,0,0,0,146,39,65,9,0,12,21,290,237,0,0,0,0,0,0,0,0,0,0,0,234,3,0,0,3,0,0,53,0,0,0,0,53,0,33,3,0,17,0
"G4100450","2010","OR","4","9","Oregon","41","Malheur County","045",,,,,,,,,,,,,,,"36620","99999","999",,,,,,,,,,,,,,,,,"25608588996","109215531","Malheur County","A","+43.1876999","-117.6039759","06","2",,31313,16926,246,249,223,246,211,241,231,222,219,220,191,246,195,206,230,211,217,255,260,263,277,249,242,236,262,268,252,249,242,231,256,238,276,244,235,202,243,232,247,228,223,234,202,224,241,227,217,234,227,218,226,236,235,232,213,214,228,190,200,168,193,163,187,170,143,138,143,157,133,123,105,114,112,104,95,83,86,90,62,85,64,59,51,58,48,50,38,42,27,29,23,15,16,12,6,13,2,2,2,2,1,0,0,14387,216,205,237,238,240,212,214,190,209,244,219,248,187,228,227,211,215,205,213,239,198,160,163,185,136,176,152,163,179,183,157,176,163,166,140,157,144,156,172,129,158,153,146,156,168,144,183,181,177,193,178,170,170,164,174,182,214,176,193,163,170,155,157,164,142,157,143,145,143,109,115,122,108,106,118,91,77,88,90,95,66,74,82,59,69,52,69,64,65,26,40,35,24,17,22,12,7,9,2,1,2,0,0,27962,13758,1175,1133,1068,682,448,185,171,482,758,791,766,754,774,901,865,315,447,252,372,499,388,271,261,14204,1136,1069,1109,631,409,187,158,481,845,788,751,776,870,851,924,321,463,296,395,566,432,340,406,3351,3168,1,0,0,0,0,0,0,0,0,0,0,0,0,0,0,0,0,0,0,0,1,0,0,0,0,1,0,0,0,0,0,1,3020,2887,2884,0,0,2809,75,0,0,0,0,0,0,3,0,0,0,0,0,0,133,71,0,0,0,62,0,29,8,0,2,23,147,145,116,0,0,116,0,0,0,0,0,0,0,29,0,0,0,0,0,0,2,0,0,0,0,2,0,0,0,0,2,0,183,0,0,0,0,0,0,0,0,0,0,0,0,0,0,0,0,0,0,0,0,0,0,0,0,0,0,0,0,0,0,0,0,114,12,12,0,0,2,10,0,0,0,0,0,0,0,0,0,0,0,0,0,102,52,0,0,0,50,0,19,16,0,3,12,69,57,0,0,0,0,0,0,0,0,0,0,0,57,0,0,0,0,0,0,12,0,0,0,0,12,0,12,0,0,0,0
"G4100470","2010","OR","4","9","Oregon","41","Marion County","047",,,,,,,,,,,,,,,"41420","99999","999",,,,,,,,,,,,,,,,,"3062209653","26362209","Marion County","A","+44.9008984","-122.5762602","06","1",,315335,157117,2341,2374,2478,2438,2545,2370,2273,2339,2422,2293,2474,2349,2303,2301,2301,2384,2361,2470,2461,2403,2332,2226,2086,2200,2226,2262,2108,2265,2277,2335,2356,2233,2257,2189,1984,2093,1879,1981,2116,2188,2194,1966,1933,1934,2006,2007,2025,2053,2107,2123,2135,1933,2030,2122,2016,1988,2006,2021,1832,1716,1765,1732,1718,1732,1265,1295,1196,1203,1058,984,970,861,841,761,770,678,674,600,572,558,558,460,474,442,439,361,350,284,274,225,177,124,99,67,45,29,24,10,12,4,5,0,1,158218,2124,2288,2377,2330,2285,2256,2296,2284,2130,2288,2197,2245,2199,2315,2181,2194,2237,2339,2280,2342,2152,2059,2000,1993,2076,1988,2075,2135,2145,2192,2199,1997,2007,2006,1984,1932,1883,1877,2027,2028,2010,1948,1832,1867,1809,1877,1967,2008,2036,2133,2215,2072,2099,2111,2082,2080,2120,2095,2065,1943,1917,1873,1831,1816,1406,1420,1371,1406,1258,1128,1090,995,968,916,889,826,796,799,761,802,722,755,719,663,651,635,588,512,453,399,298,292,242,171,157,107,77,67,44,30,54,3,0,304906,149530,12149,11682,11696,6988,4178,1987,1975,5881,10327,10230,9600,9337,9693,9732,9197,3389,4594,2435,3169,4102,2993,2259,1937,155376,11386,11240,11113,6732,3980,1894,1915,5953,10448,10103,9669,9384,9956,10497,10208,3759,4994,2762,3740,4779,3863,3325,3676,10429,7587,301,228,7,0,0,3,4,0,0,219,6,11,202,0,2,0,0,2,0,0,73,2,0,0,0,71,53,1,0,0,5,12,6696,4950,4197,0,0,3454,671,72,0,285,0,1,284,213,255,255,0,0,0,0,1746,819,0,0,0,927,139,423,96,0,28,241,590,407,115,0,0,112,3,0,0,0,0,0,0,282,10,8,0,2,0,0,183,0,0,0,0,183,5,113,33,0,9,23,2842,94,17,0,0,0,0,0,0,0,15,13,0,2,0,2,0,0,2,0,0,77,6,0,0,0,71,53,5,0,0,1,12,1829,247,106,0,0,0,88,18,0,1,0,1,0,93,47,37,0,10,0,0,1582,1099,0,0,0,483,103,291,32,0,25,32,919,616,0,0,0,0,0,0,0,0,0,0,0,610,6,0,0,6,0,0,303,0,0,0,0,303,0,201,45,0,26,31
"G4100490","2010","OR","4","9","Oregon","41","Morrow County","049",,,,,,,,,,,,,,,"37820","99999","999",,,,,,,,,,,,,,,,,"5261843781","43778396","Morrow County","A","+45.4254956","-119.6023111","06","2",,11173,5749,82,86,75,100,72,87,98,76,89,87,113,102,81,97,97,96,104,108,86,88,71,65,56,59,59,67,53,65,82,74,56,49,73,71,67,87,71,76,66,78,57,73,73,65,71,65,81,86,61,74,98,71,96,86,82,82,78,60,71,84,86,86,71,67,49,58,45,42,34,58,33,40,46,31,30,30,25,30,23,33,28,18,15,20,13,11,10,5,8,4,5,5,1,2,0,1,0,1,0,0,2,0,0,5424,82,70,72,72,83,86,87,80,89,74,92,107,79,100,95,88,89,95,92,55,53,38,61,57,49,57,59,52,63,52,69,74,68,61,66,66,75,81,82,55,71,57,72,59,57,69,54,63,77,74,85,72,93,92,78,72,91,85,82,70,70,61,64,63,54,42,57,49,48,47,41,42,34,35,35,41,19,23,25,19,14,16,16,15,12,11,12,11,7,13,5,3,6,4,1,3,1,3,1,1,2,0,0,11150,5740,415,437,490,308,174,71,65,174,339,316,378,338,365,432,374,172,186,103,134,180,141,94,54,5410,379,416,473,272,147,53,38,167,283,338,359,316,336,418,398,131,180,99,144,187,127,72,77,23,9,0,0,0,0,0,0,0,0,0,0,0,0,0,0,0,0,0,0,0,0,0,0,0,0,0,0,0,0,0,0,0,0,8,1,0,0,0,0,0,0,0,0,0,0,0,1,0,0,0,0,0,0,7,0,0,0,0,7,0,0,7,0,0,0,1,1,0,0,0,0,0,0,0,0,0,0,0,1,0,0,0,0,0,0,0,0,0,0,0,0,0,0,0,0,0,0,14,0,0,0,0,0,0,0,0,0,0,0,0,0,0,0,0,0,0,0,0,0,0,0,0,0,0,0,0,0,0,0,0,6,0,0,0,0,0,0,0,0,0,0,0,0,0,0,0,0,0,0,0,6,0,0,0,0,6,0,0,6,0,0,0,8,2,0,0,0,0,0,0,0,0,0,0,0,2,0,0,0,0,0,0,6,0,0,0,0,6,0,0,0,0,6,0
"G4100510","2010","OR","4","9","Oregon","41","Multnomah County","051",,,,,,,,,,,,,,,"38900","99999","999",,,,,,,,,,,,,,,,,"1117054236","88853180","Multnomah County","A","+45.5476932","-122.4171728","06","1",,735334,363645,4740,4829,4792,4707,4614,4349,4339,4348,4092,4300,4147,4037,3984,3904,3892,3852,3933,4021,4447,4649,4653,4864,4990,5449,5989,6531,6552,6966,7174,7028,7404,6504,6785,6519,6340,6562,5961,5810,6064,6463,6470,5670,5222,5176,4938,5106,5024,4913,4904,5176,5096,4808,5003,4945,4846,5162,4940,4766,4779,4501,4369,4085,3996,3909,2725,2741,2566,2470,2111,1760,1769,1601,1392,1321,1285,1254,1034,1053,1038,965,944,838,855,812,802,638,583,550,512,380,310,230,198,147,103,74,73,44,28,15,33,3,0,371689,4578,4590,4606,4556,4286,4269,4237,4063,4053,4000,3938,3775,3791,3819,3790,3732,3783,3937,4351,4731,4912,5161,5268,5858,6272,6895,6823,7073,7306,7282,7263,6606,6715,6281,6071,6142,5533,5687,5571,5858,5980,5216,4847,4675,4705,4774,4839,4852,4928,4909,5114,4862,5025,5028,5047,5119,5132,5100,4772,4582,4479,4118,4264,4057,2912,2950,2777,2725,2421,2115,1995,1832,1857,1667,1661,1541,1440,1432,1477,1523,1438,1332,1391,1354,1342,1226,1165,1129,958,824,696,620,461,422,326,217,195,110,99,75,92,5,1,715751,352705,23622,21388,19872,11624,7598,3879,4311,15588,33411,32782,30153,26643,24251,23896,23571,8277,10415,5203,6217,7197,5166,4040,3601,363046,22553,20579,19046,11308,7197,4110,4580,16787,34968,32609,28535,25137,24032,24752,24427,8486,11128,5663,7158,8802,7165,6485,7539,19583,10940,374,179,3,0,0,0,3,0,0,175,37,74,64,0,1,0,0,1,0,0,195,11,0,0,0,184,63,13,2,0,63,43,9458,2400,1830,0,0,551,1186,93,0,44,16,24,4,377,149,113,13,23,0,0,7058,2975,0,0,0,4083,784,826,659,12,274,1528,1108,713,23,0,0,10,10,3,0,0,0,0,0,671,19,4,0,15,0,0,395,0,0,0,0,395,14,166,28,0,108,79,8643,317,123,0,0,0,0,0,0,0,122,21,42,59,0,1,0,0,1,0,0,194,9,0,0,0,185,51,19,2,0,78,35,6247,630,252,0,0,64,152,36,0,20,15,3,2,300,58,40,9,9,0,0,5617,3677,0,0,0,1940,293,582,355,2,247,461,2079,1348,0,0,0,0,0,0,0,0,0,0,0,1307,41,0,0,41,0,0,731,0,0,0,0,731,11,412,50,0,231,27
"G4100530","2010","OR","4","9","Oregon","41","Polk County","053",,,,,,,,,,,,,,,"41420","99999","999",,,,,,,,,,,,,,,,,"1918629058","8099319","Polk County","A","+44.9043946","-123.3973288","06","1",,75403,36689,461,467,518,496,538,465,517,520,517,521,523,560,556,562,505,536,543,570,624,729,639,657,630,561,453,492,472,460,427,406,410,375,416,409,429,417,400,380,442,461,490,453,431,425,422,466,462,510,464,451,481,486,463,482,467,519,497,463,473,482,499,461,489,437,341,346,376,360,274,288,263,247,235,219,209,192,201,177,190,159,166,144,125,142,100,119,81,85,68,58,46,42,31,24,19,6,5,6,4,1,3,0,0,38714,463,457,499,475,513,475,490,431,491,480,494,503,516,554,549,531,513,524,676,854,752,668,654,509,444,515,443,443,437,450,461,417,418,450,465,417,381,450,442,461,485,438,445,431,452,474,477,477,475,474,514,537,521,546,550,612,549,537,571,506,466,500,494,489,388,370,389,382,321,316,274,275,247,246,242,239,256,202,215,224,191,176,192,185,159,154,149,118,116,130,76,76,62,53,37,25,13,8,9,4,9,1,0,73518,35859,2470,2533,2698,1635,1012,578,604,1582,2211,2015,2080,2197,2325,2357,2423,950,1263,718,912,1167,910,655,564,37659,2404,2363,2608,1561,987,663,622,1561,2258,2194,2139,2235,2366,2653,2761,958,1364,755,1014,1267,1118,867,941,1885,830,39,20,0,0,0,0,0,0,0,20,10,0,10,0,0,0,0,0,0,0,19,9,0,0,0,10,5,0,0,0,5,0,706,110,91,0,0,0,91,0,0,0,0,0,0,19,0,0,0,0,0,0,596,487,0,0,0,109,2,69,5,0,11,22,85,69,0,0,0,0,0,0,0,0,0,0,0,69,0,0,0,0,0,0,16,0,0,0,0,16,0,8,0,0,8,0,1055,22,11,0,0,0,0,0,0,0,11,6,0,5,0,0,0,0,0,0,0,11,7,0,0,0,4,2,0,0,0,2,0,854,46,27,0,0,0,27,0,0,1,1,0,0,18,0,0,0,0,0,0,808,733,0,0,0,75,5,57,0,0,11,2,179,143,0,0,0,0,0,0,0,0,0,0,0,143,0,0,0,0,0,0,36,0,0,0,0,36,0,18,0,0,18,0
"G4100550","2010","OR","4","9","Oregon","41","Sherman County","055",,,,,,,,,,,,,,,"99999","99999","999",,,,,,,,,,,,,,,,,"2133357976","19403364","Sherman County","A","+45.3992158","-120.6785124","06","9",,1765,896,8,6,10,8,12,6,9,12,11,9,14,12,10,10,5,13,14,12,7,5,6,4,6,10,16,8,9,7,8,7,10,7,9,13,10,7,15,12,13,6,8,8,6,7,8,13,10,15,12,16,17,15,20,20,21,7,11,17,17,10,18,17,10,19,11,7,13,12,12,8,10,13,5,8,5,8,7,12,7,7,6,2,6,7,7,2,1,4,6,0,3,3,3,1,0,2,0,0,0,0,0,0,0,869,6,12,14,5,12,6,11,10,11,9,11,4,14,11,8,7,11,6,16,4,6,4,10,6,12,12,8,12,10,6,5,11,9,6,10,7,4,6,6,9,9,7,8,10,7,17,12,10,16,24,21,11,16,12,17,15,13,14,10,11,14,11,12,12,16,13,11,9,13,13,13,10,9,6,13,12,7,7,5,3,7,3,10,7,6,4,4,3,4,1,0,1,1,1,0,0,1,0,0,0,0,0,0,1765,896,44,47,51,39,12,6,4,32,39,49,53,37,66,93,62,35,40,20,32,41,41,28,25,869,49,47,48,24,20,6,4,28,48,41,32,41,79,77,63,25,40,24,35,51,34,33,20,0,0,0,0,0,0,0,0,0,0,0,0,0,0,0,0,0,0,0,0,0,0,0,0,0,0,0,0,0,0,0,0,0,0,0,0,0,0,0,0,0,0,0,0,0,0,0,0,0,0,0,0,0,0,0,0,0,0,0,0,0,0,0,0,0,0,0,0,0,0,0,0,0,0,0,0,0,0,0,0,0,0,0,0,0,0,0,0,0,0,0,0,0,0,0,0,0,0,0,0,0,0,0,0,0,0,0,0,0,0,0,0,0,0,0,0,0,0,0,0,0,0,0,0,0,0,0,0,0,0,0,0,0,0,0,0,0,0,0,0,0,0,0,0,0,0,0,0,0,0,0,0,0,0,0,0,0,0,0,0,0,0,0,0,0,0,0,0,0,0,0,0,0,0,0,0,0,0,0,0,0,0,0,0,0,0,0,0,0,0,0,0,0,0,0
"G4100570","2010","OR","4","9","Oregon","41","Tillamook County","057",,,,,,,,,,,,,,,"99999","99999","999",,,,,,,,,,,,,,,,,"2855668955","596172498","Tillamook County","A","+45.4557425","-123.7593269","06","9",,25250,12740,137,149,144,130,136,152,138,144,127,137,145,139,136,152,154,168,171,167,171,152,119,114,113,123,122,123,147,103,159,118,139,133,121,135,125,122,138,131,139,139,145,147,146,149,138,139,154,160,189,183,184,213,221,208,172,208,233,214,220,247,237,208,237,208,167,150,168,189,196,142,156,125,133,116,112,111,105,78,76,95,75,77,66,59,59,47,38,24,35,21,7,8,7,8,5,1,4,4,1,1,2,0,0,12510,119,135,131,146,134,146,132,122,128,129,120,119,139,129,130,125,136,159,125,105,92,101,95,102,129,103,112,146,128,111,119,125,122,121,90,123,112,104,137,150,145,148,123,131,134,145,166,158,144,183,195,221,207,227,220,236,221,224,237,263,219,202,225,245,188,193,214,204,151,143,145,151,132,113,111,90,90,97,112,107,97,86,87,69,55,64,50,35,27,26,20,25,13,16,17,8,8,7,4,0,5,0,0,24774,12342,692,694,718,481,273,108,104,336,602,609,631,691,789,980,1109,440,610,316,522,639,458,333,207,12432,665,656,632,419,227,92,98,323,600,574,617,677,793,1064,1177,419,654,403,496,651,492,386,317,476,398,41,31,0,0,0,0,0,0,0,31,6,0,25,0,0,0,0,0,0,0,10,0,0,0,0,10,0,2,0,0,2,6,331,307,253,0,0,197,56,0,0,52,0,0,52,2,0,0,0,0,0,0,24,0,4,4,0,20,0,7,2,0,4,7,26,20,2,0,0,0,2,0,0,0,0,0,0,18,0,0,0,0,0,0,6,0,0,0,0,6,0,6,0,0,0,0,78,7,3,0,0,0,0,0,0,0,3,3,0,0,0,0,0,0,0,0,0,4,0,0,0,0,4,0,0,0,0,3,1,44,14,11,0,0,0,11,0,0,1,0,0,1,2,0,0,0,0,0,0,30,0,2,2,0,28,0,16,3,0,0,9,27,23,0,0,0,0,0,0,0,0,0,0,0,23,0,0,0,0,0,0,4,0,0,0,0,4,0,3,0,0,1,0
"G4100590","2010","OR","4","9","Oregon","41","Umatilla County","059",,,,,,,,,,,,,,,"37820","99999","999",,,,,,,,,,,,,,,,,"8328130471","41173770","Umatilla County","A","+45.5911997","-118.7338795","06","2",,75889,39528,549,584,595,588,600,573,587,526,560,553,633,546,570,528,576,563,630,600,591,566,568,569,534,500,550,606,599,597,583,534,560,541,537,541,510,518,500,505,520,534,589,505,529,463,498,549,568,519,530,536,538,503,542,537,510,582,509,523,511,501,429,434,446,442,332,315,336,294,276,275,256,272,211,214,185,183,147,150,149,135,141,108,107,117,120,95,65,66,61,51,44,34,23,12,15,6,7,1,3,2,3,0,0,36361,520,518,578,595,518,569,570,580,555,526,558,526,554,547,516,521,536,552,567,474,476,409,395,421,430,450,436,500,445,437,443,468,399,400,438,474,408,457,436,484,486,447,420,418,443,480,467,446,457,488,519,482,499,496,482,504,543,481,442,461,422,405,432,403,374,329,338,289,267,287,228,235,220,213,206,215,184,201,171,143,152,165,178,174,146,110,109,92,115,88,73,63,33,46,31,15,21,18,6,8,9,0,0,71904,35848,2912,2796,2847,1774,1090,492,471,1229,2268,2184,2130,2177,2347,2397,2454,819,1168,621,811,1105,734,568,454,36056,2727,2798,2701,1597,1037,471,406,1238,2251,2136,2250,2194,2322,2465,2411,825,1201,657,836,1096,893,792,752,3985,3680,32,12,1,0,0,1,0,0,0,11,0,11,0,0,0,0,0,0,0,0,20,10,0,0,0,10,0,2,0,0,3,5,3462,3328,3262,0,0,3247,0,15,0,1,0,1,0,31,34,34,0,0,0,0,134,2,6,6,0,126,0,60,35,0,7,24,186,169,98,0,0,98,0,0,0,0,0,0,0,70,1,0,0,1,0,0,17,0,0,0,0,17,0,10,6,0,1,0,305,16,4,0,0,0,0,0,0,0,4,4,0,0,0,0,0,0,0,0,0,12,0,0,0,0,12,0,1,0,0,10,1,137,26,2,0,0,2,0,0,0,0,0,0,0,9,15,15,0,0,0,0,111,0,7,7,0,104,0,59,14,0,14,17,152,117,0,0,0,0,0,0,0,0,0,0,0,115,2,0,0,2,0,0,35,0,0,0,0,35,0,27,3,0,1,4
"G4100610","2010","OR","4","9","Oregon","41","Union County","061",,,,,,,,,,,,,,,"29260","99999","999",,,,,,,,,,,,,,,,,"5274784008","4995881","Union County","A","+45.3040466","-117.9991356","06","2",,25748,12678,159,162,169,187,157,169,168,161,176,168,153,151,132,166,164,187,176,195,206,261,186,173,219,180,159,167,188,160,158,155,138,153,132,136,150,126,109,109,141,113,132,151,112,125,156,126,125,145,177,158,174,155,186,204,169,225,228,187,215,187,193,178,195,180,135,127,145,150,112,101,111,123,90,86,87,78,64,59,74,71,49,68,54,33,41,37,35,26,29,22,20,11,14,3,5,9,4,2,0,0,0,1,0,13070,154,163,165,154,160,141,151,162,159,164,167,137,157,164,149,131,159,160,191,262,225,222,229,174,162,165,162,162,184,110,157,134,114,116,122,128,128,133,130,150,128,129,114,157,109,146,184,174,196,187,167,207,211,214,193,214,198,190,167,191,182,186,175,185,142,125,135,129,139,124,115,108,84,86,84,75,105,69,96,91,73,85,56,72,59,59,52,48,44,48,35,42,28,13,28,16,8,9,12,5,10,0,0,25013,12355,834,842,765,541,330,165,165,535,810,701,594,676,728,883,1032,369,508,271,361,491,340,231,183,12658,795,775,773,444,323,209,206,558,777,639,668,631,884,985,954,366,495,255,385,468,414,308,346,735,323,18,18,0,0,0,0,0,0,0,18,5,0,13,0,0,0,0,0,0,0,0,0,0,0,0,0,0,0,0,0,0,0,241,49,5,0,0,0,5,0,0,31,1,0,30,13,0,0,0,0,0,0,192,160,0,0,0,32,0,24,4,0,4,0,64,62,0,0,0,0,0,0,0,0,0,0,0,62,0,0,0,0,0,0,2,0,0,0,0,2,0,2,0,0,0,0,412,10,8,0,0,0,0,0,0,0,8,5,0,3,0,0,0,0,0,0,0,2,2,0,0,0,0,0,0,0,0,0,0,211,13,0,0,0,0,0,0,0,0,0,0,0,13,0,0,0,0,0,0,198,166,0,0,0,32,0,23,0,0,6,3,191,172,0,0,0,0,0,0,0,0,0,0,0,172,0,0,0,0,0,0,19,0,0,0,0,19,0,19,0,0,0,0
"G4100630","2010","OR","4","9","Oregon","41","Wallowa County","063",,,,,,,,,,,,,,,"99999","99999","999",,,,,,,,,,,,,,,,,"8148590560","14199323","Wallowa County","A","+45.5937530","-117.1855796","06","9",,7008,3439,32,42,38,37,34,39,23,35,34,51,43,31,23,31,46,27,38,44,33,29,27,16,23,29,31,21,29,30,36,35,33,30,24,34,43,38,24,32,22,28,27,35,23,31,44,26,43,39,43,49,65,48,58,59,66,65,76,77,75,57,56,75,77,77,46,39,60,54,40,53,42,56,43,40,32,25,33,33,27,25,31,23,21,17,16,14,11,16,14,14,9,8,2,4,2,1,1,1,0,0,0,0,0,3569,38,35,31,37,47,37,49,33,34,49,33,39,30,34,44,30,36,35,36,15,22,19,26,39,36,36,27,33,36,28,33,37,35,35,23,31,31,24,25,29,38,32,34,45,29,46,66,47,72,50,60,66,65,54,68,77,70,70,71,69,58,68,70,53,45,53,59,55,50,36,30,40,40,36,24,24,26,31,32,27,23,24,25,25,27,22,23,16,12,10,12,11,10,4,4,1,0,3,0,0,4,0,0,6903,3392,183,182,174,109,62,27,16,83,148,164,144,158,198,293,337,131,197,98,147,212,140,104,85,3511,188,202,180,101,51,20,19,101,158,162,139,175,279,311,357,124,168,111,141,168,135,118,103,105,47,0,0,0,0,0,0,0,0,0,0,0,0,0,0,0,0,0,0,0,0,0,0,0,0,0,0,0,0,0,0,0,0,26,11,0,0,0,0,0,0,0,0,0,0,0,11,0,0,0,0,0,0,15,0,0,0,0,15,0,0,14,0,1,0,21,20,0,0,0,0,0,0,0,0,0,0,0,20,0,0,0,0,0,0,1,0,0,0,0,1,0,0,0,0,1,0,58,0,0,0,0,0,0,0,0,0,0,0,0,0,0,0,0,0,0,0,0,0,0,0,0,0,0,0,0,0,0,0,0,15,4,0,0,0,0,0,0,0,0,0,0,0,4,0,0,0,0,0,0,11,0,0,0,0,11,0,2,6,0,3,0,43,41,0,0,0,0,0,0,0,0,0,0,0,41,0,0,0,0,0,0,2,0,0,0,0,2,0,2,0,0,0,0
"G4100650","2010","OR","4","9","Oregon","41","Wasco County","065",,,,,,,,,,,,,,,"45520","99999","999",,,,,,,,,,,,,,,,,"6168106312","35946723","Wasco County","A","+45.1645359","-121.1650693","06","2",,25213,12506,166,156,161,166,167,170,162,161,169,153,155,142,176,173,149,196,170,188,180,170,157,120,135,115,161,167,165,134,136,160,155,119,137,143,153,135,125,120,161,139,163,144,135,145,126,148,160,145,154,162,190,180,193,172,193,182,180,225,219,177,191,189,209,185,145,142,164,137,114,121,120,98,84,89,75,85,72,59,62,70,59,50,51,38,43,48,54,44,38,30,19,24,8,8,7,4,2,4,0,0,4,0,0,12707,166,165,155,163,168,153,142,138,149,192,167,156,175,159,146,156,153,165,160,119,139,139,136,141,132,152,146,150,132,136,130,141,139,129,143,140,130,139,126,144,172,121,113,157,160,139,165,178,159,190,200,203,183,166,213,205,198,169,185,192,198,183,191,195,138,140,135,133,116,112,109,95,86,108,86,88,98,103,73,82,77,70,78,82,59,76,62,62,61,44,37,32,23,22,13,23,8,9,7,5,9,0,0,24472,12081,800,808,787,534,337,152,116,374,724,685,661,691,745,905,965,372,521,303,362,461,328,214,236,12391,802,764,788,469,279,136,134,391,697,664,666,714,823,958,941,377,522,270,358,472,425,334,407,741,425,51,19,0,0,0,0,0,0,0,19,0,0,19,0,0,0,0,0,0,0,32,0,0,0,0,32,0,0,0,0,32,0,251,113,93,0,0,0,93,0,0,0,0,0,0,20,0,0,0,0,0,0,138,0,0,0,0,138,4,7,7,0,89,31,123,119,0,0,0,0,0,0,0,0,0,0,0,119,0,0,0,0,0,0,4,0,0,0,0,4,0,0,2,0,2,0,316,45,1,0,0,0,0,0,0,0,1,0,0,1,0,0,0,0,0,0,0,44,0,0,0,0,44,2,0,0,0,38,4,114,24,14,0,0,0,14,0,0,0,0,0,0,10,0,0,0,0,0,0,90,0,0,0,0,90,0,7,4,0,70,9,157,145,0,0,0,0,0,0,0,0,0,0,0,145,0,0,0,0,0,0,12,0,0,0,0,12,0,3,0,0,4,5
"G4100670","2010","OR","4","9","Oregon","41","Washington County","067",,,,,,,,,,,,,,,"38900","99999","999",,,,,,,,,,,,,,,,,"1875746999","5672547","Washington County","A","+45.5535419","-123.0976146","06","1",,529710,260524,3924,3852,4002,3931,3865,4004,3936,3943,3905,3852,3931,3845,3777,3832,3834,3824,3708,3709,3354,2867,2894,2798,3021,3359,3639,3980,3931,4110,4127,4158,4372,4172,4341,4038,4061,4234,4015,4078,4316,4393,4380,4140,3920,3746,3767,3877,3756,3782,3778,3730,3684,3494,3589,3546,3388,3489,3193,3126,2905,2769,2655,2517,2572,2526,1892,1884,1734,1666,1486,1242,1191,1137,997,951,830,867,764,754,650,672,624,607,581,576,504,465,413,340,316,283,231,158,108,121,76,50,37,31,13,5,7,0,0,269186,3655,3649,3758,3893,3719,3759,3718,3821,3651,3707,3687,3643,3619,3608,3510,3632,3622,3513,3153,2791,2764,2807,3016,3509,3828,4001,4032,4124,4276,4304,4329,4063,4332,4109,4165,4103,4000,3995,4069,4449,4325,4097,3737,3622,3684,3868,3783,3940,3830,3909,3809,3759,3796,3671,3613,3566,3548,3468,3187,2987,3114,2852,2907,2803,2190,2104,2002,1935,1665,1508,1455,1402,1203,1218,1115,1119,983,993,940,952,944,918,909,888,824,800,797,721,601,581,438,404,334,241,222,146,119,76,76,48,54,3,0,522922,257757,19549,19616,19166,11148,6004,2777,2710,9818,20038,20751,20832,19766,18752,17567,15342,5135,6941,3594,4352,5049,3638,2772,2440,265165,18643,18624,18043,10719,5654,2588,2685,10145,20435,20676,20334,19241,19124,18487,16628,5923,7834,4079,5053,6277,4818,4208,4947,6788,2767,195,101,9,0,0,4,4,1,0,92,21,71,0,0,0,0,0,0,0,0,94,19,0,0,0,75,19,6,0,0,38,12,2046,1155,1040,0,0,394,473,173,0,5,5,0,0,92,18,13,0,5,0,0,891,319,0,0,0,572,24,309,72,0,126,41,526,249,10,0,0,6,4,0,0,0,0,0,0,236,3,0,0,3,0,0,277,0,0,0,0,277,0,85,28,0,164,0,4021,135,41,5,0,0,3,2,0,0,36,11,25,0,0,0,0,0,0,0,0,94,21,0,0,0,73,15,3,0,0,41,14,2530,1376,1260,0,0,1133,95,32,0,6,0,6,0,108,2,2,0,0,0,0,1154,549,0,0,0,605,30,329,44,0,146,56,1356,693,8,0,0,8,0,0,0,0,0,0,0,677,8,0,0,8,0,0,663,0,0,0,0,663,1,215,49,0,343,55
"G4100690","2010","OR","4","9","Oregon","41","Wheeler County","069",,,,,,,,,,,,,,,"99999","99999","999",,,,,,,,,,,,,,,,,"4441179416","1242192","Wheeler County","A","+44.7364108","-120.0268750","06","9",,1441,718,7,11,6,9,6,5,10,5,4,9,8,4,8,8,9,8,12,8,18,6,7,4,4,3,4,4,5,7,15,3,5,7,10,7,5,4,6,7,6,4,3,4,3,4,8,7,9,8,11,6,9,13,6,17,8,14,10,11,23,12,9,8,9,14,8,17,18,14,16,12,13,18,7,6,2,10,6,7,7,7,10,10,2,4,3,2,0,1,3,4,0,1,0,1,1,2,0,2,0,0,0,0,0,723,13,4,3,2,8,5,3,8,6,4,6,14,0,10,11,8,8,9,4,0,3,5,3,3,5,6,5,6,5,8,4,6,4,4,5,11,1,8,3,9,5,4,6,12,10,8,16,5,10,14,7,13,12,14,7,17,11,14,15,15,13,8,17,16,10,18,7,13,11,11,13,10,12,10,10,10,7,5,10,13,8,6,2,5,6,4,3,3,6,4,3,1,0,0,0,2,0,1,0,0,0,0,0,1416,705,39,33,37,24,22,7,4,11,34,34,27,22,41,52,70,17,31,35,42,45,36,27,15,711,30,26,41,25,4,3,5,11,30,23,32,37,53,52,72,21,43,25,35,55,42,22,24,25,13,4,0,0,0,0,0,0,0,0,0,0,0,0,0,0,0,0,0,0,0,4,4,0,0,0,0,0,0,0,0,0,0,3,0,0,0,0,0,0,0,0,0,0,0,0,0,0,0,0,0,0,0,3,2,0,0,0,1,0,0,0,0,0,1,6,6,0,0,0,0,0,0,0,0,0,0,0,6,0,0,0,0,0,0,0,0,0,0,0,0,0,0,0,0,0,0,12,0,0,0,0,0,0,0,0,0,0,0,0,0,0,0,0,0,0,0,0,0,0,0,0,0,0,0,0,0,0,0,0,1,0,0,0,0,0,0,0,0,0,0,0,0,0,0,0,0,0,0,0,1,1,0,0,0,0,0,0,0,0,0,0,11,11,0,0,0,0,0,0,0,0,0,0,0,11,0,0,0,0,0,0,0,0,0,0,0,0,0,0,0,0,0,0
"G4100710","2010","OR","4","9","Oregon","41","Yamhill County","071",,,,,,,,,,,,,,,"38900","99999","999",,,,,,,,,,,,,,,,,"1854068926","6429807","Yamhill County","A","+45.2481382","-123.3161171","06","1",,99193,49787,616,635,694,694,699,718,675,709,727,696,772,713,662,745,731,780,766,738,819,895,822,755,674,625,599,577,617,632,660,682,666,588,668,675,615,678,641,630,697,665,710,709,621,704,625,702,669,717,692,695,669,678,702,700,718,670,666,621,619,593,581,516,584,575,445,437,440,441,400,321,321,273,264,250,222,234,211,196,213,188,192,176,138,170,137,127,111,99,92,59,52,44,43,32,29,17,9,7,5,1,4,0,1,49406,595,630,650,626,610,621,652,632,685,693,745,734,691,668,688,701,705,733,811,899,885,771,678,543,520,515,525,584,604,604,590,634,614,562,615,576,590,572,589,656,682,642,594,607,601,596,633,695,683,709,711,765,664,715,697,656,703,706,657,589,613,594,577,596,415,443,471,465,385,365,327,275,297,288,272,262,222,254,252,253,227,240,220,219,215,186,197,171,165,120,112,79,81,55,59,36,35,22,14,9,16,1,0,93732,46320,3330,3518,3584,2209,1273,538,581,1652,2831,2834,2969,3046,3233,3299,3065,1060,1564,852,1138,1304,1019,768,653,47412,3101,3275,3493,2085,1058,519,539,1626,2811,3004,2964,3093,3295,3529,3285,1192,1573,908,1196,1434,1206,1045,1181,5461,3467,129,16,0,0,0,0,0,0,0,16,16,0,0,0,0,0,0,0,0,0,113,2,0,0,0,111,6,0,0,0,87,18,3116,1964,1940,231,1527,0,173,9,0,1,1,0,0,23,0,0,0,0,0,0,1152,912,0,0,0,240,10,62,26,0,81,61,222,146,31,0,31,0,0,0,0,0,0,0,0,115,0,0,0,0,0,0,76,0,0,0,0,76,0,9,3,0,38,26,1994,105,6,0,0,0,0,0,0,0,6,6,0,0,0,0,0,0,0,0,0,99,5,0,0,0,94,5,0,0,0,71,18,1549,59,37,0,6,0,24,7,0,1,1,0,0,21,0,0,0,0,0,0,1490,1326,0,0,0,164,11,40,24,0,64,25,340,221,0,0,0,0,0,0,0,0,0,0,0,221,0,0,0,0,0,0,119,0,0,0,0,119,0,23,2,0,86,8
"G4200010","2010","PA","1","2","Pennsylvania","42","Adams County","001",,,,,,,,,,,,,,,"23900","99999","564",,,,,,,,,,,,,,,,,"1343342705","8081576","Adams County","A","+39.8694707","-077.2177296","06","2",,101407,49865,575,516,563,588,605,617,645,577,606,678,608,684,630,672,663,698,710,727,780,838,838,765,740,517,513,484,533,556,547,526,488,520,533,538,552,575,509,597,661,750,657,711,721,661,740,822,805,759,825,844,756,809,770,764,757,727,718,736,707,648,667,620,675,622,450,497,513,525,457,390,401,380,341,311,316,325,284,279,251,248,201,184,211,168,137,162,129,98,103,66,48,47,28,21,21,9,5,3,5,4,4,0,0,51542,521,530,555,600,541,573,572,599,583,646,647,650,599,701,658,737,681,683,811,842,784,740,613,520,558,469,460,515,544,535,497,486,547,549,561,522,562,634,649,671,729,730,727,769,792,800,831,775,787,780,826,765,817,779,757,796,766,721,714,675,647,654,742,721,515,497,524,569,495,429,415,393,389,340,352,347,319,294,307,300,283,266,281,275,240,216,200,156,193,140,128,99,86,65,59,43,23,22,12,6,19,0,0,97414,47978,2841,3116,3236,2120,1153,540,507,1553,2547,2567,3049,3442,4028,3825,3518,1278,1741,1003,1354,1721,1354,853,632,49436,2736,2960,3238,2066,1134,490,505,1550,2493,2618,3017,3734,3955,3928,3649,1296,1957,1010,1472,1852,1495,1189,1092,3993,1887,49,33,0,0,0,0,0,0,0,33,0,33,0,0,0,0,0,0,0,0,16,2,0,0,0,14,5,0,0,0,5,4,1583,284,260,0,0,0,260,0,0,0,0,0,0,24,0,0,0,0,0,0,1299,1169,0,0,0,130,33,15,0,0,75,7,255,240,3,0,0,0,3,0,0,0,0,0,0,237,0,0,0,0,0,0,15,0,0,0,0,15,1,10,0,0,0,4,2106,76,37,0,0,0,0,0,0,0,37,0,37,0,0,0,0,0,0,0,0,39,5,0,0,0,34,9,0,0,0,15,10,1358,79,41,0,0,0,41,0,0,1,0,1,0,37,0,0,0,0,0,0,1279,1223,0,0,0,56,11,23,0,0,8,14,672,657,0,0,0,0,0,0,0,0,0,0,0,657,0,0,0,0,0,0,15,0,0,0,0,15,0,4,0,0,0,11
"G4200030","2010","PA","1","2","Pennsylvania","42","Allegheny County","003",,,,,,,,,,,,,,,"38300","99999","430",,,,,,,,,,,,,,,,,"1890884266","37418903","Allegheny County","A","+40.4689204","-079.9809196","06","1",,1223348,585650,6454,6432,6668,6454,6522,6514,6538,6443,6497,6763,7080,6815,6982,6923,7136,7526,7816,7950,8347,9075,8871,8687,8571,8783,9030,8786,8642,8569,8490,8173,8257,7424,7261,6884,6707,6735,6234,6623,7229,7734,7626,7189,7320,7409,7671,8289,8196,8355,8772,9101,9371,9520,9810,9388,9226,9292,8916,8859,8389,7833,7671,7273,7310,7108,4869,4957,4886,5344,4429,4068,3822,3948,3731,3386,3483,3187,2920,3129,3189,3204,3128,2864,2788,2628,2343,2036,1803,1418,1290,1131,813,654,506,379,266,205,132,79,36,27,49,2,2,637698,6224,6193,6365,6099,6229,6129,6300,6283,6404,6472,6642,6482,6652,6807,6877,7142,7248,7602,8227,9002,9198,8747,9053,8897,9125,9016,8411,8497,8317,8068,8059,7383,7268,6801,6536,6740,6434,6747,7186,7814,7899,7565,7576,7906,8257,8767,8790,8972,9480,9844,10329,10204,10413,10198,9840,10051,9617,9381,9019,8510,8541,8124,8146,8184,5612,5721,6049,6505,5695,5314,5052,5076,4879,4655,4684,4568,4126,4321,4624,4832,4781,4641,4586,4319,4081,3880,3409,3066,2917,2357,1937,1610,1356,1041,806,591,454,303,178,165,202,13,3,1188294,568284,32474,32709,34822,23008,12709,6837,7524,25256,41576,35721,33850,36503,41957,46653,42772,14759,19073,9734,13676,18114,15318,13211,10028,620010,31059,31550,33382,21807,11830,6978,7628,26362,42068,35884,34740,38997,45628,50723,46330,16548,21737,11668,17324,23934,21822,21144,20867,35054,17366,500,362,23,0,0,1,21,1,0,299,90,130,79,0,40,37,3,0,0,0,138,37,0,0,0,101,68,3,0,0,1,29,14685,4877,4258,0,0,1690,2313,255,0,56,21,27,8,517,46,26,20,0,0,0,9808,8028,6,6,0,1774,329,739,208,0,31,467,2181,1901,17,0,0,11,6,0,0,0,0,0,0,1858,26,0,26,0,0,0,280,0,0,0,0,280,19,115,23,0,1,122,17688,352,210,1,0,0,0,1,0,0,195,77,87,31,0,14,14,0,0,0,0,142,44,0,0,0,98,60,3,0,0,0,35,11298,839,287,0,0,2,253,32,0,36,17,12,7,491,25,11,14,0,0,0,10459,9360,0,0,0,1099,161,552,122,0,16,248,6038,5098,0,0,0,0,0,0,0,0,0,0,0,5076,22,1,21,0,0,0,940,0,0,0,0,940,2,324,36,0,31,547
"G4200050","2010","PA","1","2","Pennsylvania","42","Armstrong County","005",,,,,,,,,,,,,,,"38300","99999","430",,,,,,,,,,,,,,,,,"1691787010","27556878","Armstrong County","A","+40.8123792","-079.4641277","06","1",,68941,34013,355,313,392,389,356,385,369,379,350,371,428,437,420,435,428,436,502,500,443,358,357,321,352,332,358,387,344,352,383,342,365,391,377,388,339,386,390,405,405,440,476,478,425,459,488,530,516,511,594,612,597,623,631,624,618,576,536,540,518,529,488,496,494,460,323,351,374,321,322,290,281,269,260,246,240,206,181,202,192,190,185,189,162,184,137,133,97,96,85,65,44,25,27,18,10,7,12,4,2,1,3,0,0,34928,343,362,364,375,356,331,348,394,333,381,406,380,375,413,440,428,462,453,416,316,305,272,284,352,348,323,333,339,403,367,343,377,343,362,380,365,371,397,430,435,449,480,448,445,511,500,499,577,546,558,597,553,604,611,582,551,520,496,501,479,503,517,492,495,333,372,355,388,360,344,348,290,290,345,289,309,237,269,267,271,265,265,258,243,225,195,192,185,157,133,102,86,65,43,39,25,21,16,10,7,9,1,0,68291,33636,1804,1854,2145,1427,792,351,315,1011,1768,1833,2000,2316,2725,3058,2668,973,1268,717,929,1287,960,836,599,34655,1795,1787,2014,1340,732,303,271,982,1758,1800,1996,2328,2674,2938,2541,1012,1314,725,1081,1548,1326,1209,1181,650,377,15,14,0,0,0,0,0,0,0,14,0,6,8,0,0,0,0,0,0,0,1,0,0,0,0,1,0,0,0,0,0,1,279,182,150,0,0,0,150,0,0,0,0,0,0,32,0,0,0,0,0,0,97,0,0,0,0,97,64,28,3,0,1,1,83,71,0,0,0,0,0,0,0,0,0,0,0,71,0,0,0,0,0,0,12,0,0,0,0,12,4,3,0,0,4,1,273,8,3,0,0,0,0,0,0,0,3,0,0,3,0,0,0,0,0,0,0,5,0,0,0,0,5,0,0,0,0,3,2,59,38,9,0,0,0,9,0,0,0,0,0,0,29,0,0,0,0,0,0,21,0,0,0,0,21,0,18,0,0,0,3,206,192,0,0,0,0,0,0,0,0,0,0,0,192,0,0,0,0,0,0,14,0,0,0,0,14,0,8,0,0,6,0
"G4200070","2010","PA","1","2","Pennsylvania","42","Beaver County","007",,,,,,,,,,,,,,,"38300","99999","430",,,,,,,,,,,,,,,,,"1125900054","24167050","Beaver County","A","+40.6841401","-080.3507209","06","1",,170539,82279,903,927,982,922,894,965,911,995,866,999,1033,993,1009,994,1082,1109,1146,1215,1147,1111,911,957,934,849,897,891,883,979,1028,911,912,893,911,872,840,856,821,910,960,1069,1014,1003,1037,1138,1108,1232,1244,1343,1344,1388,1462,1472,1445,1418,1413,1377,1320,1261,1258,1111,1145,1123,1125,1112,761,786,769,814,702,700,595,641,635,581,560,567,519,503,502,527,536,435,465,385,359,293,271,212,209,152,119,80,71,47,35,25,18,8,9,4,4,0,0,88260,851,858,896,833,900,880,903,931,914,920,896,959,999,939,998,1094,1097,1065,1098,925,979,850,845,888,933,902,883,951,926,934,961,877,860,898,911,867,896,900,1035,1087,1058,1022,1105,1180,1197,1333,1298,1398,1495,1392,1566,1481,1540,1475,1469,1483,1346,1379,1336,1205,1218,1197,1175,1189,862,857,935,928,875,788,788,807,847,803,742,737,650,678,739,724,739,669,664,640,644,540,516,413,337,299,282,215,180,120,107,68,69,46,31,18,27,0,0,167157,80698,4621,4730,5109,3454,1980,769,829,2571,4554,4353,4555,5235,6485,7140,6282,2253,2975,1539,2196,2958,2560,2106,1444,86459,4334,4547,4787,3246,1797,831,759,2591,4552,4462,4755,5538,6883,7481,6700,2392,3203,1775,2560,3925,3407,3172,2762,3382,1581,31,13,0,0,0,0,0,0,0,13,9,4,0,0,0,0,0,0,0,0,18,0,0,0,0,18,5,2,8,0,0,3,1215,416,297,0,0,0,235,62,0,14,2,12,0,105,0,0,0,0,0,0,799,531,0,0,0,268,36,108,102,0,11,11,335,298,0,0,0,0,0,0,0,0,0,0,0,298,0,0,0,0,0,0,37,0,0,0,0,37,9,20,0,0,6,2,1801,19,11,0,0,0,0,0,0,0,11,11,0,0,0,0,0,0,0,0,0,8,2,0,0,0,6,3,0,2,0,0,1,861,146,42,0,0,0,26,16,0,4,2,2,0,100,0,0,0,0,0,0,715,497,0,0,0,218,13,132,45,0,6,22,921,794,0,0,0,0,0,0,0,0,0,0,0,794,0,0,0,0,0,0,127,0,0,0,0,127,7,47,2,0,10,61
"G4200090","2010","PA","1","2","Pennsylvania","42","Bedford County","009",,,,,,,,,,,,,,,"99999","99999","999",,,,,,,,,,,,,,,,,"2621835502","11936863","Bedford County","A","+39.9971150","-078.4899795","06","9",,49762,24705,276,267,264,252,287,288,305,310,302,338,323,351,319,341,337,348,328,333,290,258,259,319,207,238,239,207,230,265,236,271,246,260,271,261,240,253,294,288,351,350,367,309,366,360,384,366,366,346,394,407,445,432,411,451,372,366,369,371,357,319,331,333,321,344,244,285,258,288,235,284,237,228,222,189,188,171,159,150,163,130,136,122,133,100,90,72,70,64,47,37,34,14,18,17,11,8,7,1,1,1,2,0,0,25057,243,245,266,248,279,239,262,295,284,307,313,315,293,309,295,318,326,333,294,238,217,212,220,232,254,229,228,227,231,259,254,244,303,270,240,257,302,290,333,341,336,348,293,323,335,381,362,338,386,413,405,409,397,399,367,393,375,387,374,288,342,307,351,320,279,281,279,306,313,273,269,278,235,217,236,224,185,188,196,199,189,171,172,139,148,141,104,94,93,96,63,58,44,34,30,18,12,8,5,3,3,0,0,49211,24406,1346,1543,1671,1009,546,253,311,667,1191,1246,1505,1757,1852,2088,1774,661,900,541,804,1056,760,561,364,24805,1281,1387,1525,977,532,217,212,706,1173,1311,1522,1630,1878,1973,1811,645,944,559,887,1222,963,771,679,551,299,0,0,0,0,0,0,0,0,0,0,0,0,0,0,0,0,0,0,0,0,0,0,0,0,0,0,0,0,0,0,0,0,213,189,181,0,0,0,181,0,0,0,0,0,0,8,0,0,0,0,0,0,24,0,0,0,0,24,0,4,0,0,7,13,86,84,0,0,0,0,0,0,0,0,0,0,0,84,0,0,0,0,0,0,2,0,0,0,0,2,0,2,0,0,0,0,252,0,0,0,0,0,0,0,0,0,0,0,0,0,0,0,0,0,0,0,0,0,0,0,0,0,0,0,0,0,0,0,0,29,20,0,0,0,0,0,0,0,0,0,0,0,20,0,0,0,0,0,0,9,0,0,0,0,9,0,7,0,0,0,2,223,223,0,0,0,0,0,0,0,0,0,0,0,223,0,0,0,0,0,0,0,0,0,0,0,0,0,0,0,0,0,0
"G4200110","2010","PA","1","2","Pennsylvania","42","Berks County","011",,,,,,,,,,,,,,,"39740","99999","428",,,,,,,,,,,,,,,,,"2218341544","23955804","Berks County","A","+40.4139565","-075.9268598","06","1",,411442,201864,2396,2533,2693,2695,2684,2702,2737,2688,2741,2796,2887,2905,2799,2827,2966,3094,3056,3188,3388,3521,3250,2908,2679,2418,2420,2326,2225,2386,2332,2336,2378,2258,2269,2181,2236,2270,2293,2402,2671,2716,2928,2614,2756,2926,2954,3151,3102,3215,3112,3283,3226,3151,3100,3001,2895,2851,2684,2674,2542,2451,2413,2351,2483,2372,1739,1682,1625,1739,1440,1363,1255,1272,1190,1165,1065,1079,1073,959,949,944,871,807,805,740,635,567,457,417,369,303,233,176,149,92,71,51,29,23,16,12,15,2,0,209578,2380,2372,2460,2460,2615,2634,2674,2570,2698,2720,2688,2691,2636,2780,2649,2771,2977,2974,3261,3555,3238,2971,2784,2333,2354,2340,2244,2364,2350,2381,2438,2299,2285,2243,2286,2345,2421,2511,2670,2881,2819,2832,2929,2947,3018,3305,3210,3200,3280,3207,3159,3109,3063,3011,2926,2922,2728,2698,2593,2528,2400,2409,2676,2556,1832,1859,1835,1911,1744,1507,1436,1415,1393,1335,1345,1309,1259,1279,1251,1237,1186,1163,1162,1092,989,970,820,727,677,625,511,431,362,258,217,185,118,97,85,59,67,2,0,399419,196189,12989,13658,14346,9190,5354,2531,2478,7046,11318,11062,12134,13921,15668,15184,13076,4723,6536,3286,4498,5865,4893,3721,2712,203230,12274,13291,13435,8662,4742,2367,2441,7129,11600,11505,12779,14478,16150,15207,13404,4780,7007,3651,5102,6804,6143,5232,5047,12023,5675,204,159,3,0,0,0,3,0,0,156,32,44,80,0,0,0,0,0,0,0,45,3,0,0,0,42,21,0,15,0,6,0,4806,1335,1113,0,0,0,961,152,0,28,0,3,25,82,112,50,62,0,0,0,3471,2738,0,0,0,733,200,122,289,0,86,36,665,579,8,0,0,0,6,2,0,0,0,0,0,556,15,12,3,0,0,0,86,0,0,0,0,86,7,42,0,0,11,26,6348,87,51,0,0,0,0,0,0,0,51,36,0,15,0,0,0,0,0,0,0,36,9,0,0,0,27,12,1,6,0,8,0,4322,320,142,0,0,0,123,19,0,4,2,0,2,100,74,45,29,0,0,0,4002,3753,0,0,0,249,59,64,46,0,42,38,1939,1732,0,0,0,0,0,0,0,0,0,0,0,1714,18,17,1,0,0,0,207,0,0,0,0,207,0,124,0,0,7,76
"G4200130","2010","PA","1","2","Pennsylvania","42","Blair County","013",,,,,,,,,,,,,,,"11020","99999","999",,,,,,,,,,,,,,,,,"1361815301","3285521","Blair County","A","+40.4979262","-078.3106398","06","1",,127089,61708,710,749,775,728,756,743,800,709,764,802,777,762,722,758,742,806,863,844,1003,1322,1010,700,731,719,648,694,689,710,680,747,748,663,712,670,747,716,678,726,777,798,796,784,802,807,795,882,859,864,914,958,964,990,1024,954,946,934,862,917,936,852,852,810,869,834,550,572,626,621,562,487,483,446,463,406,390,389,337,358,315,363,281,295,253,284,245,192,198,148,142,95,90,55,43,31,30,24,14,9,1,2,5,0,0,65381,712,658,712,724,703,729,745,710,706,675,795,729,661,736,756,754,768,795,945,1137,891,746,687,618,701,729,646,742,667,727,726,679,761,722,656,722,672,686,791,858,835,797,769,831,849,866,878,894,968,975,938,925,1038,992,975,1035,1000,960,902,894,895,872,958,849,637,650,657,681,639,610,567,544,590,520,512,454,509,496,481,519,485,479,463,424,420,402,351,324,307,242,224,169,149,96,79,83,39,34,30,15,26,2,0,123417,59870,3713,3818,3760,2505,1936,922,670,2013,3434,3442,3623,3910,4404,4795,4406,1617,2208,1166,1615,2117,1670,1250,876,63547,3503,3564,3677,2312,1703,834,729,1980,3469,3512,3697,4043,4559,4843,4757,1747,2412,1294,1907,2669,2337,2034,1965,3672,1838,14,4,0,0,0,0,0,0,0,4,4,0,0,0,0,0,0,0,0,0,10,0,0,0,0,10,4,0,0,0,0,6,1263,505,228,0,0,0,226,2,0,0,0,0,0,277,0,0,0,0,0,0,758,454,0,0,0,304,16,79,145,0,3,61,561,537,0,0,0,0,0,0,0,0,0,0,0,537,0,0,0,0,0,0,24,0,0,0,0,24,0,4,0,0,0,20,1834,12,3,0,0,0,0,0,0,0,3,3,0,0,0,0,0,0,0,0,0,9,1,0,0,0,8,0,0,0,0,1,7,756,149,53,0,0,0,49,4,0,2,2,0,0,94,0,0,0,0,0,0,607,427,0,0,0,180,18,55,38,0,1,68,1066,1047,0,0,0,0,0,0,0,0,0,0,0,1047,0,0,0,0,0,0,19,0,0,0,0,19,0,9,0,0,0,10
"G4200150","2010","PA","1","2","Pennsylvania","42","Bradford County","015",,,,,,,,,,,,,,,"42380","99999","999",,,,,,,,,,,,,,,,,"2971749132","35276067","Bradford County","A","+41.7914949","-076.5021237","06","2",,62622,30828,349,361,430,409,378,376,396,372,413,375,422,415,399,435,428,416,420,493,436,302,342,276,307,319,319,317,307,339,290,341,299,337,303,298,305,283,340,355,338,390,412,421,360,406,457,486,463,495,492,496,525,507,515,509,466,524,469,480,426,413,412,429,474,407,341,374,347,358,318,296,280,261,259,238,205,221,183,188,187,131,185,139,157,100,101,97,80,63,68,47,33,43,16,13,8,6,4,5,1,1,0,0,0,31794,378,346,382,363,368,380,342,357,361,380,420,356,373,399,442,444,403,457,407,284,281,267,307,301,332,336,310,326,354,321,324,292,303,324,352,319,342,333,376,397,394,405,395,431,445,454,516,511,537,495,479,519,491,476,516,489,470,469,453,435,463,439,439,451,344,350,401,379,313,319,310,287,291,268,240,231,219,204,210,198,198,219,178,152,155,156,151,125,121,101,86,73,46,38,38,25,16,10,12,10,8,1,0,62043,30613,1927,1932,2099,1329,735,333,268,930,1579,1539,1697,2052,2421,2516,2301,838,1217,716,964,1219,891,664,446,31430,1837,1820,1990,1304,691,280,267,936,1643,1587,1761,2051,2501,2463,2295,892,1227,743,995,1370,1031,848,898,579,215,0,0,0,0,0,0,0,0,0,0,0,0,0,0,0,0,0,0,0,0,0,0,0,0,0,0,0,0,0,0,0,0,102,97,75,0,0,0,75,0,0,0,0,0,0,22,0,0,0,0,0,0,5,0,0,0,0,5,0,5,0,0,0,0,113,109,0,0,0,0,0,0,0,0,0,0,0,100,9,0,0,9,0,0,4,0,0,0,0,4,0,4,0,0,0,0,364,0,0,0,0,0,0,0,0,0,0,0,0,0,0,0,0,0,0,0,0,0,0,0,0,0,0,0,0,0,0,0,0,110,46,11,0,0,0,11,0,0,0,0,0,0,35,0,0,0,0,0,0,64,0,0,0,0,64,0,64,0,0,0,0,254,237,0,0,0,0,0,0,0,0,0,0,0,226,11,0,0,11,0,0,17,0,0,0,0,17,0,17,0,0,0,0
"G4200170","2010","PA","1","2","Pennsylvania","42","Bucks County","017",,,,,,,,,,,,,,,"37980","37964","428",,,,,,,,,,,,,,,,,"1565148677","45497815","Bucks County","A","+40.3368872","-075.1070600","06","1",,625249,306663,3172,3433,3545,3566,3739,3790,4013,3873,4027,4295,4353,4301,4375,4445,4625,4610,4678,4779,4243,3363,3368,3135,3383,3622,3598,3498,3210,3383,3380,3317,3356,3315,3214,3100,3211,3469,3310,3558,3892,4272,4407,4332,4480,4552,4718,5182,5247,5490,5427,5481,5567,5526,5544,5283,5210,4967,4732,4558,4300,4134,3955,3820,3950,3956,2720,2810,2841,2911,2371,2130,2011,1931,1858,1726,1669,1585,1378,1458,1448,1457,1265,1185,1090,1078,912,777,682,612,490,445,328,257,184,128,101,82,47,24,18,9,11,0,0,318586,3041,3235,3340,3532,3547,3556,3791,3759,3830,3985,4007,4159,4156,4278,4371,4391,4459,4458,3851,2892,2943,2922,3155,3473,3385,3398,3287,3376,3338,3388,3428,3272,3254,3295,3277,3369,3535,3767,4053,4560,4646,4587,4562,4860,5030,5358,5551,5467,5710,5716,5803,5556,5579,5190,5203,5150,4885,4649,4458,4234,4019,4059,4213,4144,2934,2938,3013,3266,2658,2414,2230,2231,2210,2065,1976,1984,1868,1816,1890,1851,1761,1733,1761,1537,1516,1431,1262,1155,1097,887,769,638,520,375,289,240,168,122,96,57,79,7,0,617016,302951,17427,19970,22008,13846,7154,3141,2942,10274,16520,15984,18353,22329,26646,27002,22586,7749,10566,5622,7379,9103,7214,5344,3792,314065,16671,18893,20933,13233,6319,2703,2727,9840,16687,16472,19210,23618,27711,27278,23291,8049,11249,5914,8261,10545,9145,7768,7548,8233,3712,368,327,1,0,0,0,1,0,0,326,233,70,23,0,0,0,0,0,0,0,41,1,0,0,0,40,29,6,0,0,3,2,2489,1250,892,0,0,0,646,246,0,186,142,39,5,172,0,0,0,0,0,0,1239,664,0,0,0,575,24,405,70,0,10,66,855,779,5,0,0,0,5,0,0,0,0,0,0,774,0,0,0,0,0,0,76,0,0,0,0,76,1,43,2,0,9,21,4521,165,111,0,0,0,0,0,0,0,111,83,21,7,0,0,0,0,0,0,0,54,0,0,0,0,54,33,9,0,0,11,1,1627,316,141,0,0,0,96,45,0,44,32,9,3,131,0,0,0,0,0,0,1311,904,0,0,0,407,43,215,78,0,42,29,2729,2492,0,0,0,0,0,0,0,0,0,0,0,2492,0,0,0,0,0,0,237,0,0,0,0,237,0,69,2,0,24,142
"G4200190","2010","PA","1","2","Pennsylvania","42","Butler County","019",,,,,,,,,,,,,,,"38300","99999","430",,,,,,,,,,,,,,,,,"2042475490","15921864","Butler County","A","+40.9138336","-079.9189599","06","1",,183862,90491,900,996,1009,1059,1135,1117,1136,1139,1142,1217,1265,1316,1198,1316,1228,1388,1383,1430,1427,1398,1238,1179,1040,1130,1009,930,931,923,934,920,968,934,980,953,952,936,1067,1105,1164,1260,1338,1229,1303,1342,1397,1515,1427,1481,1461,1557,1579,1487,1560,1564,1473,1473,1367,1348,1334,1258,1159,1098,1199,1179,771,789,772,880,740,604,648,607,558,545,516,444,461,430,383,379,386,340,339,321,313,256,245,202,163,139,106,72,44,57,38,21,18,9,4,4,7,0,0,93371,924,931,961,1009,1059,1041,1118,1087,1155,1131,1195,1169,1182,1127,1206,1184,1195,1218,1358,1562,1320,1226,1061,1006,868,832,817,933,883,910,948,1012,920,1008,927,1011,972,1095,1145,1405,1333,1327,1432,1405,1435,1469,1457,1469,1532,1578,1505,1550,1533,1491,1474,1388,1341,1393,1293,1216,1163,1225,1168,1230,840,807,890,934,833,698,663,696,712,608,542,585,516,540,571,582,564,553,533,514,478,511,471,346,362,316,289,220,170,146,92,95,54,51,23,15,32,1,0,178372,87941,5082,5736,6288,3936,1982,959,1070,3076,4554,4743,5494,6560,7361,7591,6714,2236,3104,1540,2206,2815,2045,1598,1251,90431,4876,5517,5861,3549,1791,944,1093,2838,4358,4790,5608,6904,7475,7506,6590,2368,3199,1672,2444,3179,2699,2484,2686,5490,2550,332,282,0,0,0,0,0,0,0,282,33,202,47,0,0,0,0,0,0,0,50,4,0,0,0,46,9,0,0,0,4,33,1833,343,170,0,0,0,170,0,0,103,0,77,26,70,0,0,0,0,0,0,1490,1165,0,0,0,325,65,121,63,0,4,72,385,336,0,0,0,0,0,0,0,0,0,0,0,336,0,0,0,0,0,0,49,0,0,0,0,49,9,24,2,0,2,12,2940,89,54,0,0,0,0,0,0,0,54,39,1,14,0,0,0,0,0,0,0,35,1,0,0,0,34,9,0,0,0,1,24,2002,120,35,0,0,0,35,0,0,7,0,0,7,78,0,0,0,0,0,0,1882,1695,0,0,0,187,46,64,15,0,4,58,849,815,0,0,0,0,0,0,0,0,0,0,0,815,0,0,0,0,0,0,34,0,0,0,0,34,4,22,0,0,0,8
"G4200210","2010","PA","1","2","Pennsylvania","42","Cambria County","021",,,,,,,,,,,,,,,"27780","99999","999",,,,,,,,,,,,,,,,,"1782819861","13680552","Cambria County","A","+40.4941269","-078.7152843","06","1",,143679,71003,644,692,779,790,738,791,841,755,823,742,843,806,807,806,857,917,980,921,1053,1155,1110,1041,873,853,762,801,770,755,806,811,789,814,799,806,814,819,799,852,932,999,906,911,893,962,934,1008,996,983,1134,1099,1158,1110,1249,1221,1176,1219,1171,1148,1141,1046,1052,1008,973,978,727,639,736,765,630,576,503,571,504,426,467,437,378,396,431,417,375,372,364,345,289,313,216,186,189,150,103,87,50,36,39,24,17,10,5,2,7,0,0,72676,691,674,719,743,773,731,702,717,811,794,820,738,732,810,778,777,839,854,1009,1176,1026,982,894,708,763,660,737,697,644,740,739,703,744,722,735,788,724,768,822,883,845,828,825,857,899,978,945,968,988,1053,1105,1125,1227,1237,1152,1102,1155,1081,1161,1071,1034,928,1004,1006,719,729,796,794,711,659,618,623,644,653,639,621,542,613,617,617,634,603,602,586,505,523,445,397,381,309,251,234,182,131,102,85,62,41,30,15,19,3,0,135587,65710,3640,3952,4102,2756,1529,670,699,2051,3439,3543,3915,4208,4839,5565,5488,2009,2606,1343,1911,2427,2020,1673,1325,69877,3600,3755,3878,2457,1406,623,684,2193,3441,3606,3967,4219,4890,5767,5517,1951,2707,1513,2143,3122,2935,2769,2734,8092,5293,82,77,1,0,0,0,1,0,0,76,35,10,31,0,0,0,0,0,0,0,5,1,0,0,0,4,0,0,0,0,0,4,4855,3076,2816,0,950,1441,377,48,0,25,8,5,12,43,192,0,0,0,0,192,1779,1398,0,0,0,381,11,91,196,0,6,77,356,300,59,0,28,27,4,0,0,0,0,0,0,239,2,0,0,2,0,0,56,0,0,0,0,56,0,8,5,0,0,43,2799,13,10,0,0,0,0,0,0,0,10,5,5,0,0,0,0,0,0,0,0,3,1,0,0,0,2,0,2,0,0,0,0,1986,181,55,0,5,1,47,2,0,2,1,1,0,39,85,0,0,2,0,83,1805,1550,0,0,0,255,0,99,108,0,2,46,800,729,0,0,0,0,0,0,0,0,0,0,0,715,14,0,0,14,0,0,71,0,0,0,0,71,0,39,7,0,0,25
"G4200230","2010","PA","1","2","Pennsylvania","42","Cameron County","023",,,,,,,,,,,,,,,"99999","99999","999",,,,,,,,,,,,,,,,,"1026232612","5664007","Cameron County","A","+41.4382888","-078.1983145","06","9",,5085,2499,23,22,31,21,20,22,26,26,26,30,29,13,38,25,29,34,28,43,34,24,12,19,24,23,18,19,21,31,26,28,26,18,22,15,24,25,30,38,27,27,23,33,25,29,33,39,31,39,49,49,45,46,38,41,44,51,44,43,41,40,41,41,50,65,29,29,39,26,34,35,30,12,19,14,15,17,24,18,22,18,9,18,11,8,19,17,6,7,6,2,4,3,5,2,0,0,3,0,0,0,1,0,0,2586,17,22,24,22,17,14,24,18,18,34,36,29,33,28,37,44,39,43,20,20,17,15,21,23,12,25,28,23,31,23,19,23,21,19,21,22,22,20,32,34,28,26,29,23,33,45,37,40,50,40,37,55,44,37,43,66,49,46,33,36,39,33,53,35,26,27,35,37,26,28,25,18,20,29,21,21,23,19,16,33,25,15,21,11,26,23,24,16,8,16,9,5,6,9,11,3,0,2,2,2,1,0,0,4993,2472,117,130,134,105,58,12,19,64,124,105,145,142,204,213,217,81,142,68,95,88,99,63,47,2521,102,108,163,126,40,17,15,56,126,103,129,139,210,213,229,71,113,60,88,111,108,90,104,92,27,0,0,0,0,0,0,0,0,0,0,0,0,0,0,0,0,0,0,0,0,0,0,0,0,0,0,0,0,0,0,0,0,14,1,0,0,0,0,0,0,0,0,0,0,0,1,0,0,0,0,0,0,13,0,0,0,0,13,0,9,0,0,4,0,13,9,0,0,0,0,0,0,0,0,0,0,0,9,0,0,0,0,0,0,4,0,0,0,0,4,0,4,0,0,0,0,65,0,0,0,0,0,0,0,0,0,0,0,0,0,0,0,0,0,0,0,0,0,0,0,0,0,0,0,0,0,0,0,0,13,2,0,0,0,0,0,0,0,0,0,0,0,2,0,0,0,0,0,0,11,0,0,0,0,11,0,6,0,0,5,0,52,38,0,0,0,0,0,0,0,0,0,0,0,38,0,0,0,0,0,0,14,0,0,0,0,14,0,14,0,0,0,0
"G4200250","2010","PA","1","2","Pennsylvania","42","Carbon County","025",,,,,,,,,,,,,,,"10900","99999","999",,,,,,,,,,,,,,,,,"987977465","15350043","Carbon County","A","+40.9178325","-075.7094276","06","1",,65249,32173,312,384,335,359,366,337,382,408,358,398,390,425,420,385,422,408,408,442,402,319,329,313,335,297,345,301,365,341,307,366,388,343,309,376,378,379,340,367,402,451,503,474,468,465,487,532,517,527,546,521,559,539,573,540,520,552,512,519,488,432,445,448,505,429,346,341,355,371,310,283,264,242,273,231,211,201,186,200,172,188,150,156,148,122,108,100,105,56,61,53,50,37,16,12,14,7,3,8,0,0,0,0,0,33076,297,323,394,339,378,326,373,360,377,380,378,365,375,377,393,379,387,400,335,279,290,312,314,317,330,335,380,307,320,358,348,325,318,339,366,352,367,463,386,443,482,464,467,482,491,528,530,517,519,530,511,590,526,564,546,506,481,516,468,464,438,442,410,479,330,407,365,418,344,300,269,312,289,244,281,239,229,222,235,222,228,235,231,190,202,175,182,133,139,108,97,67,76,50,38,26,18,10,7,11,11,0,0,64550,31864,1756,1883,2037,1223,706,319,303,957,1656,1771,1926,2376,2634,2719,2493,889,1276,695,957,1209,939,665,475,32686,1731,1816,1888,1166,613,290,309,957,1692,1692,2008,2381,2622,2733,2427,875,1211,767,1045,1368,1113,1009,973,699,309,40,40,0,0,0,0,0,0,0,40,18,7,15,0,0,0,0,0,0,0,0,0,0,0,0,0,0,0,0,0,0,0,175,173,144,0,0,0,144,0,0,13,0,2,11,16,0,0,0,0,0,0,2,0,0,0,0,2,0,2,0,0,0,0,94,86,0,0,0,0,0,0,0,0,0,0,0,86,0,0,0,0,0,0,8,0,0,0,0,8,0,4,0,0,0,4,390,0,0,0,0,0,0,0,0,0,0,0,0,0,0,0,0,0,0,0,0,0,0,0,0,0,0,0,0,0,0,0,0,55,35,15,0,0,0,15,0,0,1,0,1,0,19,0,0,0,0,0,0,20,0,0,0,0,20,0,12,0,0,0,8,335,309,0,0,0,0,0,0,0,0,0,0,0,309,0,0,0,0,0,0,26,0,0,0,0,26,0,15,0,0,6,5
"G4200270","2010","PA","1","2","Pennsylvania","42","Centre County","027",,,,,,,,,,,,,,,"44300","99999","999",,,,,,,,,,,,,,,,,"2874682925","7878533","Centre County","A","+40.9091603","-077.8478296","06","1",,153990,79763,727,682,678,679,710,690,640,650,680,656,717,687,658,696,741,737,693,775,1933,4045,4590,5663,4363,2044,1516,1299,1225,1175,1223,1041,1001,868,921,787,800,813,809,787,811,927,940,850,824,848,849,925,972,898,861,991,884,942,898,909,878,926,838,821,781,767,718,705,735,721,497,487,512,504,474,440,407,387,352,383,349,338,339,284,287,272,216,229,218,204,172,154,133,114,77,78,54,50,44,30,21,14,12,9,1,2,1,0,0,74227,653,610,651,708,673,586,748,658,632,680,665,619,644,679,692,656,708,754,2136,3698,4043,4672,3301,1341,1107,963,973,929,901,867,777,791,783,734,701,668,626,768,728,829,745,797,795,776,832,920,887,902,907,863,861,835,863,839,874,846,824,807,835,699,718,751,716,736,529,507,542,610,517,439,491,450,443,438,418,369,370,377,342,331,297,307,332,310,267,233,214,171,207,172,119,100,96,73,66,39,21,16,12,8,13,1,0,137001,69703,3474,3313,3493,2162,1846,2869,4605,7160,5538,4001,3802,3983,4370,4319,4004,1396,1919,983,1388,1867,1494,1000,717,67298,3294,3304,3296,2097,1743,2611,4070,5501,4597,3776,3613,3933,4466,4268,4003,1462,1975,1044,1557,2218,1745,1411,1314,16989,10060,54,40,0,0,0,0,0,0,0,40,26,5,9,0,0,0,0,0,0,0,14,14,0,0,0,0,0,0,0,0,0,0,9807,2314,2277,0,0,2022,241,14,0,5,4,0,1,32,0,0,0,0,0,0,7493,7431,0,0,0,62,6,33,4,0,0,19,199,197,40,0,0,40,0,0,0,0,0,0,0,157,0,0,0,0,0,0,2,0,0,0,0,2,0,2,0,0,0,0,6929,25,8,0,0,0,0,0,0,0,8,6,2,0,0,0,0,0,0,0,0,17,14,0,0,0,3,1,0,0,0,0,2,6475,69,35,0,0,2,33,0,0,6,2,4,0,28,0,0,0,0,0,0,6406,6359,0,0,0,47,3,29,0,0,0,15,429,427,0,0,0,0,0,0,0,0,0,0,0,427,0,0,0,0,0,0,2,0,0,0,0,2,0,2,0,0,0,0
"G4200290","2010","PA","1","2","Pennsylvania","42","Chester County","029",,,,,,,,,,,,,,,"37980","37964","428",,,,,,,,,,,,,,,,,"1943805957","22602804","Chester County","A","+39.9739654","-075.7497323","06","1",,498886,245161,2926,3089,3177,3316,3446,3428,3655,3542,3477,3589,3668,3647,3657,3619,3727,3819,3837,3943,3858,3360,3140,3022,2940,3121,2963,2853,2856,2823,2619,2734,2664,2727,2690,2658,2723,3000,2812,2987,3272,3538,3624,3554,3541,3620,3762,4040,4032,4130,4000,4113,4077,4025,4067,3887,3786,3637,3474,3382,3237,2974,2869,2678,2865,2936,2070,2095,2077,2081,1759,1571,1500,1369,1320,1167,1150,1065,963,976,1036,938,954,711,770,702,619,564,507,431,354,303,235,172,151,96,72,48,45,21,9,11,15,2,0,253725,2711,3042,3018,3192,3209,3359,3370,3536,3442,3531,3507,3413,3485,3532,3462,3488,3592,3604,3500,3400,3341,3187,2889,2906,2775,2793,2602,2702,2718,2623,2738,2720,2650,2686,2894,3037,2935,3159,3282,3743,3812,3721,3736,3827,3971,4202,4194,4180,4306,4261,4272,4228,4172,3881,3723,3761,3617,3508,3309,3098,3000,2888,3067,3005,2197,2310,2224,2305,1877,1711,1638,1547,1497,1429,1389,1347,1230,1242,1250,1246,1207,1210,1132,1052,942,960,872,751,761,663,491,445,337,258,180,160,109,82,51,41,67,3,0,485550,238770,15913,17667,18155,11314,5700,2545,2643,8438,13541,13213,15415,17906,20058,19547,16486,5452,7732,4108,5336,6385,4855,3599,2762,246780,15117,17211,17359,10639,4566,2423,2597,8124,13271,13606,16074,18996,21067,20168,17212,5854,8204,4497,5845,7350,6081,5211,5308,13336,6391,513,291,6,0,0,0,6,0,0,249,12,208,29,0,36,0,0,0,0,36,222,5,0,0,0,217,18,5,0,0,156,38,5064,1120,779,0,0,0,668,111,0,55,11,42,2,209,77,63,0,0,0,14,3944,2660,0,0,0,1284,84,215,408,0,449,128,814,745,2,0,0,0,2,0,0,0,0,0,0,721,22,19,0,3,0,0,69,0,0,0,0,69,6,13,17,0,2,31,6945,167,78,0,0,0,0,0,0,0,60,10,26,24,0,18,0,0,0,0,18,89,5,0,0,0,84,19,5,0,0,19,41,5054,248,107,0,0,0,91,16,0,24,2,12,10,92,25,8,0,0,0,17,4806,4219,0,0,0,587,36,190,70,0,129,162,1724,1551,0,0,0,0,0,0,0,0,0,0,0,1550,1,0,0,1,0,0,173,0,0,0,0,173,0,28,3,0,5,137
"G4200310","2010","PA","1","2","Pennsylvania","42","Clarion County","031",,,,,,,,,,,,,,,"99999","99999","999",,,,,,,,,,,,,,,,,"1556153827","23335960","Clarion County","A","+41.1982385","-079.4204044","06","9",,39988,19367,229,207,201,214,216,172,196,189,188,216,186,228,224,214,261,238,234,274,383,556,523,528,438,289,247,219,219,215,215,181,222,182,196,159,177,189,201,221,230,253,234,206,234,259,255,258,271,273,293,296,294,286,287,286,290,267,313,283,288,262,252,232,241,232,189,180,164,204,153,180,153,156,164,133,131,132,134,106,106,69,91,83,84,72,69,62,51,45,39,27,16,19,9,10,5,3,3,3,0,0,0,0,0,20621,183,222,184,202,195,221,210,199,202,217,212,202,224,228,244,221,243,259,514,687,731,578,466,269,242,203,199,179,217,194,174,193,195,185,176,188,198,209,237,255,253,240,241,254,224,261,258,270,247,287,288,303,313,299,267,275,302,259,277,254,237,249,277,239,180,201,210,204,208,186,190,185,148,180,180,139,144,135,131,128,137,93,116,117,110,99,69,81,82,48,51,33,23,18,19,10,10,11,6,2,5,1,0,38147,18568,1067,958,1106,743,560,396,479,926,1027,921,1081,1175,1379,1431,1402,480,657,342,532,731,535,385,255,19579,986,1048,1104,713,649,574,529,945,986,920,1080,1204,1317,1467,1358,482,689,406,592,868,654,531,477,1841,799,13,13,0,0,0,0,0,0,0,0,0,0,0,0,13,13,0,0,0,0,0,0,0,0,0,0,0,0,0,0,0,0,710,109,72,0,0,0,72,0,0,0,0,0,0,18,19,19,0,0,0,0,601,570,0,0,0,31,3,24,4,0,0,0,76,62,0,0,0,0,0,0,0,0,0,0,0,60,2,0,0,2,0,0,14,0,0,0,0,14,0,11,0,0,0,3,1042,17,16,0,0,0,0,0,0,0,0,0,0,0,0,16,16,0,0,0,0,1,1,0,0,0,0,0,0,0,0,0,0,843,44,11,0,0,0,11,0,0,0,0,0,0,23,10,10,0,0,0,0,799,787,0,0,0,12,0,6,6,0,0,0,182,152,0,0,0,0,0,0,0,0,0,0,0,151,1,1,0,0,0,0,30,0,0,0,0,30,3,27,0,0,0,0
"G4200330","2010","PA","1","2","Pennsylvania","42","Clearfield County","033",,,,,,,,,,,,,,,"20180","99999","999",,,,,,,,,,,,,,,,,"2964816225","23933885","Clearfield County","A","+41.0002489","-078.4737490","06","2",,81642,42126,373,438,426,431,445,368,444,459,448,464,479,468,493,515,524,543,530,556,492,466,523,505,513,567,588,532,521,537,517,544,558,528,490,486,538,532,574,601,635,662,612,637,610,666,671,686,690,717,760,687,704,710,692,648,664,586,643,603,608,539,514,544,547,594,414,385,409,433,333,365,347,303,316,260,269,260,251,223,200,207,191,194,162,152,135,136,98,95,79,67,52,29,40,31,16,10,10,2,2,1,4,0,0,39516,364,386,406,373,411,461,446,395,405,411,442,437,471,421,518,497,530,518,520,402,372,347,354,381,414,378,364,396,362,437,417,423,423,429,411,410,473,451,506,542,544,527,557,525,545,600,604,651,615,619,595,638,601,618,651,527,620,561,556,554,512,515,542,557,387,440,422,442,406,425,377,386,332,333,363,345,258,282,291,291,284,285,247,264,246,246,212,199,163,127,119,97,70,80,40,31,42,24,7,5,10,0,0,76527,37712,2113,2183,2475,1622,911,409,375,1196,1935,2027,2425,2700,3059,3104,2820,1013,1502,776,1107,1461,1117,789,593,38815,1938,2118,2284,1544,904,354,337,1127,1908,2084,2372,2678,3064,3095,2804,1023,1474,855,1258,1757,1409,1239,1189,5115,4414,11,10,2,0,0,0,2,0,0,8,8,0,0,0,0,0,0,0,0,0,1,0,0,0,0,1,1,0,0,0,0,0,4179,4125,4091,0,1471,2505,115,0,0,0,0,0,0,34,0,0,0,0,0,0,54,30,0,0,0,24,3,6,0,0,0,15,224,220,41,0,11,30,0,0,0,0,0,0,0,179,0,0,0,0,0,0,4,0,0,0,0,4,1,0,0,0,0,3,701,8,3,0,0,0,0,0,0,0,3,3,0,0,0,0,0,0,0,0,0,5,0,0,0,0,5,2,0,0,0,0,3,209,144,109,0,13,77,19,0,0,1,1,0,0,34,0,0,0,0,0,0,65,43,0,0,0,22,5,6,0,0,0,11,484,478,0,0,0,0,0,0,0,0,0,0,0,478,0,0,0,0,0,0,6,0,0,0,0,6,2,0,0,0,0,4
"G4200350","2010","PA","1","2","Pennsylvania","42","Clinton County","035",,,,,,,,,,,,,,,"30820","99999","558",,,,,,,,,,,,,,,,,"2299868539","23178658","Clinton County","A","+41.2453009","-077.6491409","06","2",,39238,19231,211,214,226,223,248,217,211,240,207,217,238,259,203,247,262,230,244,243,353,541,565,566,401,272,265,210,205,212,216,213,209,174,201,196,190,204,210,205,231,250,238,198,202,229,240,261,263,250,258,284,283,282,277,293,258,277,243,270,214,252,224,219,255,262,174,173,184,174,170,181,145,163,126,129,133,131,102,114,106,91,95,77,76,66,76,61,54,34,30,23,22,19,12,11,7,5,3,2,0,0,1,0,0,20007,211,239,200,227,206,229,238,213,244,225,201,227,207,219,226,222,238,205,417,663,628,486,362,279,210,209,224,198,198,223,191,214,179,158,196,210,220,189,238,235,239,212,226,236,214,246,236,268,290,250,293,301,323,284,262,275,283,235,259,221,239,247,277,251,182,179,168,208,202,163,173,174,150,135,158,157,144,118,127,125,148,102,133,120,120,97,84,83,68,45,54,26,19,20,24,7,4,5,7,3,4,0,0,36615,17978,1120,1092,1190,698,463,369,435,826,974,915,1055,1068,1285,1376,1241,442,688,356,520,688,536,379,262,18637,1082,1149,1080,661,435,369,334,747,1040,928,1090,1121,1288,1458,1270,483,706,344,566,779,658,584,465,2623,1253,40,38,0,0,0,0,0,0,0,38,0,38,0,0,0,0,0,0,0,0,2,0,0,0,0,2,0,0,0,0,2,0,1158,310,302,0,0,0,302,0,0,0,0,0,0,8,0,0,0,0,0,0,848,836,0,0,0,12,0,10,0,0,2,0,55,52,0,0,0,0,0,0,0,0,0,0,0,52,0,0,0,0,0,0,3,0,0,0,0,3,0,3,0,0,0,0,1370,5,1,0,0,0,0,0,0,0,1,0,1,0,0,0,0,0,0,0,0,4,3,0,0,0,1,0,0,0,0,1,0,1207,37,24,0,0,0,24,0,0,0,0,0,0,13,0,0,0,0,0,0,1170,1165,0,0,0,5,0,2,0,0,2,1,158,158,0,0,0,0,0,0,0,0,0,0,0,158,0,0,0,0,0,0,0,0,0,0,0,0,0,0,0,0,0,0
"G4200370","2010","PA","1","2","Pennsylvania","42","Columbia County","037",,,,,,,,,,,,,,,"14100","99999","999",,,,,,,,,,,,,,,,,"1251244127","18262890","Columbia County","A","+41.0455174","-076.4042599","06","2",,67295,32276,290,351,331,337,350,319,323,373,334,357,400,334,368,381,410,379,391,434,668,1008,984,865,665,469,381,329,330,361,322,335,340,349,287,350,340,358,365,297,405,473,418,419,386,445,464,476,394,434,463,471,447,512,467,492,459,446,452,484,441,427,412,393,424,462,291,265,348,334,256,237,248,213,197,211,221,181,174,172,147,183,153,156,126,119,111,77,102,69,59,54,31,29,26,18,14,7,9,1,2,1,3,0,0,35019,303,280,314,315,349,344,339,336,344,313,321,328,332,332,355,388,402,399,891,1395,1224,1037,781,481,337,340,302,359,307,324,321,297,349,280,315,363,383,327,404,415,433,381,401,409,412,450,490,478,505,470,498,503,526,517,516,477,512,503,441,426,421,406,455,446,360,392,340,336,281,282,274,287,243,273,254,253,209,208,265,244,186,214,202,190,164,189,159,144,137,137,90,75,57,49,42,23,18,14,3,10,11,2,0,62908,30484,1657,1705,1893,1204,828,630,721,1409,1628,1634,1880,2111,2215,2366,2229,802,1165,603,812,1075,829,636,452,32424,1560,1676,1668,1186,887,766,829,1483,1613,1553,1883,2034,2380,2554,2351,816,1255,726,883,1310,1124,901,986,4387,1792,3,0,0,0,0,0,0,0,0,0,0,0,0,0,0,0,0,0,0,0,3,0,0,0,0,3,0,0,0,0,0,3,1642,212,167,0,0,0,167,0,0,0,0,0,0,45,0,0,0,0,0,0,1430,1416,0,0,0,14,6,4,0,0,2,2,147,140,0,0,0,0,0,0,0,0,0,0,0,140,0,0,0,0,0,0,7,0,0,0,0,7,4,2,0,0,0,1,2595,4,0,0,0,0,0,0,0,0,0,0,0,0,0,0,0,0,0,0,0,4,3,0,0,0,1,0,0,0,0,1,0,2264,58,25,0,0,0,25,0,0,0,0,0,0,33,0,0,0,0,0,0,2206,2187,0,0,0,19,2,11,0,0,1,5,327,327,0,0,0,0,0,0,0,0,0,0,0,327,0,0,0,0,0,0,0,0,0,0,0,0,0,0,0,0,0,0
"G4200390","2010","PA","1","2","Pennsylvania","42","Crawford County","039",,,,,,,,,,,,,,,"32740","99999","999",,,,,,,,,,,,,,,,,"2621839209","65310694","Crawford County","A","+41.6868399","-080.1078113","06","2",,88765,43333,512,487,528,571,549,536,510,532,565,595,589,598,614,597,609,605,668,646,726,679,638,572,568,446,467,421,434,484,482,454,476,450,421,409,439,449,468,491,503,532,551,546,546,586,594,626,561,583,663,629,632,716,726,668,650,658,677,630,656,610,586,602,651,622,428,462,463,497,425,388,360,314,317,301,282,285,282,222,250,257,206,181,201,144,131,143,91,73,77,70,58,31,42,20,13,11,7,4,3,3,2,0,0,45432,450,481,484,505,503,488,504,500,537,559,575,490,542,538,577,596,649,622,732,735,670,616,510,477,485,463,445,508,438,469,536,487,434,447,459,453,490,539,543,626,622,561,585,576,617,621,660,673,702,697,692,740,681,746,672,677,696,710,661,597,634,587,682,601,484,483,520,508,439,395,368,356,329,313,325,311,287,290,330,269,296,274,249,251,221,219,189,161,166,102,109,69,82,54,56,19,20,11,10,4,11,0,0,84890,42026,2644,2735,2990,1869,1038,434,446,1353,2223,2165,2413,2793,3027,3364,3205,1184,1684,917,1295,1562,1267,833,585,42864,2419,2587,2706,1812,929,460,477,1300,2112,2182,2483,2788,3206,3429,3285,1210,1747,991,1330,1659,1436,1207,1109,3875,1307,73,59,0,0,0,0,0,0,0,59,0,27,32,0,0,0,0,0,0,0,14,6,0,0,0,8,5,0,0,0,0,3,1077,204,176,0,0,1,175,0,0,8,0,3,5,20,0,0,0,0,0,0,873,778,0,0,0,95,12,27,0,0,1,55,157,133,0,0,0,0,0,0,0,0,0,0,0,133,0,0,0,0,0,0,24,0,0,0,0,24,0,4,0,0,0,20,2568,76,67,0,0,0,0,0,0,0,67,11,56,0,0,0,0,0,0,0,0,9,0,0,0,0,9,6,0,0,0,0,3,2128,1038,1010,0,0,982,28,0,0,3,3,0,0,25,0,0,0,0,0,0,1090,1005,0,0,0,85,10,7,0,0,1,67,364,336,11,0,0,11,0,0,0,0,0,0,0,325,0,0,0,0,0,0,28,0,0,0,0,28,0,2,0,0,0,26
"G4200410","2010","PA","1","2","Pennsylvania","42","Cumberland County","041",,,,,,,,,,,,,,,"25420","99999","276",,,,,,,,,,,,,,,,,"1412732365","12542956","Cumberland County","A","+40.1647822","-077.2634399","06","1",,235406,115589,1238,1274,1361,1360,1357,1339,1348,1270,1327,1395,1427,1433,1361,1426,1446,1438,1489,1474,1765,2141,2025,1879,1764,1545,1556,1625,1480,1485,1532,1462,1558,1428,1432,1309,1388,1363,1428,1418,1535,1649,1737,1562,1529,1622,1610,1773,1750,1764,1743,1841,1863,1702,1742,1712,1692,1705,1559,1639,1593,1468,1514,1499,1485,1522,984,1038,1042,1049,967,828,829,696,720,702,644,621,595,602,610,524,494,474,437,445,355,347,299,236,210,152,137,103,100,70,33,35,19,9,7,12,8,0,0,119817,1178,1176,1287,1281,1221,1332,1347,1287,1299,1394,1342,1344,1359,1412,1358,1397,1492,1443,1937,2312,2041,1870,1700,1367,1383,1451,1383,1385,1371,1438,1375,1256,1353,1266,1196,1299,1300,1330,1459,1625,1614,1536,1481,1628,1611,1689,1790,1752,1858,1837,1759,1745,1863,1761,1748,1730,1759,1664,1652,1528,1576,1556,1583,1612,1143,1158,1191,1206,1069,981,921,954,908,830,806,819,782,756,788,772,733,751,730,683,649,592,573,472,450,354,298,253,191,156,147,99,70,70,31,20,31,2,0,222576,108160,6582,6672,7091,4367,2391,1177,1260,4121,6779,6482,6922,7612,8508,8478,7830,2974,3931,2050,2807,3533,2888,2104,1601,114416,6131,6656,6810,4309,2166,1219,1292,4112,6977,6426,6983,7850,8893,8852,8300,3107,4311,2334,3229,4333,3775,3289,3062,12830,7429,51,6,5,0,0,5,0,0,0,1,1,0,0,0,0,0,0,0,0,0,45,10,0,0,0,35,9,17,0,0,0,9,6912,3864,3750,0,0,3396,354,0,0,0,0,0,0,114,0,0,0,0,0,0,3048,2910,4,4,0,134,31,64,2,0,11,26,466,458,36,0,0,33,3,0,0,0,0,0,0,422,0,0,0,0,0,0,8,0,0,0,0,8,0,5,0,0,0,3,5401,43,7,0,0,0,0,0,0,0,7,2,0,5,0,0,0,0,0,0,0,36,5,0,0,0,31,11,14,0,0,0,6,4084,149,61,0,0,7,54,0,0,7,1,0,6,81,0,0,0,0,0,0,3935,3808,2,2,0,125,40,52,3,0,4,26,1274,1253,0,0,0,0,0,0,0,0,0,0,0,1253,0,0,0,0,0,0,21,0,0,0,0,21,0,3,0,0,1,17
"G4200430","2010","PA","1","2","Pennsylvania","42","Dauphin County","043",,,,,,,,,,,,,,,"25420","99999","276",,,,,,,,,,,,,,,,,"1359864507","85809611","Dauphin County","A","+40.4125646","-076.7926343","06","1",,268100,129619,1719,1636,1830,1755,1706,1628,1609,1654,1725,1769,1739,1687,1811,1756,1904,1889,2001,1998,1810,1514,1488,1458,1581,1642,1823,1790,1778,1806,1754,1765,1740,1664,1650,1492,1497,1583,1561,1621,1729,1705,1926,1728,1709,1747,1715,1938,1881,1902,1957,2162,2082,2036,2132,2048,1935,1992,2022,1845,1749,1798,1659,1680,1624,1632,1101,1122,1081,1103,902,870,749,744,737,647,654,631,613,631,554,563,513,439,479,405,358,292,278,199,199,149,118,99,76,51,34,19,22,8,10,0,3,0,0,138481,1619,1597,1675,1699,1558,1655,1629,1538,1689,1645,1610,1614,1710,1689,1735,1803,1903,2031,1781,1461,1473,1439,1572,1815,1881,1928,1865,1864,1842,1855,1878,1747,1709,1557,1533,1618,1549,1655,1756,1927,1733,1842,1768,1805,1900,2034,2069,2148,2159,2137,2233,2169,2260,2232,2133,2140,2009,2023,1930,1838,1715,1798,1837,1723,1253,1208,1223,1249,1032,962,1017,993,944,909,872,823,832,780,784,809,735,729,714,643,612,597,546,460,429,339,293,236,201,152,89,82,75,38,30,16,36,0,0,261320,125900,8604,8231,8481,5498,3077,1374,1361,4866,8675,7737,7973,8571,9597,9980,9270,3295,4298,2185,2840,3478,2934,2119,1456,135420,8094,7983,7951,5367,3060,1404,1370,5158,9257,8330,8420,8945,10443,10951,9860,3482,4773,2411,3202,4658,3913,3255,3133,6780,3719,1002,90,9,0,0,0,9,0,0,81,7,35,39,0,0,0,0,0,0,0,912,0,0,0,0,912,36,0,0,0,875,1,2377,1322,1194,0,0,0,774,420,0,17,4,8,5,111,0,0,0,0,0,0,1055,193,0,0,0,862,94,117,186,0,294,171,340,304,0,0,0,0,0,0,0,0,0,0,0,304,0,0,0,0,0,0,36,0,0,0,0,36,0,7,0,0,10,19,3061,1004,7,0,0,0,0,0,0,0,7,0,0,7,0,0,0,0,0,0,0,997,0,0,0,0,997,43,0,0,0,953,1,1140,295,187,0,0,0,114,73,0,0,0,0,0,108,0,0,0,0,0,0,845,264,0,0,0,581,113,91,66,0,274,37,917,854,0,0,0,0,0,0,0,0,0,0,0,854,0,0,0,0,0,0,63,0,0,0,0,63,0,28,0,0,17,18
"G4200450","2010","PA","1","2","Pennsylvania","42","Delaware County","045",,,,,,,,,,,,,,,"37980","37964","428",,,,,,,,,,,,,,,,,"476152313","17508872","Delaware County","A","+39.9166704","-075.3987862","06","1",,558979,267849,3316,3405,3363,3573,3555,3504,3578,3428,3489,3663,3737,3716,3643,3711,3923,4082,4477,4563,4863,5025,4648,4123,3763,3570,3622,3480,3282,3351,3360,3279,3395,3072,3181,2946,2937,3104,2907,3111,3225,3468,3628,3527,3456,3598,3710,3998,3973,4059,4033,4226,4314,4172,4270,4260,3954,4044,3716,3635,3516,3213,2968,2977,2961,2840,2163,2144,2050,2123,1732,1620,1564,1476,1352,1297,1311,1244,1167,1219,1267,1192,1135,1078,1044,1021,829,755,717,581,564,483,333,232,199,144,105,70,60,31,19,16,26,0,0,291130,3451,3310,3278,3399,3329,3380,3433,3455,3359,3460,3563,3516,3616,3693,3709,3851,3865,4019,4640,4860,4489,4251,3730,3718,3558,3525,3481,3498,3427,3530,3515,3357,3436,3235,3291,3179,3107,3211,3586,3848,3854,3845,3673,3799,4090,4328,4460,4429,4417,4490,4571,4637,4592,4499,4419,4375,4037,3936,3740,3496,3444,3215,3366,3354,2380,2431,2515,2674,2166,1906,1832,1805,1829,1717,1779,1791,1670,1757,1781,1810,1833,1767,1704,1619,1599,1492,1379,1146,1171,909,795,581,552,380,326,225,214,111,90,68,93,9,0,535924,255833,17162,17647,18686,12331,6751,3002,3049,10056,16113,15068,15437,17503,19856,20611,17887,5866,7836,4113,5379,6859,5888,4829,3904,280091,16722,17068,18068,11676,6106,2810,3082,10458,17349,16754,16842,19159,21984,22587,19428,6606,8997,4863,6630,8727,8399,7910,7866,23055,12016,900,658,17,0,0,0,17,0,0,641,13,30,598,0,0,0,0,0,0,0,242,161,0,0,0,81,53,6,13,0,7,2,9888,3023,2560,0,0,1180,1380,0,0,171,5,6,160,289,3,0,0,3,0,0,6865,5872,0,0,0,993,127,432,278,0,56,100,1228,987,6,0,0,0,6,0,0,0,0,0,0,975,6,0,0,6,0,0,241,0,0,0,0,241,1,74,10,0,18,138,11039,152,76,1,0,0,0,1,0,0,75,23,45,7,0,0,0,0,0,0,0,76,18,0,0,0,58,52,2,2,0,2,0,7756,444,190,0,0,5,185,0,0,26,7,15,4,227,1,0,0,1,0,0,7312,6667,0,0,0,645,100,364,86,0,20,75,3131,2640,0,0,0,0,0,0,0,0,0,0,0,2640,0,0,0,0,0,0,491,0,0,0,0,491,5,99,15,0,49,323
"G4200470","2010","PA","1","2","Pennsylvania","42","Elk County","047",,,,,,,,,,,,,,,"41260","99999","999",,,,,,,,,,,,,,,,,"2142848183","12818723","Elk County","A","+41.4273339","-078.6539383","06","2",,31946,15872,145,149,143,180,171,175,185,160,192,200,188,189,211,195,222,225,223,226,203,127,129,128,148,139,170,179,163,168,131,155,187,126,139,127,143,153,181,208,198,231,242,235,244,236,272,241,262,263,273,308,313,307,298,306,259,282,257,220,252,238,232,225,225,218,142,140,162,168,148,142,133,136,133,145,128,108,89,128,92,88,95,73,88,82,66,47,48,38,29,28,20,13,7,12,4,8,2,5,2,2,1,0,0,16074,145,151,143,158,162,151,138,197,178,205,192,181,235,179,211,197,237,212,156,101,110,109,123,130,138,142,148,138,153,152,155,147,172,148,159,171,171,191,217,185,230,251,247,227,253,271,233,267,244,277,260,248,283,282,269,242,222,245,237,209,226,207,237,227,136,148,154,190,164,144,169,142,165,149,128,128,140,130,137,140,114,113,103,119,135,93,85,95,69,58,57,55,34,23,26,15,15,10,6,1,2,0,0,31591,15731,788,912,1005,674,325,127,127,449,790,711,964,1224,1341,1479,1240,454,584,299,454,665,497,382,240,15860,759,869,998,646,256,110,109,391,727,780,930,1206,1289,1336,1145,431,596,299,493,742,652,551,545,355,141,0,0,0,0,0,0,0,0,0,0,0,0,0,0,0,0,0,0,0,0,0,0,0,0,0,0,0,0,0,0,0,0,68,49,41,0,0,0,41,0,0,0,0,0,0,8,0,0,0,0,0,0,19,0,0,0,0,19,0,11,6,0,0,2,73,70,0,0,0,0,0,0,0,0,0,0,0,70,0,0,0,0,0,0,3,0,0,0,0,3,0,0,0,0,0,3,214,0,0,0,0,0,0,0,0,0,0,0,0,0,0,0,0,0,0,0,0,0,0,0,0,0,0,0,0,0,0,0,0,40,21,10,0,0,0,10,0,0,0,0,0,0,11,0,0,0,0,0,0,19,0,0,0,0,19,1,16,0,0,0,2,174,158,0,0,0,0,0,0,0,0,0,0,0,158,0,0,0,0,0,0,16,0,0,0,0,16,0,2,0,0,0,14
"G4200490","2010","PA","1","2","Pennsylvania","42","Erie County","049",,,,,,,,,,,,,,,"21500","99999","999",,,,,,,,,,,,,,,,,"2069799485","1966000953","Erie County","A","+42.1179519","-080.0963858","06","1",,280566,137957,1639,1669,1733,1824,1702,1705,1726,1760,1794,1844,1871,1844,1860,1921,1842,1946,2079,2168,2311,2767,2622,2423,2213,2039,1901,1815,1763,1754,1725,1712,1704,1585,1548,1518,1501,1496,1454,1590,1749,1758,1704,1892,1696,1740,1871,1876,1937,1983,1999,2069,2106,2139,2241,2135,2053,2080,1983,2035,1902,1797,1688,1577,1694,1591,1147,1142,1166,1191,1049,941,860,883,799,707,745,659,573,601,625,587,577,534,508,483,416,413,351,285,245,194,161,126,99,65,62,36,19,22,8,9,6,0,0,142609,1518,1624,1710,1679,1659,1675,1584,1639,1615,1725,1742,1730,1689,1749,1764,1909,1921,1949,2343,2912,2672,2495,2246,1911,1827,1755,1714,1700,1628,1644,1592,1550,1523,1475,1500,1474,1537,1554,1650,1863,1790,1786,1745,1718,1816,1930,1982,1949,2016,2008,2193,2226,2192,2110,2081,2146,2050,2018,1984,1859,1747,1667,1725,1558,1190,1240,1326,1303,1186,1056,1018,1031,986,880,918,875,752,780,809,889,881,793,819,769,755,702,631,559,511,483,362,301,277,214,181,120,90,63,44,35,35,3,0,267691,130511,8546,8805,9286,6076,3436,1901,1956,5550,8144,7277,7579,8504,9472,10348,9605,3200,4356,2265,3124,3915,2944,2383,1839,137180,8173,8214,8651,5710,3321,1949,2071,5667,8352,7585,8020,8807,9819,10754,10004,3394,4445,2540,3502,4725,3946,3726,3805,12875,7446,214,135,6,0,0,0,6,0,0,129,11,114,4,0,0,0,0,0,0,0,79,25,0,0,0,54,23,0,0,13,0,18,6555,2952,2802,0,0,2159,532,111,0,16,1,15,0,127,7,7,0,0,0,0,3603,3050,4,4,0,549,103,129,104,16,1,196,677,624,38,0,0,36,2,0,0,0,0,0,0,548,38,14,24,0,0,0,53,0,0,0,0,53,0,5,4,15,1,28,5429,133,76,1,0,0,0,1,0,0,75,14,57,4,0,0,0,0,0,0,0,57,14,0,0,0,43,22,1,0,1,0,19,3863,180,101,0,0,2,81,18,0,2,2,0,0,77,0,0,0,0,0,0,3683,3346,7,7,0,330,61,104,36,0,2,127,1433,1241,0,0,0,0,0,0,0,0,0,0,0,1210,31,1,30,0,0,0,192,0,0,0,0,192,0,7,0,0,0,185
"G4200510","2010","PA","1","2","Pennsylvania","42","Fayette County","051",,,,,,,,,,,,,,,"38300","99999","430",,,,,,,,,,,,,,,,,"2046968639","20644016","Fayette County","A","+39.9141154","-079.6445856","06","1",,136606,67007,664,632,698,727,751,723,760,788,741,752,828,765,805,835,861,897,945,953,849,733,758,798,743,776,838,844,764,773,742,733,831,746,759,788,774,786,830,828,914,904,1003,934,925,888,961,1056,964,1019,985,1013,1101,1088,1201,1101,1072,1139,1066,1058,1115,1000,950,973,969,889,680,621,685,740,638,581,481,528,503,437,451,433,370,346,363,334,324,321,314,297,262,251,190,172,156,113,93,56,48,35,28,22,11,9,3,0,5,0,0,69599,658,658,667,687,668,711,711,739,780,725,771,791,834,784,862,803,846,860,786,710,691,666,698,684,705,733,662,734,768,721,736,705,783,704,716,769,798,832,874,944,929,913,912,928,927,971,942,1005,1076,1076,1105,1087,1158,1131,1119,1074,1139,1069,1081,1009,984,942,1055,958,676,724,741,795,703,650,629,630,604,539,520,552,496,452,523,548,547,560,521,505,450,448,398,320,334,254,240,166,137,92,69,77,40,33,23,14,25,0,0,132390,64079,3470,3764,4086,2759,1558,737,760,2115,3373,3493,3949,4420,4768,5355,5231,1876,2484,1279,1924,2350,1804,1446,1078,68311,3336,3663,4040,2473,1475,684,662,2057,3582,3606,4193,4553,5023,5557,5320,1902,2651,1447,2115,2876,2481,2408,2207,4216,2928,46,11,2,0,0,0,2,0,0,9,0,0,9,0,0,0,0,0,0,0,35,0,0,0,0,35,2,29,0,0,0,4,2542,2181,2135,0,0,1906,229,0,0,2,0,0,2,44,0,0,0,0,0,0,361,0,0,0,0,361,13,268,50,0,2,28,340,194,24,0,0,24,0,0,0,0,0,0,0,170,0,0,0,0,0,0,146,0,0,0,0,146,3,126,9,0,0,8,1288,43,10,0,0,0,0,0,0,0,10,10,0,0,0,0,0,0,0,0,0,33,0,0,0,0,33,1,25,0,0,0,7,420,80,25,0,0,0,25,0,0,0,0,0,0,55,0,0,0,0,0,0,340,0,0,0,0,340,9,269,30,0,2,30,825,554,0,0,0,0,0,0,0,0,0,0,0,554,0,0,0,0,0,0,271,0,0,0,0,271,1,212,14,0,0,44
"G4200530","2010","PA","1","2","Pennsylvania","42","Forest County","053",,,,,,,,,,,,,,,"99999","99999","999",,,,,,,,,,,,,,,,,"1106404231","8576324","Forest County","A","+41.5133040","-079.2497050","06","9",,7716,5164,15,16,17,21,18,19,18,24,22,20,19,20,17,35,32,51,71,111,92,40,61,114,119,145,127,124,127,121,119,127,104,105,104,75,82,82,69,87,61,83,70,82,61,65,71,81,101,92,75,69,71,67,66,51,73,81,64,65,63,58,46,53,64,66,41,59,60,57,55,48,33,49,48,43,26,28,32,24,31,18,25,21,12,17,9,8,7,2,9,8,7,8,5,1,2,1,0,1,0,0,0,0,0,2552,20,17,24,16,18,18,18,20,21,30,23,27,22,20,30,21,35,31,27,19,16,9,13,21,16,23,22,12,10,23,24,20,21,14,12,21,21,29,30,40,23,26,32,32,33,33,45,28,37,45,40,44,38,48,50,55,54,47,48,38,47,48,48,62,33,53,52,42,48,43,34,37,27,34,36,22,25,19,21,16,14,18,16,13,20,14,10,12,11,7,2,6,4,1,2,1,2,0,2,0,0,0,0,5216,2708,87,103,120,80,53,27,27,48,98,91,132,158,239,230,262,90,152,111,148,188,128,81,55,2508,95,107,122,87,46,16,9,49,90,90,140,146,187,217,234,93,143,103,132,162,95,75,70,2500,2456,156,156,0,0,0,0,0,0,0,156,0,0,156,0,0,0,0,0,0,0,0,0,0,0,0,0,0,0,0,0,0,0,2257,2257,2160,0,0,2160,0,0,0,71,0,0,71,26,0,0,0,0,0,0,0,0,0,0,0,0,0,0,0,0,0,0,43,43,17,0,0,17,0,0,0,0,0,0,0,26,0,0,0,0,0,0,0,0,0,0,0,0,0,0,0,0,0,0,44,0,0,0,0,0,0,0,0,0,0,0,0,0,0,0,0,0,0,0,0,0,0,0,0,0,0,0,0,0,0,0,0,17,17,2,0,0,2,0,0,0,0,0,0,0,15,0,0,0,0,0,0,0,0,0,0,0,0,0,0,0,0,0,0,27,27,0,0,0,0,0,0,0,0,0,0,0,27,0,0,0,0,0,0,0,0,0,0,0,0,0,0,0,0,0,0
"G4200550","2010","PA","1","2","Pennsylvania","42","Franklin County","055",,,,,,,,,,,,,,,"16540","99999","999",,,,,,,,,,,,,,,,,"2000050083","1546381","Franklin County","A","+39.9266863","-077.7244853","06","2",,149618,73184,947,1014,1048,1084,1017,966,1018,960,960,983,1024,1001,995,984,993,1061,1127,1091,1111,937,823,701,727,777,839,829,849,895,856,869,891,830,805,843,841,889,953,928,1056,1043,1112,1013,992,948,984,1083,1155,1064,1103,1047,1056,1004,1055,1074,1059,1041,1012,925,934,880,847,873,943,965,673,745,741,680,637,637,552,548,529,494,495,449,425,419,380,387,347,334,292,291,257,225,178,179,113,109,101,56,59,39,26,19,11,9,7,3,3,1,0,76434,893,980,1010,1011,943,931,958,934,908,1016,1022,996,971,959,978,960,986,1011,1001,855,876,850,808,789,864,862,914,869,866,878,894,841,903,847,889,878,906,905,960,1079,1053,981,995,961,1024,1115,1152,1055,1097,1060,1081,1096,1126,1115,1041,1041,1061,1047,977,936,951,891,954,1000,721,823,858,800,783,678,613,560,612,600,547,509,512,519,489,513,464,458,427,444,410,356,319,306,283,226,157,130,126,107,84,55,44,34,14,18,21,3,0,146922,72051,5104,4886,4950,2996,1780,773,700,2330,4283,4205,4850,5037,5437,5229,4760,1711,2567,1475,1937,2586,2018,1448,989,74871,4831,4740,4899,2825,1578,807,795,2428,4379,4364,4714,5008,5465,5440,5049,1833,2662,1666,2243,2887,2454,2045,1759,2696,1133,337,196,0,0,0,0,0,0,0,196,94,47,55,0,0,0,0,0,0,0,141,0,0,0,0,141,9,0,0,0,129,3,472,118,12,12,0,0,0,0,0,52,5,10,37,54,0,0,0,0,0,0,354,202,0,0,0,152,19,47,1,0,73,12,324,250,0,0,0,0,0,0,0,0,0,0,0,250,0,0,0,0,0,0,74,0,0,0,0,74,1,72,0,0,0,1,1563,172,40,0,0,0,0,0,0,0,40,13,0,27,0,0,0,0,0,0,0,132,1,0,0,0,131,11,0,0,0,113,7,543,40,0,0,0,0,0,0,0,2,0,0,2,38,0,0,0,0,0,0,503,389,0,0,0,114,24,33,2,0,46,9,848,641,0,0,0,0,0,0,0,0,0,0,0,641,0,0,0,0,0,0,207,0,0,0,0,207,0,204,0,0,0,3
"G4200570","2010","PA","1","2","Pennsylvania","42","Fulton County","057",,,,,,,,,,,,,,,"99999","99999","999",,,,,,,,,,,,,,,,,"1133252780","1305486","Fulton County","A","+39.9107505","-078.1226171","06","9",,14845,7471,94,98,97,100,96,94,76,82,87,101,112,106,106,104,95,113,117,104,85,86,75,76,77,63,78,74,76,72,94,71,82,76,92,87,76,93,102,92,90,134,109,112,105,115,125,118,121,107,109,117,109,111,112,127,112,112,89,106,90,75,84,96,119,103,74,89,90,93,90,67,53,79,78,54,41,62,33,49,45,39,28,32,22,25,25,18,16,10,15,7,6,7,1,2,1,3,1,0,0,0,0,0,0,7374,74,81,103,86,87,82,85,105,97,95,94,92,91,109,87,93,105,83,94,70,71,71,68,75,74,78,87,70,60,77,80,85,83,84,78,93,84,95,97,111,85,98,107,103,93,111,104,107,114,111,98,116,114,99,105,110,106,99,109,88,107,114,95,114,70,94,95,83,77,76,92,68,65,72,62,50,51,47,45,44,34,49,45,32,38,20,35,22,14,10,8,14,5,6,1,2,1,5,1,0,0,0,0,14723,7425,485,440,523,334,161,70,69,206,382,413,509,566,572,571,472,180,295,179,250,303,228,131,86,7298,431,464,469,264,146,66,68,210,363,406,480,486,546,532,511,221,278,189,236,359,235,196,142,122,46,0,0,0,0,0,0,0,0,0,0,0,0,0,0,0,0,0,0,0,0,0,0,0,0,0,0,0,0,0,0,0,0,42,0,0,0,0,0,0,0,0,0,0,0,0,0,0,0,0,0,0,0,42,42,0,0,0,0,0,0,0,0,0,0,4,3,0,0,0,0,0,0,0,0,0,0,0,3,0,0,0,0,0,0,1,0,0,0,0,1,0,0,0,0,0,1,76,21,21,0,0,0,0,0,0,0,21,0,0,21,0,0,0,0,0,0,0,0,0,0,0,0,0,0,0,0,0,0,0,49,9,0,0,0,0,0,0,0,8,0,0,8,1,0,0,0,0,0,0,40,39,0,0,0,1,0,0,0,0,0,1,6,6,0,0,0,0,0,0,0,0,0,0,0,6,0,0,0,0,0,0,0,0,0,0,0,0,0,0,0,0,0,0
"G4200590","2010","PA","1","2","Pennsylvania","42","Greene County","059",,,,,,,,,,,,,,,"99999","99999","999",,,,,,,,,,,,,,,,,"1491700255","5254540","Greene County","A","+39.8489829","-080.2256936","06","9",,38686,19929,172,201,217,214,227,221,191,222,216,214,239,237,234,222,238,253,252,228,283,325,290,324,261,237,251,245,272,249,262,249,254,271,279,253,286,262,240,257,286,352,308,290,256,304,305,298,308,297,335,293,317,303,307,336,304,302,293,327,336,283,279,268,281,242,193,198,196,192,151,147,142,125,105,123,116,110,91,97,86,76,89,69,70,69,60,64,42,33,35,21,19,16,8,8,9,6,3,1,0,1,0,0,0,18757,199,152,196,174,196,219,215,197,190,223,195,193,221,211,198,230,241,232,292,384,303,268,257,197,187,207,191,201,186,200,202,185,216,215,188,226,221,243,253,256,241,243,225,238,248,262,211,276,279,277,270,278,320,318,300,293,303,297,270,246,275,265,250,275,184,225,169,187,162,172,118,130,134,127,133,125,131,135,105,137,118,128,114,111,107,104,77,73,66,48,50,33,35,23,18,27,10,2,7,7,5,0,0,35610,17544,1031,1064,1170,733,433,201,214,555,920,990,1127,1220,1313,1420,1449,528,686,377,478,588,449,343,255,18066,917,1044,1018,702,438,199,188,598,972,1004,1195,1187,1301,1479,1404,537,702,391,517,633,603,541,496,3076,2385,0,0,0,0,0,0,0,0,0,0,0,0,0,0,0,0,0,0,0,0,0,0,0,0,0,0,0,0,0,0,0,0,2297,1869,1855,0,0,1791,64,0,0,0,0,0,0,14,0,0,0,0,0,0,428,379,0,0,0,49,0,31,0,0,12,6,88,73,28,0,0,28,0,0,0,0,0,0,0,45,0,0,0,0,0,0,15,0,0,0,0,15,0,6,0,0,2,7,691,1,0,0,0,0,0,0,0,0,0,0,0,0,0,0,0,0,0,0,0,1,1,0,0,0,0,0,0,0,0,0,0,518,33,23,0,0,0,23,0,0,0,0,0,0,10,0,0,0,0,0,0,485,457,0,0,0,28,0,20,0,0,5,3,172,155,0,0,0,0,0,0,0,0,0,0,0,155,0,0,0,0,0,0,17,0,0,0,0,17,0,17,0,0,0,0
"G4200610","2010","PA","1","2","Pennsylvania","42","Huntingdon County","061",,,,,,,,,,,,,,,"26500","99999","999",,,,,,,,,,,,,,,,,"2265305450","37883358","Huntingdon County","A","+40.4223212","-077.9685836","06","2",,45913,24278,247,243,264,269,251,231,213,237,274,263,276,276,262,284,272,275,291,315,339,348,406,301,315,319,303,306,293,294,321,392,384,346,342,343,317,338,334,334,380,360,382,350,360,370,364,392,349,412,397,383,377,363,339,350,372,381,334,326,294,295,332,347,319,335,256,241,271,235,194,211,153,196,166,167,153,161,123,140,112,108,93,78,101,74,73,56,55,41,42,24,20,15,10,10,7,4,0,5,1,1,0,0,0,21635,216,246,262,239,260,227,235,257,271,241,292,233,231,251,279,241,279,241,319,409,366,304,292,211,223,199,191,207,225,200,242,217,222,215,218,223,235,226,274,289,288,258,253,272,266,318,321,301,309,304,315,304,332,307,374,307,342,302,329,290,288,292,283,328,227,220,275,247,207,236,207,181,219,169,158,152,138,163,158,158,148,138,147,126,122,94,78,67,60,52,53,33,25,32,23,8,9,2,7,1,3,1,0,41343,20454,1272,1218,1370,857,464,234,188,675,1006,1086,1283,1436,1573,1544,1473,640,872,496,627,823,633,408,276,20889,1222,1231,1286,759,428,184,203,678,1009,1113,1246,1334,1551,1631,1569,580,838,493,690,929,760,663,492,4570,3824,26,24,0,0,0,0,0,0,0,24,0,0,24,0,0,0,0,0,0,0,2,0,0,0,0,2,2,0,0,0,0,0,3720,3200,3182,0,0,3128,54,0,0,13,0,0,13,5,0,0,0,0,0,0,520,494,0,0,0,26,3,18,0,0,5,0,78,78,41,0,0,41,0,0,0,0,0,0,0,37,0,0,0,0,0,0,0,0,0,0,0,0,0,0,0,0,0,0,746,3,0,0,0,0,0,0,0,0,0,0,0,0,0,0,0,0,0,0,0,3,2,0,0,0,1,1,0,0,0,0,0,653,4,0,0,0,0,0,0,0,0,0,0,0,4,0,0,0,0,0,0,649,635,0,0,0,14,4,10,0,0,0,0,90,88,0,0,0,0,0,0,0,0,0,0,0,88,0,0,0,0,0,0,2,0,0,0,0,2,0,0,0,0,2,0
"G4200630","2010","PA","1","2","Pennsylvania","42","Indiana County","063",,,,,,,,,,,,,,,"26860","99999","999",,,,,,,,,,,,,,,,,"2141997762","18814066","Indiana County","A","+40.6514319","-079.0875451","06","2",,88880,44200,405,484,445,470,471,455,496,458,474,484,465,458,497,509,485,481,529,539,1036,1674,1460,1162,1059,781,713,593,571,520,510,519,468,450,498,401,426,394,405,460,474,534,544,480,513,537,520,526,564,566,579,635,674,661,688,645,649,665,644,614,646,539,557,547,549,526,398,424,413,431,382,324,320,312,322,281,254,240,220,217,194,217,168,186,165,141,143,137,120,77,77,57,53,38,38,27,12,8,13,2,3,4,1,0,0,44680,468,399,418,485,452,421,485,443,448,422,461,436,456,432,466,459,490,600,1031,1760,1500,1234,938,617,554,501,475,453,397,438,459,401,368,426,398,424,420,441,490,466,457,486,555,504,515,530,572,592,577,622,637,642,624,638,669,625,620,631,621,585,553,527,583,526,434,373,407,453,415,399,338,347,341,321,311,301,260,279,271,283,259,268,249,279,216,250,212,202,165,144,133,105,88,65,61,39,30,21,13,10,15,0,0,83523,41504,2274,2365,2414,1506,1584,1026,955,2311,2551,2174,2223,2542,2820,3262,3081,1093,1458,830,1129,1471,1053,768,614,42019,2220,2216,2248,1547,1236,1127,1076,2029,2238,2046,2236,2514,2886,3201,3070,1077,1537,774,1252,1630,1344,1191,1324,5357,2696,46,43,43,0,0,43,0,0,0,0,0,0,0,0,0,0,0,0,0,0,3,0,0,0,0,3,3,0,0,0,0,0,2494,963,948,0,0,842,106,0,0,0,0,0,0,15,0,0,0,0,0,0,1531,1425,0,0,0,106,2,74,21,0,7,2,156,114,4,0,0,4,0,0,0,0,0,0,0,110,0,0,0,0,0,0,42,0,0,0,0,42,0,29,3,0,10,0,2661,10,0,0,0,0,0,0,0,0,0,0,0,0,0,0,0,0,0,0,0,10,2,0,0,0,8,3,0,0,0,0,5,2243,29,10,0,0,0,10,0,0,0,0,0,0,19,0,0,0,0,0,0,2214,2182,0,0,0,32,4,23,1,0,2,2,408,295,0,0,0,0,0,0,0,0,0,0,0,295,0,0,0,0,0,0,113,0,0,0,0,113,0,59,0,0,54,0
"G4200650","2010","PA","1","2","Pennsylvania","42","Jefferson County","065",,,,,,,,,,,,,,,"99999","99999","999",,,,,,,,,,,,,,,,,"1689783371","11322601","Jefferson County","A","+41.1302871","-078.9990439","06","9",,45200,22301,272,243,287,275,255,255,260,282,280,301,277,267,276,302,264,295,301,310,345,338,248,234,225,250,249,256,266,256,244,225,227,242,240,227,251,232,243,288,248,320,259,284,325,303,277,327,323,349,357,396,362,379,396,414,347,354,317,346,308,296,290,269,315,310,194,233,217,218,209,162,202,190,202,169,152,149,139,132,131,122,129,98,92,90,74,80,72,58,53,40,37,17,21,25,12,10,6,4,1,0,2,0,0,22899,242,247,247,269,256,243,275,269,253,237,264,258,273,275,278,279,285,305,315,309,225,225,236,244,235,230,225,259,240,218,259,208,253,236,227,241,247,260,294,275,281,297,276,288,287,328,329,336,330,345,378,353,407,367,365,342,325,346,315,288,327,270,293,291,212,221,253,241,245,196,221,203,199,220,180,184,170,183,180,171,170,152,171,156,163,143,142,102,92,68,60,56,41,30,23,28,13,13,4,3,10,0,0,44426,22001,1332,1378,1386,904,625,234,227,706,1232,1175,1325,1432,1737,1891,1615,557,814,446,586,905,656,461,377,22425,1261,1277,1348,869,529,219,220,710,1163,1177,1317,1425,1663,1865,1609,595,790,469,677,1000,845,747,650,774,300,2,0,0,0,0,0,0,0,0,0,0,0,0,0,0,0,0,0,0,0,2,1,0,0,0,1,0,1,0,0,0,0,181,88,79,0,0,0,79,0,0,0,0,0,0,9,0,0,0,0,0,0,93,66,0,0,0,27,19,6,0,0,0,2,117,117,0,0,0,0,0,0,0,0,0,0,0,117,0,0,0,0,0,0,0,0,0,0,0,0,0,0,0,0,0,0,474,0,0,0,0,0,0,0,0,0,0,0,0,0,0,0,0,0,0,0,0,0,0,0,0,0,0,0,0,0,0,0,0,155,37,17,0,0,0,17,0,0,0,0,0,0,20,0,0,0,0,0,0,118,101,0,0,0,17,8,9,0,0,0,0,319,314,0,0,0,0,0,0,0,0,0,0,0,314,0,0,0,0,0,0,5,0,0,0,0,5,0,0,0,0,0,5
"G4200670","2010","PA","1","2","Pennsylvania","42","Juniata County","067",,,,,,,,,,,,,,,"99999","99999","999",,,,,,,,,,,,,,,,,"1013592984","5606085","Juniata County","A","+40.5306730","-077.4004377","06","9",,24636,12286,154,153,140,152,183,174,174,173,177,162,178,168,154,172,168,182,185,167,163,143,132,128,148,126,156,119,135,131,140,143,147,158,114,141,136,119,141,148,154,202,158,163,180,157,171,186,197,198,200,179,189,200,178,171,197,167,158,155,189,147,162,165,180,147,121,134,153,112,112,96,90,107,93,93,70,79,84,59,64,62,71,49,47,40,40,37,28,30,19,19,16,3,12,2,4,2,2,0,1,0,1,0,0,12350,160,156,152,157,152,157,149,196,155,158,178,173,169,160,152,136,175,162,150,135,144,115,121,132,138,139,120,121,136,133,144,139,120,131,129,127,151,142,161,149,165,162,152,158,165,175,204,175,169,185,187,181,183,193,183,172,199,137,160,154,121,133,168,172,120,124,137,115,99,121,110,102,108,94,103,84,91,87,90,93,61,73,81,81,67,63,55,42,36,37,35,28,21,19,14,9,8,3,5,1,6,0,0,24344,12178,781,860,840,534,301,130,128,420,662,688,758,822,956,931,809,327,445,284,318,448,339,237,160,12166,776,814,832,473,283,144,115,389,649,663,727,801,905,924,818,251,458,259,331,505,426,325,298,292,108,1,0,0,0,0,0,0,0,0,0,0,0,0,0,0,0,0,0,0,0,1,0,0,0,0,1,0,0,0,0,0,1,62,46,39,0,0,0,39,0,0,0,0,0,0,7,0,0,0,0,0,0,16,0,0,0,0,16,5,11,0,0,0,0,45,45,0,0,0,0,0,0,0,0,0,0,0,45,0,0,0,0,0,0,0,0,0,0,0,0,0,0,0,0,0,0,184,2,0,0,0,0,0,0,0,0,0,0,0,0,0,0,0,0,0,0,0,2,0,0,0,0,2,0,0,0,0,0,2,23,12,0,0,0,0,0,0,0,0,0,0,0,12,0,0,0,0,0,0,11,0,0,0,0,11,0,8,0,0,0,3,159,155,0,0,0,0,0,0,0,0,0,0,0,155,0,0,0,0,0,0,4,0,0,0,0,4,0,4,0,0,0,0
"G4200690","2010","PA","1","2","Pennsylvania","42","Lackawanna County","069",,,,,,,,,,,,,,,"42540","99999","999",,,,,,,,,,,,,,,,,"1189006298","15105278","Lackawanna County","A","+41.4402497","-075.6095869","06","1",,214437,103119,1173,1155,1202,1188,1285,1227,1206,1174,1192,1210,1190,1272,1276,1328,1288,1352,1386,1423,1575,1719,1642,1562,1417,1309,1311,1313,1274,1298,1235,1209,1235,1186,1126,1093,1154,1130,1106,1184,1292,1335,1483,1357,1375,1397,1408,1487,1512,1472,1558,1595,1652,1599,1662,1541,1568,1504,1442,1530,1485,1457,1418,1327,1327,1406,1048,1047,1007,1030,895,784,830,736,717,674,655,618,570,539,554,490,497,469,474,442,399,372,280,239,231,177,138,114,92,61,50,37,20,14,7,4,13,1,0,111318,1115,1034,1158,1162,1087,1162,1076,1132,1150,1188,1262,1203,1173,1159,1306,1269,1419,1365,1633,1724,1749,1737,1467,1349,1336,1295,1251,1203,1220,1264,1256,1153,1157,1146,1171,1226,1120,1165,1274,1447,1430,1392,1365,1418,1421,1534,1569,1624,1574,1654,1676,1691,1659,1629,1600,1602,1551,1530,1559,1426,1480,1412,1489,1545,1107,1047,1133,1137,996,944,919,884,885,832,828,876,814,822,812,826,853,792,863,789,790,764,643,617,545,430,394,309,263,217,171,141,92,77,44,34,33,2,0,206374,99522,5996,6003,6342,4104,2442,1241,1331,3765,6107,5616,5907,6856,7493,7904,7321,2704,3720,2025,2666,3525,2664,2185,1605,106852,5548,5701,6093,4045,2210,1213,1397,3925,6175,5839,6202,6981,7916,8216,7613,2868,4087,2152,3024,4230,3938,3755,3724,8063,3597,82,34,7,0,0,0,7,0,0,27,19,3,5,0,0,0,0,0,0,0,48,40,0,0,0,8,4,0,0,0,2,2,2908,1081,767,0,0,0,693,74,0,0,0,0,0,187,127,3,0,124,0,0,1827,1566,0,0,0,261,70,102,9,0,11,69,607,569,0,0,0,0,0,0,0,0,0,0,0,550,19,6,0,13,0,0,38,0,0,0,0,38,3,5,0,0,0,30,4466,33,21,0,0,0,0,0,0,0,21,16,5,0,0,0,0,0,0,0,0,12,0,0,0,0,12,4,1,0,0,4,3,2638,309,103,0,0,0,103,0,0,3,0,3,0,140,63,0,0,63,0,0,2329,2205,0,0,0,124,19,38,19,0,9,39,1795,1591,0,0,0,0,0,0,0,0,0,0,0,1563,28,6,0,22,0,0,204,0,0,0,0,204,0,2,0,0,6,196
"G4200710","2010","PA","1","2","Pennsylvania","42","Lancaster County","071",,,,,,,,,,,,,,,"29540","99999","999",,,,,,,,,,,,,,,,,"2444457103","103581050","Lancaster County","A","+40.0419921","-076.2501980","06","1",,519445,253836,3594,3647,3682,3630,3634,3680,3506,3614,3596,3739,3695,3560,3663,3592,3605,3742,3904,3838,3921,4032,3798,3711,3383,3307,3244,3226,3080,3160,3191,3032,3113,2917,2880,2863,2771,2932,2909,2933,3077,3444,3257,3147,3213,3245,3357,3693,3741,3661,3666,3739,3716,3746,3743,3722,3652,3556,3360,3249,3141,3068,2806,2835,2902,3016,2166,2211,2232,2151,1978,1723,1612,1655,1562,1449,1366,1328,1287,1297,1224,1275,1098,1082,978,937,840,740,728,578,515,459,307,285,229,137,119,85,56,32,13,9,17,0,0,265609,3403,3522,3518,3491,3400,3446,3415,3399,3437,3614,3552,3429,3385,3533,3539,3627,3697,3687,3884,3768,3858,3747,3522,3236,3227,3201,3096,3209,3148,3154,3150,3003,3011,2877,2908,2927,2979,3044,3192,3425,3253,3346,3201,3312,3436,3781,3854,3767,3876,3943,3893,3917,3712,3822,3757,3715,3525,3424,3344,3152,3080,3091,3072,3173,2317,2314,2434,2343,2165,2005,1877,1894,1820,1735,1714,1641,1594,1682,1578,1615,1554,1490,1474,1360,1360,1284,1182,998,954,857,743,548,533,367,319,205,163,117,87,75,97,8,0,506807,248131,18160,18119,18083,11404,6537,3127,3298,9593,15416,14346,15113,16037,18283,18376,16199,5604,8016,4403,5796,7535,6252,4708,3726,258676,17306,17291,17422,10975,5907,3102,3336,9701,15714,14894,15500,16453,19157,19011,17088,6133,8514,4717,6445,8880,7828,6661,6641,12638,5705,155,101,3,0,0,0,3,0,0,98,30,24,44,0,0,0,0,0,0,0,54,3,0,0,0,51,32,1,0,0,11,7,4376,1038,840,0,0,0,838,2,0,37,5,22,10,159,2,2,0,0,0,0,3338,2547,0,0,0,791,195,200,44,0,25,327,1174,1107,6,0,0,0,6,0,0,0,0,0,0,1096,5,0,0,5,0,0,67,0,0,0,0,67,5,31,0,0,3,28,6933,100,57,0,0,0,0,0,0,0,57,36,7,14,0,0,0,0,0,0,0,43,3,0,0,0,40,24,0,0,0,5,11,3819,285,110,0,0,0,103,7,0,16,3,5,8,150,9,5,0,4,0,0,3534,3089,0,0,0,445,111,127,58,0,16,133,3014,2909,0,0,0,0,0,0,0,0,0,0,0,2906,3,0,0,3,0,0,105,0,0,0,0,105,2,41,0,0,14,48
"G4200730","2010","PA","1","2","Pennsylvania","42","Lawrence County","073",,,,,,,,,,,,,,,"35260","99999","430",,,,,,,,,,,,,,,,,"927669548","11758743","Lawrence County","A","+40.9927352","-080.3344455","06","2",,91108,43909,527,473,471,492,459,508,499,585,506,513,539,574,623,617,620,617,604,665,667,579,566,518,501,462,496,485,427,436,467,450,507,491,479,491,409,494,466,489,540,587,588,607,524,576,569,638,638,601,585,706,711,741,768,784,678,699,748,666,689,607,616,613,571,588,418,388,429,496,394,338,331,336,349,290,288,308,271,274,277,273,268,245,221,195,188,167,180,128,124,89,51,44,39,34,23,14,17,2,4,5,1,0,0,47199,472,462,483,521,506,517,488,486,515,543,531,524,519,545,565,566,583,634,627,598,574,525,433,486,432,457,484,506,462,501,477,466,490,496,442,520,438,502,557,591,622,538,576,592,594,616,632,671,683,778,734,765,726,791,744,743,727,731,673,661,647,624,666,634,460,462,481,498,453,450,385,433,426,408,379,393,354,379,377,393,383,339,396,360,307,312,245,251,250,222,158,159,103,74,66,49,37,20,23,13,7,0,2,88869,42933,2420,2608,2973,1881,1050,436,439,1383,2211,2326,2545,2824,3126,3642,3383,1220,1557,808,1212,1577,1379,1079,854,45936,2443,2548,2678,1775,935,392,422,1304,2398,2366,2605,2909,3375,3749,3526,1263,1751,934,1385,2001,1834,1677,1666,2239,976,10,5,2,0,0,0,2,0,0,3,0,0,3,0,0,0,0,0,0,0,5,0,0,0,0,5,5,0,0,0,0,0,794,249,200,0,0,0,200,0,0,0,0,0,0,49,0,0,0,0,0,0,545,429,0,0,0,116,45,48,13,0,0,10,172,157,0,0,0,0,0,0,0,0,0,0,0,157,0,0,0,0,0,0,15,0,0,0,0,15,2,12,0,0,0,1,1263,16,13,0,0,0,0,0,0,0,13,0,8,5,0,0,0,0,0,0,0,3,1,0,0,0,2,2,0,0,0,0,0,697,59,21,0,0,0,21,0,0,2,0,2,0,36,0,0,0,0,0,0,638,607,0,0,0,31,4,19,4,0,0,4,550,493,0,0,0,0,0,0,0,0,0,0,0,493,0,0,0,0,0,0,57,0,0,0,0,57,0,10,0,0,0,47
"G4200750","2010","PA","1","2","Pennsylvania","42","Lebanon County","075",,,,,,,,,,,,,,,"30140","99999","276",,,,,,,,,,,,,,,,,"937142582","1723769","Lebanon County","A","+40.3673441","-076.4580089","06","1",,133568,65161,808,860,869,916,867,825,876,872,844,861,853,872,915,860,892,886,884,945,888,854,836,775,824,702,694,703,752,701,770,753,825,690,736,725,684,747,811,798,845,951,819,873,880,891,924,953,970,1006,993,995,972,979,969,932,981,985,917,939,871,845,870,792,863,892,613,588,621,661,609,523,477,477,445,463,436,389,385,355,374,333,319,315,298,256,227,219,146,155,164,109,100,72,48,33,27,17,9,5,7,3,3,0,0,68407,831,804,816,844,843,838,785,847,827,839,844,841,851,811,833,877,890,839,864,804,853,821,768,683,777,737,732,750,743,817,791,749,750,724,735,765,735,843,823,906,883,843,809,915,906,997,980,951,1049,1037,979,985,1040,1003,958,978,939,939,945,862,843,908,861,890,616,688,727,713,696,648,561,549,486,500,503,472,467,457,516,451,487,430,400,396,409,364,369,301,302,234,226,158,112,119,85,64,55,31,32,17,33,3,0,129911,63455,4319,4277,4373,2688,1487,685,638,2058,3569,3582,4084,4308,4836,4763,4502,1632,2333,1195,1766,2263,1779,1348,970,66456,4138,4136,4173,2597,1371,657,640,2105,3733,3709,4047,4333,4984,4945,4625,1744,2353,1405,2039,2568,2285,1943,1926,3657,1706,48,40,1,0,0,0,1,0,0,26,6,20,0,0,13,13,0,0,0,0,8,1,0,0,0,7,3,0,0,0,0,4,1311,422,361,0,0,0,361,0,0,4,1,3,0,50,7,5,0,2,0,0,889,613,35,35,0,241,0,117,59,0,18,47,347,323,3,0,0,0,3,0,0,0,0,0,0,308,12,0,0,12,0,0,24,0,0,0,0,24,0,17,0,0,0,7,1951,16,13,0,0,0,0,0,0,0,3,3,0,0,0,10,10,0,0,0,0,3,0,0,0,0,3,1,0,2,0,0,0,1040,156,77,0,0,0,77,0,0,2,0,2,0,58,19,19,0,0,0,0,884,775,28,28,0,81,5,41,15,0,5,15,895,887,0,0,0,0,0,0,0,0,0,0,0,887,0,0,0,0,0,0,8,0,0,0,0,8,0,5,0,0,0,3
"G4200770","2010","PA","1","2","Pennsylvania","42","Lehigh County","077",,,,,,,,,,,,,,,"10900","99999","999",,,,,,,,,,,,,,,,,"893975782","7960045","Lehigh County","A","+40.6142409","-075.5906269","06","1",,349497,169312,2181,2057,2232,2357,2220,2261,2322,2323,2411,2312,2345,2505,2408,2313,2493,2586,2611,2589,2425,2281,2180,2091,1976,1970,2065,2092,2067,2057,2072,2116,2216,2004,2112,2113,2041,2041,2017,2068,2197,2391,2398,2217,2344,2467,2489,2568,2606,2589,2605,2642,2770,2699,2714,2612,2405,2460,2259,2249,2253,2007,1978,1932,2039,2017,1360,1373,1377,1479,1258,1128,1046,1071,946,878,969,887,826,842,834,731,738,721,679,558,556,526,411,354,312,269,226,136,137,76,55,40,31,16,12,11,6,0,0,180185,1983,2047,2132,2049,2148,2142,2198,2158,2208,2236,2361,2238,2382,2271,2255,2373,2464,2509,2460,2412,2341,2209,2146,2031,2142,2129,2054,2130,2208,2190,2385,2124,2123,2094,2044,2082,2118,2155,2367,2419,2468,2354,2439,2552,2544,2732,2756,2687,2850,2736,2787,2767,2771,2639,2570,2598,2469,2353,2237,2032,2128,2123,2251,2161,1575,1513,1620,1786,1488,1264,1225,1231,1166,1192,1097,1145,1008,1086,1167,1136,1090,1033,1121,977,964,909,784,688,670,582,437,382,339,271,206,146,120,84,59,38,59,6,0,340504,165122,11043,11614,11996,7670,4099,1802,1780,5687,10114,10221,10517,11656,12818,13004,11112,3869,5364,2717,3805,4803,3982,3100,2349,175382,10351,10935,11458,7262,3883,1814,1772,6076,10636,10710,11092,12300,13709,13469,11625,4223,5930,3089,4478,5777,5336,4802,4655,8993,4190,203,189,5,0,0,0,5,0,0,179,8,143,28,0,5,5,0,0,0,0,14,0,0,0,0,14,11,0,0,0,1,2,3228,1436,1153,0,0,0,959,194,0,19,0,18,1,232,32,32,0,0,0,0,1792,1240,0,0,0,552,46,158,110,0,15,223,759,702,3,0,0,0,3,0,0,0,0,0,0,684,15,10,3,2,0,0,57,0,0,0,0,57,0,7,0,0,0,50,4803,148,116,0,0,0,0,0,0,0,110,3,104,3,0,6,6,0,0,0,0,32,2,0,0,0,30,22,0,0,0,0,8,2703,401,148,0,0,0,116,32,0,11,2,9,0,208,34,32,2,0,0,0,2302,2117,0,0,0,185,19,84,29,0,0,53,1952,1915,0,0,0,0,0,0,0,0,0,0,0,1899,16,16,0,0,0,0,37,0,0,0,0,37,0,10,0,0,0,27
"G4200790","2010","PA","1","2","Pennsylvania","42","Luzerne County","079",,,,,,,,,,,,,,,"42540","99999","999",,,,,,,,,,,,,,,,,"2305950580","41263613","Luzerne County","A","+41.1727868","-075.9760345","06","1",,320918,156829,1633,1632,1674,1726,1768,1706,1746,1772,1734,1835,1911,1864,1820,1872,1911,2101,2215,2200,2386,2532,2379,2183,2064,2045,1973,1881,1795,1849,1851,1925,1853,1741,1785,1656,1714,1782,1791,1954,2068,2327,2200,2232,2123,2293,2376,2542,2430,2483,2420,2516,2481,2468,2483,2393,2421,2361,2192,2276,2223,2090,2059,2053,2158,2171,1531,1526,1525,1643,1339,1252,1240,1084,1109,1006,1047,903,824,901,851,875,774,683,767,682,583,543,430,354,319,232,181,145,128,89,62,33,34,13,13,4,6,0,0,164089,1605,1588,1631,1641,1630,1689,1717,1671,1683,1761,1693,1774,1816,1857,1948,1859,2019,2098,2315,2283,2242,2071,1905,1857,1754,1816,1747,1646,1771,1751,1766,1667,1666,1653,1660,1789,1771,1929,1994,2107,2174,2107,2060,2249,2200,2354,2351,2338,2379,2502,2457,2461,2421,2522,2358,2396,2292,2301,2282,2136,2216,2135,2321,2199,1643,1720,1668,1781,1516,1491,1338,1432,1241,1282,1304,1309,1237,1230,1272,1328,1355,1209,1307,1217,1210,1079,955,872,811,668,550,448,389,341,265,174,130,100,56,46,64,0,0,309127,149666,8426,8788,9361,6351,3912,1931,1879,5527,8594,8107,9333,10678,11876,11865,10846,4006,5774,3005,4156,5377,4222,3330,2322,159461,8088,8515,9080,5868,3595,1798,1785,5325,8680,8372,9555,10759,11872,12177,11350,4324,6115,3352,4724,6455,6132,5849,5691,11791,7163,194,69,1,0,0,0,1,0,0,68,33,1,34,0,0,0,0,0,0,0,125,36,0,0,0,89,12,0,0,0,77,0,6181,4102,3839,0,0,3138,395,306,0,12,4,0,8,251,0,0,0,0,0,0,2079,1421,0,0,0,658,127,87,74,0,328,42,788,755,64,0,0,64,0,0,0,0,0,0,0,685,6,0,0,6,0,0,33,0,0,0,0,33,2,17,0,0,0,14,4628,129,28,0,0,0,0,0,0,0,28,12,4,12,0,0,0,0,0,0,0,101,53,0,0,0,48,11,0,1,0,35,1,2307,284,100,0,0,4,75,21,0,12,5,2,5,172,0,0,0,0,0,0,2023,1711,0,0,0,312,30,44,44,0,186,8,2192,2133,0,0,0,0,0,0,0,0,0,0,0,2093,40,0,0,40,0,0,59,0,0,0,0,59,1,9,0,0,5,44
"G4200810","2010","PA","1","2","Pennsylvania","42","Lycoming County","081",,,,,,,,,,,,,,,"48700","99999","558",,,,,,,,,,,,,,,,,"3182044798","39473357","Lycoming County","A","+41.3436239","-077.0552534","06","1",,116111,56839,678,650,674,696,645,686,667,643,673,663,697,645,644,750,671,756,800,774,1023,1375,1148,1123,969,766,766,655,639,675,611,638,692,601,576,590,543,610,592,600,698,714,691,687,657,728,744,825,796,781,856,830,924,928,917,895,873,919,900,837,827,731,707,740,719,736,493,546,500,555,480,398,394,355,412,353,353,333,347,311,275,290,287,258,260,219,221,191,138,109,124,99,68,50,53,37,27,14,8,5,3,5,4,0,0,59272,545,584,612,709,656,678,685,620,658,655,642,686,622,658,656,692,702,740,845,878,851,832,820,704,719,694,706,744,643,714,674,620,573,628,602,626,651,704,718,752,741,765,757,795,782,849,923,852,917,936,919,899,992,966,910,845,832,899,863,730,733,707,823,764,545,552,608,636,559,474,498,427,444,456,417,462,401,403,393,416,369,391,396,346,320,285,305,233,247,216,175,147,104,112,68,54,27,31,28,10,19,1,0,110674,54693,3338,3328,3398,2314,1672,838,914,2324,3119,2957,3142,3471,4034,4470,4173,1439,1926,1041,1418,1827,1518,1184,848,55981,3102,3296,3259,2113,1268,642,632,2000,3207,2874,3233,3583,4259,4566,4093,1419,2111,1143,1636,2198,2009,1691,1647,5437,2146,34,17,0,0,0,0,0,0,0,17,0,17,0,0,0,0,0,0,0,0,17,0,0,0,0,17,3,0,0,0,0,14,1866,351,287,0,0,5,181,101,0,1,0,1,0,50,13,13,0,0,0,0,1515,1322,0,0,0,193,45,51,15,0,7,75,246,231,0,0,0,0,0,0,0,0,0,0,0,231,0,0,0,0,0,0,15,0,0,0,0,15,0,8,0,0,2,5,3291,30,24,2,0,0,2,0,0,0,22,22,0,0,0,0,0,0,0,0,0,6,0,0,0,0,6,2,0,0,0,0,4,2555,1576,1508,0,0,1431,27,50,0,3,3,0,0,54,11,7,0,4,0,0,979,889,0,0,0,90,4,32,9,0,2,43,706,692,18,0,0,18,0,0,0,0,0,0,0,674,0,0,0,0,0,0,14,0,0,0,0,14,0,6,0,0,5,3
"G4200830","2010","PA","1","2","Pennsylvania","42","McKean County","083",,,,,,,,,,,,,,,"14620","99999","999",,,,,,,,,,,,,,,,,"2536109386","13007418","McKean County","A","+41.8145902","-078.5724631","06","2",,43450,22159,222,244,242,230,279,228,264,265,286,257,267,248,270,282,278,296,302,305,381,311,311,282,279,273,268,248,232,265,258,285,299,299,274,255,287,287,287,307,319,326,315,334,324,326,327,309,321,335,319,336,369,351,357,362,335,341,363,296,318,253,275,254,284,270,198,196,203,238,173,185,155,159,143,150,152,134,100,118,120,112,105,104,107,90,69,81,61,45,54,32,29,23,23,3,14,4,3,1,1,0,2,0,0,21291,219,217,220,263,236,232,222,235,230,232,255,264,253,248,248,261,274,275,356,313,286,279,244,198,247,221,194,221,210,224,193,203,242,219,226,223,252,227,301,264,283,247,275,254,294,287,270,317,310,338,296,337,366,359,346,305,330,294,289,261,277,269,304,292,172,219,219,191,230,188,190,182,164,196,181,177,168,146,142,167,178,122,136,109,135,117,107,79,76,65,77,67,36,21,28,29,11,14,4,3,16,2,0,40272,19905,1208,1294,1317,866,491,215,191,676,1007,1021,1220,1415,1478,1693,1526,516,735,396,584,745,562,435,314,20367,1154,1149,1258,792,475,187,199,649,1052,1076,1259,1348,1510,1682,1457,536,758,428,596,881,747,610,564,3178,2254,80,52,0,0,0,0,0,0,0,52,0,52,0,0,0,0,0,0,0,0,28,0,0,0,0,28,8,10,0,0,0,10,2021,1543,1501,0,1433,0,68,0,0,14,0,14,0,28,0,0,0,0,0,0,478,400,0,0,0,78,0,30,3,0,2,43,153,143,4,0,4,0,0,0,0,0,0,0,0,139,0,0,0,0,0,0,10,0,0,0,0,10,0,3,0,0,2,5,924,31,23,0,0,0,0,0,0,0,23,0,23,0,0,0,0,0,0,0,0,8,0,0,0,0,8,0,4,0,0,0,4,527,58,13,0,4,0,9,0,0,0,0,0,0,45,0,0,0,0,0,0,469,405,0,0,0,64,10,8,6,0,2,38,366,354,0,0,0,0,0,0,0,0,0,0,0,354,0,0,0,0,0,0,12,0,0,0,0,12,0,0,0,0,4,8
"G4200850","2010","PA","1","2","Pennsylvania","42","Mercer County","085",,,,,,,,,,,,,,,"49660","99999","566",,,,,,,,,,,,,,,,,"1741960803","25978863","Mercer County","A","+41.3000142","-080.2527863","06","1",,116638,57106,535,590,593,623,623,666,645,670,661,714,756,753,774,729,851,892,965,986,886,942,930,874,725,617,611,565,588,607,566,577,604,605,565,542,595,599,578,658,671,732,727,717,762,780,780,880,870,847,849,916,887,946,968,875,914,914,872,859,833,759,801,730,701,721,536,579,564,568,532,452,411,460,413,412,375,362,326,324,317,348,298,291,276,323,262,213,193,168,139,111,75,60,42,42,21,11,18,2,5,4,1,1,0,59532,537,595,625,604,637,655,704,630,679,681,729,682,696,730,725,759,812,723,879,880,849,867,742,604,602,538,588,559,617,526,546,550,560,576,616,572,589,609,720,768,712,713,736,726,753,821,834,826,812,859,916,972,906,918,937,866,942,908,806,775,763,737,765,798,614,625,659,656,590,543,536,548,528,425,442,480,450,440,458,448,499,484,426,447,396,346,400,324,263,237,225,153,124,116,95,62,35,35,27,11,22,1,1,109924,52971,2957,3352,3760,2454,1188,539,509,1613,2683,2655,3002,3517,4108,4401,4120,1504,1929,1123,1518,2035,1622,1387,995,56953,2981,3338,3551,2242,1177,469,503,1748,2818,2835,3248,3625,4134,4626,4271,1491,2161,1273,1764,2426,2183,2076,2013,6714,4135,503,485,0,0,0,0,0,0,0,470,53,397,20,0,15,0,0,15,0,0,18,5,0,0,0,13,0,0,0,0,3,10,3313,1674,1550,0,0,1494,0,56,0,89,13,74,2,35,0,0,0,0,0,0,1639,1524,0,0,0,115,8,45,5,0,7,50,319,298,45,0,0,45,0,0,0,0,0,0,0,240,13,0,13,0,0,0,21,0,0,0,0,21,0,8,0,0,3,10,2579,91,49,0,0,0,0,0,0,0,49,49,0,0,0,0,0,0,0,0,0,42,3,0,0,0,39,13,0,0,0,0,26,1666,45,1,0,0,1,0,0,0,1,1,0,0,40,3,0,3,0,0,0,1621,1517,0,0,0,104,8,33,2,0,3,58,822,771,0,0,0,0,0,0,0,0,0,0,0,765,6,0,6,0,0,0,51,0,0,0,0,51,1,28,6,0,0,16
"G4200870","2010","PA","1","2","Pennsylvania","42","Mifflin County","087",,,,,,,,,,,,,,,"30380","99999","999",,,,,,,,,,,,,,,,,"1064565502","9544860","Mifflin County","A","+40.6118896","-077.6206614","06","2",,46682,22842,287,292,312,303,312,292,303,299,326,326,318,303,301,304,343,322,300,323,297,228,256,254,233,231,261,250,265,254,215,245,239,250,229,236,224,244,239,264,280,324,312,283,304,351,331,360,374,344,319,325,341,363,345,359,329,310,319,335,301,302,271,283,310,313,221,228,270,265,226,222,223,220,159,180,157,185,127,154,118,146,120,111,111,80,101,67,60,47,34,40,21,25,19,11,5,5,7,6,2,1,0,0,0,23840,251,307,276,307,275,303,264,289,255,298,318,296,293,293,265,307,304,317,283,226,228,220,245,235,227,243,238,230,252,267,241,257,248,245,228,239,271,286,304,307,309,318,330,287,337,303,361,356,331,379,323,309,352,345,339,323,326,361,330,293,321,325,350,369,235,255,257,297,252,250,230,230,187,196,203,208,182,162,189,183,161,160,145,143,153,125,141,86,101,61,88,54,38,38,35,18,13,12,15,9,12,1,0,46123,22655,1506,1545,1569,945,524,250,253,720,1213,1162,1338,1571,1718,1731,1560,552,841,496,710,924,712,500,315,23468,1413,1409,1465,928,507,228,218,704,1228,1212,1402,1579,1721,1666,1629,642,949,509,789,1030,890,695,655,559,187,1,0,0,0,0,0,0,0,0,0,0,0,0,0,0,0,0,0,0,0,1,0,0,0,0,1,1,0,0,0,0,0,90,47,41,0,0,0,41,0,0,0,0,0,0,6,0,0,0,0,0,0,43,0,0,0,0,43,13,14,16,0,0,0,96,96,0,0,0,0,0,0,0,0,0,0,0,96,0,0,0,0,0,0,0,0,0,0,0,0,0,0,0,0,0,0,372,3,0,0,0,0,0,0,0,0,0,0,0,0,0,0,0,0,0,0,0,3,0,0,0,0,3,3,0,0,0,0,0,47,34,14,0,0,0,14,0,0,0,0,0,0,20,0,0,0,0,0,0,13,0,0,0,0,13,6,6,0,0,0,1,322,322,0,0,0,0,0,0,0,0,0,0,0,322,0,0,0,0,0,0,0,0,0,0,0,0,0,0,0,0,0,0
"G4200890","2010","PA","1","2","Pennsylvania","42","Monroe County","089",,,,,,,,,,,,,,,"20700","99999","999",,,,,,,,,,,,,,,,,"1575452175","23238961","Monroe County","A","+41.0562332","-075.3290369","06","2",,169842,83856,822,885,917,908,959,1014,1020,1078,1082,1196,1201,1265,1364,1347,1392,1478,1503,1468,1526,1584,1506,1288,1151,1145,954,847,786,788,754,794,803,720,746,807,795,830,835,884,965,1093,1207,1157,1171,1270,1336,1487,1484,1431,1477,1471,1560,1386,1439,1388,1330,1367,1230,1226,1112,1081,1039,1043,1114,1008,718,743,757,806,681,549,547,544,465,500,450,411,348,356,370,277,273,276,267,227,185,169,132,135,86,87,45,41,23,22,19,6,8,11,3,2,1,0,2,85986,768,815,836,846,932,981,972,979,1129,1120,1147,1102,1264,1270,1347,1358,1411,1398,1498,1482,1345,1267,1145,926,866,740,701,796,768,736,835,831,895,881,866,983,959,1067,1145,1250,1304,1214,1281,1353,1452,1579,1489,1492,1505,1517,1557,1495,1472,1502,1370,1413,1193,1174,1109,1070,1025,1018,1114,1023,731,791,815,830,698,632,621,544,572,533,545,472,431,421,400,385,348,369,332,286,296,259,235,223,172,133,134,101,71,61,44,32,21,23,22,11,13,1,0,166052,82127,4478,5384,6555,4432,2517,1236,1132,3070,3903,3789,4570,6104,7304,7068,5994,2070,2829,1494,2025,2491,1738,1201,743,83925,4191,5179,6111,4131,2198,996,1047,2780,3722,4291,5396,6589,7557,7380,5949,2037,2854,1601,2133,2769,2051,1548,1415,3790,1729,50,29,1,0,0,0,1,0,0,28,9,19,0,0,0,0,0,0,0,0,21,1,0,0,0,20,17,0,0,0,0,3,1547,344,320,0,0,0,320,0,0,6,4,2,0,18,0,0,0,0,0,0,1203,1105,0,0,0,98,5,42,0,0,0,51,132,121,3,0,0,0,3,0,0,0,0,0,0,115,3,0,0,3,0,0,11,0,0,0,0,11,0,0,0,0,0,11,2061,63,44,0,0,0,0,0,0,0,44,20,24,0,0,0,0,0,0,0,0,19,1,0,0,0,18,13,1,0,0,0,4,1638,82,44,0,0,0,44,0,0,8,4,4,0,30,0,0,0,0,0,0,1556,1483,1,1,0,72,24,20,2,0,0,26,360,333,0,0,0,0,0,0,0,0,0,0,0,333,0,0,0,0,0,0,27,0,0,0,0,27,0,0,0,0,0,27
"G4200910","2010","PA","1","2","Pennsylvania","42","Montgomery County","091",,,,,,,,,,,,,,,"37980","37964","428",,,,,,,,,,,,,,,,,"1251067046","10761519","Montgomery County","A","+40.2099992","-075.3702011","06","1",,799874,387964,4687,4893,4840,4886,4997,5136,5013,5057,5100,5218,5245,5341,5278,5345,5653,5594,5703,5780,5279,4036,3966,3967,4208,4767,4866,4815,4866,5048,4995,4885,5079,4747,4786,4522,4738,4805,4643,4800,5330,5764,5774,5582,5612,5489,5801,6224,6201,6130,6234,6416,6503,6247,6417,5960,6071,5797,5427,5362,5181,4662,4682,4565,4649,4600,3288,3287,3280,3560,2773,2599,2465,2378,2307,2058,2036,1968,1780,1935,1887,1779,1773,1619,1610,1469,1272,1230,1050,882,795,678,517,403,312,230,163,117,67,51,27,28,25,2,0,411910,4447,4465,4653,4658,4779,4883,5001,4888,4990,5027,5090,4996,4988,5242,5392,5390,5382,5462,4743,4212,4150,4116,4412,4545,4593,4691,4614,4895,4947,4925,4906,4790,4874,4760,4758,4907,4846,4875,5303,5863,5993,5733,5921,5735,6108,6525,6658,6474,6816,6804,6730,6577,6692,6496,6136,6143,5837,5807,5410,5129,4933,4816,5015,5032,3617,3800,3855,3857,3284,3017,2939,2803,2781,2717,2696,2662,2482,2409,2504,2623,2522,2418,2491,2292,2125,2049,1983,1681,1575,1442,1114,982,799,607,481,380,279,219,148,105,183,10,1,778868,377378,24257,25477,26729,16747,8403,3527,3622,13143,23639,22895,24607,27490,30459,30519,25939,9092,12317,6456,8771,10975,9041,7376,5897,401490,22963,24764,25638,16046,7180,3270,3432,13084,23888,23958,25685,29351,33100,32431,28177,9676,13512,7580,9978,13555,12108,10903,11211,21006,10586,556,363,8,0,0,0,8,0,0,328,51,94,183,0,27,17,0,0,0,10,193,3,0,0,0,190,21,0,1,0,109,59,8134,5456,4824,0,0,0,4824,0,0,30,10,2,18,540,62,48,7,3,0,4,2678,1604,93,93,0,981,45,237,340,0,82,277,1896,1731,117,0,0,0,117,0,0,0,0,0,0,1579,35,1,24,10,0,0,165,0,0,0,0,165,0,9,25,0,7,124,10420,322,203,1,0,0,0,1,0,0,183,85,88,10,0,19,18,0,0,0,1,119,15,0,0,0,104,29,1,0,0,39,35,5118,770,258,0,0,0,258,0,0,15,11,3,1,437,60,42,12,0,0,6,4348,3729,28,28,0,591,60,164,140,0,56,171,4980,4592,0,0,0,0,0,0,0,0,0,0,0,4539,53,0,20,33,0,0,388,0,0,0,0,388,4,10,14,0,10,350
"G4200930","2010","PA","1","2","Pennsylvania","42","Montour County","093",,,,,,,,,,,,,,,"14100","99999","999",,,,,,,,,,,,,,,,,"337326235","5407929","Montour County","A","+41.0292610","-076.6652592","06","2",,18267,8784,111,107,118,101,112,112,139,111,118,108,105,101,107,89,124,124,117,144,127,94,90,87,92,93,78,95,103,104,99,118,124,90,106,84,79,97,105,92,106,103,105,113,120,106,111,126,125,120,140,180,152,137,152,137,148,142,152,148,137,106,118,121,111,119,91,101,91,77,67,79,79,72,70,52,61,46,60,48,58,50,43,35,44,43,33,26,26,17,20,18,11,6,7,3,6,1,0,1,0,0,2,0,0,9483,94,114,116,90,87,91,99,95,94,97,94,95,91,95,110,122,128,114,95,70,75,85,103,116,96,101,114,133,130,117,112,93,91,89,85,96,110,93,94,93,114,113,105,141,139,122,134,147,155,163,154,167,145,162,157,160,145,136,130,119,130,131,125,132,98,95,104,99,81,70,76,69,81,84,102,86,67,86,76,77,58,78,79,75,58,56,63,59,52,45,34,28,19,20,18,11,11,7,8,5,5,0,0,17424,8474,547,588,521,342,185,89,86,258,511,467,494,544,671,701,659,232,309,186,217,323,244,181,119,8950,501,476,484,348,154,69,84,307,591,466,478,604,711,768,668,251,340,186,229,378,335,259,263,843,310,50,48,0,0,0,0,0,0,0,48,0,13,35,0,0,0,0,0,0,0,2,0,0,0,0,2,2,0,0,0,0,0,177,164,22,0,0,0,22,0,0,33,0,0,33,23,86,86,0,0,0,0,13,0,0,0,0,13,3,10,0,0,0,0,83,83,0,0,0,0,0,0,0,0,0,0,0,76,7,7,0,0,0,0,0,0,0,0,0,0,0,0,0,0,0,0,533,17,17,0,0,0,0,0,0,0,17,0,17,0,0,0,0,0,0,0,0,0,0,0,0,0,0,0,0,0,0,0,0,124,103,0,0,0,0,0,0,0,16,0,16,0,29,58,58,0,0,0,0,21,0,0,0,0,21,4,5,0,0,3,9,392,260,0,0,0,0,0,0,0,0,0,0,0,243,17,17,0,0,0,0,132,0,0,0,0,132,0,0,0,0,50,82
"G4200950","2010","PA","1","2","Pennsylvania","42","Northampton County","095",,,,,,,,,,,,,,,"10900","99999","999",,,,,,,,,,,,,,,,,"957444154","20006520","Northampton County","A","+40.7527913","-075.3074468","06","1",,297735,145386,1486,1596,1668,1733,1746,1731,1822,1807,1876,1899,1905,1892,1927,1883,1949,2080,2080,2168,2383,2663,2614,2464,2038,1675,1689,1650,1572,1623,1613,1646,1594,1464,1540,1590,1574,1673,1642,1737,1924,2059,2079,1991,2070,2114,2102,2286,2288,2282,2260,2395,2325,2343,2373,2208,2260,2257,2054,2004,1953,1836,1798,1763,1873,1918,1229,1313,1323,1429,1124,1026,919,946,886,812,787,738,693,719,740,665,678,615,656,587,527,449,379,328,299,213,234,160,116,87,52,51,27,30,18,13,11,0,0,152349,1490,1520,1610,1688,1694,1678,1763,1815,1728,1856,1835,1785,1761,1856,1864,1933,2015,2038,2221,2316,2099,2102,1937,1603,1573,1573,1530,1556,1621,1663,1680,1636,1623,1632,1701,1734,1730,1760,1973,2097,2168,2040,2071,2141,2248,2319,2296,2356,2261,2376,2459,2425,2512,2357,2354,2324,2157,2050,2067,1878,1936,1926,2047,1900,1436,1374,1446,1561,1285,1193,1075,1128,1011,1053,973,989,914,973,977,986,966,906,954,899,868,842,769,687,633,503,463,329,312,239,201,141,99,68,54,32,50,3,0,287115,139793,8214,9129,9531,6235,3377,1648,1725,4981,7923,7642,8929,10247,11384,11384,10025,3536,4982,2617,3536,4280,3435,2888,2145,147322,7989,8837,9094,5961,3054,1325,1611,4864,7921,8243,9270,10636,11562,12059,10446,3841,5361,2806,4001,5125,4644,4237,4435,10620,5593,139,110,2,0,0,0,2,0,0,108,57,5,46,0,0,0,0,0,0,0,29,4,0,0,0,25,19,0,2,0,0,4,4705,760,637,0,0,0,637,0,0,15,11,0,4,108,0,0,0,0,0,0,3945,3513,0,0,0,432,123,156,48,0,3,102,749,534,2,0,0,0,2,0,0,0,0,0,0,528,4,0,0,4,0,0,215,0,0,0,0,215,4,134,0,0,53,24,5027,48,25,0,0,0,0,0,0,0,25,23,0,2,0,0,0,0,0,0,0,23,4,0,0,0,19,14,0,0,0,0,5,3271,174,72,0,0,0,72,0,0,1,1,0,0,101,0,0,0,0,0,0,3097,2895,0,0,0,202,49,84,20,0,0,49,1708,1368,0,0,0,0,0,0,0,0,0,0,0,1362,6,0,0,6,0,0,340,0,0,0,0,340,0,205,0,0,101,34
"G4200970","2010","PA","1","2","Pennsylvania","42","Northumberland County","097",,,,,,,,,,,,,,,"44980","99999","526",,,,,,,,,,,,,,,,,"1187166553","49616087","Northumberland County","A","+40.8515244","-076.7098770","06","2",,94528,47195,502,546,543,528,582,550,540,527,552,526,526,513,537,582,566,619,648,661,605,435,529,586,582,595,603,612,569,619,549,551,581,575,584,515,544,548,568,560,613,631,653,621,659,678,642,687,784,706,750,746,752,725,766,740,737,764,754,718,710,626,633,614,682,646,454,490,479,466,410,437,389,368,379,337,301,306,282,272,271,276,229,221,238,184,176,178,149,106,105,70,81,31,31,29,15,14,11,8,3,2,2,0,0,47333,474,546,487,514,551,489,518,493,551,519,542,520,494,451,526,583,534,603,524,452,431,456,412,516,518,528,486,501,513,527,508,490,470,504,475,458,520,544,561,644,572,589,589,610,590,666,693,693,716,710,711,774,796,697,727,705,706,713,703,632,623,644,708,681,482,521,491,535,481,442,481,430,430,402,407,399,336,361,342,379,369,361,390,355,324,341,245,241,253,177,163,123,101,71,65,48,28,36,20,11,10,1,0,91082,44507,2700,2695,2704,1788,975,467,490,1511,2500,2467,2664,3010,3470,3558,3474,1228,1750,944,1281,1738,1372,993,728,46575,2567,2570,2532,1704,975,429,454,1432,2545,2431,2720,2941,3471,3695,3443,1253,1855,995,1446,2112,1761,1665,1579,3446,2688,161,159,3,0,0,0,3,0,0,156,0,0,156,0,0,0,0,0,0,0,2,0,0,0,0,2,2,0,0,0,0,0,2237,2171,2103,0,0,1930,173,0,0,44,0,0,44,24,0,0,0,0,0,0,66,0,0,0,0,66,5,40,0,0,19,2,290,251,18,0,0,18,0,0,0,0,0,0,0,230,3,3,0,0,0,0,39,0,0,0,0,39,0,22,0,0,14,3,758,22,17,0,0,0,0,0,0,0,17,0,0,17,0,0,0,0,0,0,0,5,0,0,0,0,5,5,0,0,0,0,0,124,56,27,0,0,6,21,0,0,1,0,0,1,28,0,0,0,0,0,0,68,0,0,0,0,68,8,34,0,0,9,17,612,582,0,0,0,0,0,0,0,0,0,0,0,576,6,6,0,0,0,0,30,0,0,0,0,30,0,22,0,0,5,3
"G4200990","2010","PA","1","2","Pennsylvania","42","Perry County","099",,,,,,,,,,,,,,,"25420","99999","276",,,,,,,,,,,,,,,,,"1428236088","10598014","Perry County","A","+40.3977795","-077.2663284","06","1",,45969,23057,300,286,274,309,275,279,270,288,292,281,323,298,323,275,325,352,369,419,319,271,257,282,226,243,256,244,237,262,248,278,272,277,251,233,246,257,256,316,310,329,322,304,320,360,379,356,374,389,374,341,376,353,381,362,392,363,376,380,344,341,340,370,320,359,221,205,237,213,193,205,179,146,142,139,113,121,104,107,86,91,101,80,68,50,57,37,37,27,39,13,19,12,9,12,6,2,0,2,0,0,0,0,0,22912,265,265,258,249,280,297,273,273,254,311,282,284,283,312,303,331,317,331,310,253,237,213,227,236,237,233,227,271,259,258,242,247,269,264,248,259,267,268,347,320,343,321,348,332,335,361,377,328,366,348,372,362,419,363,391,412,336,348,341,336,338,302,320,311,200,190,237,248,226,182,151,146,166,131,157,149,128,127,125,103,121,105,110,77,88,63,74,58,59,52,47,30,26,21,15,13,2,5,2,8,0,0,0,45312,22605,1444,1410,1505,983,538,250,269,714,1243,1263,1455,1665,1824,1857,1799,707,898,439,606,707,491,338,200,22707,1317,1408,1464,978,563,237,213,699,1248,1267,1458,1678,1779,1904,1771,637,829,425,651,741,604,467,369,657,452,196,77,2,0,0,0,2,0,0,75,0,0,75,0,0,0,0,0,0,0,119,0,0,0,0,119,0,0,0,0,119,0,185,151,111,0,0,0,111,0,0,27,0,0,27,13,0,0,0,0,0,0,34,0,0,0,0,34,0,12,0,0,22,0,71,67,0,0,0,0,0,0,0,0,0,0,0,67,0,0,0,0,0,0,4,0,0,0,0,4,0,4,0,0,0,0,205,1,1,0,0,0,0,0,0,0,1,0,0,1,0,0,0,0,0,0,0,0,0,0,0,0,0,0,0,0,0,0,0,19,13,0,0,0,0,0,0,0,0,0,0,0,13,0,0,0,0,0,0,6,0,0,0,0,6,0,6,0,0,0,0,185,185,0,0,0,0,0,0,0,0,0,0,0,185,0,0,0,0,0,0,0,0,0,0,0,0,0,0,0,0,0,0
"G4201010","2010","PA","1","2","Pennsylvania","42","Philadelphia County","101",,,,,,,,,,,,,,,"37980","37964","428",,,,,,,,,,,,,,,,,"347321129","22289408","Philadelphia County","C","+40.0093755","-075.1333459","06","1",,1526006,719813,10719,10549,10301,9942,9689,9502,9386,9135,9094,9255,9198,9250,9061,9068,9523,9819,10143,10609,12633,15213,15080,14440,13904,14040,13736,13390,12964,13132,12683,12427,12292,10877,10516,9938,9558,9281,8662,8676,9058,9602,9636,8972,9135,8737,8979,9568,9448,9173,9054,9404,9746,9239,9380,9257,9012,8985,8284,8096,7459,7532,7157,6786,6900,6554,5229,5013,4757,4867,4198,3997,3737,3653,3436,3317,3071,3019,2732,2686,2604,2485,2285,2177,2046,1777,1636,1548,1388,1152,927,834,630,500,359,258,213,155,97,76,45,39,30,2,0,806193,10358,10100,10032,9970,9393,9032,9190,8887,8578,8768,9102,8767,8742,8861,9068,9785,10194,10767,13307,15827,15714,14874,14921,14874,15134,14835,14401,14409,13816,13553,13179,12048,11557,10421,10066,9909,9333,9302,9778,10406,10183,9532,9562,9827,9753,10289,10267,10283,10149,10451,10886,10517,10898,10545,10404,10263,9571,9369,9003,9135,8789,8447,8553,8153,6543,6453,6346,6562,5638,5360,5207,4933,5020,4544,4655,4605,4191,4119,4157,4069,3872,3651,3656,3317,3350,3041,2744,2544,2176,1992,1610,1327,1045,852,656,563,392,298,203,158,231,24,2,1468623,687729,50911,46182,45963,30147,20892,12242,12687,38914,62073,51188,43620,43646,44721,44714,39022,13552,18194,9535,12735,16751,13108,9439,7493,780894,49590,44292,44410,30530,20870,12804,13444,43381,70073,56769,48288,48340,50874,52685,46838,17037,22913,12609,17253,23790,20400,16721,16983,57383,32084,1040,463,168,0,0,0,95,73,0,267,61,84,122,0,28,0,0,1,0,27,577,25,0,0,0,552,439,2,6,0,2,103,28359,10166,9191,855,0,41,7973,322,0,107,10,13,84,716,152,114,35,3,0,0,18193,11560,10,10,0,6623,1746,2100,986,23,203,1565,2685,2093,44,9,0,0,29,6,0,0,0,0,0,1889,160,108,37,15,0,0,592,0,0,0,0,592,62,210,54,0,44,222,25299,772,217,16,0,0,0,1,15,0,183,80,61,42,0,18,0,0,0,0,18,555,43,0,0,0,512,487,1,0,0,0,24,18720,1697,973,134,0,0,730,109,0,54,24,15,15,610,60,14,17,17,0,12,17023,13834,4,4,0,3185,995,1089,492,1,106,502,5807,4740,1,0,0,0,0,1,0,0,0,0,0,4662,77,5,66,6,0,0,1067,0,0,0,0,1067,21,330,78,0,71,567
"G4201030","2010","PA","1","2","Pennsylvania","42","Pike County","103",,,,,,,,,,,,,,,"35620","35084","408",,,,,,,,,,,,,,,,,"1411441365","56692061","Pike County","A","+41.3259485","-075.0315143","06","1",,57369,28686,284,303,274,323,321,313,378,349,371,408,368,448,436,447,465,492,460,491,451,356,336,285,237,280,233,228,229,237,231,241,242,264,245,272,253,285,273,298,329,390,383,380,400,449,473,497,510,485,526,541,502,491,512,476,454,483,413,420,397,425,389,397,427,378,306,296,325,368,296,296,262,313,242,185,212,180,153,151,146,136,161,139,103,115,72,63,64,43,41,17,19,14,11,12,5,2,3,0,1,0,0,0,0,28683,261,271,257,247,282,303,296,333,339,399,382,427,344,435,433,461,480,477,376,295,252,256,248,251,231,212,204,245,233,237,257,248,242,279,296,267,316,337,396,384,423,404,454,435,523,516,560,540,542,530,514,502,488,450,450,427,437,423,415,381,379,377,446,410,311,365,351,377,313,287,263,260,226,209,196,176,164,173,189,145,160,145,106,121,105,108,67,79,70,44,30,31,25,19,15,13,6,8,4,4,3,0,0,56891,28334,1505,1819,2164,1443,798,321,273,704,1097,1231,1522,2059,2536,2416,2130,785,1105,621,956,1213,763,584,289,28557,1318,1669,2021,1417,670,251,256,721,1117,1316,1699,2236,2686,2400,2081,755,1162,715,975,1147,839,618,488,478,352,0,0,0,0,0,0,0,0,0,0,0,0,0,0,0,0,0,0,0,0,0,0,0,0,0,0,0,0,0,0,0,0,332,314,311,0,0,0,311,0,0,0,0,0,0,3,0,0,0,0,0,0,18,2,0,0,0,16,0,6,0,0,5,5,20,17,0,0,0,0,0,0,0,0,0,0,0,17,0,0,0,0,0,0,3,0,0,0,0,3,0,0,0,0,0,3,126,2,0,0,0,0,0,0,0,0,0,0,0,0,0,0,0,0,0,0,0,2,0,0,0,0,2,0,0,0,0,0,2,49,30,24,0,0,0,24,0,0,0,0,0,0,6,0,0,0,0,0,0,19,7,0,0,0,12,0,6,0,0,2,4,75,69,0,0,0,0,0,0,0,0,0,0,0,69,0,0,0,0,0,0,6,0,0,0,0,6,0,3,0,0,0,3
"G4201050","2010","PA","1","2","Pennsylvania","42","Potter County","105",,,,,,,,,,,,,,,"99999","99999","999",,,,,,,,,,,,,,,,,"2800614301","559776","Potter County","A","+41.7482219","-077.8947350","06","9",,17457,8724,107,93,98,108,113,98,98,102,111,109,105,120,122,104,121,130,137,165,124,107,78,69,83,83,96,103,81,98,98,75,78,67,92,80,77,91,66,94,107,110,95,96,99,105,117,149,128,119,130,138,135,128,158,140,141,141,126,129,118,145,132,129,153,122,98,93,112,118,103,98,89,98,85,78,57,59,63,49,61,39,40,39,42,34,35,24,24,22,31,30,9,7,8,3,0,3,1,0,0,0,1,0,0,8733,102,85,89,97,82,95,104,103,98,111,108,102,119,98,110,99,135,123,102,67,77,77,104,85,65,89,74,77,88,74,76,79,85,85,69,95,72,95,83,106,109,114,103,113,120,121,132,140,143,145,148,113,133,124,135,138,131,147,139,119,138,128,134,154,80,109,93,111,103,98,80,76,87,83,77,64,62,58,63,92,61,53,60,41,60,56,38,37,38,21,36,24,18,15,14,8,5,3,1,1,2,0,0,17240,8622,519,518,572,426,229,75,67,254,442,390,465,506,658,699,655,261,372,203,319,402,262,180,148,8618,455,511,537,357,169,77,77,253,401,394,451,559,678,651,672,264,364,200,311,393,331,254,259,217,102,6,6,0,0,0,0,0,0,0,6,6,0,0,0,0,0,0,0,0,0,0,0,0,0,0,0,0,0,0,0,0,0,55,51,45,0,0,0,45,0,0,2,2,0,0,4,0,0,0,0,0,0,4,0,0,0,0,4,0,4,0,0,0,0,41,36,0,0,0,0,0,0,0,0,0,0,0,36,0,0,0,0,0,0,5,0,0,0,0,5,0,5,0,0,0,0,115,0,0,0,0,0,0,0,0,0,0,0,0,0,0,0,0,0,0,0,0,0,0,0,0,0,0,0,0,0,0,0,0,15,10,1,0,0,0,1,0,0,0,0,0,0,9,0,0,0,0,0,0,5,0,0,0,0,5,0,4,0,0,0,1,100,83,0,0,0,0,0,0,0,0,0,0,0,83,0,0,0,0,0,0,17,0,0,0,0,17,0,17,0,0,0,0
"G4201070","2010","PA","1","2","Pennsylvania","42","Schuylkill County","107",,,,,,,,,,,,,,,"39060","99999","999",,,,,,,,,,,,,,,,,"2016651953","10828794","Schuylkill County","A","+40.7036899","-076.2178000","06","2",,148289,75175,763,764,817,793,864,824,832,826,882,865,887,815,845,833,878,943,965,938,949,816,735,730,730,854,1009,964,879,989,883,1023,980,1019,968,902,902,945,966,1118,1094,1140,1107,1126,1042,1170,1165,1210,1318,1105,1236,1176,1225,1291,1220,1214,1155,1093,1107,1148,1083,1059,949,1016,1057,1020,728,770,734,735,629,588,571,567,570,504,447,471,376,402,447,418,410,350,359,316,263,238,235,190,155,131,84,80,56,44,31,17,15,9,6,5,2,0,1,73114,659,733,735,785,798,751,806,754,790,799,825,795,817,829,882,860,862,924,781,677,705,662,662,762,775,731,748,785,744,805,770,791,744,730,754,775,799,884,970,975,988,1003,994,1001,1099,1038,1048,999,1117,1097,1146,1115,1127,1129,1095,1129,1079,1051,1024,1001,977,1006,1044,1005,767,743,812,822,702,677,641,566,604,593,625,619,528,606,591,626,603,539,620,514,533,484,411,399,344,297,218,231,160,126,128,77,58,42,24,14,24,1,0,141509,69651,4001,4229,4253,2842,1730,695,667,2153,3780,3841,4503,5046,5449,5704,5249,1920,2744,1479,1917,2613,2047,1616,1173,71858,3707,3900,4145,2641,1456,703,656,2179,3786,3768,4373,5058,5276,5587,5249,1968,2786,1536,2163,2953,2860,2593,2515,6780,5524,9,9,0,0,0,0,0,0,0,9,9,0,0,0,0,0,0,0,0,0,0,0,0,0,0,0,0,0,0,0,0,0,5134,5074,5002,0,1472,3300,230,0,0,0,0,0,0,72,0,0,0,0,0,0,60,0,0,0,0,60,0,30,6,0,0,24,381,356,29,0,0,29,0,0,0,0,0,0,0,327,0,0,0,0,0,0,25,0,0,0,0,25,0,7,0,0,1,17,1256,11,11,0,0,0,0,0,0,0,11,11,0,0,0,0,0,0,0,0,0,0,0,0,0,0,0,0,0,0,0,0,0,263,180,96,0,54,2,40,0,0,0,0,0,0,84,0,0,0,0,0,0,83,0,0,0,0,83,0,39,24,0,0,20,982,935,0,0,0,0,0,0,0,0,0,0,0,935,0,0,0,0,0,0,47,0,0,0,0,47,0,0,0,0,0,47
"G4201090","2010","PA","1","2","Pennsylvania","42","Snyder County","109",,,,,,,,,,,,,,,"42780","99999","526",,,,,,,,,,,,,,,,,"851343254","7292556","Snyder County","A","+40.7553480","-077.0729544","06","2",,39702,19597,229,220,252,259,313,266,268,274,258,245,248,249,243,255,285,275,242,268,354,494,438,385,330,238,232,200,188,246,199,211,215,180,199,190,219,210,224,230,250,283,241,272,250,250,259,294,284,263,266,279,291,281,291,285,308,279,266,289,277,225,226,246,233,251,172,175,193,174,190,158,127,132,134,127,131,108,109,94,95,94,103,81,83,58,59,44,32,35,34,19,18,16,12,7,6,2,0,1,3,0,1,0,0,20105,221,212,228,256,234,213,242,260,245,225,238,228,218,234,229,237,261,264,428,457,458,404,316,227,208,213,209,206,222,173,182,210,222,202,208,230,211,214,235,264,247,251,256,277,269,260,282,311,288,274,283,272,299,272,300,278,305,258,253,239,238,245,246,257,212,192,217,187,186,179,154,163,157,163,147,142,111,133,116,130,123,105,127,114,94,90,84,83,59,47,48,40,25,28,9,13,7,4,0,6,6,0,0,37385,18464,1271,1311,1279,777,473,208,274,729,1010,983,1176,1257,1366,1419,1269,440,633,361,512,636,488,372,220,18921,1150,1185,1147,757,429,227,268,672,1018,1022,1147,1293,1404,1402,1294,471,691,398,550,764,618,532,482,2317,1133,11,4,0,0,0,0,0,0,0,4,0,4,0,0,0,0,0,0,0,0,7,5,0,0,0,2,0,0,0,0,2,0,1056,263,261,0,0,168,93,0,0,0,0,0,0,2,0,0,0,0,0,0,793,779,0,0,0,14,0,8,0,0,6,0,66,66,26,0,0,26,0,0,0,0,0,0,0,40,0,0,0,0,0,0,0,0,0,0,0,0,0,0,0,0,0,0,1184,6,0,0,0,0,0,0,0,0,0,0,0,0,0,0,0,0,0,0,0,6,5,0,0,0,1,0,0,0,0,1,0,1033,115,109,0,0,97,12,0,0,0,0,0,0,6,0,0,0,0,0,0,918,913,0,0,0,5,0,4,0,0,1,0,145,142,37,0,0,37,0,0,0,0,0,0,0,105,0,0,0,0,0,0,3,0,0,0,0,3,0,0,0,0,3,0
"G4201110","2010","PA","1","2","Pennsylvania","42","Somerset County","111",,,,,,,,,,,,,,,"43740","99999","999",,,,,,,,,,,,,,,,,"2782615877","16984191","Somerset County","A","+39.9812968","-079.0284859","06","2",,77742,40029,356,389,364,379,391,393,408,397,432,418,427,443,469,451,498,467,495,514,482,396,409,449,475,496,501,486,494,483,494,485,557,536,501,451,487,491,496,532,563,595,564,540,570,595,621,616,640,608,647,659,663,684,680,705,632,676,666,637,589,591,598,573,546,565,401,402,418,423,346,339,323,312,294,301,265,253,226,199,233,204,197,186,199,164,144,160,125,123,79,86,68,32,39,25,12,8,13,8,3,3,1,0,0,37713,344,352,390,407,330,388,391,398,362,491,447,424,417,457,434,473,455,480,439,347,330,338,356,369,354,330,356,367,358,365,374,367,380,409,376,393,411,449,486,481,470,468,430,484,508,568,581,500,559,589,639,609,645,646,579,569,588,597,573,500,571,520,538,529,360,376,433,427,370,364,360,356,339,319,348,311,296,292,329,284,320,301,273,286,231,287,210,182,191,174,122,114,76,72,50,42,28,21,18,2,12,2,0,73209,36097,1879,2047,2287,1472,856,365,364,1117,1854,1959,2204,2432,2770,3051,2986,1119,1439,782,1065,1445,1073,845,686,37112,1823,2030,2177,1400,785,330,338,1077,1763,1899,2209,2354,2792,3100,2809,1086,1415,796,1149,1693,1456,1316,1315,4533,3932,6,3,0,0,0,0,0,0,0,3,3,0,0,0,0,0,0,0,0,0,3,0,0,0,0,3,3,0,0,0,0,0,3609,3549,3522,0,0,3455,67,0,0,0,0,0,0,27,0,0,0,0,0,0,60,0,0,0,0,60,3,32,16,0,3,6,317,294,127,0,0,127,0,0,0,0,0,0,0,166,1,0,0,1,0,0,23,0,0,0,0,23,0,20,0,0,3,0,601,10,9,0,0,0,0,0,0,0,9,9,0,0,0,0,0,0,0,0,0,1,0,0,0,0,1,1,0,0,0,0,0,98,33,13,0,0,8,5,0,0,1,1,0,0,19,0,0,0,0,0,0,65,0,0,0,0,65,3,49,6,0,5,2,493,447,0,0,0,0,0,0,0,0,0,0,0,447,0,0,0,0,0,0,46,0,0,0,0,46,0,46,0,0,0,0
"G4201130","2010","PA","1","2","Pennsylvania","42","Sullivan County","113",,,,,,,,,,,,,,,"99999","99999","999",,,,,,,,,,,,,,,,,"1165338335","6617026","Sullivan County","A","+41.4397901","-076.5115249","06","9",,6428,3307,20,25,28,26,19,21,20,25,21,29,24,20,20,32,34,46,36,73,84,71,61,51,39,44,31,34,33,17,35,24,27,26,22,27,29,30,18,27,25,41,34,39,35,30,34,38,53,42,65,54,59,54,56,64,47,56,60,63,43,70,53,51,46,75,45,44,43,55,39,41,38,44,40,37,38,31,34,35,21,23,17,19,32,16,18,7,5,12,8,7,13,2,1,2,2,1,1,0,0,0,0,0,0,3121,28,26,26,29,28,23,23,26,15,28,30,19,24,26,26,36,51,43,30,32,34,23,25,28,32,20,27,22,27,24,31,19,18,22,25,28,16,28,35,31,32,28,28,40,32,45,60,47,40,55,62,50,75,62,47,58,47,35,44,48,46,62,61,62,40,49,54,51,37,45,45,27,42,36,28,41,28,30,32,29,37,24,15,26,34,15,20,11,15,16,7,16,6,3,2,3,3,1,1,1,1,0,0,5994,2991,118,116,130,106,64,20,27,85,139,130,141,169,250,276,283,99,156,85,128,190,135,95,49,3003,137,115,125,115,48,30,18,81,118,115,138,153,246,292,228,105,161,100,128,171,156,125,98,434,316,49,0,0,0,0,0,0,0,0,0,0,0,0,0,0,0,0,0,0,0,49,0,0,0,0,49,0,0,0,0,49,0,223,35,0,0,0,0,0,0,0,0,0,0,0,35,0,0,0,0,0,0,188,0,0,0,0,188,0,0,0,0,188,0,44,44,0,0,0,0,0,0,0,0,0,0,0,44,0,0,0,0,0,0,0,0,0,0,0,0,0,0,0,0,0,0,118,15,0,0,0,0,0,0,0,0,0,0,0,0,0,0,0,0,0,0,0,15,0,0,0,0,15,0,0,0,0,15,0,50,22,0,0,0,0,0,0,0,0,0,0,0,22,0,0,0,0,0,0,28,0,0,0,0,28,0,0,0,0,28,0,53,48,0,0,0,0,0,0,0,0,0,0,0,48,0,0,0,0,0,0,5,0,0,0,0,5,0,0,0,0,5,0
"G4201150","2010","PA","1","2","Pennsylvania","42","Susquehanna County","115",,,,,,,,,,,,,,,"99999","99999","999",,,,,,,,,,,,,,,,,"2132685970","22553103","Susquehanna County","A","+41.8196651","-075.8009686","06","9",,43356,21795,212,205,253,221,202,247,250,258,241,248,280,280,272,300,304,321,322,353,323,247,212,209,214,204,227,216,243,231,217,172,189,208,246,186,187,215,204,223,278,293,263,276,271,274,310,332,413,357,361,376,395,407,404,415,376,382,335,348,306,303,320,318,305,352,247,303,283,261,232,214,196,196,208,181,185,152,131,134,106,118,96,122,106,66,76,58,44,40,32,21,24,8,12,11,7,4,4,2,2,0,0,1,0,21561,196,223,218,200,243,235,239,194,217,258,276,276,277,229,272,247,305,293,277,214,220,178,185,201,208,217,174,205,189,199,240,221,232,205,183,192,186,245,259,267,278,230,298,287,305,350,303,371,348,383,379,400,379,364,349,355,331,319,328,329,328,340,338,322,243,255,244,319,228,228,186,207,201,178,177,147,145,142,143,126,144,142,120,109,82,105,105,72,80,74,49,50,42,31,20,11,16,12,5,3,10,1,0,43074,21688,1093,1244,1436,993,562,208,206,633,1070,1010,1208,1389,1833,1990,1669,638,901,586,706,964,635,462,252,21386,1080,1143,1330,845,490,219,178,594,982,1081,1148,1396,1753,1870,1661,665,903,495,774,943,689,567,580,282,107,3,0,0,0,0,0,0,0,0,0,0,0,0,0,0,0,0,0,0,0,3,0,0,0,0,3,0,3,0,0,0,0,73,53,45,0,0,0,45,0,0,0,0,0,0,8,0,0,0,0,0,0,20,0,0,0,0,20,0,20,0,0,0,0,31,31,0,0,0,0,0,0,0,0,0,0,0,31,0,0,0,0,0,0,0,0,0,0,0,0,0,0,0,0,0,0,175,0,0,0,0,0,0,0,0,0,0,0,0,0,0,0,0,0,0,0,0,0,0,0,0,0,0,0,0,0,0,0,0,14,13,8,0,0,0,8,0,0,0,0,0,0,5,0,0,0,0,0,0,1,0,0,0,0,1,0,1,0,0,0,0,161,161,0,0,0,0,0,0,0,0,0,0,0,161,0,0,0,0,0,0,0,0,0,0,0,0,0,0,0,0,0,0
"G4201170","2010","PA","1","2","Pennsylvania","42","Tioga County","117",,,,,,,,,,,,,,,"99999","99999","999",,,,,,,,,,,,,,,,,"2936496911","8230721","Tioga County","A","+41.7668593","-077.2572882","06","9",,41981,20573,212,213,234,226,207,242,204,249,243,227,250,235,227,221,297,282,259,282,363,412,382,358,310,239,240,216,231,238,204,204,193,214,214,200,175,199,204,216,239,252,276,236,266,239,244,314,258,281,304,319,327,329,336,317,333,306,288,305,322,292,285,285,304,321,208,201,251,228,230,226,205,179,172,189,168,155,137,137,137,122,83,89,91,73,78,60,44,39,41,33,27,14,20,9,15,4,4,1,3,0,0,0,0,21408,227,215,237,245,211,196,231,230,218,246,228,195,257,238,272,285,294,255,404,503,450,361,266,259,234,212,189,229,195,252,200,178,207,197,178,217,212,227,231,261,264,225,259,250,290,316,283,301,312,361,304,371,304,331,364,305,315,278,294,288,265,281,315,283,210,233,248,274,236,223,187,224,208,172,151,177,156,155,137,142,108,129,110,111,99,106,83,81,77,68,46,47,25,19,11,17,12,11,3,2,9,0,0,40030,19749,1084,1165,1219,803,490,224,262,714,1064,981,1097,1249,1459,1632,1500,569,828,450,682,907,681,408,281,20281,1126,1121,1183,812,449,221,253,688,1065,955,1143,1282,1562,1666,1476,546,806,480,729,931,744,524,519,1951,824,39,30,0,0,0,0,0,0,0,30,0,27,3,0,0,0,0,0,0,0,9,1,0,0,0,8,8,0,0,0,0,0,729,80,71,0,0,0,71,0,0,2,0,2,0,7,0,0,0,0,0,0,649,602,0,0,0,47,18,9,9,0,6,5,56,56,2,0,0,0,2,0,0,0,0,0,0,54,0,0,0,0,0,0,0,0,0,0,0,0,0,0,0,0,0,0,1127,38,24,0,0,0,0,0,0,0,24,0,22,2,0,0,0,0,0,0,0,14,4,0,0,0,10,10,0,0,0,0,0,919,14,8,0,0,0,8,0,0,0,0,0,0,6,0,0,0,0,0,0,905,861,0,0,0,44,25,11,0,0,4,4,170,170,0,0,0,0,0,0,0,0,0,0,0,170,0,0,0,0,0,0,0,0,0,0,0,0,0,0,0,0,0,0
"G4201190","2010","PA","1","2","Pennsylvania","42","Union County","119",,,,,,,,,,,,,,,"30260","99999","526",,,,,,,,,,,,,,,,,"818389897","4648544","Union County","A","+40.9621790","-077.0554751","06","2",,44947,24711,197,183,193,238,230,228,249,256,248,239,252,242,218,237,238,257,288,285,407,586,591,605,504,275,344,325,336,361,366,395,408,431,407,425,369,402,426,375,415,463,461,397,379,386,426,426,381,355,381,400,354,366,350,337,301,304,308,275,279,265,271,257,267,243,183,171,196,202,189,154,138,162,118,122,121,130,115,106,109,89,76,97,72,88,81,72,40,43,39,37,26,20,17,11,8,6,2,4,1,2,1,0,0,20236,182,203,226,211,234,234,250,230,226,231,215,228,230,226,213,217,243,233,451,617,513,544,393,223,220,226,201,201,203,190,203,157,185,183,185,214,192,229,232,246,236,221,248,233,259,285,253,276,283,263,282,297,289,274,291,265,246,258,268,225,231,196,268,264,196,194,206,205,172,155,191,149,138,160,160,140,130,142,111,154,124,117,113,144,120,110,101,99,79,78,56,49,52,40,23,21,17,8,7,11,12,1,0,35838,17427,1041,1220,1175,811,395,197,268,692,971,881,1003,1179,1336,1301,1190,460,605,341,504,636,530,391,300,18411,1056,1171,1112,684,363,150,297,716,989,899,1098,1192,1348,1426,1260,426,725,397,528,782,651,563,578,9109,7284,31,19,0,0,0,0,0,0,0,19,0,19,0,0,0,0,0,0,0,0,12,0,0,0,0,12,0,0,12,0,0,0,7090,5569,5556,0,5522,0,34,0,0,1,0,1,0,12,0,0,0,0,0,0,1521,1395,0,0,0,126,0,0,126,0,0,0,163,163,97,0,97,0,0,0,0,0,0,0,0,66,0,0,0,0,0,0,0,0,0,0,0,0,0,0,0,0,0,0,1825,9,0,0,0,0,0,0,0,0,0,0,0,0,0,0,0,0,0,0,0,9,2,0,0,0,7,0,0,7,0,0,0,1526,23,17,0,17,0,0,0,0,0,0,0,0,6,0,0,0,0,0,0,1503,1418,0,0,0,85,0,0,85,0,0,0,290,290,2,0,2,0,0,0,0,0,0,0,0,288,0,0,0,0,0,0,0,0,0,0,0,0,0,0,0,0,0,0
"G4201210","2010","PA","1","2","Pennsylvania","42","Venango County","121",,,,,,,,,,,,,,,"36340","99999","999",,,,,,,,,,,,,,,,,"1746387330","22148536","Venango County","A","+41.4019797","-079.7544181","06","2",,54984,26910,292,307,298,313,355,287,321,309,280,362,339,352,328,309,361,396,405,444,398,302,284,238,268,256,294,253,273,271,280,262,282,282,329,281,282,305,275,286,327,318,322,335,354,366,380,341,400,397,429,489,472,444,500,490,454,457,471,454,466,420,410,333,393,402,248,321,278,259,280,238,227,195,216,190,202,193,169,171,165,124,136,145,121,122,107,85,79,61,60,37,18,19,16,16,6,9,5,5,2,2,0,0,0,28074,309,305,280,316,313,291,278,301,330,326,381,326,298,351,329,317,347,376,371,244,285,263,225,289,282,316,264,303,299,289,320,259,288,260,262,269,297,299,325,341,314,368,311,353,322,400,407,417,412,488,484,479,511,486,478,491,465,458,405,407,401,376,424,390,298,308,321,350,268,264,248,244,263,215,232,198,208,210,211,242,224,209,189,169,170,134,116,125,109,86,56,58,48,32,32,25,13,9,5,6,8,0,0,53687,26275,1565,1559,1684,1134,638,272,231,792,1306,1431,1486,1724,2027,2317,2226,734,1019,586,758,1013,790,607,376,27412,1523,1526,1681,1029,594,271,257,785,1457,1378,1520,1648,2107,2397,2182,768,1083,619,856,1165,1027,880,659,1297,635,116,116,0,0,0,0,0,0,0,116,0,65,51,0,0,0,0,0,0,0,0,0,0,0,0,0,0,0,0,0,0,0,370,172,107,0,0,0,107,0,0,43,0,33,10,22,0,0,0,0,0,0,198,29,0,0,0,169,8,9,127,0,0,25,149,92,0,0,0,0,0,0,0,0,0,0,0,92,0,0,0,0,0,0,57,0,0,0,0,57,2,2,44,0,0,9,662,15,15,0,0,0,0,0,0,0,15,0,0,15,0,0,0,0,0,0,0,0,0,0,0,0,0,0,0,0,0,0,0,248,53,24,0,0,0,24,0,0,2,0,0,2,27,0,0,0,0,0,0,195,40,0,0,0,155,0,4,130,0,0,21,399,321,0,0,0,0,0,0,0,0,0,0,0,321,0,0,0,0,0,0,78,0,0,0,0,78,0,0,67,0,0,11
"G4201230","2010","PA","1","2","Pennsylvania","42","Warren County","123",,,,,,,,,,,,,,,"47620","99999","999",,,,,,,,,,,,,,,,,"2289898600","37368011","Warren County","A","+41.8436691","-079.3131731","06","2",,41815,20827,205,216,222,204,207,214,224,238,268,286,261,266,275,260,272,292,271,335,285,207,224,187,179,202,220,214,205,246,219,223,229,204,196,206,200,207,197,213,245,288,248,292,290,271,291,330,303,328,313,362,367,348,367,344,389,369,347,327,328,306,310,319,282,303,240,211,234,278,212,210,202,166,175,151,156,157,128,112,142,105,127,115,115,89,92,60,46,59,59,41,21,28,13,6,13,5,9,1,2,0,1,0,0,20988,198,225,188,233,190,214,202,234,213,240,242,248,239,273,239,231,291,302,271,170,154,179,209,194,217,196,218,198,208,186,237,200,201,175,197,201,206,242,257,265,257,268,252,261,306,310,310,331,364,294,334,343,376,388,342,347,349,327,330,308,317,293,328,347,224,241,247,264,220,205,191,191,180,180,163,161,142,157,165,171,162,135,150,128,137,110,98,102,83,62,60,46,38,30,27,16,17,6,7,3,4,0,0,41027,20412,1053,1227,1325,898,478,218,177,581,1077,1007,1129,1368,1608,1783,1644,624,812,436,690,835,625,507,310,20615,1032,1100,1234,818,438,150,179,612,997,998,1161,1337,1593,1763,1648,604,890,486,682,884,766,656,587,788,415,13,6,0,0,0,0,0,0,0,6,0,6,0,0,0,0,0,0,0,0,7,0,0,0,0,7,0,0,0,0,0,7,264,237,195,0,0,0,103,92,0,0,0,0,0,19,23,23,0,0,0,0,27,0,0,0,0,27,3,3,0,0,0,21,138,130,11,0,0,0,0,11,0,0,0,0,0,115,4,4,0,0,0,0,8,0,0,0,0,8,0,0,0,0,0,8,373,18,8,0,0,0,0,0,0,0,8,0,8,0,0,0,0,0,0,0,0,10,0,0,0,0,10,0,0,0,0,0,10,117,87,73,0,0,0,18,55,0,0,0,0,0,14,0,0,0,0,0,0,30,0,0,0,0,30,2,0,4,0,2,22,238,234,6,0,0,0,0,6,0,0,0,0,0,228,0,0,0,0,0,0,4,0,0,0,0,4,0,0,0,0,0,4
"G4201250","2010","PA","1","2","Pennsylvania","42","Washington County","125",,,,,,,,,,,,,,,"38300","99999","430",,,,,,,,,,,,,,,,,"2219591093","10146905","Washington County","A","+40.2000054","-080.2521319","06","1",,207820,101035,1035,1048,1137,1159,1096,1106,1249,1203,1198,1210,1271,1268,1247,1278,1362,1359,1348,1388,1414,1565,1540,1460,1310,1112,1029,1035,1008,1050,989,1027,1091,1001,1103,1049,999,1104,1071,1218,1259,1427,1326,1349,1349,1359,1467,1567,1491,1557,1633,1617,1723,1674,1736,1671,1768,1725,1591,1607,1563,1468,1424,1372,1496,1443,1055,969,995,1034,898,803,751,796,774,683,636,624,530,552,533,515,504,492,506,411,326,355,299,267,246,185,120,94,87,70,45,28,22,13,3,9,6,0,0,106785,1012,958,1028,1041,1042,1133,1130,1112,1180,1161,1212,1182,1262,1204,1272,1245,1267,1281,1395,1537,1546,1375,1173,1008,994,977,967,1054,1000,1000,1087,1076,1049,1052,1091,1120,1118,1155,1359,1410,1401,1459,1392,1436,1447,1630,1537,1519,1704,1779,1705,1813,1815,1752,1764,1682,1612,1635,1645,1505,1546,1498,1520,1533,1006,1062,1075,1211,1023,939,957,886,884,861,879,821,674,750,792,805,769,700,740,688,622,666,549,523,463,413,333,270,193,187,152,115,60,38,33,16,36,0,0,201895,98262,5472,5961,6409,4072,2201,1096,1145,3194,5001,5180,6037,6802,7771,8477,7875,2774,3951,1951,2714,3582,2712,2168,1717,103633,5074,5711,6130,3786,2043,1096,1064,2967,4953,5325,6124,7097,8137,8806,8051,3033,4029,2117,3133,4394,3719,3345,3499,5925,2773,48,37,0,0,0,0,0,0,0,37,11,26,0,0,0,0,0,0,0,0,11,3,0,0,0,8,5,0,0,0,1,2,2388,325,265,0,0,0,265,0,0,9,3,6,0,51,0,0,0,0,0,0,2063,1734,0,0,0,329,67,128,44,0,21,69,337,250,0,0,0,0,0,0,0,0,0,0,0,250,0,0,0,0,0,0,87,0,0,0,0,87,4,64,1,0,13,5,3152,21,5,0,0,0,0,0,0,0,5,5,0,0,0,0,0,0,0,0,0,16,2,0,0,0,14,6,0,0,0,0,8,2153,144,90,0,0,0,90,0,0,3,3,0,0,51,0,0,0,0,0,0,2009,1797,0,0,0,212,27,89,42,0,19,35,978,797,0,0,0,0,0,0,0,0,0,0,0,797,0,0,0,0,0,0,181,0,0,0,0,181,2,142,0,0,27,10
"G4201270","2010","PA","1","2","Pennsylvania","42","Wayne County","127",,,,,,,,,,,,,,,"99999","99999","999",,,,,,,,,,,,,,,,,"1879304853","64776959","Wayne County","A","+41.6465894","-075.2924847","06","9",,52822,27704,207,204,216,255,223,252,247,304,240,314,304,268,324,330,338,356,335,389,339,270,269,224,260,304,302,326,289,321,300,337,315,300,309,321,338,358,324,337,342,409,435,355,385,444,403,448,464,479,481,493,522,511,488,450,430,433,425,415,395,448,412,422,455,457,320,363,367,391,330,296,263,247,242,233,183,198,156,158,168,134,136,137,131,120,94,96,69,55,41,33,30,9,12,14,7,8,5,4,2,0,2,0,0,25118,200,186,225,228,238,225,233,264,252,302,320,292,285,311,324,341,339,371,282,214,203,220,185,217,214,212,237,222,204,233,240,230,184,219,223,236,235,248,258,306,354,297,328,359,371,366,398,414,405,464,411,430,434,433,407,427,404,428,414,368,418,400,389,409,338,340,337,318,303,295,278,234,234,206,228,220,193,190,188,195,181,174,175,132,142,125,100,81,73,79,54,58,40,26,22,22,18,9,10,5,9,0,0,49002,24263,1105,1357,1563,1074,587,251,195,665,1123,1023,1293,1562,1942,2101,1935,780,1157,691,975,1137,798,591,358,24739,1077,1272,1530,1044,491,202,218,605,1090,1089,1271,1697,2028,2106,2022,812,1126,673,907,1169,956,757,597,3820,3441,7,6,1,0,0,0,1,0,0,5,5,0,0,0,0,0,0,0,0,0,1,1,0,0,0,0,0,0,0,0,0,0,3250,3083,3071,0,1487,1475,109,0,0,1,1,0,0,11,0,0,0,0,0,0,167,76,0,0,0,91,0,50,19,0,10,12,184,177,104,0,10,94,0,0,0,0,0,0,0,73,0,0,0,0,0,0,7,0,0,0,0,7,0,4,0,0,3,0,379,13,13,0,0,0,0,0,0,0,13,13,0,0,0,0,0,0,0,0,0,0,0,0,0,0,0,0,0,0,0,0,0,131,33,20,0,3,0,17,0,0,1,1,0,0,12,0,0,0,0,0,0,98,56,0,0,0,42,0,22,7,0,12,1,235,227,0,0,0,0,0,0,0,0,0,0,0,227,0,0,0,0,0,0,8,0,0,0,0,8,0,3,0,0,5,0
"G4201290","2010","PA","1","2","Pennsylvania","42","Westmoreland County","129",,,,,,,,,,,,,,,"38300","99999","430",,,,,,,,,,,,,,,,,"2661353634","22067359","Westmoreland County","A","+40.3110682","-079.4666879","06","1",,365169,177722,1727,1709,1797,1885,1955,1814,1927,2034,1957,2055,2044,2192,2177,2161,2313,2431,2462,2661,2541,2200,2039,1954,1806,1920,1953,1834,1739,1913,1784,1823,1927,1807,1711,1744,1783,1783,1789,2102,2292,2427,2428,2400,2380,2653,2680,2721,2754,2619,2881,3101,3065,3106,3274,3160,3081,2916,2954,2850,2899,2539,2513,2561,2674,2637,1814,1687,1922,2004,1728,1541,1406,1468,1365,1284,1194,1132,1082,1134,1034,1023,998,983,943,805,771,673,547,494,432,326,256,158,142,107,79,60,36,28,16,17,13,2,0,187447,1603,1665,1738,1812,1780,1812,1948,1894,1857,1917,2036,2103,2022,2164,2141,2186,2251,2381,2247,2018,1928,1746,1838,1720,1739,1782,1680,1821,1784,1740,1812,1723,1791,1688,1790,1877,1960,1928,2213,2439,2493,2488,2434,2630,2693,2803,2884,2789,2988,3058,3244,3246,3196,3219,3087,2941,2983,3024,2860,2740,2767,2734,2860,2828,1897,1960,2107,2196,1967,1758,1643,1677,1682,1620,1520,1626,1352,1467,1457,1549,1588,1397,1417,1356,1278,1176,1133,942,887,722,548,534,393,266,211,171,151,87,52,41,52,4,0,357207,173337,9069,9787,10859,7305,4052,1683,1683,5299,8717,8655,10160,12298,13856,15516,14025,5021,7060,3583,5234,6638,5318,4366,3153,183870,8595,9425,10459,6777,3636,1593,1514,5115,8755,8767,10381,12691,14477,15925,14478,5460,7538,4036,5862,8030,7279,6691,6386,7962,4385,281,137,0,0,0,0,0,0,0,137,27,66,44,0,0,0,0,0,0,0,144,2,0,0,0,142,0,4,0,0,130,8,3506,1714,1467,0,0,967,423,77,0,30,5,6,19,123,94,94,0,0,0,0,1792,1308,0,0,0,484,12,210,95,0,74,93,598,485,11,0,0,11,0,0,0,0,0,0,0,467,7,4,0,3,0,0,113,0,0,0,0,113,0,58,2,0,7,46,3577,54,43,1,0,0,0,1,0,0,42,10,22,10,0,0,0,0,0,0,0,11,5,0,0,0,6,1,1,0,0,0,4,1820,227,65,0,0,0,65,0,0,3,1,0,2,124,35,35,0,0,0,0,1593,1344,0,0,0,249,10,122,55,0,19,43,1703,1426,0,0,0,0,0,0,0,0,0,0,0,1417,9,0,0,9,0,0,277,0,0,0,0,277,0,140,14,0,15,108
"G4201310","2010","PA","1","2","Pennsylvania","42","Wyoming County","131",,,,,,,,,,,,,,,"42540","99999","999",,,,,,,,,,,,,,,,,"1029063118","20021064","Wyoming County","A","+41.5251370","-076.0087796","06","1",,28276,14134,121,136,175,154,176,182,166,160,149,176,195,185,183,177,193,207,233,223,217,189,226,166,147,180,170,159,157,151,110,156,160,147,142,141,128,167,178,155,195,198,201,147,164,172,185,202,208,248,228,256,211,209,225,219,248,229,229,208,227,217,197,193,237,212,160,199,146,181,153,156,119,137,78,67,96,77,75,64,58,68,56,47,35,44,50,49,14,24,17,14,14,12,4,7,3,3,1,2,1,1,0,0,0,14142,143,136,160,181,139,139,137,177,158,175,172,165,173,159,172,177,166,229,208,169,178,160,143,144,140,162,144,160,134,150,140,150,139,139,152,159,147,189,188,200,200,216,147,173,208,217,205,204,202,225,234,245,243,234,232,211,210,235,215,212,221,189,189,210,156,182,151,149,160,123,117,112,93,92,112,82,83,70,82,75,89,66,86,79,66,65,62,47,45,41,27,23,20,16,14,13,4,4,1,0,5,0,0,27674,13795,762,833,915,621,339,172,137,461,720,711,889,864,1132,1105,1100,390,606,344,488,490,337,226,153,13879,759,785,840,572,301,137,136,407,743,719,882,941,1047,1186,1081,410,555,332,431,518,383,372,342,602,339,60,52,0,0,0,0,0,0,0,52,3,49,0,0,0,0,0,0,0,0,8,0,0,0,0,8,0,0,0,0,8,0,245,57,50,0,0,0,50,0,0,2,1,1,0,5,0,0,0,0,0,0,188,168,0,0,0,20,0,6,0,0,5,9,34,33,0,0,0,0,0,0,0,0,0,0,0,33,0,0,0,0,0,0,1,0,0,0,0,1,0,0,0,0,1,0,263,2,0,0,0,0,0,0,0,0,0,0,0,0,0,0,0,0,0,0,0,2,0,0,0,0,2,0,0,0,0,1,1,183,10,8,0,0,0,8,0,0,1,1,0,0,1,0,0,0,0,0,0,173,162,0,0,0,11,0,0,0,0,2,9,78,72,0,0,0,0,0,0,0,0,0,0,0,72,0,0,0,0,0,0,6,0,0,0,0,6,0,5,0,0,1,0
"G4201330","2010","PA","1","2","Pennsylvania","42","York County","133",,,,,,,,,,,,,,,"49620","99999","564",,,,,,,,,,,,,,,,,"2341819225","16941352","York County","A","+39.9218390","-076.7284464","06","1",,434972,214563,2640,2699,2792,2800,2810,2877,2887,2832,2981,2903,3016,2893,3007,2890,3120,3046,3114,3207,3064,2775,2729,2528,2381,2552,2438,2493,2397,2438,2541,2604,2594,2403,2561,2457,2435,2613,2496,2758,2980,3268,3357,3113,3203,3158,3158,3497,3415,3483,3490,3555,3560,3444,3405,3328,3278,3226,3063,2958,2879,2657,2524,2633,2719,2725,1864,1950,2061,1930,1703,1542,1416,1342,1299,1242,1190,1143,1033,1030,896,879,815,708,717,648,569,528,462,404,314,276,202,155,132,90,51,46,25,17,13,10,12,2,0,220409,2434,2572,2597,2568,2680,2780,2680,2737,2719,2791,2757,2718,2862,2717,2922,2897,2969,3100,2867,2468,2588,2384,2334,2442,2446,2395,2501,2625,2647,2575,2561,2518,2568,2568,2503,2579,2577,2808,3121,3352,3314,3090,3082,3182,3233,3471,3601,3470,3528,3662,3500,3519,3529,3332,3239,3304,3150,3052,2994,2748,2759,2760,2909,2860,1989,2003,2078,2135,1789,1695,1583,1532,1461,1363,1387,1335,1261,1205,1216,1220,1093,1063,1175,1020,951,906,796,726,636,591,440,426,304,231,160,137,79,78,54,32,44,0,0,426542,209762,13727,14467,14907,9320,5167,2363,2249,6975,11940,11987,13770,15667,17154,16816,14654,5122,7262,3985,5133,6407,4890,3335,2465,216780,12829,13696,13971,8945,4651,2255,2190,7107,12637,12651,14378,15816,17663,17056,15185,5500,7721,4041,5555,7223,6038,4980,4692,8430,4801,93,67,3,0,0,0,3,0,0,64,2,20,42,0,0,0,0,0,0,0,26,0,0,0,0,26,14,1,0,0,0,11,4071,2426,2298,0,0,0,2229,69,0,9,0,4,5,119,0,0,0,0,0,0,1645,1099,35,35,0,511,81,194,104,0,44,88,637,518,10,0,0,0,10,0,0,0,0,0,0,508,0,0,0,0,0,0,119,0,0,0,0,119,0,92,19,0,0,8,3629,59,40,0,0,0,0,0,0,0,40,26,0,14,0,0,0,0,0,0,0,19,0,0,0,0,19,12,0,1,0,0,6,1894,417,281,0,0,0,266,15,0,8,0,1,7,128,0,0,0,0,0,0,1477,1204,2,2,0,271,42,93,88,0,2,46,1676,1390,0,0,0,0,0,0,0,0,0,0,0,1390,0,0,0,0,0,0,286,0,0,0,0,286,1,262,14,0,3,6
"G4800010","2010","TX","3","7","Texas","48","Anderson County","001",,,,,,,,,,,,,,,"37300","99999","999",,,,,,,,,,,,,,,,,"2752126295","39884082","Anderson County","A","+31.8412660","-095.6617444","06","2",,58458,35521,310,297,308,336,315,341,315,365,360,348,337,342,278,328,288,325,350,344,327,330,358,393,434,517,482,563,564,642,622,622,707,722,748,693,670,701,660,587,661,728,747,668,682,681,652,652,732,711,620,689,612,587,611,536,484,514,454,435,415,393,368,338,339,328,264,255,272,268,234,234,207,195,154,146,142,154,131,130,117,105,85,67,70,75,52,57,41,52,29,33,22,10,15,7,7,11,3,4,4,2,1,0,0,22937,272,331,323,318,325,299,304,304,300,322,331,336,293,302,321,290,327,290,286,238,252,269,263,269,277,263,240,308,263,302,286,264,265,235,258,260,271,280,292,278,271,257,270,284,276,293,298,316,327,302,314,319,333,328,333,338,338,288,327,292,279,314,272,299,215,244,223,278,220,206,213,176,199,167,148,201,142,150,129,135,127,127,118,87,90,75,66,84,65,49,55,35,28,36,27,13,11,8,5,6,4,0,0,44241,21530,1564,1729,1573,1017,554,266,238,722,1183,1265,1195,1260,1532,1547,1512,546,768,459,632,766,587,333,282,22711,1569,1529,1583,907,523,251,268,806,1366,1304,1369,1347,1526,1614,1573,585,780,464,695,890,727,533,502,14217,13991,4,2,2,0,0,1,1,0,0,0,0,0,0,0,0,0,0,0,0,0,2,0,0,0,0,2,0,0,0,0,0,2,13655,12939,12896,0,0,12744,152,0,0,0,0,0,0,43,0,0,0,0,0,0,716,0,0,0,0,716,0,13,0,0,674,29,332,320,242,0,0,242,0,0,0,0,0,0,0,78,0,0,0,0,0,0,12,0,0,0,0,12,0,0,0,0,6,6,226,0,0,0,0,0,0,0,0,0,0,0,0,0,0,0,0,0,0,0,0,0,0,0,0,0,0,0,0,0,0,0,0,90,63,23,0,0,0,23,0,0,0,0,0,0,40,0,0,0,0,0,0,27,0,0,0,0,27,0,10,0,0,0,17,136,136,0,0,0,0,0,0,0,0,0,0,0,136,0,0,0,0,0,0,0,0,0,0,0,0,0,0,0,0,0,0
"G4800030","2010","TX","3","7","Texas","48","Andrews County","003",,,,,,,,,,,,,,,"11380","99999","999",,,,,,,,,,,,,,,,,"3886829704","957046","Andrews County","A","+32.3122581","-102.6402058","06","2",,14786,7368,132,125,130,145,126,139,110,123,114,120,106,132,118,142,128,112,131,136,122,79,109,116,106,107,85,102,91,118,105,86,105,104,80,87,79,97,99,85,81,84,86,73,89,85,103,95,99,107,110,128,121,97,97,116,97,91,89,72,76,97,76,76,59,61,48,50,57,42,49,39,34,26,41,26,37,32,30,38,24,30,23,24,15,25,14,13,18,9,5,7,4,3,4,1,2,1,1,0,0,0,0,0,0,7418,121,100,112,116,119,120,132,110,108,129,110,106,116,99,116,118,124,87,116,97,79,112,88,96,102,112,99,122,95,103,87,83,93,109,102,83,92,87,73,85,89,106,124,88,71,111,126,109,96,113,95,118,112,111,98,96,93,86,72,70,76,79,70,68,44,44,55,59,39,53,46,50,45,41,62,46,38,32,34,36,32,25,23,31,21,20,21,14,11,12,10,4,13,5,4,4,3,4,1,0,1,0,0,14704,7347,658,606,626,379,201,109,116,298,502,455,446,435,539,528,424,152,166,106,130,163,148,100,60,7357,568,599,547,329,213,79,112,286,531,474,420,478,555,533,412,155,181,99,150,241,180,119,96,82,21,0,0,0,0,0,0,0,0,0,0,0,0,0,0,0,0,0,0,0,0,0,0,0,0,0,0,0,0,0,0,0,0,4,4,0,0,0,0,0,0,0,0,0,0,0,4,0,0,0,0,0,0,0,0,0,0,0,0,0,0,0,0,0,0,17,17,0,0,0,0,0,0,0,0,0,0,0,17,0,0,0,0,0,0,0,0,0,0,0,0,0,0,0,0,0,0,61,0,0,0,0,0,0,0,0,0,0,0,0,0,0,0,0,0,0,0,0,0,0,0,0,0,0,0,0,0,0,0,0,7,7,0,0,0,0,0,0,0,0,0,0,0,7,0,0,0,0,0,0,0,0,0,0,0,0,0,0,0,0,0,0,54,54,0,0,0,0,0,0,0,0,0,0,0,54,0,0,0,0,0,0,0,0,0,0,0,0,0,0,0,0,0,0
"G4800050","2010","TX","3","7","Texas","48","Angelina County","005",,,,,,,,,,,,,,,"31260","99999","999",,,,,,,,,,,,,,,,,"2066235308","173343492","Angelina County","A","+31.2519514","-094.6110558","06","2",,86771,42515,624,645,685,656,697,669,646,643,629,699,661,652,664,677,644,630,611,659,616,627,602,545,517,518,526,520,502,538,545,543,572,568,513,534,474,509,498,558,569,581,539,562,510,550,554,577,636,566,583,598,592,583,593,585,583,553,579,603,554,488,461,454,424,505,338,372,371,369,342,322,269,271,249,211,255,249,206,206,162,172,164,132,119,129,99,102,102,62,47,51,34,22,33,14,20,7,3,4,2,2,5,0,0,44256,609,596,630,663,701,625,639,627,632,618,652,674,636,654,636,572,618,633,670,595,568,551,558,547,538,522,569,561,565,582,612,542,542,510,540,540,556,543,573,595,631,563,548,574,560,570,555,642,586,573,644,599,587,554,582,606,514,520,453,502,493,549,483,525,385,417,363,399,339,369,332,344,291,319,283,298,251,250,226,201,219,207,201,195,173,132,128,108,125,99,90,60,58,46,37,27,21,18,18,8,11,1,0,83818,40461,3302,3284,3295,1887,1197,563,504,1472,2494,2501,2567,2551,2732,2675,2389,857,1204,723,997,1223,970,611,463,43357,3197,3139,3246,1820,1209,539,536,1617,2772,2729,2778,2837,2881,2894,2551,1025,1369,766,1072,1526,1167,898,789,2953,2054,23,12,3,0,0,0,3,0,0,9,1,0,8,0,0,0,0,0,0,0,11,1,0,0,0,10,7,0,1,0,1,1,1839,1590,1304,0,0,1068,236,0,0,0,0,0,0,286,0,0,0,0,0,0,249,95,0,0,0,154,31,88,7,0,14,14,192,188,32,0,0,32,0,0,0,0,0,0,0,156,0,0,0,0,0,0,4,0,0,0,0,4,2,2,0,0,0,0,899,13,2,0,0,0,0,0,0,0,2,0,0,2,0,0,0,0,0,0,0,11,1,0,0,0,10,1,1,0,0,2,6,440,266,38,0,0,1,37,0,0,0,0,0,0,228,0,0,0,0,0,0,174,95,0,0,0,79,7,40,3,0,7,22,446,434,0,0,0,0,0,0,0,0,0,0,0,434,0,0,0,0,0,0,12,0,0,0,0,12,0,2,0,0,0,10
"G4800070","2010","TX","3","7","Texas","48","Aransas County","007",,,,,,,,,,,,,,,"18580","99999","204",,,,,,,,,,,,,,,,,"652868851","714621093","Aransas County","A","+28.1042254","-096.9779830","06","1",,23158,11485,121,121,141,110,121,128,137,104,107,127,110,136,132,139,149,154,155,165,160,123,90,94,126,108,108,103,88,95,97,104,91,87,96,110,94,97,101,118,114,130,115,105,115,120,140,138,145,166,152,177,191,177,173,129,168,178,159,171,201,173,200,198,202,203,156,180,191,206,173,221,150,154,145,128,132,122,133,115,91,100,73,62,67,71,53,36,41,30,13,17,12,7,5,6,2,4,1,0,0,0,1,0,0,11673,108,115,115,119,119,107,120,101,111,120,104,122,142,123,127,134,108,171,121,92,99,105,108,95,99,97,96,93,112,113,96,95,107,98,100,116,86,120,100,127,126,110,123,116,146,153,153,173,155,197,192,174,186,176,198,227,183,189,185,172,219,203,215,205,196,201,205,215,151,167,170,173,149,134,115,133,88,106,93,87,86,92,63,74,56,48,45,44,47,29,22,22,7,14,6,5,6,1,0,2,3,1,0,22699,11256,614,600,666,473,275,84,88,326,460,455,533,575,765,825,876,396,557,368,595,702,551,310,162,11443,576,559,618,413,211,97,101,297,502,479,540,614,830,921,947,421,611,403,528,732,487,327,229,459,229,4,4,1,0,0,0,1,0,0,3,3,0,0,0,0,0,0,0,0,0,0,0,0,0,0,0,0,0,0,0,0,0,171,167,147,0,0,0,147,0,0,0,0,0,0,20,0,0,0,0,0,0,4,0,0,0,0,4,0,2,0,0,0,2,54,54,3,0,0,0,3,0,0,0,0,0,0,51,0,0,0,0,0,0,0,0,0,0,0,0,0,0,0,0,0,0,230,0,0,0,0,0,0,0,0,0,0,0,0,0,0,0,0,0,0,0,0,0,0,0,0,0,0,0,0,0,0,0,0,76,66,41,0,0,0,41,0,0,0,0,0,0,25,0,0,0,0,0,0,10,0,0,0,0,10,0,2,0,0,0,8,154,148,0,0,0,0,0,0,0,0,0,0,0,148,0,0,0,0,0,0,6,0,0,0,0,6,0,0,0,0,0,6
"G4800090","2010","TX","3","7","Texas","48","Archer County","009",,,,,,,,,,,,,,,"48660","99999","999",,,,,,,,,,,,,,,,,"2339043608","57777594","Archer County","A","+33.6163054","-098.6872669","06","1",,9054,4563,40,44,46,41,47,61,57,60,72,57,62,74,60,73,78,75,88,85,98,46,48,68,38,49,42,39,46,34,31,40,54,38,29,58,51,42,48,58,54,47,48,61,65,66,52,88,70,86,83,87,68,77,97,80,72,80,66,59,68,49,70,51,53,71,38,53,33,32,50,54,42,38,51,26,25,36,36,32,24,16,21,20,13,21,12,10,7,13,3,3,2,3,1,2,0,0,1,0,0,0,0,0,0,4491,44,53,38,59,60,54,61,50,55,58,77,75,70,72,66,72,51,50,57,51,53,40,35,30,31,38,39,41,36,41,39,38,55,46,44,43,57,47,48,73,67,57,49,60,57,68,73,97,58,99,91,73,90,87,72,68,69,58,76,54,60,54,51,57,32,46,44,50,60,46,48,28,35,41,38,41,25,36,25,26,26,30,15,15,13,12,15,6,9,6,8,4,7,4,4,1,1,1,0,1,0,0,0,8998,4527,218,307,347,248,141,47,67,129,188,228,246,288,410,391,322,120,162,86,134,181,140,85,42,4471,254,278,360,173,108,53,40,96,195,222,267,290,395,413,323,114,140,89,156,189,150,96,70,56,36,0,0,0,0,0,0,0,0,0,0,0,0,0,0,0,0,0,0,0,0,0,0,0,0,0,0,0,0,0,0,0,0,24,11,10,0,0,0,10,0,0,0,0,0,0,1,0,0,0,0,0,0,13,0,0,0,0,13,0,13,0,0,0,0,12,12,0,0,0,0,0,0,0,0,0,0,0,12,0,0,0,0,0,0,0,0,0,0,0,0,0,0,0,0,0,0,20,0,0,0,0,0,0,0,0,0,0,0,0,0,0,0,0,0,0,0,0,0,0,0,0,0,0,0,0,0,0,0,0,3,3,0,0,0,0,0,0,0,0,0,0,0,3,0,0,0,0,0,0,0,0,0,0,0,0,0,0,0,0,0,0,17,17,0,0,0,0,0,0,0,0,0,0,0,17,0,0,0,0,0,0,0,0,0,0,0,0,0,0,0,0,0,0
"G4800110","2010","TX","3","7","Texas","48","Armstrong County","011",,,,,,,,,,,,,,,"11100","99999","999",,,,,,,,,,,,,,,,,"2354581881","12219756","Armstrong County","A","+34.9641790","-101.3566363","06","1",,1901,928,10,14,9,13,9,12,5,11,6,14,9,10,17,10,13,22,17,16,13,10,11,3,5,4,2,4,11,13,13,9,15,14,8,9,13,8,7,8,6,9,21,8,11,9,10,14,3,7,8,17,21,14,19,14,15,8,21,20,15,12,10,15,24,19,8,11,10,11,9,12,10,12,9,8,8,6,4,5,9,5,4,5,6,3,7,3,5,6,1,1,1,0,0,0,0,1,0,0,0,1,0,0,0,973,10,11,10,8,13,12,9,8,12,20,12,12,9,9,8,14,16,13,13,3,4,5,8,7,12,7,7,10,7,10,12,12,10,8,10,10,7,9,7,18,10,12,9,11,11,7,18,12,17,15,21,18,11,14,17,15,13,14,19,10,19,24,12,11,10,11,20,9,7,17,11,8,6,10,17,17,10,3,8,6,6,6,5,5,8,4,1,4,7,2,2,1,4,2,0,1,0,1,0,0,2,0,0,1847,911,55,48,59,55,23,11,3,11,50,58,38,59,49,80,75,25,49,21,30,46,28,20,18,936,52,61,50,43,16,4,5,27,41,52,51,52,67,79,70,41,31,27,33,49,39,24,22,54,17,0,0,0,0,0,0,0,0,0,0,0,0,0,0,0,0,0,0,0,0,0,0,0,0,0,0,0,0,0,0,0,0,7,7,0,0,0,0,0,0,0,0,0,0,0,7,0,0,0,0,0,0,0,0,0,0,0,0,0,0,0,0,0,0,10,10,0,0,0,0,0,0,0,0,0,0,0,10,0,0,0,0,0,0,0,0,0,0,0,0,0,0,0,0,0,0,37,0,0,0,0,0,0,0,0,0,0,0,0,0,0,0,0,0,0,0,0,0,0,0,0,0,0,0,0,0,0,0,0,10,10,0,0,0,0,0,0,0,0,0,0,0,10,0,0,0,0,0,0,0,0,0,0,0,0,0,0,0,0,0,0,27,27,0,0,0,0,0,0,0,0,0,0,0,27,0,0,0,0,0,0,0,0,0,0,0,0,0,0,0,0,0,0
"G4800130","2010","TX","3","7","Texas","48","Atascosa County","013",,,,,,,,,,,,,,,"41700","99999","999",,,,,,,,,,,,,,,,,"3158604888","4995763","Atascosa County","A","+28.8942963","-098.5281872","06","1",,44911,22130,336,326,337,337,363,378,356,337,369,390,356,368,403,391,381,363,360,355,373,310,283,275,235,258,229,268,227,227,246,277,280,236,239,250,262,259,243,240,296,313,321,284,265,296,282,293,288,342,290,339,288,307,308,305,265,306,298,298,259,277,255,259,267,244,236,211,212,177,165,159,158,128,127,117,122,142,112,98,90,71,79,82,56,38,53,30,30,29,30,26,25,17,12,9,13,1,4,1,1,0,1,0,0,22781,329,305,336,332,336,359,327,330,372,356,365,366,406,375,392,351,373,346,335,275,268,249,252,253,284,251,247,256,245,277,276,271,258,255,249,274,263,320,310,280,317,275,264,262,283,289,353,342,326,335,312,365,285,299,318,305,283,327,286,250,285,280,227,263,261,222,199,204,179,164,171,144,147,135,114,131,97,118,102,104,101,85,89,76,81,76,52,44,45,53,26,35,22,15,13,15,4,8,8,4,2,0,0,44527,21967,1699,1830,1899,1078,681,283,275,722,1243,1267,1350,1447,1548,1467,1425,509,736,418,495,632,483,278,202,22560,1638,1744,1904,1070,610,268,249,789,1273,1309,1446,1400,1639,1571,1447,560,742,416,539,698,526,386,336,384,163,0,0,0,0,0,0,0,0,0,0,0,0,0,0,0,0,0,0,0,0,0,0,0,0,0,0,0,0,0,0,0,0,45,42,0,0,0,0,0,0,0,0,0,0,0,40,2,2,0,0,0,0,3,0,0,0,0,3,0,3,0,0,0,0,118,118,0,0,0,0,0,0,0,0,0,0,0,116,2,2,0,0,0,0,0,0,0,0,0,0,0,0,0,0,0,0,221,0,0,0,0,0,0,0,0,0,0,0,0,0,0,0,0,0,0,0,0,0,0,0,0,0,0,0,0,0,0,0,0,37,35,0,0,0,0,0,0,0,0,0,0,0,31,4,4,0,0,0,0,2,0,0,0,0,2,0,2,0,0,0,0,184,182,0,0,0,0,0,0,0,0,0,0,0,182,0,0,0,0,0,0,2,0,0,0,0,2,0,2,0,0,0,0
"G4800150","2010","TX","3","7","Texas","48","Austin County","015",,,,,,,,,,,,,,,"26420","99999","288",,,,,,,,,,,,,,,,,"1674448899","25577195","Austin County","A","+29.8919013","-096.2701697","06","1",,28417,14073,176,181,193,180,198,191,196,230,220,190,204,212,207,185,226,216,226,227,204,158,134,138,150,140,140,163,132,164,159,159,150,154,161,170,143,167,175,158,147,165,173,160,178,193,208,186,190,199,199,207,218,240,244,252,224,213,225,243,217,176,174,186,192,181,131,175,152,161,151,118,111,86,92,82,83,88,63,62,77,68,63,53,49,38,34,30,33,23,18,16,10,10,7,8,3,1,2,3,3,0,1,1,0,14344,201,174,182,191,174,159,157,195,166,193,208,233,214,174,201,226,214,209,168,156,153,152,126,135,143,150,106,158,148,144,164,176,157,156,138,176,155,149,185,194,176,171,165,152,187,205,206,225,230,242,229,207,223,217,262,199,254,183,211,180,162,180,202,198,169,145,164,171,146,129,106,104,117,103,80,92,95,73,80,83,90,78,67,66,65,50,54,51,41,38,42,24,34,10,7,16,8,9,4,4,3,0,0,28205,13983,928,1026,1031,665,358,134,133,423,774,771,811,908,977,1175,1071,359,501,325,429,452,351,228,153,14222,922,870,1024,642,322,153,152,402,703,788,859,850,1104,1137,1024,341,567,308,442,499,415,350,348,212,90,8,8,0,0,0,0,0,0,0,8,0,8,0,0,0,0,0,0,0,0,0,0,0,0,0,0,0,0,0,0,0,0,45,37,20,0,0,0,20,0,0,5,0,5,0,12,0,0,0,0,0,0,8,0,0,0,0,8,0,3,0,0,1,4,37,36,0,0,0,0,0,0,0,0,0,0,0,36,0,0,0,0,0,0,1,0,0,0,0,1,0,0,0,0,0,1,122,13,13,0,0,0,0,0,0,0,13,0,13,0,0,0,0,0,0,0,0,0,0,0,0,0,0,0,0,0,0,0,0,22,18,6,0,0,0,6,0,0,0,0,0,0,12,0,0,0,0,0,0,4,0,0,0,0,4,0,3,0,0,0,1,87,87,0,0,0,0,0,0,0,0,0,0,0,87,0,0,0,0,0,0,0,0,0,0,0,0,0,0,0,0,0,0
"G4800170","2010","TX","3","7","Texas","48","Bailey County","017",,,,,,,,,,,,,,,"99999","99999","999",,,,,,,,,,,,,,,,,"2141394831","1771770","Bailey County","A","+34.0675209","-102.8303446","06","9",,7165,3621,80,68,58,78,67,66,52,69,66,65,62,61,59,51,60,59,64,55,68,41,47,36,49,50,41,52,56,46,48,41,46,55,47,39,46,37,51,40,41,32,38,41,36,45,50,31,33,47,46,51,45,37,46,55,46,43,49,43,36,36,41,27,33,27,25,38,29,25,22,42,18,27,16,24,22,19,27,14,23,15,12,19,17,8,11,11,6,1,3,2,7,0,1,1,1,1,2,1,0,0,0,0,0,3544,68,64,61,61,77,66,65,55,67,70,50,47,54,49,67,52,48,55,48,44,44,45,46,50,46,60,47,37,47,48,38,44,41,34,44,38,48,33,38,38,39,44,37,38,37,41,45,40,46,36,41,43,32,52,46,32,44,47,40,32,26,38,39,25,26,18,35,40,28,26,22,23,21,26,35,27,18,27,25,17,18,13,17,9,13,12,14,10,6,10,6,6,8,4,4,1,1,1,1,1,1,0,0,7059,3561,351,318,293,178,103,45,34,135,235,224,197,210,206,226,207,68,84,67,87,105,91,64,33,3498,331,323,267,155,92,43,43,139,237,201,192,192,206,214,195,64,89,53,94,126,110,61,71,106,60,0,0,0,0,0,0,0,0,0,0,0,0,0,0,0,0,0,0,0,0,0,0,0,0,0,0,0,0,0,0,0,0,42,42,39,0,0,0,39,0,0,0,0,0,0,3,0,0,0,0,0,0,0,0,0,0,0,0,0,0,0,0,0,0,18,18,2,0,0,0,2,0,0,0,0,0,0,16,0,0,0,0,0,0,0,0,0,0,0,0,0,0,0,0,0,0,46,0,0,0,0,0,0,0,0,0,0,0,0,0,0,0,0,0,0,0,0,0,0,0,0,0,0,0,0,0,0,0,0,17,17,15,0,0,0,15,0,0,0,0,0,0,2,0,0,0,0,0,0,0,0,0,0,0,0,0,0,0,0,0,0,29,29,0,0,0,0,0,0,0,0,0,0,0,29,0,0,0,0,0,0,0,0,0,0,0,0,0,0,0,0,0,0
"G4800190","2010","TX","3","7","Texas","48","Bandera County","019",,,,,,,,,,,,,,,"41700","99999","999",,,,,,,,,,,,,,,,,"2048578865","17288401","Bandera County","A","+29.7557484","-099.2606816","06","1",,20485,10172,93,95,86,98,93,91,94,110,95,128,92,137,117,137,144,137,139,141,136,70,81,80,63,81,70,79,71,91,71,87,69,81,94,88,88,79,78,91,102,115,109,108,123,120,125,148,187,173,168,176,187,182,209,173,203,192,175,196,199,181,153,189,202,204,135,165,143,163,143,141,134,118,99,75,84,97,74,77,64,71,63,73,37,52,37,28,26,15,21,18,13,7,7,1,6,6,2,1,0,0,2,0,0,10313,75,93,98,96,96,101,91,120,110,104,116,109,130,116,126,141,147,127,93,81,76,71,78,74,68,82,62,66,61,89,89,75,74,65,88,112,86,110,82,115,130,123,133,134,131,161,176,186,177,215,229,209,172,203,224,185,209,198,182,173,186,177,193,212,151,145,168,172,151,135,111,104,106,89,90,74,74,61,64,63,52,51,54,52,42,31,29,27,18,29,18,12,6,7,8,4,1,0,1,1,1,0,0,20165,10025,454,509,615,405,201,78,77,209,387,412,459,575,847,948,929,340,539,307,443,506,381,256,148,10140,449,501,581,402,172,76,68,211,352,389,503,648,913,1034,939,362,551,311,455,499,326,238,160,320,147,44,39,1,0,0,0,1,0,0,38,38,0,0,0,0,0,0,0,0,0,5,0,0,0,0,5,0,0,0,0,5,0,81,69,61,0,0,0,61,0,0,1,1,0,0,7,0,0,0,0,0,0,12,0,0,0,0,12,0,0,0,0,12,0,22,22,0,0,0,0,0,0,0,0,0,0,0,22,0,0,0,0,0,0,0,0,0,0,0,0,0,0,0,0,0,0,173,63,63,0,0,0,0,0,0,0,63,63,0,0,0,0,0,0,0,0,0,0,0,0,0,0,0,0,0,0,0,0,0,48,34,10,0,0,0,10,0,0,16,16,0,0,8,0,0,0,0,0,0,14,0,0,0,0,14,0,0,0,0,14,0,62,59,0,0,0,0,0,0,0,0,0,0,0,59,0,0,0,0,0,0,3,0,0,0,0,3,0,0,0,0,3,0
"G4800210","2010","TX","3","7","Texas","48","Bastrop County","021",,,,,,,,,,,,,,,"12420","99999","126",,,,,,,,,,,,,,,,,"2300298811","19154980","Bastrop County","A","+30.1031276","-097.3118587","06","1",,74171,37997,476,470,537,571,529,579,517,544,570,556,629,612,575,581,597,572,540,564,568,450,435,414,409,420,436,376,402,419,442,467,479,483,483,477,490,510,491,552,572,551,565,522,489,501,562,631,594,651,619,651,610,613,557,623,556,550,536,519,545,500,527,448,488,486,382,343,320,292,277,235,232,223,210,182,159,170,132,142,117,137,111,107,85,56,69,66,60,53,30,26,20,23,14,10,10,3,2,4,1,2,4,0,0,36174,439,529,472,501,490,488,542,541,529,548,535,568,574,545,535,546,507,544,498,367,375,304,359,332,374,349,375,374,432,413,409,464,380,448,435,447,482,421,494,511,532,515,466,495,506,592,561,559,554,566,583,596,626,553,592,539,532,531,504,490,436,470,517,469,340,335,320,329,272,245,253,225,221,180,193,210,141,156,141,137,130,131,122,118,105,115,71,69,67,74,39,30,38,28,18,15,12,9,9,7,7,1,1,71834,36000,2581,2765,2993,1676,1006,417,388,1170,1838,2077,2343,2395,2937,2817,2569,935,1309,642,784,984,681,401,292,35834,2429,2647,2755,1597,864,374,303,1061,1939,2122,2349,2506,2824,2941,2587,902,1317,650,840,1054,751,548,474,2337,1997,4,0,0,0,0,0,0,0,0,0,0,0,0,0,0,0,0,0,0,0,4,0,0,0,0,4,0,0,0,0,0,4,1850,1788,1749,0,1464,0,285,0,0,0,0,0,0,39,0,0,0,0,0,0,62,0,0,0,0,62,8,26,13,0,6,9,143,133,23,0,23,0,0,0,0,0,0,0,0,110,0,0,0,0,0,0,10,0,0,0,0,10,0,2,0,0,3,5,340,5,0,0,0,0,0,0,0,0,0,0,0,0,0,0,0,0,0,0,0,5,0,0,0,0,5,0,0,0,0,0,5,78,41,20,0,5,0,15,0,0,0,0,0,0,21,0,0,0,0,0,0,37,0,0,0,0,37,6,1,8,0,4,18,257,251,0,0,0,0,0,0,0,0,0,0,0,251,0,0,0,0,0,0,6,0,0,0,0,6,2,0,0,0,0,4
"G4800230","2010","TX","3","7","Texas","48","Baylor County","023",,,,,,,,,,,,,,,"99999","99999","999",,,,,,,,,,,,,,,,,"2246766775","86983599","Baylor County","A","+33.6181716","-099.1972280","06","9",,3726,1795,26,20,22,31,35,19,14,19,21,25,22,20,21,18,18,21,19,25,14,19,18,21,9,12,16,26,18,13,13,21,23,20,18,16,18,13,10,19,15,18,17,29,18,12,18,27,29,26,28,24,40,23,33,23,33,31,28,28,27,22,25,21,15,17,26,25,19,34,31,22,15,18,25,30,16,17,23,15,13,9,13,10,5,9,16,6,6,2,7,3,5,4,4,2,1,2,1,0,1,0,0,0,0,1931,20,23,9,25,17,28,26,18,21,22,23,25,23,21,15,19,16,21,32,21,19,18,20,14,16,20,20,12,18,18,17,16,16,20,15,16,12,19,14,28,19,24,19,26,29,29,29,20,19,28,22,27,37,31,34,18,29,17,27,25,23,27,23,24,26,34,20,38,29,24,29,23,18,15,19,29,25,12,27,16,15,11,8,19,12,9,10,11,11,8,12,9,4,2,8,8,2,4,0,2,3,0,0,3661,1776,134,98,99,65,33,18,21,37,91,95,75,94,134,152,136,46,58,42,83,102,76,51,36,1885,94,115,107,56,53,19,18,50,88,84,89,117,125,151,115,50,73,53,89,102,106,59,72,65,19,0,0,0,0,0,0,0,0,0,0,0,0,0,0,0,0,0,0,0,0,0,0,0,0,0,0,0,0,0,0,0,0,0,0,0,0,0,0,0,0,0,0,0,0,0,0,0,0,0,0,0,0,0,0,0,0,0,0,0,0,0,0,0,0,19,19,0,0,0,0,0,0,0,0,0,0,0,19,0,0,0,0,0,0,0,0,0,0,0,0,0,0,0,0,0,0,46,0,0,0,0,0,0,0,0,0,0,0,0,0,0,0,0,0,0,0,0,0,0,0,0,0,0,0,0,0,0,0,0,1,1,0,0,0,0,0,0,0,0,0,0,0,1,0,0,0,0,0,0,0,0,0,0,0,0,0,0,0,0,0,0,45,45,0,0,0,0,0,0,0,0,0,0,0,45,0,0,0,0,0,0,0,0,0,0,0,0,0,0,0,0,0,0
"G4800250","2010","TX","3","7","Texas","48","Bee County","025",,,,,,,,,,,,,,,"13300","99999","999",,,,,,,,,,,,,,,,,"2279809490","246410","Bee County","A","+28.4160770","-097.7425858","06","2",,31861,19063,167,182,185,209,224,189,194,185,196,214,215,191,196,180,203,191,219,201,238,360,349,381,329,379,351,346,392,380,365,416,358,405,341,326,345,307,330,315,327,378,335,326,294,299,317,312,346,334,288,337,269,260,291,278,232,225,198,233,173,169,152,141,190,138,140,116,110,104,82,100,86,86,82,66,65,68,64,48,50,44,49,40,35,38,31,37,29,18,21,17,7,8,7,3,5,4,1,2,3,1,0,0,0,12798,199,186,188,214,183,199,191,209,160,208,201,188,189,175,183,199,170,206,217,179,182,152,133,155,153,169,166,164,153,162,158,117,144,154,143,137,147,140,148,150,151,123,141,174,141,162,169,173,175,175,171,182,190,153,203,178,159,162,167,166,145,151,166,140,101,123,114,132,95,94,106,78,83,74,89,80,65,80,74,72,72,65,49,73,30,49,37,32,31,18,27,17,9,11,8,3,1,7,2,3,6,0,0,24362,11746,966,977,962,593,360,167,155,395,753,667,615,679,794,811,766,241,411,205,268,364,264,186,147,12616,969,964,923,568,347,170,150,435,807,712,719,727,851,894,831,296,406,235,320,424,363,276,229,7499,7317,43,41,1,0,0,0,1,0,0,40,40,0,0,0,0,0,0,0,0,0,2,0,0,0,0,2,0,0,0,0,2,0,7181,7142,7128,0,0,7022,106,0,0,0,0,0,0,14,0,0,0,0,0,0,39,32,0,0,0,7,0,0,0,0,4,3,93,93,51,0,0,51,0,0,0,0,0,0,0,42,0,0,0,0,0,0,0,0,0,0,0,0,0,0,0,0,0,0,182,24,21,1,0,0,0,1,0,0,20,20,0,0,0,0,0,0,0,0,0,3,2,0,0,0,1,0,0,0,0,1,0,96,25,15,0,0,0,15,0,0,4,4,0,0,6,0,0,0,0,0,0,71,64,0,0,0,7,0,0,0,0,6,1,62,62,0,0,0,0,0,0,0,0,0,0,0,62,0,0,0,0,0,0,0,0,0,0,0,0,0,0,0,0,0,0
"G4800270","2010","TX","3","7","Texas","48","Bell County","027",,,,,,,,,,,,,,,"28660","99999","999",,,,,,,,,,,,,,,,,"2722118322","95364952","Bell County","A","+31.0421099","-097.4819209","06","1",,310235,153464,2990,2943,2948,2839,2735,2595,2577,2409,2484,2385,2417,2315,2311,2149,2240,2131,2199,2237,2171,2515,2731,2969,3150,3361,3479,3552,3125,3070,2751,2716,2808,2377,2234,2139,1975,2009,1875,1947,2079,1943,1917,1769,1755,1805,1839,1976,1862,1870,1801,1697,1982,1653,1787,1717,1534,1610,1435,1398,1229,1284,1256,1281,1200,1259,891,902,863,821,780,732,651,606,572,537,505,481,480,443,410,402,368,324,283,247,237,211,174,144,138,122,100,70,55,39,26,18,12,7,7,1,9,0,0,156771,2774,2877,2859,2761,2639,2538,2414,2342,2381,2362,2350,2158,2164,2047,2081,2150,2167,2149,2126,2271,2569,2713,2911,2951,3167,3127,2892,2988,2884,2711,2610,2363,2325,2114,2077,2145,1989,2108,2057,2156,2099,1925,1923,1785,1878,2027,2091,2005,2003,2004,1987,1819,1837,1853,1793,1692,1608,1450,1414,1402,1432,1339,1380,1328,1004,1010,951,914,888,852,772,664,714,677,621,596,565,577,518,468,523,479,401,397,378,366,324,267,264,215,198,143,118,90,67,62,29,40,20,22,34,2,0,302156,147548,14438,12443,11406,6528,3781,2100,2344,8652,14448,11281,9683,8953,9060,8473,6855,2498,3299,1744,2300,2799,2149,1353,961,154608,13902,12030,10785,6430,4036,2363,2550,8800,14493,11436,10407,9568,10084,9248,7532,2761,3683,1944,2625,3396,2629,2033,1873,8079,5916,89,58,13,0,0,0,13,0,0,26,0,2,24,0,19,19,0,0,0,0,31,0,0,0,0,31,21,1,0,0,0,9,5356,779,647,0,0,0,582,65,0,0,0,0,0,128,4,0,0,4,0,0,4577,434,3673,3673,0,470,53,59,259,0,0,99,471,444,0,0,0,0,0,0,0,0,0,0,0,433,11,0,0,11,0,0,27,0,0,0,0,27,6,2,13,0,0,6,2163,66,35,3,0,0,0,3,0,0,11,0,4,7,0,21,21,0,0,0,0,31,4,1,1,0,26,16,1,0,0,0,9,1371,180,80,0,0,0,79,1,0,0,0,0,0,100,0,0,0,0,0,0,1191,597,410,410,0,184,39,33,21,0,0,91,726,713,0,0,0,0,0,0,0,0,0,0,0,713,0,0,0,0,0,0,13,0,0,0,0,13,0,0,0,0,0,13
"G4800290","2010","TX","3","7","Texas","48","Bexar County","029",,,,,,,,,,,,,,,"41700","99999","999",,,,,,,,,,,,,,,,,"3211119983","42127509","Bexar County","A","+29.4486708","-098.5201465","06","1",,1714773,840840,13014,13217,13503,13443,13288,13132,13151,13170,13251,13305,13437,13309,12818,13101,12767,13145,13280,12934,14119,15316,13955,13640,13811,13337,13546,13850,13419,13480,12820,13100,13091,12024,11916,11288,11526,11239,11006,11574,11741,12142,11844,11125,10679,10788,11107,11692,11770,11820,11312,11441,11149,10798,10621,10071,9965,9407,8906,9097,8494,8078,8072,7936,7753,7471,5702,5807,5547,5318,4686,4281,4022,3779,3630,3329,3229,3142,2920,2759,2749,2543,2367,2044,1821,1582,1483,1363,1181,1092,919,719,628,446,351,233,181,138,87,45,32,29,50,4,1,873933,12456,12472,12928,12898,12868,12835,13020,12948,12530,12965,12859,12618,12478,12527,12203,12470,12514,12432,13092,13358,12976,12903,12762,13185,13340,13546,13218,13196,13198,13211,12928,11951,11899,11808,11798,11660,11635,11989,12399,12685,12142,11573,11170,10950,11306,12187,12031,12178,11979,12092,11677,11167,11245,11083,10838,10803,10347,10086,9405,9334,9335,8823,8780,8569,6729,6646,6407,6151,5501,5137,4977,4670,4565,4258,4301,4106,3710,3719,3633,3489,3425,3108,3011,2868,2759,2511,2175,2021,1849,1470,1178,882,679,536,485,326,254,190,102,98,138,10,1,1672772,813813,66325,65900,65207,38947,24247,11712,11815,36980,63036,57705,56366,54363,56953,51866,43473,15792,20698,11232,14122,17703,13731,8892,6748,858959,63524,64223,62546,37190,22985,11667,11736,38028,65460,59953,60091,56893,60223,55806,49761,18049,23914,12946,16629,22424,18069,14188,12654,42001,27027,886,628,49,0,0,0,48,1,0,491,100,186,205,0,88,88,0,0,0,0,258,16,9,9,0,233,147,2,3,0,10,71,24032,7590,6546,562,0,2104,3570,306,4,25,4,19,2,763,256,202,19,9,0,26,16442,3568,10664,10664,0,2210,312,730,284,0,163,721,2109,1813,33,3,0,0,30,0,0,0,0,0,0,1731,49,30,7,12,0,0,296,0,0,0,0,296,20,21,37,0,42,176,14974,538,293,3,0,0,0,3,0,0,217,81,76,60,0,73,73,0,0,0,0,245,20,9,9,0,216,163,3,4,0,7,39,10000,1326,655,66,0,5,489,94,1,6,3,3,0,538,127,104,4,0,0,19,8674,4486,3159,3159,0,1029,213,349,197,0,63,207,4436,3982,0,0,0,0,0,0,0,0,0,0,0,3959,23,20,0,3,0,0,454,0,0,0,0,454,13,29,87,0,34,291
"G4800310","2010","TX","3","7","Texas","48","Blanco County","031",,,,,,,,,,,,,,,"99999","99999","999",,,,,,,,,,,,,,,,,"1836951743","10814611","Blanco County","A","+30.2656051","-098.3999768","06","9",,10497,5300,68,51,49,59,59,53,83,71,72,65,83,77,92,72,58,62,67,91,63,48,42,37,42,50,43,50,50,48,44,51,46,47,38,41,65,65,49,40,54,87,60,41,53,67,72,59,84,80,102,91,72,82,92,89,87,115,111,88,86,90,104,69,103,82,81,68,81,61,73,65,47,52,51,44,37,29,35,39,26,24,24,25,20,12,20,26,9,5,10,3,5,9,0,2,4,1,1,0,0,0,0,0,0,5197,34,44,68,60,59,51,55,55,56,57,72,50,60,70,78,67,66,60,53,36,31,39,49,32,51,39,31,28,56,40,45,38,48,46,37,57,60,61,65,68,56,59,62,72,61,75,74,82,71,95,99,89,96,99,88,109,86,87,91,107,91,100,103,90,80,71,68,69,64,71,47,46,38,48,41,51,32,26,24,29,21,28,29,28,17,22,20,14,29,13,13,9,6,10,8,2,3,2,3,1,0,0,0,10391,5271,286,344,382,220,111,42,37,133,242,235,292,291,416,422,490,173,266,147,196,229,150,98,69,5120,265,274,330,193,89,31,39,130,192,213,311,310,396,470,479,191,272,138,200,217,158,107,115,106,29,0,0,0,0,0,0,0,0,0,0,0,0,0,0,0,0,0,0,0,0,0,0,0,0,0,0,0,0,0,0,0,0,10,2,2,0,0,0,2,0,0,0,0,0,0,0,0,0,0,0,0,0,8,0,0,0,0,8,0,0,0,0,0,8,19,19,0,0,0,0,0,0,0,0,0,0,0,19,0,0,0,0,0,0,0,0,0,0,0,0,0,0,0,0,0,0,77,0,0,0,0,0,0,0,0,0,0,0,0,0,0,0,0,0,0,0,0,0,0,0,0,0,0,0,0,0,0,0,0,9,9,0,0,0,0,0,0,0,0,0,0,0,9,0,0,0,0,0,0,0,0,0,0,0,0,0,0,0,0,0,0,68,68,0,0,0,0,0,0,0,0,0,0,0,68,0,0,0,0,0,0,0,0,0,0,0,0,0,0,0,0,0,0
"G4800330","2010","TX","3","7","Texas","48","Borden County","033",,,,,,,,,,,,,,,"99999","99999","999",,,,,,,,,,,,,,,,,"2324365341","22297741","Borden County","A","+32.7440621","-101.4330328","06","9",,641,335,3,6,2,4,3,5,3,2,3,1,2,2,8,7,7,6,2,10,9,2,2,3,4,1,4,1,2,1,3,5,5,4,3,1,4,1,3,7,6,2,8,7,2,2,4,3,9,4,3,5,6,1,5,4,8,5,5,2,4,4,9,5,9,8,0,2,6,5,5,3,2,0,10,1,4,1,2,3,5,3,1,3,2,2,0,1,1,0,1,0,1,0,0,0,0,0,0,0,0,0,0,0,0,306,4,2,1,0,3,4,6,2,3,3,3,5,5,2,8,2,4,5,3,1,3,2,2,2,4,1,2,2,3,2,0,5,3,4,1,1,5,2,2,6,6,5,5,2,3,7,9,6,9,2,4,3,5,8,4,5,8,1,0,6,7,4,5,2,3,3,3,7,4,2,2,2,3,6,4,3,2,6,3,3,2,3,2,0,1,1,1,0,1,5,0,0,0,0,0,0,0,0,0,0,0,0,0,641,335,18,14,26,18,11,2,3,9,12,17,19,23,24,24,20,14,17,8,13,17,14,8,4,306,10,18,23,11,4,3,2,8,10,13,16,21,33,24,20,11,10,6,13,17,17,8,8,0,0,0,0,0,0,0,0,0,0,0,0,0,0,0,0,0,0,0,0,0,0,0,0,0,0,0,0,0,0,0,0,0,0,0,0,0,0,0,0,0,0,0,0,0,0,0,0,0,0,0,0,0,0,0,0,0,0,0,0,0,0,0,0,0,0,0,0,0,0,0,0,0,0,0,0,0,0,0,0,0,0,0,0,0,0,0,0,0,0,0,0,0,0,0,0,0,0,0,0,0,0,0,0,0,0,0,0,0,0,0,0,0,0,0,0,0,0,0,0,0,0,0,0,0,0,0,0,0,0,0,0,0,0,0,0,0,0,0,0,0,0,0,0,0,0,0,0,0,0,0,0,0,0,0,0,0,0,0,0,0,0,0,0,0,0,0,0,0,0,0,0,0,0,0,0,0,0,0,0,0,0,0,0,0,0,0,0,0,0,0,0,0,0,0
"G4800350","2010","TX","3","7","Texas","48","Bosque County","035",,,,,,,,,,,,,,,"99999","99999","999",,,,,,,,,,,,,,,,,"2545902347","50672066","Bosque County","A","+31.9007636","-097.6376322","06","9",,18212,9053,75,107,122,122,117,106,124,104,114,130,144,125,118,109,109,142,149,130,99,87,104,87,79,90,69,84,65,106,90,89,94,87,69,79,94,74,82,92,102,108,99,109,113,102,103,123,125,133,114,126,142,155,134,141,138,147,117,137,122,133,152,133,141,131,130,130,129,99,134,100,124,106,91,79,69,61,61,76,69,58,45,52,41,35,37,37,33,23,22,20,7,21,6,5,4,2,0,0,0,0,0,0,0,9159,94,105,88,93,93,123,90,112,110,105,114,133,120,122,126,121,121,154,110,91,84,61,76,65,71,74,82,75,85,107,75,85,86,80,86,80,86,96,103,111,124,102,117,120,100,124,120,144,110,136,140,131,131,158,142,118,123,120,142,117,120,139,141,166,113,145,144,128,125,121,97,108,91,104,78,67,59,74,61,50,58,55,60,53,37,55,35,33,51,29,30,20,25,25,11,11,11,9,4,3,1,0,0,17883,8923,543,578,605,421,185,103,86,227,428,418,455,521,618,704,650,283,398,256,327,459,311,194,153,8960,473,540,615,396,201,84,59,208,423,412,474,562,632,700,615,259,417,285,366,475,288,223,253,329,130,0,0,0,0,0,0,0,0,0,0,0,0,0,0,0,0,0,0,0,0,0,0,0,0,0,0,0,0,0,0,0,0,54,54,29,0,0,0,29,0,0,0,0,0,0,25,0,0,0,0,0,0,0,0,0,0,0,0,0,0,0,0,0,0,76,76,0,0,0,0,0,0,0,0,0,0,0,76,0,0,0,0,0,0,0,0,0,0,0,0,0,0,0,0,0,0,199,0,0,0,0,0,0,0,0,0,0,0,0,0,0,0,0,0,0,0,0,0,0,0,0,0,0,0,0,0,0,0,0,21,21,2,0,0,0,2,0,0,0,0,0,0,19,0,0,0,0,0,0,0,0,0,0,0,0,0,0,0,0,0,0,178,173,0,0,0,0,0,0,0,0,0,0,0,173,0,0,0,0,0,0,5,0,0,0,0,5,0,0,0,0,5,0
"G4800370","2010","TX","3","7","Texas","48","Bowie County","037",,,,,,,,,,,,,,,"45500","99999","999",,,,,,,,,,,,,,,,,"2292153748","98320026","Bowie County","A","+33.4460512","-094.4223747","06","1",,92565,46758,581,567,636,643,631,640,651,597,642,637,637,662,601,655,638,675,696,692,654,609,601,600,575,697,581,651,645,682,617,703,745,718,718,637,635,652,603,652,682,685,675,650,637,627,642,665,676,703,734,707,718,626,672,651,638,570,598,545,555,582,531,555,574,559,405,377,410,383,368,343,290,322,252,264,227,219,214,186,184,162,150,156,142,143,114,113,83,70,62,50,47,35,28,13,10,5,5,4,3,2,3,1,0,45807,538,557,569,631,568,623,600,619,597,644,630,628,582,611,653,664,643,614,585,546,497,501,501,514,578,550,517,558,532,602,652,552,560,575,492,549,558,573,563,632,607,520,577,538,568,654,610,683,668,660,692,617,622,659,645,626,599,618,576,561,530,541,602,573,440,474,507,451,401,345,389,318,311,316,280,310,257,296,274,247,226,258,232,214,237,215,174,156,148,128,120,88,69,56,43,23,33,22,17,6,20,2,0,86359,41316,3056,3167,3193,2039,1165,500,491,1408,2338,2533,2508,2569,2960,2982,2661,1025,1478,767,1061,1323,934,675,483,45043,2862,3082,3104,1919,1122,494,494,1565,2706,2783,2838,2785,3248,3209,2960,1065,1607,966,1180,1586,1322,1069,1077,6206,5442,26,24,9,0,0,0,9,0,0,15,0,15,0,0,0,0,0,0,0,0,2,0,0,0,0,2,0,0,0,0,0,2,5219,5097,5054,0,1623,2741,689,1,0,1,0,1,0,42,0,0,0,0,0,0,122,0,0,0,0,122,32,20,0,0,0,70,197,191,55,0,42,13,0,0,0,0,0,0,0,136,0,0,0,0,0,0,6,0,0,0,0,6,0,0,0,0,0,6,764,4,1,1,0,0,0,1,0,0,0,0,0,0,0,0,0,0,0,0,0,3,0,0,0,0,3,0,0,0,0,0,3,297,255,210,0,6,5,100,99,0,0,0,0,0,45,0,0,0,0,0,0,42,0,0,0,0,42,9,12,0,0,0,21,463,460,0,0,0,0,0,0,0,0,0,0,0,460,0,0,0,0,0,0,3,0,0,0,0,3,0,3,0,0,0,0
"G4800390","2010","TX","3","7","Texas","48","Brazoria County","039",,,,,,,,,,,,,,,"26420","99999","288",,,,,,,,,,,,,,,,,"3516429692","649792694","Brazoria County","A","+29.1678175","-095.4346470","06","1",,313166,159000,2494,2495,2519,2607,2502,2470,2471,2514,2457,2509,2595,2352,2449,2402,2291,2475,2426,2545,2319,1941,1862,1815,1775,1798,1877,1980,1959,2178,2229,2280,2321,2133,2412,2292,2280,2350,2294,2472,2511,2609,2516,2418,2381,2401,2404,2431,2436,2594,2440,2378,2546,2425,2382,2266,2160,2213,2068,2048,1775,1611,1608,1548,1615,1496,1095,1134,1134,1017,939,841,811,766,719,597,575,596,537,472,394,387,383,361,298,283,241,210,169,146,120,110,78,49,52,15,20,8,9,4,4,3,3,0,0,154166,2402,2516,2381,2519,2293,2390,2436,2371,2442,2454,2459,2230,2270,2220,2281,2302,2208,2238,2015,1739,1745,1597,1668,1699,1735,1930,1950,2098,2180,2247,2299,2159,2155,2138,2255,2257,2334,2401,2404,2559,2378,2238,2171,2194,2095,2326,2360,2288,2315,2323,2333,2279,2266,2147,2014,2033,1870,1798,1706,1559,1575,1544,1446,1425,1069,1181,1204,1091,988,936,867,788,731,654,725,688,613,608,539,551,535,498,447,443,366,343,290,272,234,187,168,109,112,66,63,36,34,21,14,9,24,2,1,302607,149341,12613,12418,12060,7268,4042,1755,1699,4980,9645,10161,11081,10842,11011,10691,9120,2971,4012,2159,2690,3355,2326,1501,941,153266,12110,12088,11443,6709,3741,1739,1590,5070,10375,10973,11933,11031,11583,11021,8944,3102,3933,2375,2994,3717,2928,2180,1687,10559,9659,214,205,111,0,0,97,14,0,0,94,35,21,38,0,0,0,0,0,0,0,9,0,0,0,0,9,3,0,0,0,1,5,8932,8756,8683,0,0,8030,653,0,0,16,10,6,0,57,0,0,0,0,0,0,176,4,0,0,0,172,17,21,30,0,91,13,513,504,314,0,0,311,3,0,0,0,0,0,0,189,1,0,0,1,0,0,9,0,0,0,0,9,3,0,0,0,3,3,900,62,54,1,0,0,0,1,0,0,53,42,0,11,0,0,0,0,0,0,0,8,0,0,0,0,8,4,0,0,0,2,2,281,222,172,0,0,23,149,0,0,1,1,0,0,49,0,0,0,0,0,0,59,1,0,0,0,58,11,25,5,0,3,14,557,552,0,0,0,0,0,0,0,0,0,0,0,547,5,0,0,5,0,0,5,0,0,0,0,5,3,0,0,0,2,0
"G4800410","2010","TX","3","7","Texas","48","Brazos County","041",,,,,,,,,,,,,,,"17780","99999","999",,,,,,,,,,,,,,,,,"1516296157","15002941","Brazos County","A","+30.6567254","-096.3023887","06","1",,194851,98630,1286,1244,1331,1315,1152,1218,1149,1158,1054,1120,1047,1066,966,1015,1026,993,1030,1099,2800,5787,5945,5759,5058,3439,2585,2232,1975,1889,1675,1634,1505,1334,1306,1190,1089,1009,1039,985,1008,996,954,877,912,854,895,901,960,892,836,910,926,852,917,887,812,777,785,770,712,658,666,560,623,636,473,477,442,434,385,344,303,316,311,278,261,257,260,228,215,192,196,156,148,141,123,122,109,81,69,57,47,39,24,16,10,14,10,7,4,0,1,0,0,96221,1304,1243,1273,1191,1167,1143,1085,1101,1126,1061,1049,1002,977,973,898,974,921,1074,2940,5895,5816,5338,4048,2574,2128,1894,1713,1590,1526,1470,1321,1244,1084,1125,1020,978,946,1006,1006,1087,1005,931,872,901,907,924,964,932,907,984,967,883,920,951,893,837,823,753,742,668,666,601,702,670,525,563,510,466,434,427,406,356,387,334,321,295,321,290,292,266,242,226,243,191,206,177,156,166,137,129,95,71,67,42,39,36,29,19,14,11,18,0,0,181339,91108,6320,5696,5091,3049,5165,4753,5063,10529,9139,6199,4818,4298,4292,4244,3613,1198,1710,907,1156,1454,1128,734,552,90231,6167,5511,4890,2937,5529,4980,5055,8562,8006,5603,4888,4458,4615,4516,3769,1258,1875,1067,1313,1777,1422,1025,1008,13512,7522,113,83,7,0,0,0,2,5,0,76,15,29,32,0,0,0,0,0,0,0,30,17,0,0,0,13,9,0,0,0,3,1,7263,1574,1523,0,11,1056,112,344,0,0,0,0,0,51,0,0,0,0,0,0,5689,5593,0,0,0,96,49,4,1,0,5,37,146,137,12,0,0,12,0,0,0,0,0,0,0,125,0,0,0,0,0,0,9,0,0,0,0,9,2,2,0,0,0,5,5990,57,11,1,0,0,0,1,0,0,10,7,0,3,0,0,0,0,0,0,0,46,22,0,0,0,24,23,0,0,0,1,0,5563,903,874,0,804,0,69,1,0,1,1,0,0,28,0,0,0,0,0,0,4660,4525,0,0,0,135,26,5,87,0,3,14,370,367,9,0,9,0,0,0,0,0,0,0,0,358,0,0,0,0,0,0,3,0,0,0,0,3,1,2,0,0,0,0
"G4800430","2010","TX","3","7","Texas","48","Brewster County","043",,,,,,,,,,,,,,,"99999","99999","999",,,,,,,,,,,,,,,,,"16015795085","22064004","Brewster County","A","+29.8089965","-103.2524579","06","9",,9232,4636,60,52,51,51,64,41,63,61,63,47,66,40,50,47,53,41,39,56,42,55,60,89,71,85,55,80,84,74,67,85,68,41,48,36,54,65,49,46,49,57,52,50,52,47,42,50,58,59,56,69,66,57,67,75,65,77,72,85,77,64,69,70,84,81,66,57,49,52,43,48,52,57,44,41,26,28,25,22,21,19,21,21,18,17,14,13,8,10,5,3,2,3,1,0,1,0,0,0,0,0,0,0,0,4596,63,49,42,47,63,55,42,47,49,58,55,53,51,52,62,37,56,51,43,61,56,74,59,54,72,72,53,55,66,52,56,49,57,58,50,59,34,41,58,45,58,49,64,57,43,67,65,59,77,62,64,63,62,73,80,77,74,75,63,58,92,77,54,66,51,55,51,52,49,46,40,43,33,24,23,45,26,26,26,38,29,16,29,21,13,24,21,11,17,8,8,9,8,3,5,4,1,1,1,1,3,0,0,9157,4594,278,275,256,134,93,58,85,211,382,243,261,239,291,330,373,139,231,106,142,220,114,88,45,4563,263,251,273,144,102,56,74,185,298,269,235,270,329,341,347,169,171,106,147,161,160,106,106,75,42,2,1,1,0,0,0,1,0,0,0,0,0,0,0,0,0,0,0,0,0,1,0,0,0,0,1,1,0,0,0,0,0,34,33,31,0,0,0,31,0,0,0,0,0,0,2,0,0,0,0,0,0,1,0,0,0,0,1,0,0,0,0,1,0,6,6,0,0,0,0,0,0,0,0,0,0,0,6,0,0,0,0,0,0,0,0,0,0,0,0,0,0,0,0,0,0,33,1,0,0,0,0,0,0,0,0,0,0,0,0,0,0,0,0,0,0,0,1,0,0,0,0,1,0,0,0,0,1,0,8,5,4,0,0,0,4,0,0,0,0,0,0,1,0,0,0,0,0,0,3,0,0,0,0,3,1,0,0,0,2,0,24,24,0,0,0,0,0,0,0,0,0,0,0,24,0,0,0,0,0,0,0,0,0,0,0,0,0,0,0,0,0,0
"G4800450","2010","TX","3","7","Texas","48","Briscoe County","045",,,,,,,,,,,,,,,"99999","99999","999",,,,,,,,,,,,,,,,,"2330990994","4068667","Briscoe County","A","+34.5251725","-101.2058930","06","9",,1637,815,11,6,12,11,12,10,4,14,14,7,8,16,4,8,12,6,18,13,10,8,9,5,10,1,10,4,9,5,9,11,7,2,9,16,10,13,7,11,9,7,9,11,5,10,7,15,6,10,19,18,11,14,5,11,8,9,9,15,15,9,6,11,11,18,19,8,13,10,11,8,7,4,12,6,8,10,7,9,15,4,7,2,7,4,2,4,1,2,2,0,1,0,2,0,0,0,0,0,0,0,0,0,0,822,11,9,8,13,10,9,10,6,8,8,14,15,5,10,11,12,11,6,11,5,5,7,7,6,8,4,4,7,6,8,10,10,8,7,14,10,6,10,8,9,9,13,3,7,8,16,16,10,12,8,13,8,12,13,15,11,13,9,10,8,14,13,13,16,14,7,12,12,10,5,11,8,8,7,11,9,7,7,9,9,7,2,4,7,4,6,7,3,3,3,2,1,3,1,0,2,2,1,2,0,0,0,0,1637,815,52,49,48,37,18,9,5,21,38,44,47,42,68,49,57,17,48,21,29,37,45,22,12,822,51,41,55,29,16,5,7,21,29,49,43,40,62,61,51,27,43,19,27,45,41,24,36,0,0,0,0,0,0,0,0,0,0,0,0,0,0,0,0,0,0,0,0,0,0,0,0,0,0,0,0,0,0,0,0,0,0,0,0,0,0,0,0,0,0,0,0,0,0,0,0,0,0,0,0,0,0,0,0,0,0,0,0,0,0,0,0,0,0,0,0,0,0,0,0,0,0,0,0,0,0,0,0,0,0,0,0,0,0,0,0,0,0,0,0,0,0,0,0,0,0,0,0,0,0,0,0,0,0,0,0,0,0,0,0,0,0,0,0,0,0,0,0,0,0,0,0,0,0,0,0,0,0,0,0,0,0,0,0,0,0,0,0,0,0,0,0,0,0,0,0,0,0,0,0,0,0,0,0,0,0,0,0,0,0,0,0,0,0,0,0,0,0,0,0,0,0,0,0,0,0,0,0,0,0,0,0,0,0,0,0,0,0,0,0,0,0,0
"G4800470","2010","TX","3","7","Texas","48","Brooks County","047",,,,,,,,,,,,,,,"99999","99999","999",,,,,,,,,,,,,,,,,"2443301936","741628","Brooks County","A","+27.0349936","-098.2152756","06","9",,7223,3579,65,61,61,71,68,50,56,36,62,47,63,66,59,58,57,58,58,71,67,56,52,53,55,44,37,45,45,32,38,48,29,35,37,26,30,41,31,43,24,33,27,26,37,44,38,45,37,48,51,47,43,51,37,51,50,47,57,46,43,51,35,42,48,41,49,51,28,35,29,26,30,30,26,32,32,22,20,15,12,19,27,15,23,20,5,4,6,1,5,3,0,2,0,1,0,0,1,0,0,0,0,0,0,3644,67,49,57,68,52,61,48,47,63,50,45,39,48,42,55,37,45,66,55,49,59,34,50,42,48,29,38,53,41,46,40,23,33,31,35,25,16,42,42,34,28,39,29,40,45,49,45,53,60,43,62,36,51,51,47,58,41,48,38,44,53,45,41,54,34,51,37,39,34,25,41,40,29,28,27,30,28,20,25,32,32,28,27,16,14,20,14,16,8,10,8,4,6,1,2,3,5,3,2,0,1,0,0,7156,3547,326,251,303,186,122,51,51,132,207,155,171,171,227,231,244,76,138,79,89,147,84,87,19,3609,293,269,229,148,104,59,34,134,207,162,159,181,250,247,229,98,129,88,98,164,132,111,84,67,32,1,1,1,0,0,0,1,0,0,0,0,0,0,0,0,0,0,0,0,0,0,0,0,0,0,0,0,0,0,0,0,0,16,16,13,0,0,0,13,0,0,0,0,0,0,3,0,0,0,0,0,0,0,0,0,0,0,0,0,0,0,0,0,0,15,15,0,0,0,0,0,0,0,0,0,0,0,15,0,0,0,0,0,0,0,0,0,0,0,0,0,0,0,0,0,0,35,0,0,0,0,0,0,0,0,0,0,0,0,0,0,0,0,0,0,0,0,0,0,0,0,0,0,0,0,0,0,0,0,6,6,2,0,0,0,2,0,0,0,0,0,0,4,0,0,0,0,0,0,0,0,0,0,0,0,0,0,0,0,0,0,29,29,0,0,0,0,0,0,0,0,0,0,0,29,0,0,0,0,0,0,0,0,0,0,0,0,0,0,0,0,0,0
"G4800490","2010","TX","3","7","Texas","48","Brown County","049",,,,,,,,,,,,,,,"15220","99999","999",,,,,,,,,,,,,,,,,"2446070964","32428770","Brown County","A","+31.7641026","-098.9984697","06","2",,38106,18838,233,264,241,263,246,225,255,302,253,271,264,263,272,265,262,250,283,263,320,287,276,238,220,199,226,195,219,215,207,235,213,243,213,213,192,212,211,218,222,217,259,217,229,205,228,236,281,274,266,274,275,286,245,267,243,245,235,233,239,222,242,282,230,273,220,201,227,219,177,177,175,146,147,145,152,123,110,112,108,83,99,77,73,74,65,51,49,40,31,28,30,13,14,4,6,5,2,0,1,2,0,0,0,19268,202,214,203,260,242,255,240,233,263,241,265,241,251,250,250,280,275,281,255,247,250,253,245,246,195,197,232,212,220,202,216,213,195,203,219,205,211,209,250,228,211,210,200,214,224,240,227,301,257,270,291,254,269,290,268,268,248,261,255,263,267,264,262,268,199,235,216,218,224,219,184,177,150,150,166,140,120,125,134,130,119,83,94,99,85,85,78,64,67,57,43,45,27,19,27,20,12,7,8,6,5,0,0,36438,17873,1245,1304,1326,751,460,199,206,605,983,983,1008,1069,1254,1267,1146,520,708,416,562,740,517,363,241,18565,1119,1229,1249,748,387,181,219,660,1055,1040,1099,1055,1286,1363,1281,525,721,445,651,803,614,432,403,1668,965,49,2,0,0,0,0,0,0,0,2,2,0,0,0,0,0,0,0,0,0,47,0,0,0,0,47,0,0,0,0,44,3,789,460,420,0,0,420,0,0,0,0,0,0,0,40,0,0,0,0,0,0,329,240,0,0,0,89,0,29,18,0,18,24,127,112,0,0,0,0,0,0,0,0,0,0,0,112,0,0,0,0,0,0,15,0,0,0,0,15,0,3,12,0,0,0,703,101,99,0,0,0,0,0,0,0,99,4,0,95,0,0,0,0,0,0,0,2,0,0,0,0,2,0,0,0,0,0,2,312,51,1,0,0,1,0,0,0,19,2,0,17,31,0,0,0,0,0,0,261,216,0,0,0,45,0,10,14,0,0,21,290,285,0,0,0,0,0,0,0,0,0,0,0,285,0,0,0,0,0,0,5,0,0,0,0,5,0,0,3,0,0,2
"G4800510","2010","TX","3","7","Texas","48","Burleson County","051",,,,,,,,,,,,,,,"17780","99999","999",,,,,,,,,,,,,,,,,"1706870641","46064657","Burleson County","A","+30.4934867","-096.6220912","06","1",,17187,8504,108,106,132,115,107,116,137,91,108,115,109,113,100,124,147,131,115,112,111,89,98,84,73,86,93,92,81,72,98,107,80,69,86,85,77,96,76,91,103,116,100,90,134,92,123,109,135,141,123,135,142,130,144,133,129,129,124,149,95,136,119,119,109,123,105,104,104,83,79,64,82,71,58,66,68,49,57,53,47,54,60,50,40,28,40,32,16,14,16,14,11,10,3,4,1,2,5,0,2,0,0,0,0,8683,92,82,113,109,110,116,105,99,104,121,112,104,128,115,99,127,102,121,111,101,80,74,98,85,94,87,74,87,93,94,97,89,74,80,84,86,84,106,92,81,112,101,106,118,124,111,121,151,124,129,139,137,145,145,153,143,151,114,122,121,132,114,116,123,101,83,95,82,62,88,71,84,64,71,70,63,78,60,71,50,77,42,48,42,44,35,40,35,28,21,30,11,14,14,17,6,7,2,4,4,7,0,0,17024,8439,568,567,593,358,197,97,82,247,444,394,480,536,639,676,632,235,336,208,224,342,253,212,119,8585,506,545,558,350,211,80,74,275,433,424,448,559,636,717,649,246,339,178,231,357,318,234,217,163,65,0,0,0,0,0,0,0,0,0,0,0,0,0,0,0,0,0,0,0,0,0,0,0,0,0,0,0,0,0,0,0,0,36,36,31,0,0,0,31,0,0,0,0,0,0,5,0,0,0,0,0,0,0,0,0,0,0,0,0,0,0,0,0,0,29,29,0,0,0,0,0,0,0,0,0,0,0,29,0,0,0,0,0,0,0,0,0,0,0,0,0,0,0,0,0,0,98,0,0,0,0,0,0,0,0,0,0,0,0,0,0,0,0,0,0,0,0,0,0,0,0,0,0,0,0,0,0,0,0,13,13,7,0,0,0,7,0,0,0,0,0,0,6,0,0,0,0,0,0,0,0,0,0,0,0,0,0,0,0,0,0,85,85,0,0,0,0,0,0,0,0,0,0,0,85,0,0,0,0,0,0,0,0,0,0,0,0,0,0,0,0,0,0
"G4800530","2010","TX","3","7","Texas","48","Burnet County","053",,,,,,,,,,,,,,,"31920","99999","126",,,,,,,,,,,,,,,,,"2575116582","69940565","Burnet County","A","+30.7896156","-098.2011948","06","2",,42750,20989,267,269,274,266,266,291,265,276,306,279,304,297,273,283,301,265,269,320,272,232,277,195,212,202,226,226,229,202,235,240,231,217,189,173,253,200,218,227,264,240,238,247,253,229,234,285,297,283,298,329,360,285,352,289,308,295,309,300,286,282,282,331,299,336,267,289,251,277,234,200,185,192,200,194,176,159,146,158,146,114,122,89,75,81,67,65,61,40,48,26,19,25,11,11,5,7,5,2,1,0,3,0,0,21761,213,229,221,232,261,261,272,275,298,264,270,307,307,283,273,277,288,319,262,205,177,185,173,203,213,201,248,248,221,239,243,228,241,214,217,203,212,243,250,283,256,241,256,234,247,295,321,327,341,364,331,318,361,324,334,326,288,354,309,351,285,319,351,360,248,261,276,274,228,227,229,243,214,186,144,203,170,162,139,130,136,123,120,112,101,104,88,76,56,57,51,33,30,27,15,9,14,6,5,5,6,1,0,41691,20588,1342,1417,1456,854,477,258,177,575,1043,1018,1118,1183,1477,1582,1462,610,898,538,710,942,714,423,314,21103,1156,1370,1439,878,447,165,172,530,1032,1067,1116,1174,1600,1647,1621,600,958,537,723,1008,792,564,507,1059,401,2,0,0,0,0,0,0,0,0,0,0,0,0,0,0,0,0,0,0,0,2,0,0,0,0,2,0,0,0,0,2,0,356,339,328,0,0,1,327,0,0,0,0,0,0,11,0,0,0,0,0,0,17,0,0,0,0,17,0,15,1,0,0,1,43,41,0,0,0,0,0,0,0,0,0,0,0,41,0,0,0,0,0,0,2,0,0,0,0,2,0,2,0,0,0,0,658,7,7,0,0,0,0,0,0,0,7,7,0,0,0,0,0,0,0,0,0,0,0,0,0,0,0,0,0,0,0,0,0,521,505,496,0,0,416,80,0,0,1,1,0,0,8,0,0,0,0,0,0,16,0,0,0,0,16,0,9,3,0,4,0,130,130,0,0,0,0,0,0,0,0,0,0,0,130,0,0,0,0,0,0,0,0,0,0,0,0,0,0,0,0,0,0
"G4800550","2010","TX","3","7","Texas","48","Caldwell County","055",,,,,,,,,,,,,,,"12420","99999","126",,,,,,,,,,,,,,,,,"1412208030","4933872","Caldwell County","A","+29.8404216","-097.6310970","06","1",,38066,19180,221,250,299,259,287,316,254,272,258,281,263,305,306,322,295,301,341,394,424,393,401,341,335,330,254,255,220,230,229,247,229,241,217,220,215,231,242,235,254,256,248,226,248,227,277,270,269,279,247,242,325,248,263,244,249,234,244,207,249,241,204,199,213,190,150,132,156,130,99,120,118,110,91,81,85,112,75,71,76,66,60,54,43,38,45,46,32,25,23,23,20,7,5,3,4,8,2,0,0,2,2,0,0,18886,250,260,287,248,253,260,264,235,282,272,292,246,229,247,274,282,292,361,318,314,307,266,269,243,217,256,223,242,223,229,255,243,241,202,230,215,240,238,252,288,261,232,248,232,245,282,229,263,251,267,276,261,246,252,289,268,253,213,214,224,212,205,200,202,170,162,165,184,126,123,113,123,122,90,110,103,87,91,88,87,82,82,51,87,70,64,46,41,48,35,38,20,26,20,17,6,13,14,6,1,5,0,0,34690,17179,1311,1378,1418,777,499,222,189,586,1012,986,1128,1146,1262,1291,1145,396,547,284,343,474,381,224,180,17511,1297,1309,1283,833,414,216,190,594,1043,1073,1133,1127,1249,1274,1151,408,562,321,426,542,436,334,296,3376,2001,340,168,3,0,0,0,3,0,0,165,0,165,0,0,0,0,0,0,0,0,172,0,0,0,0,172,0,0,4,0,168,0,1583,675,648,0,0,503,145,0,0,0,0,0,0,27,0,0,0,0,0,0,908,0,0,0,0,908,0,0,15,0,893,0,78,78,0,0,0,0,0,0,0,0,0,0,0,78,0,0,0,0,0,0,0,0,0,0,0,0,0,0,0,0,0,0,1375,112,3,0,0,0,0,0,0,0,3,0,3,0,0,0,0,0,0,0,0,109,0,0,0,0,109,0,0,0,0,109,0,1072,553,520,0,0,493,23,4,0,0,0,0,0,33,0,0,0,0,0,0,519,0,0,0,0,519,0,0,9,0,510,0,191,190,4,0,0,4,0,0,0,0,0,0,0,186,0,0,0,0,0,0,1,0,0,0,0,1,0,0,1,0,0,0
"G4800570","2010","TX","3","7","Texas","48","Calhoun County","057",,,,,,,,,,,,,,,"47020","99999","999",,,,,,,,,,,,,,,,,"1312710613","1361907833","Calhoun County","A","+28.4453662","-096.5833004","06","1",,21381,10847,162,142,165,146,162,139,171,178,155,144,158,182,147,172,141,174,183,194,168,131,115,140,129,128,122,131,128,99,130,138,131,108,132,116,125,114,107,119,109,124,142,128,123,130,138,175,159,177,154,145,168,156,159,157,136,172,143,157,159,116,127,131,129,122,110,114,109,122,93,84,74,83,74,84,80,65,63,50,56,53,71,47,45,35,33,36,27,17,19,15,9,5,2,3,1,2,3,0,0,1,0,0,0,10534,163,134,146,152,154,143,161,149,139,138,166,139,150,168,166,135,184,169,160,151,113,115,114,104,117,116,109,122,157,124,140,113,106,111,102,111,105,120,131,128,144,134,122,148,143,159,130,164,148,143,150,151,146,142,163,149,131,135,140,114,111,133,141,114,95,99,105,108,99,93,77,76,81,87,67,73,85,68,68,63,64,58,44,34,37,31,22,24,19,14,18,10,7,8,6,2,6,3,3,0,0,0,0,21132,10682,777,787,800,549,296,115,139,373,615,601,566,648,802,763,733,256,359,216,294,376,276,220,121,10450,749,730,789,488,311,113,114,334,624,569,590,691,742,748,665,244,348,204,295,381,346,225,150,249,165,2,2,2,0,0,0,2,0,0,0,0,0,0,0,0,0,0,0,0,0,0,0,0,0,0,0,0,0,0,0,0,0,91,57,39,0,0,0,39,0,0,0,0,0,0,18,0,0,0,0,0,0,34,0,0,0,0,34,0,3,0,0,0,31,72,50,0,0,0,0,0,0,0,0,0,0,0,50,0,0,0,0,0,0,22,0,0,0,0,22,0,0,0,0,0,22,84,0,0,0,0,0,0,0,0,0,0,0,0,0,0,0,0,0,0,0,0,0,0,0,0,0,0,0,0,0,0,0,0,26,18,7,0,0,0,7,0,0,0,0,0,0,11,0,0,0,0,0,0,8,0,0,0,0,8,0,5,0,0,0,3,58,51,0,0,0,0,0,0,0,0,0,0,0,51,0,0,0,0,0,0,7,0,0,0,0,7,0,0,0,0,0,7
"G4800590","2010","TX","3","7","Texas","48","Callahan County","059",,,,,,,,,,,,,,,"10180","99999","999",,,,,,,,,,,,,,,,,"2329363248","4898788","Callahan County","A","+32.2931499","-099.3722490","06","1",,13544,6607,90,67,69,88,91,89,95,82,99,85,86,92,85,95,89,89,99,108,72,75,71,75,58,68,63,56,71,80,78,72,74,63,75,73,60,59,67,52,71,68,72,83,81,86,76,85,101,123,105,108,119,108,93,102,89,109,114,99,92,90,84,88,83,102,78,73,91,70,82,62,72,55,67,72,48,62,29,33,42,37,43,45,24,21,20,10,19,16,15,5,13,3,3,1,0,0,1,1,3,0,0,0,0,6937,70,73,73,80,78,62,95,91,116,97,86,115,100,98,106,104,89,94,69,57,57,65,66,58,62,68,83,65,66,64,79,67,80,69,77,70,76,78,70,103,81,91,81,78,73,81,98,115,123,93,130,107,103,94,108,113,110,80,96,87,107,112,115,95,63,101,61,77,57,66,70,82,79,61,59,55,42,61,52,63,34,47,29,39,24,29,29,18,20,16,12,7,10,6,9,2,4,2,4,0,0,0,0,13469,6580,405,450,447,296,147,71,75,189,357,344,315,397,520,510,503,171,262,164,212,311,202,151,81,6889,374,461,505,287,126,57,65,186,346,371,397,404,509,540,485,218,271,161,199,346,267,169,145,75,27,0,0,0,0,0,0,0,0,0,0,0,0,0,0,0,0,0,0,0,0,0,0,0,0,0,0,0,0,0,0,0,0,10,10,4,0,0,0,4,0,0,0,0,0,0,6,0,0,0,0,0,0,0,0,0,0,0,0,0,0,0,0,0,0,17,17,0,0,0,0,0,0,0,0,0,0,0,17,0,0,0,0,0,0,0,0,0,0,0,0,0,0,0,0,0,0,48,0,0,0,0,0,0,0,0,0,0,0,0,0,0,0,0,0,0,0,0,0,0,0,0,0,0,0,0,0,0,0,0,8,8,1,0,0,0,1,0,0,0,0,0,0,7,0,0,0,0,0,0,0,0,0,0,0,0,0,0,0,0,0,0,40,40,0,0,0,0,0,0,0,0,0,0,0,40,0,0,0,0,0,0,0,0,0,0,0,0,0,0,0,0,0,0
"G4800610","2010","TX","3","7","Texas","48","Cameron County","061",,,,,,,,,,,,,,,"15180","99999","154",,,,,,,,,,,,,,,,,"2307478146","998531503","Cameron County","A","+26.1029227","-097.4789584","06","1",,406220,195394,3656,3522,3681,3748,3716,3764,3845,3874,3888,4024,4020,3938,3788,3781,3832,3745,3821,3892,3591,3168,2986,2754,2590,2451,2467,2488,2435,2462,2450,2527,2462,2238,2408,2495,2546,2677,2545,2422,2434,2437,2504,2327,2202,2254,2140,2280,2132,2190,2148,2152,2224,2140,2093,2012,1972,1862,1922,1958,1725,1735,1772,1694,1677,1674,1439,1436,1302,1215,1151,1113,1134,992,1027,960,913,841,797,724,708,744,665,578,503,478,424,396,313,288,253,165,139,76,77,48,39,28,24,18,7,9,13,0,0,210826,3519,3413,3580,3446,3573,3763,3678,3760,3911,3792,3791,3629,3754,3571,3556,3623,3626,3679,3386,3090,2946,2752,2632,2610,2559,2637,2568,2598,2784,2914,2737,2655,2665,2864,2911,2900,2851,2893,2859,3043,2925,2656,2634,2638,2445,2581,2580,2537,2436,2583,2431,2351,2345,2385,2369,2357,2246,2177,2054,2084,1980,1867,1958,1798,1598,1636,1577,1376,1388,1362,1284,1235,1238,1131,1175,1125,981,977,984,974,900,798,750,646,647,582,451,407,349,259,236,191,170,109,79,85,62,38,36,23,30,2,0,402490,193069,18308,19369,19322,11327,6627,2883,2657,7275,12094,11913,12370,11276,10781,10321,9119,3445,4751,2715,3452,4980,3756,2560,1768,209421,17525,18882,18260,10843,6356,2873,2724,7766,13472,13810,14528,13272,12678,11830,10877,3836,5331,3192,4104,5994,4930,3572,2766,3730,2325,209,111,0,0,0,0,0,0,0,111,100,0,11,0,0,0,0,0,0,0,98,0,0,0,0,98,3,0,0,0,61,34,1749,1109,988,802,0,0,186,0,0,0,0,0,0,114,7,7,0,0,0,0,640,328,0,0,0,312,49,26,89,9,0,139,367,300,6,6,0,0,0,0,0,0,0,0,0,294,0,0,0,0,0,0,67,0,0,0,0,67,7,41,0,0,0,19,1405,154,131,0,0,0,0,0,0,0,130,130,0,0,0,1,1,0,0,0,0,23,4,0,0,0,19,4,0,0,0,0,15,516,103,0,0,0,0,0,0,0,0,0,0,0,92,11,11,0,0,0,0,413,260,0,0,0,153,14,15,46,0,0,78,735,639,0,0,0,0,0,0,0,0,0,0,0,639,0,0,0,0,0,0,96,0,0,0,0,96,2,82,5,0,0,7
"G4800630","2010","TX","3","7","Texas","48","Camp County","063",,,,,,,,,,,,,,,"99999","99999","999",,,,,,,,,,,,,,,,,"507188128","19183611","Camp County","A","+32.9745813","-094.9790850","06","9",,12401,6086,95,101,87,93,87,99,91,94,84,85,86,104,119,106,98,107,104,92,77,73,86,67,61,80,50,63,69,75,72,85,66,77,61,75,77,56,56,61,63,74,71,62,57,61,57,76,78,80,94,78,72,87,82,86,67,101,85,91,81,64,80,80,74,78,60,51,60,49,60,64,68,56,51,46,56,40,32,27,35,35,29,27,15,10,28,21,21,12,13,5,4,2,5,2,2,2,0,0,0,0,0,0,0,6315,82,70,98,98,88,99,107,85,100,87,99,95,79,89,82,88,80,97,91,75,73,70,58,72,67,79,53,61,67,75,80,71,102,78,55,66,56,65,87,81,74,74,76,65,79,107,68,67,86,95,85,67,81,102,83,97,91,77,73,92,87,86,78,84,71,69,63,71,51,63,58,43,52,52,47,40,43,47,48,29,36,35,26,20,24,23,21,18,18,12,16,11,7,6,6,1,2,3,1,0,3,0,0,12334,6054,463,453,513,303,150,86,67,191,364,356,310,306,405,392,419,158,212,111,170,268,164,105,88,6280,436,478,444,265,166,73,70,197,335,386,355,368,421,417,429,172,232,131,181,248,203,135,138,67,32,0,0,0,0,0,0,0,0,0,0,0,0,0,0,0,0,0,0,0,0,0,0,0,0,0,0,0,0,0,0,0,0,10,5,0,0,0,0,0,0,0,0,0,0,0,5,0,0,0,0,0,0,5,0,0,0,0,5,0,0,0,0,5,0,22,19,0,0,0,0,0,0,0,0,0,0,0,19,0,0,0,0,0,0,3,0,0,0,0,3,0,0,0,0,3,0,35,0,0,0,0,0,0,0,0,0,0,0,0,0,0,0,0,0,0,0,0,0,0,0,0,0,0,0,0,0,0,0,0,6,6,0,0,0,0,0,0,0,0,0,0,0,6,0,0,0,0,0,0,0,0,0,0,0,0,0,0,0,0,0,0,29,27,0,0,0,0,0,0,0,0,0,0,0,27,0,0,0,0,0,0,2,0,0,0,0,2,0,0,0,0,2,0
"G4800650","2010","TX","3","7","Texas","48","Carson County","065",,,,,,,,,,,,,,,"11100","99999","999",,,,,,,,,,,,,,,,,"2383359553","10064255","Carson County","A","+35.4054961","-101.3553558","06","1",,6182,3042,27,40,36,46,37,45,50,46,41,44,48,42,36,58,56,44,51,58,36,22,24,20,23,22,27,35,21,34,37,28,36,28,26,34,28,34,37,33,37,36,28,33,44,38,35,37,43,47,56,47,46,47,63,44,48,58,53,59,53,32,39,41,38,37,23,28,41,23,33,19,26,32,25,20,28,23,18,17,15,20,18,16,10,14,11,11,9,9,3,4,1,5,2,4,0,4,1,0,0,0,0,0,0,3140,26,37,34,40,40,48,42,43,39,54,43,45,59,49,48,42,46,47,36,22,31,29,21,23,26,29,17,32,29,38,36,30,42,29,21,45,27,37,31,41,35,43,42,37,42,48,48,54,41,38,62,47,47,51,53,45,54,43,46,37,42,51,38,49,22,21,40,27,25,26,37,25,27,30,21,20,18,27,17,27,23,23,21,19,15,14,14,11,5,8,7,2,9,4,3,0,2,2,1,0,0,0,0,6111,3031,185,226,240,153,58,24,20,70,153,152,176,177,230,248,255,80,98,68,75,131,93,68,51,3080,177,226,244,135,58,31,29,70,143,157,180,198,228,258,224,92,105,61,74,135,104,87,64,71,11,1,0,0,0,0,0,0,0,0,0,0,0,0,0,0,0,0,0,0,0,1,0,0,0,0,1,0,0,0,0,0,1,6,6,5,0,0,0,5,0,0,0,0,0,0,1,0,0,0,0,0,0,0,0,0,0,0,0,0,0,0,0,0,0,4,4,0,0,0,0,0,0,0,0,0,0,0,4,0,0,0,0,0,0,0,0,0,0,0,0,0,0,0,0,0,0,60,0,0,0,0,0,0,0,0,0,0,0,0,0,0,0,0,0,0,0,0,0,0,0,0,0,0,0,0,0,0,0,0,14,3,1,0,0,0,1,0,0,0,0,0,0,2,0,0,0,0,0,0,11,0,0,0,0,11,0,0,0,0,0,11,46,40,0,0,0,0,0,0,0,0,0,0,0,40,0,0,0,0,0,0,6,0,0,0,0,6,0,0,0,0,0,6
"G4800670","2010","TX","3","7","Texas","48","Cass County","067",,,,,,,,,,,,,,,"99999","99999","999",,,,,,,,,,,,,,,,,"2426723555","60499735","Cass County","A","+33.0836979","-094.3575786","06","9",,30464,14777,178,178,189,177,203,183,201,211,199,196,201,225,213,207,245,248,233,217,200,156,159,155,117,118,131,153,131,135,153,151,174,157,160,150,116,167,150,160,176,187,162,182,184,177,194,229,207,193,202,214,210,229,244,218,217,237,199,195,205,214,210,209,242,213,173,180,193,195,194,151,159,135,105,126,114,110,99,108,82,64,81,58,61,72,50,34,36,34,28,19,12,15,13,11,8,4,2,2,1,1,1,0,0,15687,183,151,169,175,177,202,185,169,179,183,213,195,198,197,164,210,213,198,186,137,165,151,141,149,193,144,161,156,163,191,165,179,173,160,158,167,154,185,192,192,217,196,167,188,200,213,229,236,216,210,235,244,226,248,231,250,237,199,190,207,222,214,206,237,189,218,210,195,188,161,174,173,144,130,134,153,114,123,115,105,99,105,89,65,82,77,68,50,41,56,40,45,35,17,9,18,5,7,5,3,4,0,0,30110,14603,925,990,1091,697,345,158,152,360,708,741,825,890,1032,1114,1045,416,622,368,537,630,452,304,201,15507,855,918,967,621,322,165,151,480,815,834,888,968,1104,1182,1081,436,628,426,541,746,588,407,384,354,174,1,1,1,0,0,0,1,0,0,0,0,0,0,0,0,0,0,0,0,0,0,0,0,0,0,0,0,0,0,0,0,0,107,103,81,0,0,0,81,0,0,0,0,0,0,22,0,0,0,0,0,0,4,0,0,0,0,4,0,4,0,0,0,0,66,66,0,0,0,0,0,0,0,0,0,0,0,66,0,0,0,0,0,0,0,0,0,0,0,0,0,0,0,0,0,0,180,0,0,0,0,0,0,0,0,0,0,0,0,0,0,0,0,0,0,0,0,0,0,0,0,0,0,0,0,0,0,0,0,15,12,0,0,0,0,0,0,0,0,0,0,0,12,0,0,0,0,0,0,3,0,0,0,0,3,0,2,1,0,0,0,165,165,0,0,0,0,0,0,0,0,0,0,0,165,0,0,0,0,0,0,0,0,0,0,0,0,0,0,0,0,0,0
"G4800690","2010","TX","3","7","Texas","48","Castro County","069",,,,,,,,,,,,,,,"99999","99999","999",,,,,,,,,,,,,,,,,"2316572704","12585110","Castro County","A","+34.5336207","-102.2587856","06","9",,8062,4084,81,82,64,74,76,69,80,86,61,74,64,60,83,75,58,70,73,57,72,45,41,48,43,49,48,69,42,44,40,57,46,39,58,39,58,41,44,43,52,58,54,40,43,35,52,47,50,44,55,68,40,61,55,64,46,64,55,66,52,45,29,26,46,43,33,31,20,36,40,31,21,22,24,33,22,30,27,20,20,20,16,21,15,12,7,11,10,6,3,4,2,0,0,2,0,1,0,0,0,0,1,0,0,3978,66,65,64,70,57,69,73,53,63,85,69,75,72,68,76,59,73,79,53,37,47,45,40,51,46,39,48,53,49,39,55,54,41,42,56,39,59,45,25,44,50,43,45,41,44,41,63,52,46,54,51,48,52,48,43,66,55,45,52,40,41,37,41,33,35,29,29,45,20,27,26,26,24,24,24,32,33,29,25,16,20,24,13,10,19,9,17,5,11,4,4,7,6,4,0,1,1,3,1,0,1,0,0,7998,4056,377,370,340,199,117,41,47,137,251,240,236,222,264,266,282,54,120,51,107,120,115,64,36,3942,322,343,360,211,90,47,42,137,227,248,211,223,256,242,258,78,108,58,90,124,133,78,56,64,28,1,1,1,0,0,0,1,0,0,0,0,0,0,0,0,0,0,0,0,0,0,0,0,0,0,0,0,0,0,0,0,0,12,12,9,0,0,0,9,0,0,0,0,0,0,3,0,0,0,0,0,0,0,0,0,0,0,0,0,0,0,0,0,0,15,15,0,0,0,0,0,0,0,0,0,0,0,15,0,0,0,0,0,0,0,0,0,0,0,0,0,0,0,0,0,0,36,0,0,0,0,0,0,0,0,0,0,0,0,0,0,0,0,0,0,0,0,0,0,0,0,0,0,0,0,0,0,0,0,6,6,4,0,0,0,4,0,0,0,0,0,0,2,0,0,0,0,0,0,0,0,0,0,0,0,0,0,0,0,0,0,30,30,0,0,0,0,0,0,0,0,0,0,0,30,0,0,0,0,0,0,0,0,0,0,0,0,0,0,0,0,0,0
"G4800710","2010","TX","3","7","Texas","48","Chambers County","071",,,,,,,,,,,,,,,"26420","99999","288",,,,,,,,,,,,,,,,,"1546578832","709774725","Chambers County","A","+29.7039331","-094.6688749","06","1",,35096,17661,210,270,251,238,280,250,276,293,297,328,311,296,315,286,312,298,317,334,285,247,180,170,180,173,195,191,154,182,199,220,248,194,216,228,236,220,236,253,237,292,273,279,244,265,263,274,264,294,272,279,299,246,251,297,284,258,249,262,219,198,196,181,210,203,153,136,132,139,98,109,92,85,73,71,76,66,61,62,36,44,39,39,27,25,29,24,20,15,13,4,7,7,4,8,5,1,1,1,1,0,0,0,0,17435,258,231,233,237,230,257,257,262,248,284,300,284,310,279,305,293,295,286,267,204,183,177,185,150,181,187,186,205,229,223,236,186,243,255,251,237,267,249,302,296,289,278,252,278,262,257,244,245,262,255,275,260,250,253,226,249,261,267,176,172,174,197,202,202,157,136,131,116,118,107,95,85,64,80,61,61,66,53,47,73,71,52,34,41,44,37,27,21,30,22,18,14,14,7,7,5,4,2,1,0,0,0,0,34867,17520,1249,1444,1520,948,525,178,162,538,929,1105,1220,1312,1373,1370,1180,376,566,267,345,396,264,154,99,17347,1189,1308,1478,874,468,183,177,516,1026,1168,1349,1357,1262,1262,1123,369,561,266,339,382,291,228,171,229,141,1,1,1,0,0,0,1,0,0,0,0,0,0,0,0,0,0,0,0,0,0,0,0,0,0,0,0,0,0,0,0,0,115,115,112,0,0,0,112,0,0,0,0,0,0,3,0,0,0,0,0,0,0,0,0,0,0,0,0,0,0,0,0,0,25,25,0,0,0,0,0,0,0,0,0,0,0,25,0,0,0,0,0,0,0,0,0,0,0,0,0,0,0,0,0,0,88,0,0,0,0,0,0,0,0,0,0,0,0,0,0,0,0,0,0,0,0,0,0,0,0,0,0,0,0,0,0,0,0,21,21,16,0,0,0,16,0,0,0,0,0,0,5,0,0,0,0,0,0,0,0,0,0,0,0,0,0,0,0,0,0,67,67,0,0,0,0,0,0,0,0,0,0,0,67,0,0,0,0,0,0,0,0,0,0,0,0,0,0,0,0,0,0
"G4800730","2010","TX","3","7","Texas","48","Cherokee County","073",,,,,,,,,,,,,,,"27380","99999","540",,,,,,,,,,,,,,,,,"2727030862","24032104","Cherokee County","A","+31.8438587","-095.1565040","06","2",,50845,25850,368,387,359,362,403,382,367,375,373,390,392,381,360,381,359,355,389,392,418,504,400,348,325,299,296,288,322,277,290,320,316,303,320,357,303,304,321,343,310,347,320,341,295,325,344,398,349,405,358,331,376,381,371,354,335,349,344,318,311,310,330,297,297,288,245,271,223,250,215,209,207,183,161,170,149,177,141,122,112,92,99,84,80,76,64,59,36,37,34,36,29,18,17,14,7,6,2,10,0,0,2,0,0,24995,348,361,341,343,355,360,369,379,360,358,345,383,344,353,349,328,379,343,374,366,326,295,298,270,237,264,308,290,270,312,331,278,274,302,264,289,313,283,317,309,282,285,294,260,298,289,305,317,319,321,361,352,295,333,312,334,364,337,321,327,293,292,337,336,247,271,248,252,244,222,212,177,167,197,184,194,186,137,139,122,149,123,113,103,113,102,76,84,73,65,65,54,28,24,25,19,14,9,11,4,9,0,1,47994,23574,1879,1887,1873,1132,670,291,290,802,1312,1400,1424,1386,1548,1565,1488,592,799,478,646,845,615,379,273,24420,1748,1826,1774,1049,654,306,287,798,1426,1436,1494,1399,1527,1616,1652,573,906,505,702,913,736,562,531,2851,2276,4,2,2,0,0,0,2,0,0,0,0,0,0,0,0,0,0,0,0,0,2,1,0,0,0,1,0,0,0,0,0,1,2116,1738,1483,0,0,1366,117,0,0,0,0,0,0,61,194,194,0,0,0,0,378,360,0,0,0,18,0,6,0,0,4,8,156,156,18,0,0,18,0,0,0,0,0,0,0,127,11,10,0,1,0,0,0,0,0,0,0,0,0,0,0,0,0,0,575,1,0,0,0,0,0,0,0,0,0,0,0,0,0,0,0,0,0,0,0,1,1,0,0,0,0,0,0,0,0,0,0,307,191,68,0,0,49,19,0,0,0,0,0,0,67,56,56,0,0,0,0,116,113,0,0,0,3,0,0,0,0,1,2,267,267,0,0,0,0,0,0,0,0,0,0,0,259,8,8,0,0,0,0,0,0,0,0,0,0,0,0,0,0,0,0
"G4800750","2010","TX","3","7","Texas","48","Childress County","075",,,,,,,,,,,,,,,"99999","99999","999",,,,,,,,,,,,,,,,,"1803680222","44835136","Childress County","A","+34.5293372","-100.2083364","06","9",,7041,4121,40,48,45,41,45,38,35,43,47,40,60,46,40,51,28,56,34,57,54,52,61,91,106,118,129,127,134,123,121,97,108,84,63,73,59,73,54,48,50,50,52,51,41,37,34,49,47,57,38,31,37,42,32,43,53,43,33,45,42,40,31,32,27,38,25,29,31,38,26,28,23,15,25,14,24,19,21,23,21,17,15,10,15,8,8,15,2,4,7,4,4,1,1,2,0,0,0,2,0,0,0,0,0,2920,36,39,44,48,38,44,34,36,47,32,38,34,45,44,40,45,25,45,48,25,20,29,21,21,21,38,38,28,32,30,35,38,44,32,37,26,27,36,32,32,28,35,21,39,32,43,45,26,35,43,39,40,44,45,34,37,42,47,39,30,30,27,34,43,25,34,38,24,37,31,17,31,22,33,23,24,28,27,13,23,25,25,15,26,17,10,14,11,8,10,3,8,6,4,6,6,4,4,4,0,2,0,0,5623,2753,219,203,225,145,73,25,24,81,154,147,157,149,180,185,193,62,87,60,91,100,100,55,38,2870,205,193,201,114,73,18,29,63,165,184,153,155,192,201,194,57,102,72,90,120,112,99,78,1418,1368,2,2,2,0,0,0,2,0,0,0,0,0,0,0,0,0,0,0,0,0,0,0,0,0,0,0,0,0,0,0,0,0,1358,1358,1353,0,0,1326,27,0,0,0,0,0,0,5,0,0,0,0,0,0,0,0,0,0,0,0,0,0,0,0,0,0,8,8,0,0,0,0,0,0,0,0,0,0,0,8,0,0,0,0,0,0,0,0,0,0,0,0,0,0,0,0,0,0,50,1,1,1,0,0,0,1,0,0,0,0,0,0,0,0,0,0,0,0,0,0,0,0,0,0,0,0,0,0,0,0,0,7,7,4,0,0,0,4,0,0,0,0,0,0,3,0,0,0,0,0,0,0,0,0,0,0,0,0,0,0,0,0,0,42,42,0,0,0,0,0,0,0,0,0,0,0,42,0,0,0,0,0,0,0,0,0,0,0,0,0,0,0,0,0,0
"G4800770","2010","TX","3","7","Texas","48","Clay County","077",,,,,,,,,,,,,,,"48660","99999","999",,,,,,,,,,,,,,,,,"2819774443","72604292","Clay County","A","+33.7859041","-098.2129182","06","1",,10752,5283,60,65,67,59,68,54,65,62,67,63,69,60,76,85,77,80,101,72,77,49,45,38,47,37,41,56,31,43,46,52,59,55,55,61,57,41,58,50,49,66,67,68,67,68,60,76,86,92,88,91,102,88,100,87,76,104,97,84,82,74,72,73,81,77,55,72,69,69,58,49,45,54,56,38,47,43,33,32,34,27,24,22,26,26,20,14,12,13,4,2,5,4,3,0,2,1,0,1,0,0,0,0,0,5469,60,66,59,51,47,70,59,61,56,73,68,71,64,78,84,71,77,77,71,57,56,39,37,42,38,46,51,59,51,45,49,46,68,55,63,60,51,51,72,66,81,60,75,62,72,80,97,89,86,90,88,94,94,76,114,92,92,106,93,70,74,84,80,82,59,74,78,75,50,50,47,71,48,45,37,33,50,37,37,32,36,27,32,26,15,18,19,12,12,19,12,3,5,3,4,2,3,0,1,1,0,0,0,10682,5258,319,311,367,253,126,43,38,125,225,282,260,328,431,453,441,144,213,141,176,240,168,117,57,5424,283,319,365,225,128,56,39,116,250,281,299,350,441,466,452,157,220,152,175,246,188,127,89,70,25,0,0,0,0,0,0,0,0,0,0,0,0,0,0,0,0,0,0,0,0,0,0,0,0,0,0,0,0,0,0,0,0,19,19,19,0,0,0,19,0,0,0,0,0,0,0,0,0,0,0,0,0,0,0,0,0,0,0,0,0,0,0,0,0,6,6,0,0,0,0,0,0,0,0,0,0,0,6,0,0,0,0,0,0,0,0,0,0,0,0,0,0,0,0,0,0,45,0,0,0,0,0,0,0,0,0,0,0,0,0,0,0,0,0,0,0,0,0,0,0,0,0,0,0,0,0,0,0,0,8,8,6,0,0,0,6,0,0,0,0,0,0,2,0,0,0,0,0,0,0,0,0,0,0,0,0,0,0,0,0,0,37,37,0,0,0,0,0,0,0,0,0,0,0,37,0,0,0,0,0,0,0,0,0,0,0,0,0,0,0,0,0,0
"G4800790","2010","TX","3","7","Texas","48","Cochran County","079",,,,,,,,,,,,,,,"99999","99999","999",,,,,,,,,,,,,,,,,"2007629814","229068","Cochran County","A","+33.6084401","-102.8304490","06","9",,3127,1535,30,23,29,19,28,23,23,34,19,14,19,36,19,29,20,26,24,31,23,29,20,22,12,23,20,22,17,11,16,26,19,19,13,18,8,12,9,10,17,18,10,16,30,18,15,21,19,30,27,21,27,19,14,15,31,23,22,15,16,20,17,19,14,18,15,13,18,11,7,14,8,12,14,12,18,13,8,6,7,9,6,6,7,6,1,4,0,2,3,1,3,1,0,2,1,0,0,0,0,0,0,0,0,1592,18,32,15,36,18,28,30,23,28,22,22,26,22,24,32,23,40,33,22,25,18,21,21,21,13,20,24,12,26,18,20,6,19,14,9,14,15,17,14,20,26,16,22,11,17,26,22,25,21,21,16,21,17,26,23,24,18,15,20,13,17,17,17,18,10,15,11,9,15,20,10,16,17,13,21,7,14,12,9,9,5,7,6,4,4,0,2,6,5,4,2,1,0,1,1,3,0,2,0,0,1,0,0,3049,1515,127,113,122,81,52,20,22,55,92,76,65,88,116,101,91,36,47,29,32,64,43,26,17,1534,116,130,115,75,42,18,21,54,100,67,80,91,113,98,85,34,44,25,44,77,51,26,28,78,20,3,2,0,0,0,0,0,0,0,2,2,0,0,0,0,0,0,0,0,0,1,0,0,0,0,1,0,0,0,0,1,0,15,3,3,0,0,0,3,0,0,0,0,0,0,0,0,0,0,0,0,0,12,0,0,0,0,12,0,0,0,0,12,0,2,0,0,0,0,0,0,0,0,0,0,0,0,0,0,0,0,0,0,0,2,0,0,0,0,2,0,0,0,0,2,0,58,36,26,0,0,0,0,0,0,0,26,26,0,0,0,0,0,0,0,0,0,10,0,0,0,0,10,0,0,0,0,10,0,21,4,1,0,0,0,1,0,0,3,3,0,0,0,0,0,0,0,0,0,17,0,0,0,0,17,0,0,0,0,17,0,1,0,0,0,0,0,0,0,0,0,0,0,0,0,0,0,0,0,0,0,1,0,0,0,0,1,0,0,0,0,1,0
"G4800810","2010","TX","3","7","Texas","48","Coke County","081",,,,,,,,,,,,,,,"99999","99999","999",,,,,,,,,,,,,,,,,"2360695668","42789532","Coke County","A","+31.8771050","-100.6352358","06","9",,3320,1626,15,13,21,20,20,17,7,15,20,26,22,21,14,25,22,22,21,34,22,13,14,13,12,12,13,16,24,10,12,17,11,14,13,13,14,15,9,14,7,14,16,23,17,24,15,24,24,23,28,26,18,25,24,27,20,27,28,23,22,29,19,25,21,23,8,26,31,24,18,24,29,25,16,29,20,19,19,15,11,22,16,10,7,8,7,6,8,7,4,8,0,1,0,0,0,0,0,0,0,0,0,0,0,1694,18,12,18,12,17,8,21,25,25,28,26,16,24,18,18,22,15,21,13,10,12,14,5,11,13,11,17,12,19,14,17,19,13,13,14,14,13,14,18,10,17,20,16,18,19,41,22,24,25,27,23,27,22,25,22,19,31,24,22,22,26,31,29,29,21,31,24,28,26,30,17,18,25,13,24,19,17,8,19,18,27,13,19,12,12,11,12,5,4,6,4,2,2,1,3,0,2,0,0,0,0,0,0,3285,1616,89,85,104,77,35,14,13,37,79,65,59,95,124,114,128,44,52,55,66,118,85,45,33,1669,77,107,102,58,23,12,14,29,73,76,69,90,139,119,117,57,79,55,83,97,78,78,37,35,10,0,0,0,0,0,0,0,0,0,0,0,0,0,0,0,0,0,0,0,0,0,0,0,0,0,0,0,0,0,0,0,0,2,2,0,0,0,0,0,0,0,0,0,0,0,2,0,0,0,0,0,0,0,0,0,0,0,0,0,0,0,0,0,0,8,8,0,0,0,0,0,0,0,0,0,0,0,8,0,0,0,0,0,0,0,0,0,0,0,0,0,0,0,0,0,0,25,0,0,0,0,0,0,0,0,0,0,0,0,0,0,0,0,0,0,0,0,0,0,0,0,0,0,0,0,0,0,0,0,1,1,0,0,0,0,0,0,0,0,0,0,0,1,0,0,0,0,0,0,0,0,0,0,0,0,0,0,0,0,0,0,24,24,0,0,0,0,0,0,0,0,0,0,0,24,0,0,0,0,0,0,0,0,0,0,0,0,0,0,0,0,0,0
"G4800830","2010","TX","3","7","Texas","48","Coleman County","083",,,,,,,,,,,,,,,"99999","99999","999",,,,,,,,,,,,,,,,,"3268424436","50472266","Coleman County","A","+31.9142052","-099.3466224","06","9",,8895,4416,52,42,55,56,38,61,57,58,54,60,62,88,55,57,61,54,58,72,47,46,32,39,34,29,34,32,48,37,39,40,39,44,30,39,37,47,44,42,44,61,48,54,48,55,48,55,70,52,68,65,81,72,68,63,90,75,64,52,52,56,56,74,74,63,65,63,53,63,64,55,48,42,58,45,43,44,36,37,34,26,30,30,26,16,24,22,17,10,4,12,7,3,2,2,2,5,0,0,0,1,0,0,0,4479,50,53,48,63,44,51,51,61,48,50,47,52,56,55,63,35,50,62,68,34,49,29,34,45,47,34,38,42,33,35,29,38,37,53,50,49,50,54,57,61,52,40,55,35,45,43,68,58,64,67,64,72,65,58,73,70,69,67,71,67,78,79,88,65,51,72,65,46,48,52,52,48,45,44,51,47,39,41,45,43,45,41,20,24,29,20,13,14,10,10,9,7,10,6,3,3,1,2,2,0,3,0,0,8855,4394,243,290,323,184,93,32,39,97,195,187,238,253,310,374,297,130,200,116,182,230,176,122,83,4461,258,261,273,147,102,49,29,126,182,206,271,227,300,332,344,157,204,137,146,239,213,153,105,40,22,0,0,0,0,0,0,0,0,0,0,0,0,0,0,0,0,0,0,0,0,0,0,0,0,0,0,0,0,0,0,0,0,7,5,0,0,0,0,0,0,0,0,0,0,0,5,0,0,0,0,0,0,2,0,0,0,0,2,0,0,0,0,2,0,15,15,0,0,0,0,0,0,0,0,0,0,0,15,0,0,0,0,0,0,0,0,0,0,0,0,0,0,0,0,0,0,18,0,0,0,0,0,0,0,0,0,0,0,0,0,0,0,0,0,0,0,0,0,0,0,0,0,0,0,0,0,0,0,0,1,0,0,0,0,0,0,0,0,0,0,0,0,0,0,0,0,0,0,0,1,0,0,0,0,1,0,0,0,0,1,0,17,17,0,0,0,0,0,0,0,0,0,0,0,17,0,0,0,0,0,0,0,0,0,0,0,0,0,0,0,0,0,0
"G4800850","2010","TX","3","7","Texas","48","Collin County","085",,,,,,,,,,,,,,,"19100","19124","206",,,,,,,,,,,,,,,,,"2178761906","116235513","Collin County","A","+33.1938849","-096.5781528","06","1",,782341,384363,5522,5840,6044,6159,6400,6673,6817,6773,6709,6810,6786,6655,6566,6234,6361,6311,6049,5868,5372,4131,3903,3765,3661,4023,4309,4513,4566,5015,5093,5245,5485,5317,5682,5657,5806,6247,6321,6538,6899,7302,7145,6974,6444,6272,6271,6629,6846,6595,6412,6227,6065,5634,5134,5081,4628,4504,4212,4049,3666,3454,3394,3373,3406,3471,2572,2486,2340,2394,2056,1730,1636,1512,1397,1239,1177,1019,900,844,753,720,647,535,444,429,391,349,315,241,253,171,140,93,80,62,42,34,16,15,8,2,7,0,1,397978,5366,5560,5935,5851,6172,6375,6401,6428,6566,6591,6798,6348,6197,6256,6039,5917,5671,5629,4754,3612,3596,3304,3715,4014,4489,4728,4909,5349,5619,5686,6033,5964,6184,6409,6535,6918,6795,6955,7306,7803,7352,6963,6640,6299,6463,6886,6793,6767,6362,6215,5831,5523,5372,5212,4890,4850,4474,4315,4144,3920,3846,3863,3917,3870,2864,2741,2702,2566,2290,2057,1898,1703,1601,1404,1391,1265,1128,1048,944,1026,900,797,765,707,695,650,588,496,434,401,323,227,179,201,146,101,65,52,23,24,30,2,0,778427,382277,29957,33776,32593,18063,9079,3790,3663,11805,24244,27837,33189,33018,32624,26484,19853,6747,9429,4813,6160,6919,4160,2373,1701,396150,28879,32356,31626,17146,8102,3542,3265,12137,26262,31086,35759,33695,32984,26801,21671,7686,10633,5413,6873,7907,5256,3625,3446,3914,2086,188,101,96,0,0,0,96,0,0,1,1,0,0,0,4,0,0,0,0,4,87,2,0,0,0,85,23,0,0,0,62,0,1546,918,824,0,0,0,824,0,0,0,0,0,0,94,0,0,0,0,0,0,628,228,0,0,0,400,48,37,0,0,309,6,352,343,3,0,0,0,3,0,0,0,0,0,0,340,0,0,0,0,0,0,9,0,0,0,0,9,0,2,0,0,7,0,1828,93,26,16,0,0,0,16,0,0,2,2,0,0,0,8,0,0,0,0,8,67,1,0,0,0,66,19,0,0,0,47,0,685,241,122,0,0,0,122,0,0,2,2,0,0,115,2,0,0,0,0,2,444,156,0,0,0,288,51,4,0,0,233,0,1050,1038,0,0,0,0,0,0,0,0,0,0,0,1038,0,0,0,0,0,0,12,0,0,0,0,12,2,0,0,0,10,0
"G4800870","2010","TX","3","7","Texas","48","Collingsworth County","087",,,,,,,,,,,,,,,"99999","99999","999",,,,,,,,,,,,,,,,,"2378750619","2279238","Collingsworth County","A","+34.9633577","-100.2721351","06","9",,3057,1498,27,25,17,35,28,25,13,24,20,22,26,24,19,30,25,24,24,26,28,11,18,11,13,16,18,18,20,17,22,20,22,15,20,15,17,19,11,19,14,10,14,16,12,24,17,22,16,18,21,16,26,22,13,18,25,25,27,16,13,16,19,18,13,19,9,13,21,8,17,17,12,8,18,6,7,6,9,10,8,14,7,8,7,6,1,8,2,4,4,3,2,1,3,0,4,0,0,1,0,0,0,0,0,1559,31,25,28,18,22,21,20,19,31,21,15,19,23,24,30,15,28,21,20,11,13,12,18,11,22,24,17,16,7,15,21,15,15,19,17,16,13,15,14,19,13,17,18,15,19,27,21,18,15,36,14,24,19,18,27,22,17,17,18,25,12,12,24,25,14,10,15,19,17,14,16,11,8,11,11,19,7,14,14,19,9,7,13,12,11,7,7,8,7,4,8,4,1,1,2,3,1,0,0,0,1,0,0,3005,1475,132,104,124,74,39,18,11,45,95,88,72,82,93,103,97,37,40,34,41,48,46,26,26,1530,124,112,111,64,31,13,12,51,78,86,77,82,117,101,98,23,63,25,48,56,68,47,43,52,23,0,0,0,0,0,0,0,0,0,0,0,0,0,0,0,0,0,0,0,0,0,0,0,0,0,0,0,0,0,0,0,0,9,9,6,0,0,0,6,0,0,0,0,0,0,3,0,0,0,0,0,0,0,0,0,0,0,0,0,0,0,0,0,0,14,14,0,0,0,0,0,0,0,0,0,0,0,14,0,0,0,0,0,0,0,0,0,0,0,0,0,0,0,0,0,0,29,0,0,0,0,0,0,0,0,0,0,0,0,0,0,0,0,0,0,0,0,0,0,0,0,0,0,0,0,0,0,0,0,5,5,1,0,0,0,1,0,0,0,0,0,0,4,0,0,0,0,0,0,0,0,0,0,0,0,0,0,0,0,0,0,24,24,0,0,0,0,0,0,0,0,0,0,0,24,0,0,0,0,0,0,0,0,0,0,0,0,0,0,0,0,0,0
"G4800890","2010","TX","3","7","Texas","48","Colorado County","089",,,,,,,,,,,,,,,"99999","99999","999",,,,,,,,,,,,,,,,,"2487097169","34737183","Colorado County","A","+29.5959081","-096.5083889","06","9",,20874,10347,154,133,133,144,129,129,138,132,128,152,146,152,150,150,117,149,174,160,160,111,82,90,107,135,99,96,104,83,117,144,100,89,104,103,103,101,96,103,118,104,111,113,114,104,115,145,128,168,120,175,191,161,157,166,159,156,160,166,155,157,158,131,139,132,115,125,137,131,106,91,105,87,96,89,92,74,62,71,80,60,63,61,51,46,39,17,24,34,19,16,10,9,13,5,6,6,2,2,2,0,1,0,0,10527,133,115,136,119,130,120,128,135,125,137,138,124,140,144,151,131,151,141,129,112,96,91,98,100,100,108,90,121,89,109,114,120,89,115,94,95,86,105,113,94,120,133,123,132,104,128,156,128,152,166,167,154,165,172,154,144,173,180,150,144,145,167,140,141,115,120,106,119,109,135,110,94,88,90,93,75,82,82,90,79,76,57,89,61,53,66,49,53,40,25,38,25,23,25,17,16,8,2,2,1,8,2,0,20546,10224,693,679,715,483,268,79,89,330,536,489,517,555,732,825,786,286,383,260,324,464,334,250,147,10322,633,645,697,423,240,96,91,296,516,527,492,610,727,809,785,312,393,223,359,469,381,308,290,328,123,0,0,0,0,0,0,0,0,0,0,0,0,0,0,0,0,0,0,0,0,0,0,0,0,0,0,0,0,0,0,0,0,70,69,54,0,0,0,54,0,0,0,0,0,0,15,0,0,0,0,0,0,1,0,0,0,0,1,0,1,0,0,0,0,53,49,0,0,0,0,0,0,0,0,0,0,0,49,0,0,0,0,0,0,4,0,0,0,0,4,0,4,0,0,0,0,205,0,0,0,0,0,0,0,0,0,0,0,0,0,0,0,0,0,0,0,0,0,0,0,0,0,0,0,0,0,0,0,0,27,22,7,0,0,0,7,0,0,0,0,0,0,15,0,0,0,0,0,0,5,0,0,0,0,5,0,4,0,0,1,0,178,178,0,0,0,0,0,0,0,0,0,0,0,178,0,0,0,0,0,0,0,0,0,0,0,0,0,0,0,0,0,0
"G4800910","2010","TX","3","7","Texas","48","Comal County","091",,,,,,,,,,,,,,,"41700","99999","999",,,,,,,,,,,,,,,,,"1449037063","39890210","Comal County","A","+29.8030193","-098.2552006","06","1",,108472,53254,557,622,641,632,637,670,772,776,699,784,877,724,804,819,783,771,793,812,766,532,526,518,479,515,546,539,571,506,524,546,549,433,577,530,548,581,575,624,642,706,745,695,704,695,730,801,799,831,865,900,855,872,900,880,872,824,841,805,807,750,799,751,817,825,547,623,617,621,563,482,439,425,395,377,354,346,260,292,249,262,253,178,186,162,116,116,90,92,73,85,47,44,31,17,11,8,10,4,6,3,1,0,0,55218,572,610,635,627,678,685,656,693,664,722,705,717,743,756,726,747,814,774,642,491,485,509,475,508,523,532,500,552,538,561,578,576,513,565,564,650,617,692,700,781,777,734,738,676,803,843,906,911,911,924,928,893,886,968,869,903,919,892,821,840,827,838,841,870,607,644,638,609,486,472,478,416,429,389,381,381,336,343,283,295,258,262,223,208,203,202,177,160,138,133,104,78,73,60,37,38,45,13,5,9,10,1,0,107412,52705,3083,3693,3998,2368,1280,512,502,1512,2643,2592,3089,3537,4148,4352,3987,1539,2175,1232,1651,1974,1379,869,590,54707,3115,3410,3634,2309,1128,483,504,1492,2660,2780,3423,3703,4478,4523,4352,1657,2309,1275,1562,2084,1608,1099,1119,1060,549,31,22,2,0,0,0,2,0,0,20,20,0,0,0,0,0,0,0,0,0,9,0,0,0,0,9,0,0,0,0,5,4,375,241,213,0,0,0,213,0,0,4,4,0,0,24,0,0,0,0,0,0,134,0,0,0,0,134,2,104,0,0,12,16,143,122,4,0,0,0,4,0,0,0,0,0,0,118,0,0,0,0,0,0,21,0,0,0,0,21,0,11,0,0,5,5,511,56,37,2,0,0,0,2,0,0,35,35,0,0,0,0,0,0,0,0,0,19,0,0,0,0,19,3,0,0,0,3,13,185,78,56,0,0,0,56,0,0,2,2,0,0,20,0,0,0,0,0,0,107,0,0,0,0,107,0,66,0,0,16,25,270,259,2,0,0,0,2,0,0,0,0,0,0,257,0,0,0,0,0,0,11,0,0,0,0,11,0,0,0,0,6,5
"G4800930","2010","TX","3","7","Texas","48","Comanche County","093",,,,,,,,,,,,,,,"99999","99999","999",,,,,,,,,,,,,,,,,"2428770746","25718019","Comanche County","A","+31.9516447","-098.5496169","06","9",,13974,6885,86,98,93,95,80,82,94,77,84,93,84,124,91,77,87,102,106,123,100,68,68,74,89,61,68,62,70,57,74,63,65,67,64,66,68,75,66,53,66,80,93,83,75,99,97,103,106,90,97,97,91,99,117,88,103,76,73,101,97,96,91,90,96,107,74,86,103,96,82,71,84,82,67,70,65,83,54,44,49,45,32,28,28,31,20,25,23,15,16,14,11,8,5,2,3,2,0,0,0,0,2,0,0,7089,107,88,92,106,93,109,69,92,92,70,115,82,114,104,78,99,91,103,78,78,70,61,62,64,77,49,66,69,64,55,63,63,69,73,62,65,80,73,91,88,86,74,97,97,66,88,105,87,101,89,87,84,102,78,103,93,92,70,93,101,101,113,94,109,78,101,98,98,95,84,94,75,66,75,70,63,61,42,53,63,41,42,47,37,38,32,39,27,28,19,16,15,28,11,4,6,4,2,3,0,0,0,0,13813,6819,452,430,463,331,167,67,73,209,321,328,340,447,492,495,442,179,275,189,246,364,272,129,108,6994,486,432,493,293,156,70,60,198,302,329,397,419,470,454,449,214,281,196,276,372,279,181,187,161,66,0,0,0,0,0,0,0,0,0,0,0,0,0,0,0,0,0,0,0,0,0,0,0,0,0,0,0,0,0,0,0,0,28,24,19,0,0,0,19,0,0,0,0,0,0,5,0,0,0,0,0,0,4,0,0,0,0,4,0,2,0,0,2,0,38,38,0,0,0,0,0,0,0,0,0,0,0,38,0,0,0,0,0,0,0,0,0,0,0,0,0,0,0,0,0,0,95,0,0,0,0,0,0,0,0,0,0,0,0,0,0,0,0,0,0,0,0,0,0,0,0,0,0,0,0,0,0,0,0,9,6,4,0,0,0,4,0,0,0,0,0,0,2,0,0,0,0,0,0,3,0,0,0,0,3,0,2,0,0,1,0,86,86,0,0,0,0,0,0,0,0,0,0,0,86,0,0,0,0,0,0,0,0,0,0,0,0,0,0,0,0,0,0
"G4800950","2010","TX","3","7","Texas","48","Concho County","095",,,,,,,,,,,,,,,"99999","99999","999",,,,,,,,,,,,,,,,,"2548028356","25624151","Concho County","A","+31.3188647","-099.8636483","06","9",,4087,2793,13,20,21,13,10,24,13,12,22,19,20,16,14,14,10,9,16,12,18,24,23,17,54,42,24,76,56,61,68,38,73,50,39,54,67,73,61,34,71,82,55,93,85,55,63,57,79,60,53,60,36,27,25,40,35,54,32,18,34,29,33,34,31,21,14,26,27,27,18,16,17,7,15,16,20,10,10,9,10,4,9,6,4,6,7,5,1,2,2,0,3,4,4,1,1,0,0,0,0,0,0,0,0,1294,10,16,19,24,15,24,11,22,8,7,20,23,15,12,23,15,19,16,20,12,11,7,7,9,4,6,14,11,10,20,9,17,9,8,12,13,11,14,22,7,15,16,14,16,8,22,32,17,12,9,17,25,21,20,22,19,23,14,12,20,28,26,27,16,18,20,11,21,13,14,16,19,11,10,15,10,7,14,15,3,7,6,7,11,3,6,3,3,5,2,8,2,4,1,0,2,1,3,0,0,0,0,0,2499,1239,77,90,74,37,28,7,7,28,47,54,60,69,86,98,104,41,56,52,60,73,41,29,21,1260,84,72,93,50,32,8,7,20,60,52,65,65,92,102,85,54,61,31,48,71,48,30,30,1588,1554,0,0,0,0,0,0,0,0,0,0,0,0,0,0,0,0,0,0,0,0,0,0,0,0,0,0,0,0,0,0,0,0,1543,1543,1536,1536,0,0,0,0,0,0,0,0,0,7,0,0,0,0,0,0,0,0,0,0,0,0,0,0,0,0,0,0,11,11,4,4,0,0,0,0,0,0,0,0,0,7,0,0,0,0,0,0,0,0,0,0,0,0,0,0,0,0,0,0,34,0,0,0,0,0,0,0,0,0,0,0,0,0,0,0,0,0,0,0,0,0,0,0,0,0,0,0,0,0,0,0,0,19,19,16,16,0,0,0,0,0,0,0,0,0,3,0,0,0,0,0,0,0,0,0,0,0,0,0,0,0,0,0,0,15,15,0,0,0,0,0,0,0,0,0,0,0,15,0,0,0,0,0,0,0,0,0,0,0,0,0,0,0,0,0,0
"G4800970","2010","TX","3","7","Texas","48","Cooke County","097",,,,,,,,,,,,,,,"23620","99999","206",,,,,,,,,,,,,,,,,"2265615780","61333893","Cooke County","A","+33.6391685","-097.2103723","06","2",,38437,19056,270,277,291,250,283,270,270,274,251,273,246,267,285,286,267,319,379,377,321,250,254,234,225,225,238,200,209,217,217,225,221,217,214,193,188,212,196,198,208,201,212,207,241,238,225,237,248,271,275,280,289,261,296,258,284,292,290,265,255,255,252,237,200,253,202,209,173,218,159,160,172,141,131,124,136,116,117,103,98,89,88,70,58,65,55,49,50,40,28,22,18,12,10,6,4,6,8,0,0,0,0,0,0,19381,251,248,266,275,276,242,245,263,265,288,263,228,282,260,279,259,256,250,274,264,237,195,223,204,201,195,213,260,217,220,216,196,205,195,192,214,219,199,221,249,230,238,204,244,251,240,266,314,232,290,282,323,300,264,272,276,284,276,253,224,254,277,251,258,208,216,219,194,173,177,178,159,150,162,139,147,153,127,113,116,94,96,98,88,94,71,89,37,60,36,38,43,20,15,19,11,13,8,4,3,4,1,0,37751,18653,1371,1338,1341,862,497,242,229,679,1068,1032,1015,1122,1308,1384,1353,487,652,380,532,698,514,327,222,19098,1316,1303,1312,765,501,225,192,622,1099,1003,1102,1167,1340,1437,1311,526,712,434,537,775,623,426,370,686,403,223,223,0,0,0,0,0,0,0,223,0,0,223,0,0,0,0,0,0,0,0,0,0,0,0,0,0,0,0,0,0,0,118,56,0,0,0,0,0,0,0,38,0,0,38,18,0,0,0,0,0,0,62,57,0,0,0,5,0,0,0,0,5,0,62,62,0,0,0,0,0,0,0,0,0,0,0,62,0,0,0,0,0,0,0,0,0,0,0,0,0,0,0,0,0,0,283,0,0,0,0,0,0,0,0,0,0,0,0,0,0,0,0,0,0,0,0,0,0,0,0,0,0,0,0,0,0,0,0,83,26,0,0,0,0,0,0,0,0,0,0,0,26,0,0,0,0,0,0,57,55,0,0,0,2,0,0,0,0,2,0,200,199,0,0,0,0,0,0,0,0,0,0,0,199,0,0,0,0,0,0,1,0,0,0,0,1,0,0,0,0,1,0
"G4800990","2010","TX","3","7","Texas","48","Coryell County","099",,,,,,,,,,,,,,,"28660","99999","999",,,,,,,,,,,,,,,,,"2724838887","12145955","Coryell County","A","+31.3911774","-097.7980223","06","1",,75388,36892,580,686,633,704,751,632,606,657,604,602,579,600,504,542,526,508,483,494,458,534,725,922,891,841,838,883,766,777,682,654,696,615,623,565,516,530,498,562,532,551,475,453,481,463,428,506,455,416,447,402,402,356,373,365,334,334,314,285,314,279,237,246,248,278,162,195,200,203,182,156,140,125,150,138,100,101,93,92,89,70,83,38,52,56,37,37,29,23,24,21,15,9,6,7,7,3,1,0,2,2,3,0,0,38496,627,719,653,650,684,572,569,652,555,567,574,529,550,482,495,486,473,477,426,482,528,599,712,727,802,730,826,742,707,728,744,660,671,580,599,585,561,599,606,639,633,564,573,505,525,544,549,514,527,488,475,465,471,468,387,383,355,332,303,300,277,278,304,298,216,242,227,208,193,194,168,175,170,175,143,130,106,100,114,117,93,91,83,64,68,52,37,45,45,35,27,15,17,12,13,15,7,8,0,2,4,0,0,63944,31184,3354,3101,2751,1480,713,355,441,1598,2886,2365,2117,1773,1783,1546,1379,458,661,375,532,649,434,261,172,32760,3332,2915,2630,1434,795,418,467,1752,2820,2477,2251,1954,1906,1820,1487,509,774,448,566,806,547,371,281,11444,5708,5,2,2,0,0,0,2,0,0,0,0,0,0,0,0,0,0,0,0,0,3,3,0,0,0,0,0,0,0,0,0,0,5637,2949,2921,0,0,2860,61,0,0,0,0,0,0,28,0,0,0,0,0,0,2688,56,2551,2551,0,81,1,6,0,0,74,0,66,62,22,0,0,22,0,0,0,0,0,0,0,40,0,0,0,0,0,0,4,0,0,0,0,4,3,0,0,0,1,0,5736,3,2,2,0,0,1,1,0,0,0,0,0,0,0,0,0,0,0,0,0,1,0,0,0,0,1,1,0,0,0,0,0,5557,5208,5170,0,0,5150,20,0,0,0,0,0,0,38,0,0,0,0,0,0,349,35,271,271,0,43,3,0,0,0,40,0,176,170,49,0,0,49,0,0,0,0,0,0,0,121,0,0,0,0,0,0,6,0,0,0,0,6,2,0,0,0,4,0
"G4801010","2010","TX","3","7","Texas","48","Cottle County","101",,,,,,,,,,,,,,,"99999","99999","999",,,,,,,,,,,,,,,,,"2332448314","2724070","Cottle County","A","+34.0919063","-100.2764416","06","9",,1505,713,7,11,7,8,7,6,9,14,15,16,15,10,8,13,10,8,9,15,13,6,6,3,4,7,5,9,4,8,7,3,8,5,7,1,4,4,6,6,4,5,8,4,10,10,4,9,11,13,12,13,12,15,11,8,8,10,8,5,10,19,15,7,10,8,12,14,11,8,7,9,5,15,7,4,6,8,6,7,7,4,2,3,2,5,1,3,2,3,2,1,1,2,0,1,1,0,0,1,0,0,0,0,0,792,9,8,3,8,10,7,12,15,6,14,8,10,7,10,7,11,7,10,8,6,5,5,4,5,10,3,5,10,6,8,11,7,7,9,7,12,13,1,6,4,8,7,15,5,8,11,12,15,9,14,10,4,11,13,5,15,11,13,11,17,8,10,11,15,10,6,15,9,11,17,13,9,9,10,7,4,12,11,9,8,5,3,9,9,4,1,6,5,6,4,1,0,1,1,2,1,1,1,0,0,0,0,0,1505,713,40,60,56,32,19,6,3,16,31,25,25,36,58,54,52,22,30,25,24,37,32,13,17,792,38,54,42,28,14,5,5,19,32,41,36,43,61,43,67,18,36,21,37,48,44,30,30,0,0,0,0,0,0,0,0,0,0,0,0,0,0,0,0,0,0,0,0,0,0,0,0,0,0,0,0,0,0,0,0,0,0,0,0,0,0,0,0,0,0,0,0,0,0,0,0,0,0,0,0,0,0,0,0,0,0,0,0,0,0,0,0,0,0,0,0,0,0,0,0,0,0,0,0,0,0,0,0,0,0,0,0,0,0,0,0,0,0,0,0,0,0,0,0,0,0,0,0,0,0,0,0,0,0,0,0,0,0,0,0,0,0,0,0,0,0,0,0,0,0,0,0,0,0,0,0,0,0,0,0,0,0,0,0,0,0,0,0,0,0,0,0,0,0,0,0,0,0,0,0,0,0,0,0,0,0,0,0,0,0,0,0,0,0,0,0,0,0,0,0,0,0,0,0,0,0,0,0,0,0,0,0,0,0,0,0,0,0,0,0,0,0,0
"G4801030","2010","TX","3","7","Texas","48","Crane County","103",,,,,,,,,,,,,,,"99999","99999","999",,,,,,,,,,,,,,,,,"2033318846","1696040","Crane County","A","+31.4227965","-102.4877739","06","9",,4375,2145,30,37,33,28,32,41,31,36,34,37,43,38,34,30,35,34,41,37,45,31,23,27,27,22,30,24,24,21,20,32,17,26,31,24,29,24,26,20,31,20,23,39,30,33,28,32,31,37,39,32,41,29,35,27,35,26,25,30,29,23,22,24,21,21,16,13,13,18,11,16,13,14,8,13,11,6,7,8,4,5,7,2,8,9,2,0,6,4,2,2,1,5,0,1,1,1,1,0,0,0,0,0,0,2230,49,33,32,29,32,33,48,24,30,35,43,31,35,40,34,42,49,39,41,24,21,27,23,18,30,29,30,32,26,30,21,16,28,18,24,25,12,27,29,44,26,24,30,37,39,30,43,39,32,35,30,40,25,33,24,34,25,20,27,16,30,16,20,20,21,16,19,16,11,19,12,16,12,11,12,15,9,9,9,12,9,5,7,8,5,8,3,4,7,3,6,4,4,4,1,2,2,0,0,1,0,0,0,4289,2104,160,179,180,112,76,23,27,75,120,123,118,147,168,167,132,45,58,26,44,56,28,22,18,2185,175,170,183,130,65,21,27,70,146,107,137,156,179,152,121,46,60,34,45,60,47,28,26,86,41,0,0,0,0,0,0,0,0,0,0,0,0,0,0,0,0,0,0,0,0,0,0,0,0,0,0,0,0,0,0,0,0,23,23,18,0,0,0,18,0,0,0,0,0,0,5,0,0,0,0,0,0,0,0,0,0,0,0,0,0,0,0,0,0,18,18,0,0,0,0,0,0,0,0,0,0,0,18,0,0,0,0,0,0,0,0,0,0,0,0,0,0,0,0,0,0,45,0,0,0,0,0,0,0,0,0,0,0,0,0,0,0,0,0,0,0,0,0,0,0,0,0,0,0,0,0,0,0,0,4,4,2,0,0,0,2,0,0,0,0,0,0,2,0,0,0,0,0,0,0,0,0,0,0,0,0,0,0,0,0,0,41,41,0,0,0,0,0,0,0,0,0,0,0,41,0,0,0,0,0,0,0,0,0,0,0,0,0,0,0,0,0,0
"G4801050","2010","TX","3","7","Texas","48","Crockett County","105",,,,,,,,,,,,,,,"99999","99999","999",,,,,,,,,,,,,,,,,"7270944161","53329","Crockett County","A","+30.7175316","-101.4042113","06","9",,3719,1831,31,30,28,35,20,30,34,29,28,26,26,23,24,22,24,22,32,29,21,17,15,11,20,17,14,20,18,17,30,31,23,14,21,19,20,16,20,26,26,33,16,25,20,19,33,21,17,27,28,27,29,31,32,28,43,36,31,26,26,24,17,26,20,28,13,19,29,20,13,9,12,11,14,12,13,13,10,10,5,14,8,5,8,2,1,5,4,2,0,1,2,0,1,0,2,0,1,0,0,0,0,0,0,1888,24,28,32,34,35,26,27,28,23,19,20,26,32,28,29,27,36,27,31,16,17,7,16,20,20,16,21,24,24,22,34,21,20,23,26,15,17,29,24,16,19,20,21,24,27,27,30,29,19,26,29,27,35,24,32,35,22,34,21,19,35,18,18,22,16,20,24,19,17,23,14,12,14,10,11,12,9,12,16,11,6,4,9,8,3,7,5,7,7,3,3,3,6,1,0,1,0,1,1,0,0,0,0,3670,1817,144,147,119,83,38,15,11,51,116,97,121,113,120,162,140,42,61,47,42,62,49,21,16,1853,153,123,135,90,47,17,7,56,107,124,101,111,131,146,130,53,55,44,58,59,53,26,27,49,14,0,0,0,0,0,0,0,0,0,0,0,0,0,0,0,0,0,0,0,0,0,0,0,0,0,0,0,0,0,0,0,0,5,5,0,0,0,0,0,0,0,0,0,0,0,5,0,0,0,0,0,0,0,0,0,0,0,0,0,0,0,0,0,0,9,9,0,0,0,0,0,0,0,0,0,0,0,9,0,0,0,0,0,0,0,0,0,0,0,0,0,0,0,0,0,0,35,0,0,0,0,0,0,0,0,0,0,0,0,0,0,0,0,0,0,0,0,0,0,0,0,0,0,0,0,0,0,0,0,3,3,0,0,0,0,0,0,0,0,0,0,0,3,0,0,0,0,0,0,0,0,0,0,0,0,0,0,0,0,0,0,32,32,0,0,0,0,0,0,0,0,0,0,0,32,0,0,0,0,0,0,0,0,0,0,0,0,0,0,0,0,0,0
"G4801070","2010","TX","3","7","Texas","48","Crosby County","107",,,,,,,,,,,,,,,"31180","99999","352",,,,,,,,,,,,,,,,,"2331501397","3873555","Crosby County","A","+33.6091440","-101.2987099","06","1",,6059,2917,57,42,57,47,55,52,47,43,54,42,43,40,47,57,35,48,54,57,42,25,28,40,24,27,23,25,29,27,27,30,34,39,33,35,34,30,25,40,28,39,29,23,40,29,45,33,30,26,39,41,49,31,36,45,45,31,35,38,44,41,27,41,30,26,36,32,28,35,34,22,27,20,17,28,20,26,24,15,20,14,16,9,8,13,8,5,5,7,5,6,7,6,2,4,2,0,0,0,0,0,1,0,0,3142,43,44,47,61,52,35,57,45,42,41,51,46,52,36,50,46,57,65,53,33,35,30,28,30,20,36,32,31,37,30,32,28,48,46,29,31,26,36,36,37,34,35,38,32,32,40,28,43,39,34,54,38,48,42,48,30,50,34,36,36,31,39,48,19,28,45,32,39,27,34,29,31,23,30,22,20,18,22,30,22,19,9,22,13,14,11,11,12,7,15,8,5,4,5,2,4,2,2,1,1,1,0,0,5997,2892,258,238,222,159,67,28,37,74,138,172,160,166,168,206,188,67,92,60,90,109,97,53,43,3105,247,220,235,168,86,35,29,78,166,183,166,171,184,230,186,70,95,77,100,132,109,71,67,62,25,0,0,0,0,0,0,0,0,0,0,0,0,0,0,0,0,0,0,0,0,0,0,0,0,0,0,0,0,0,0,0,0,11,11,8,0,0,0,8,0,0,0,0,0,0,3,0,0,0,0,0,0,0,0,0,0,0,0,0,0,0,0,0,0,14,14,0,0,0,0,0,0,0,0,0,0,0,14,0,0,0,0,0,0,0,0,0,0,0,0,0,0,0,0,0,0,37,0,0,0,0,0,0,0,0,0,0,0,0,0,0,0,0,0,0,0,0,0,0,0,0,0,0,0,0,0,0,0,0,1,1,0,0,0,0,0,0,0,0,0,0,0,1,0,0,0,0,0,0,0,0,0,0,0,0,0,0,0,0,0,0,36,36,0,0,0,0,0,0,0,0,0,0,0,36,0,0,0,0,0,0,0,0,0,0,0,0,0,0,0,0,0,0
"G4801090","2010","TX","3","7","Texas","48","Culberson County","109",,,,,,,,,,,,,,,"99999","99999","999",,,,,,,,,,,,,,,,,"9875100057","556184","Culberson County","A","+31.4459085","-104.5269447","06","9",,2398,1167,10,20,30,16,14,12,20,21,18,24,18,19,21,16,23,18,22,24,13,11,22,15,16,18,8,10,11,10,19,10,14,10,9,16,12,9,7,17,15,15,11,9,16,14,15,18,12,11,22,18,11,17,20,16,16,17,10,13,17,12,15,17,14,8,8,11,22,8,13,10,2,16,5,8,6,9,4,3,10,3,11,8,6,5,5,1,2,8,0,0,1,0,0,0,0,0,0,0,0,0,0,0,0,1231,21,22,14,10,22,20,11,23,13,18,18,14,20,18,18,24,18,17,23,15,16,19,7,10,16,12,6,16,13,16,16,10,18,10,6,15,23,9,17,13,14,18,16,19,18,18,17,16,16,18,16,12,20,17,17,21,15,19,20,17,18,14,15,18,18,13,10,10,7,13,8,6,11,15,9,7,7,5,8,9,2,6,7,2,3,2,1,6,1,2,2,0,1,1,1,0,1,1,0,0,0,0,0,2386,1157,90,95,97,64,24,18,15,41,59,60,62,65,80,79,69,32,30,33,31,37,29,35,12,1229,89,85,88,59,38,16,19,33,63,60,77,85,85,82,92,32,50,23,29,49,36,20,19,12,10,0,0,0,0,0,0,0,0,0,0,0,0,0,0,0,0,0,0,0,0,0,0,0,0,0,0,0,0,0,0,0,0,10,10,10,0,0,0,10,0,0,0,0,0,0,0,0,0,0,0,0,0,0,0,0,0,0,0,0,0,0,0,0,0,0,0,0,0,0,0,0,0,0,0,0,0,0,0,0,0,0,0,0,0,0,0,0,0,0,0,0,0,0,0,0,0,2,0,0,0,0,0,0,0,0,0,0,0,0,0,0,0,0,0,0,0,0,0,0,0,0,0,0,0,0,0,0,0,0,1,0,0,0,0,0,0,0,0,0,0,0,0,0,0,0,0,0,0,0,1,0,0,0,0,1,0,0,0,0,0,1,1,0,0,0,0,0,0,0,0,0,0,0,0,0,0,0,0,0,0,0,1,0,0,0,0,1,0,0,0,0,0,1
"G4801110","2010","TX","3","7","Texas","48","Dallam County","111",,,,,,,,,,,,,,,"99999","99999","999",,,,,,,,,,,,,,,,,"3893423598","5182951","Dallam County","A","+36.2863696","-102.5940204","06","9",,6703,3482,62,68,68,58,70,55,70,67,60,50,52,54,51,51,51,50,47,56,47,47,44,53,48,35,57,59,61,59,56,54,68,39,44,29,44,52,39,59,40,46,48,57,44,41,48,57,45,64,56,36,47,39,43,33,37,37,52,56,36,39,42,34,30,36,18,24,21,17,28,25,19,14,12,15,10,13,12,14,5,6,10,6,2,8,2,4,5,5,3,3,1,0,0,0,1,1,0,1,0,0,0,0,0,3221,60,54,55,63,66,47,52,57,45,51,61,57,42,49,46,51,51,56,45,44,39,31,42,40,57,49,51,48,35,41,38,40,44,41,38,43,60,45,54,48,36,34,53,42,45,42,39,51,50,40,35,44,33,50,30,29,41,35,28,32,37,35,36,26,20,23,24,26,18,20,17,15,19,18,19,3,8,10,9,9,19,16,11,10,9,9,6,2,9,6,1,1,1,0,0,3,0,1,0,0,0,0,0,6664,3450,326,302,259,153,91,43,52,133,286,220,229,234,257,199,219,76,84,45,70,70,50,28,24,3214,298,252,255,158,89,39,31,138,222,199,248,210,222,192,165,72,82,47,64,88,39,65,39,39,32,0,0,0,0,0,0,0,0,0,0,0,0,0,0,0,0,0,0,0,0,0,0,0,0,0,0,0,0,0,0,0,0,32,31,31,0,0,0,31,0,0,0,0,0,0,0,0,0,0,0,0,0,1,0,0,0,0,1,0,0,0,0,0,1,0,0,0,0,0,0,0,0,0,0,0,0,0,0,0,0,0,0,0,0,0,0,0,0,0,0,0,0,0,0,0,0,7,0,0,0,0,0,0,0,0,0,0,0,0,0,0,0,0,0,0,0,0,0,0,0,0,0,0,0,0,0,0,0,0,7,7,7,0,0,0,7,0,0,0,0,0,0,0,0,0,0,0,0,0,0,0,0,0,0,0,0,0,0,0,0,0,0,0,0,0,0,0,0,0,0,0,0,0,0,0,0,0,0,0,0,0,0,0,0,0,0,0,0,0,0,0,0,0
"G4801130","2010","TX","3","7","Texas","48","Dallas County","113",,,,,,,,,,,,,,,"19100","19124","206",,,,,,,,,,,,,,,,,"2256602704","96696353","Dallas County","A","+32.7669866","-096.7784238","06","1",,2368139,1171002,19448,19471,20193,20051,19536,19131,18726,18369,18771,18810,18354,17647,17493,17415,17320,17837,17817,17898,17232,16152,16517,16331,17237,18084,19074,19425,19438,20195,20182,20030,20310,18841,18721,18195,17870,18559,17184,17650,17705,17832,17889,16788,16376,15940,16063,17024,16617,16396,16123,16370,16398,15311,15142,14460,14134,13599,12133,11998,11065,10837,10272,9914,9735,9322,7229,7139,6939,6441,5553,5293,4818,4585,4298,3865,3721,3516,3302,3016,2906,2728,2571,2330,2033,1956,1791,1495,1291,1175,994,800,630,445,357,221,183,145,104,60,45,26,38,3,3,1197137,18634,18723,19118,18928,18736,18335,17971,17646,17922,17830,17705,17152,16768,16814,16735,16785,16999,17175,16156,15142,15309,15361,16477,17939,19252,19335,19352,20226,19687,19961,19918,18368,18429,18290,18268,18325,17551,17479,17744,18107,17869,16164,16198,15684,15880,16556,16350,16667,16403,16469,16413,15714,15540,15247,14549,14210,13287,13041,12467,11977,11566,11054,11124,10585,8315,8441,7928,7647,6757,6503,5991,5624,5269,5027,4897,4925,4493,4359,4117,4077,4020,3713,3356,3143,3077,2910,2598,2268,1976,1762,1377,1126,903,723,552,471,351,257,184,124,188,21,1,2337741,1151612,98603,93755,88101,53140,31787,15561,15687,52724,96897,91981,87334,81483,80834,74098,58767,19922,25965,13919,17090,20992,15162,10341,7469,1186129,94059,89642,85116,50864,29894,14691,14937,53039,97853,92733,88703,81338,82003,77145,64712,22494,29852,16256,20748,26459,21417,16517,15657,30398,19390,688,514,59,0,0,2,57,0,0,455,39,23,393,0,0,0,0,0,0,0,174,9,0,0,0,165,92,2,0,0,4,67,16859,11821,10961,255,1712,3114,5521,345,14,12,3,1,8,842,6,6,0,0,0,0,5038,2568,0,0,0,2470,1160,363,580,0,83,284,1843,1743,88,2,58,2,23,3,0,0,0,0,0,1654,1,1,0,0,0,0,100,0,0,0,0,100,31,9,15,0,14,31,11008,295,121,2,0,0,0,2,0,0,119,37,14,68,0,0,0,0,0,0,0,174,10,0,0,0,164,92,1,8,0,1,62,6611,2768,2060,2,11,1120,777,150,0,17,8,0,9,687,4,4,0,0,0,0,3843,2837,0,0,0,1006,433,201,139,0,75,158,4102,4031,0,0,0,0,0,0,0,0,0,0,0,4031,0,0,0,0,0,0,71,0,0,0,0,71,13,21,14,0,3,20
"G4801150","2010","TX","3","7","Texas","48","Dawson County","115",,,,,,,,,,,,,,,"29500","99999","999",,,,,,,,,,,,,,,,,"2331781493","4720787","Dawson County","A","+32.7419338","-101.9473224","06","2",,13833,7815,113,109,112,111,107,92,105,97,98,93,109,95,90,94,104,99,95,90,100,100,110,148,152,146,205,218,173,180,178,190,150,168,149,123,95,111,126,117,94,106,107,70,83,88,85,101,108,99,99,109,91,92,78,89,73,88,77,77,60,77,56,76,70,55,38,43,55,55,40,42,43,41,40,31,32,43,39,31,45,27,33,25,21,21,21,19,14,11,11,9,10,4,4,4,1,1,1,0,0,0,0,0,0,6018,96,104,101,101,101,89,73,89,82,103,80,86,66,79,91,90,82,96,84,60,65,76,35,84,50,72,86,78,76,74,75,70,61,66,65,60,64,66,55,76,69,72,65,65,55,77,65,74,100,79,76,74,73,95,75,84,59,74,70,72,61,48,65,79,69,66,69,50,64,46,52,51,50,46,67,55,44,46,46,37,36,40,21,26,33,27,20,21,20,18,14,11,4,5,7,7,8,4,1,2,2,0,0,11687,5721,551,480,491,284,154,55,55,192,353,314,300,291,394,370,353,124,158,98,135,184,182,120,83,5966,502,436,402,268,141,65,76,167,386,337,321,326,395,393,358,109,213,135,160,262,221,144,149,2146,2094,7,5,0,0,0,0,0,0,0,4,4,0,0,0,1,0,1,0,0,0,2,0,0,0,0,2,0,0,0,0,2,0,2072,2064,2056,0,0,2056,0,0,0,0,0,0,0,6,2,0,2,0,0,0,8,0,0,0,0,8,0,0,0,0,8,0,15,15,2,0,0,2,0,0,0,0,0,0,0,11,2,0,2,0,0,0,0,0,0,0,0,0,0,0,0,0,0,0,52,1,1,0,0,0,0,0,0,0,0,0,0,0,0,1,0,1,0,0,0,0,0,0,0,0,0,0,0,0,0,0,0,6,5,2,0,0,2,0,0,0,0,0,0,0,0,3,0,3,0,0,0,1,0,0,0,0,1,0,1,0,0,0,0,45,36,0,0,0,0,0,0,0,0,0,0,0,29,7,0,7,0,0,0,9,0,0,0,0,9,0,7,0,0,2,0
"G4801170","2010","TX","3","7","Texas","48","Deaf Smith County","117",,,,,,,,,,,,,,,"25820","99999","999",,,,,,,,,,,,,,,,,"3876869424","3926829","Deaf Smith County","A","+34.9407663","-102.6075637","06","2",,19372,9652,166,171,199,214,183,174,176,165,184,165,173,173,178,151,167,167,184,177,179,127,136,136,149,124,117,138,133,138,120,129,145,127,129,115,126,116,104,110,113,125,129,116,95,124,124,123,115,116,111,116,110,120,129,125,105,109,108,109,102,96,97,101,78,73,46,48,63,72,57,59,52,49,53,46,43,47,40,37,37,35,33,33,25,20,19,13,15,19,12,11,11,5,3,1,4,5,3,1,0,0,1,0,0,9720,183,191,204,168,162,171,187,188,164,181,186,173,163,156,152,147,146,152,161,143,105,117,120,99,140,116,148,119,132,120,145,124,112,142,125,118,98,100,131,116,119,127,105,116,102,134,93,104,114,137,101,101,132,110,117,112,122,97,108,105,98,89,84,73,63,85,81,53,47,65,61,51,55,65,49,41,61,43,44,51,51,46,35,28,30,34,28,25,21,21,16,14,13,9,9,4,5,2,1,3,5,0,0,19001,9479,928,860,840,513,295,133,132,385,641,617,558,575,571,576,512,198,193,109,186,243,193,129,92,9522,903,889,822,444,303,104,115,356,627,629,559,564,573,552,529,184,215,164,163,277,234,171,145,371,173,26,8,1,0,0,0,1,0,0,7,7,0,0,0,0,0,0,0,0,0,18,0,0,0,0,18,0,0,0,0,18,0,127,70,66,0,0,0,66,0,0,0,0,0,0,4,0,0,0,0,0,0,57,0,0,0,0,57,0,0,0,0,57,0,20,17,0,0,0,0,0,0,0,0,0,0,0,17,0,0,0,0,0,0,3,0,0,0,0,3,0,0,0,0,3,0,198,16,1,1,0,0,0,1,0,0,0,0,0,0,0,0,0,0,0,0,0,15,0,0,0,0,15,0,0,0,0,15,0,84,23,11,0,0,0,11,0,0,0,0,0,0,12,0,0,0,0,0,0,61,0,0,0,0,61,0,6,0,0,55,0,98,93,0,0,0,0,0,0,0,0,0,0,0,93,0,0,0,0,0,0,5,0,0,0,0,5,0,0,0,0,5,0
"G4801190","2010","TX","3","7","Texas","48","Delta County","119",,,,,,,,,,,,,,,"19100","19124","206",,,,,,,,,,,,,,,,,"665173912","54666393","Delta County","A","+33.3859329","-095.6733504","06","1",,5231,2563,24,33,22,33,40,25,24,36,35,34,36,26,24,39,44,42,45,41,40,30,35,32,14,33,20,27,33,30,20,14,27,24,22,21,27,23,32,30,25,28,29,31,32,29,31,32,30,30,34,45,36,31,52,45,47,31,37,40,32,32,38,30,43,39,30,34,39,39,34,29,37,28,24,26,20,26,24,17,17,8,13,13,8,8,11,6,5,5,3,4,3,1,1,1,2,0,0,0,1,0,0,0,0,2668,39,32,22,36,28,28,31,32,26,24,34,44,30,27,33,42,40,34,28,22,29,22,23,34,28,24,32,30,20,29,40,18,19,24,22,24,35,20,35,30,33,38,26,34,41,47,34,33,29,34,31,53,36,52,48,28,38,40,34,34,39,48,34,42,42,34,34,40,29,29,46,22,25,25,26,15,17,13,15,13,21,13,16,20,13,14,8,9,10,6,10,8,5,3,4,3,0,1,2,0,1,0,0,5162,2544,152,154,169,128,70,35,32,67,124,121,138,152,171,210,172,68,110,71,99,132,90,50,29,2618,157,141,168,116,50,29,22,85,135,123,144,172,175,219,173,85,115,66,96,138,67,77,65,69,19,0,0,0,0,0,0,0,0,0,0,0,0,0,0,0,0,0,0,0,0,0,0,0,0,0,0,0,0,0,0,0,0,3,3,0,0,0,0,0,0,0,0,0,0,0,3,0,0,0,0,0,0,0,0,0,0,0,0,0,0,0,0,0,0,16,16,0,0,0,0,0,0,0,0,0,0,0,16,0,0,0,0,0,0,0,0,0,0,0,0,0,0,0,0,0,0,50,0,0,0,0,0,0,0,0,0,0,0,0,0,0,0,0,0,0,0,0,0,0,0,0,0,0,0,0,0,0,0,0,9,9,0,0,0,0,0,0,0,0,0,0,0,9,0,0,0,0,0,0,0,0,0,0,0,0,0,0,0,0,0,0,41,41,0,0,0,0,0,0,0,0,0,0,0,41,0,0,0,0,0,0,0,0,0,0,0,0,0,0,0,0,0,0
"G4801210","2010","TX","3","7","Texas","48","Denton County","121",,,,,,,,,,,,,,,"19100","19124","206",,,,,,,,,,,,,,,,,"2275129231","193070701","Denton County","A","+33.2050051","-097.1190460","06","1",,662614,325960,4891,4964,5042,5236,5317,5584,5509,5401,5334,5521,5429,5294,5109,5111,4951,4868,4990,4876,4839,4517,4613,4849,5030,4994,5027,4923,4840,4977,4833,4871,5042,4689,4644,4860,5066,5090,5039,5360,5625,5918,5793,5423,5088,5022,4916,5255,5442,5223,5068,5028,4803,4418,4405,4016,3776,3705,3293,3162,3023,2819,2843,2747,2829,2691,1957,1940,1875,1799,1558,1408,1204,1116,1000,921,874,723,677,637,605,502,475,422,373,349,279,276,235,224,163,117,99,90,78,39,26,19,14,11,6,2,6,0,0,336654,4498,4699,4988,5024,5131,5110,5189,5318,5232,5185,5163,5095,4790,4904,4722,4574,4679,4532,4726,5236,5288,5425,5222,5152,5084,5065,4785,5067,5082,5158,5173,5110,5169,5262,5178,5460,5445,5425,5689,6190,5929,5503,5119,5035,5012,5365,5364,5326,5200,5062,4889,4555,4447,4329,4035,3736,3717,3382,3182,3099,3187,2949,3011,2933,2163,2177,2159,2011,1634,1519,1393,1253,1199,1127,985,998,915,767,733,761,707,639,607,581,600,516,427,425,379,286,260,207,171,116,99,68,44,47,35,23,32,1,0,652270,321437,25441,27329,25867,14522,8014,4118,4557,14611,24137,24116,26882,26060,25859,21243,15885,5550,7437,3793,4741,5076,3087,1829,1283,330833,24332,26027,24653,13626,7632,4558,5023,15009,25022,25804,28149,26513,26218,22169,17033,6107,8050,4307,5123,5882,4040,2914,2642,10344,4523,268,110,13,0,0,0,13,0,0,97,11,40,46,0,0,0,0,0,0,0,158,145,0,0,0,13,0,2,1,0,3,7,3922,1090,990,0,0,0,990,0,0,2,1,0,1,98,0,0,0,0,0,0,2832,2243,0,0,0,589,7,289,103,0,121,69,333,303,5,0,0,0,5,0,0,0,0,0,0,298,0,0,0,0,0,0,30,0,0,0,0,30,0,11,9,0,7,3,5821,195,35,2,0,0,0,2,0,0,31,12,18,1,0,2,0,0,0,0,2,160,145,0,0,0,15,0,2,0,0,0,13,4633,289,169,0,0,0,169,0,0,7,6,0,1,110,3,0,0,0,0,3,4344,3942,0,0,0,402,2,231,35,0,92,42,993,938,0,0,0,0,0,0,0,0,0,0,0,936,2,0,0,2,0,0,55,0,0,0,0,55,0,24,16,0,12,3
"G4801230","2010","TX","3","7","Texas","48","DeWitt County","123",,,,,,,,,,,,,,,"99999","99999","999",,,,,,,,,,,,,,,,,"2354235330","3919957","DeWitt County","A","+29.0823417","-097.3616556","06","9",,20097,10447,118,132,133,140,118,115,141,130,96,148,141,116,136,137,127,141,126,129,140,101,90,105,98,77,93,113,96,124,145,121,113,132,143,150,129,139,121,144,144,155,152,158,145,146,151,185,189,156,171,199,162,197,161,151,156,180,150,157,130,141,140,135,134,126,111,117,93,98,67,93,73,82,71,86,71,68,64,56,64,54,55,50,42,39,39,45,23,26,26,12,15,13,9,1,3,3,5,1,1,1,1,0,0,9650,120,115,117,125,124,115,124,126,99,112,126,113,113,128,123,120,133,136,134,87,85,81,88,99,102,108,88,87,99,102,92,98,89,106,103,87,92,82,108,117,119,117,98,109,124,112,132,130,126,117,156,149,146,159,130,126,142,133,139,132,127,146,123,123,122,138,106,112,99,83,78,87,85,91,86,84,66,98,68,90,77,71,60,56,84,43,50,48,55,42,29,16,29,16,18,9,14,6,6,3,7,0,0,18307,8940,638,627,655,396,236,86,97,255,493,454,470,485,670,660,670,248,336,198,246,366,293,206,155,9367,596,573,598,386,217,85,81,287,480,486,485,562,616,734,671,270,361,241,289,419,380,290,260,1790,1507,8,8,0,0,0,0,0,0,0,8,8,0,0,0,0,0,0,0,0,0,0,0,0,0,0,0,0,0,0,0,0,0,1396,1391,1357,0,0,1304,53,0,0,0,0,0,0,34,0,0,0,0,0,0,5,0,0,0,0,5,0,1,0,0,3,1,103,101,26,0,0,26,0,0,0,0,0,0,0,75,0,0,0,0,0,0,2,0,0,0,0,2,0,2,0,0,0,0,283,16,16,0,0,0,0,0,0,0,16,16,0,0,0,0,0,0,0,0,0,0,0,0,0,0,0,0,0,0,0,0,0,36,32,11,0,0,0,11,0,0,2,2,0,0,19,0,0,0,0,0,0,4,0,0,0,0,4,0,0,0,0,4,0,231,224,0,0,0,0,0,0,0,0,0,0,0,224,0,0,0,0,0,0,7,0,0,0,0,7,0,4,0,0,3,0
"G4801250","2010","TX","3","7","Texas","48","Dickens County","125",,,,,,,,,,,,,,,"99999","99999","999",,,,,,,,,,,,,,,,,"2335454793","9057830","Dickens County","A","+33.6146663","-100.7860953","06","9",,2444,1383,25,10,10,15,11,18,12,18,13,21,7,18,13,17,18,10,19,19,12,24,17,21,24,10,17,19,24,24,25,26,29,29,23,27,18,18,20,22,19,18,24,11,15,17,11,11,19,19,19,23,24,22,14,21,22,26,18,14,16,10,10,12,16,8,12,17,13,11,22,14,11,14,10,14,10,7,10,13,5,9,7,7,6,4,4,9,2,3,3,2,0,1,0,1,0,0,0,0,0,0,0,0,0,1061,15,3,16,12,15,11,14,13,15,15,16,6,11,10,14,10,12,10,13,7,8,5,8,8,6,6,7,7,14,4,14,10,9,9,10,15,12,13,13,10,7,7,9,10,13,12,14,18,13,20,24,14,22,16,23,16,9,18,15,13,21,17,18,19,15,11,21,15,15,18,8,12,17,12,11,5,4,8,10,13,5,5,7,6,7,7,5,3,8,4,2,4,2,2,0,0,3,1,0,1,0,0,0,2129,1070,71,82,73,48,14,5,7,30,41,60,65,43,71,94,80,22,35,30,47,59,44,28,21,1059,61,68,57,32,20,7,5,22,37,52,63,46,77,99,71,38,52,32,48,60,40,30,42,315,313,0,0,0,0,0,0,0,0,0,0,0,0,0,0,0,0,0,0,0,0,0,0,0,0,0,0,0,0,0,0,0,0,313,313,313,309,0,0,4,0,0,0,0,0,0,0,0,0,0,0,0,0,0,0,0,0,0,0,0,0,0,0,0,0,0,0,0,0,0,0,0,0,0,0,0,0,0,0,0,0,0,0,0,0,0,0,0,0,0,0,0,0,0,0,0,0,2,0,0,0,0,0,0,0,0,0,0,0,0,0,0,0,0,0,0,0,0,0,0,0,0,0,0,0,0,0,0,0,0,2,2,2,1,0,0,1,0,0,0,0,0,0,0,0,0,0,0,0,0,0,0,0,0,0,0,0,0,0,0,0,0,0,0,0,0,0,0,0,0,0,0,0,0,0,0,0,0,0,0,0,0,0,0,0,0,0,0,0,0,0,0,0,0
"G4801270","2010","TX","3","7","Texas","48","Dimmit County","127",,,,,,,,,,,,,,,"99999","99999","999",,,,,,,,,,,,,,,,,"3441794213","14576915","Dimmit County","A","+28.4235871","-099.7658713","06","9",,9996,4839,74,82,73,82,89,86,86,74,88,88,76,82,73,71,79,93,98,96,81,51,64,67,82,52,54,51,61,45,45,45,55,47,38,55,55,63,48,41,49,62,69,53,50,53,60,63,69,59,79,63,70,59,62,66,61,64,55,64,61,61,43,60,58,64,52,46,47,34,34,35,28,31,27,34,23,28,30,30,23,22,19,17,13,13,16,10,21,8,8,10,5,4,2,0,0,0,0,0,2,0,0,0,0,5157,84,78,73,90,94,87,88,72,71,94,74,87,87,92,83,81,90,86,87,48,59,54,62,48,61,40,47,60,61,50,63,41,47,66,74,56,63,41,60,54,76,52,65,67,62,67,58,52,54,76,59,51,66,64,65,62,66,68,69,59,79,93,53,71,51,53,36,51,45,44,35,38,37,26,33,36,37,25,30,33,23,32,16,17,22,18,27,14,12,16,13,1,9,8,4,3,2,0,1,0,2,0,0,9892,4777,400,418,381,286,131,63,65,183,238,248,262,281,328,316,301,102,174,92,103,140,130,71,64,5115,417,411,421,257,133,58,54,170,257,291,274,321,306,305,324,172,175,87,138,168,158,108,110,104,62,5,5,1,0,0,0,1,0,0,4,0,0,4,0,0,0,0,0,0,0,0,0,0,0,0,0,0,0,0,0,0,0,37,33,26,0,0,0,26,0,0,0,0,0,0,7,0,0,0,0,0,0,4,0,0,0,0,4,0,0,0,0,0,4,20,20,0,0,0,0,0,0,0,0,0,0,0,20,0,0,0,0,0,0,0,0,0,0,0,0,0,0,0,0,0,0,42,5,5,0,0,0,0,0,0,0,5,0,0,5,0,0,0,0,0,0,0,0,0,0,0,0,0,0,0,0,0,0,0,7,5,2,0,0,0,2,0,0,3,0,0,3,0,0,0,0,0,0,0,2,0,0,0,0,2,0,0,0,0,0,2,30,28,0,0,0,0,0,0,0,0,0,0,0,28,0,0,0,0,0,0,2,0,0,0,0,2,0,0,0,0,0,2
"G4801290","2010","TX","3","7","Texas","48","Donley County","129",,,,,,,,,,,,,,,"99999","99999","999",,,,,,,,,,,,,,,,,"2400623352","15954077","Donley County","A","+34.9550364","-100.8158457","06","9",,3677,1825,17,25,22,21,22,12,19,20,17,23,18,26,21,21,18,31,33,24,44,79,62,15,22,10,17,17,22,19,28,15,22,18,17,14,13,19,11,14,18,23,20,18,16,16,17,20,21,31,27,25,22,23,17,23,30,32,22,22,22,24,27,32,14,25,16,19,24,21,14,25,26,17,14,21,16,21,13,13,15,10,21,12,12,9,4,3,2,6,4,4,2,1,1,0,0,1,0,1,0,2,0,0,0,1852,20,31,13,17,15,15,27,18,16,18,14,24,16,25,17,26,27,29,48,64,41,20,19,9,12,22,16,16,27,14,21,13,13,17,17,14,18,16,16,20,17,16,16,18,29,14,29,27,26,23,28,25,25,22,30,23,22,21,19,27,24,27,32,22,25,18,31,22,23,20,23,17,20,25,19,20,15,14,14,19,14,18,11,19,10,7,4,7,4,9,5,5,3,4,0,1,2,0,0,0,1,0,0,3437,1694,107,91,104,87,44,28,10,42,100,84,82,87,123,115,122,59,55,43,60,94,72,58,27,1743,96,94,96,81,42,16,19,37,93,81,83,96,118,130,112,51,79,49,65,104,82,72,47,240,131,1,0,0,0,0,0,0,0,0,0,0,0,0,0,0,0,0,0,0,0,1,1,0,0,0,0,0,0,0,0,0,0,130,5,5,0,0,0,5,0,0,0,0,0,0,0,0,0,0,0,0,0,125,125,0,0,0,0,0,0,0,0,0,0,0,0,0,0,0,0,0,0,0,0,0,0,0,0,0,0,0,0,0,0,0,0,0,0,0,0,0,0,0,0,0,0,109,1,0,0,0,0,0,0,0,0,0,0,0,0,0,0,0,0,0,0,0,1,1,0,0,0,0,0,0,0,0,0,0,103,4,4,0,0,0,4,0,0,0,0,0,0,0,0,0,0,0,0,0,99,99,0,0,0,0,0,0,0,0,0,0,5,0,0,0,0,0,0,0,0,0,0,0,0,0,0,0,0,0,0,0,5,0,0,0,0,5,0,0,0,0,5,0
"G4801310","2010","TX","3","7","Texas","48","Duval County","131",,,,,,,,,,,,,,,"99999","99999","999",,,,,,,,,,,,,,,,,"4645094317","5478267","Duval County","A","+27.6811232","-098.4973933","06","9",,11782,6077,83,100,75,92,60,110,87,105,78,71,91,69,78,76,84,94,105,99,88,98,91,104,90,98,75,78,83,75,85,72,78,61,68,85,71,61,68,68,92,65,67,69,82,80,74,88,84,86,97,119,88,86,90,81,69,70,71,82,78,55,53,68,65,69,60,77,63,59,46,45,43,52,28,36,43,37,26,37,35,43,17,27,26,24,14,7,9,9,3,13,4,4,1,1,3,0,0,2,0,0,1,0,0,5705,93,82,99,72,88,86,71,65,71,73,111,75,86,90,96,88,96,76,96,86,63,63,62,63,71,56,65,59,49,70,68,55,64,66,57,59,80,66,47,76,51,70,60,59,73,69,66,86,81,80,86,66,74,72,61,74,63,53,43,71,72,65,62,56,77,79,68,52,51,56,45,66,40,42,55,44,35,47,43,41,32,39,32,27,19,24,19,30,10,16,7,10,3,11,3,3,1,0,1,2,3,0,0,11204,5537,410,451,398,298,155,69,81,173,293,310,307,323,423,384,343,119,192,137,149,200,171,102,49,5667,434,366,458,260,182,63,63,194,299,310,328,311,381,359,302,137,194,147,158,243,207,141,130,578,540,0,0,0,0,0,0,0,0,0,0,0,0,0,0,0,0,0,0,0,0,0,0,0,0,0,0,0,0,0,0,0,0,513,511,509,0,0,509,0,0,0,0,0,0,0,2,0,0,0,0,0,0,2,0,0,0,0,2,2,0,0,0,0,0,27,27,3,0,0,3,0,0,0,0,0,0,0,24,0,0,0,0,0,0,0,0,0,0,0,0,0,0,0,0,0,0,38,0,0,0,0,0,0,0,0,0,0,0,0,0,0,0,0,0,0,0,0,0,0,0,0,0,0,0,0,0,0,0,0,8,8,2,0,0,2,0,0,0,0,0,0,0,6,0,0,0,0,0,0,0,0,0,0,0,0,0,0,0,0,0,0,30,30,0,0,0,0,0,0,0,0,0,0,0,30,0,0,0,0,0,0,0,0,0,0,0,0,0,0,0,0,0,0
"G4801330","2010","TX","3","7","Texas","48","Eastland County","133",,,,,,,,,,,,,,,"99999","99999","999",,,,,,,,,,,,,,,,,"2399599329","14047789","Eastland County","A","+32.3246454","-098.8365596","06","9",,18583,9071,115,109,113,98,112,100,109,140,115,121,118,127,90,128,120,114,127,142,168,280,169,118,92,95,87,96,81,104,109,100,94,102,73,100,98,94,84,61,98,78,98,94,78,83,102,114,107,138,144,131,131,143,152,131,128,127,111,123,133,124,120,100,134,128,98,112,115,107,100,78,99,97,86,75,70,74,66,69,60,55,43,52,34,44,42,38,23,12,21,12,10,5,4,9,3,1,3,0,1,0,0,0,0,9512,102,105,115,108,137,116,125,113,107,93,102,117,109,121,133,125,125,111,167,193,135,94,85,79,104,117,75,120,92,99,113,91,87,79,96,82,72,94,89,95,92,93,96,109,97,110,127,123,141,123,143,173,147,130,131,121,100,112,135,133,135,115,157,162,116,113,100,139,110,105,104,107,86,97,84,89,70,77,78,67,73,59,68,41,54,55,58,42,43,38,22,18,17,13,10,14,3,5,2,5,3,0,0,17698,8570,547,585,583,358,229,91,79,252,474,453,407,447,629,678,614,220,357,227,282,420,311,204,123,9128,567,554,582,359,213,93,84,261,494,459,428,479,620,720,598,246,432,212,348,467,368,268,276,885,501,25,23,1,0,0,0,1,0,0,22,0,0,22,0,0,0,0,0,0,0,2,1,0,0,0,1,0,1,0,0,0,0,423,48,39,0,0,0,39,0,0,2,0,0,2,7,0,0,0,0,0,0,375,341,0,0,0,34,0,34,0,0,0,0,53,47,0,0,0,0,0,0,0,0,0,0,0,47,0,0,0,0,0,0,6,0,0,0,0,6,0,6,0,0,0,0,384,2,0,0,0,0,0,0,0,0,0,0,0,0,0,0,0,0,0,0,0,2,2,0,0,0,0,0,0,0,0,0,0,252,22,11,0,0,0,11,0,0,0,0,0,0,11,0,0,0,0,0,0,230,200,0,0,0,30,0,30,0,0,0,0,130,125,0,0,0,0,0,0,0,0,0,0,0,125,0,0,0,0,0,0,5,0,0,0,0,5,0,5,0,0,0,0
"G4801350","2010","TX","3","7","Texas","48","Ector County","135",,,,,,,,,,,,,,,"36220","99999","372",,,,,,,,,,,,,,,,,"2324999033","10597635","Ector County","A","+31.8653008","-102.5425068","06","1",,137130,67686,1299,1235,1242,1237,1151,1189,1187,1169,1119,1096,1108,1118,1087,1050,991,960,1024,1073,1133,1060,1100,1118,1002,1119,1126,1042,1060,1177,1066,1035,1026,893,874,877,896,869,760,802,831,906,828,747,786,753,788,871,812,891,910,920,924,893,888,922,893,847,791,814,723,660,722,619,569,575,459,476,465,366,346,342,316,329,321,328,261,252,228,221,224,195,187,176,144,175,120,104,89,78,76,51,39,17,12,8,12,4,6,2,0,0,4,0,0,69444,1203,1234,1210,1179,1085,1124,1129,1164,1062,1017,1029,1003,1025,982,963,952,996,1116,1135,1130,1092,1084,1051,1125,1097,1108,1028,1110,1023,1006,970,892,885,896,850,857,860,813,898,867,795,829,813,770,823,868,905,949,909,960,936,966,933,921,930,847,815,767,761,682,696,623,631,586,499,460,480,499,436,425,359,379,382,319,365,374,337,318,284,302,302,275,247,255,212,177,164,126,114,79,56,81,48,30,22,24,17,9,11,7,5,0,0,134955,66356,6163,5759,5345,3025,2039,1001,1039,3087,5217,4454,4075,3804,4327,4451,3800,1329,1590,927,1045,1542,1096,772,469,68599,5911,5493,5001,3052,2087,1025,1030,3211,5235,4451,4267,4001,4568,4672,3858,1308,1709,935,1352,1781,1579,1224,849,2175,1330,43,41,4,0,0,0,4,0,0,37,0,0,37,0,0,0,0,0,0,0,2,0,0,0,0,2,2,0,0,0,0,0,1164,677,645,201,0,0,435,9,0,0,0,0,0,31,1,0,0,1,0,0,487,334,0,0,0,153,33,18,74,0,8,20,123,116,4,0,0,0,4,0,0,0,0,0,0,112,0,0,0,0,0,0,7,0,0,0,0,7,1,0,0,0,6,0,845,16,10,6,0,0,0,6,0,0,4,0,0,4,0,0,0,0,0,0,0,6,3,0,0,0,3,3,0,0,0,0,0,569,181,147,35,0,0,84,28,0,0,0,0,0,34,0,0,0,0,0,0,388,351,0,0,0,37,18,11,7,0,0,1,260,260,0,0,0,0,0,0,0,0,0,0,0,260,0,0,0,0,0,0,0,0,0,0,0,0,0,0,0,0,0,0
"G4801370","2010","TX","3","7","Texas","48","Edwards County","137",,,,,,,,,,,,,,,"99999","99999","999",,,,,,,,,,,,,,,,,"5485225839","5199824","Edwards County","A","+29.9858774","-100.3073732","06","9",,2002,1021,11,11,7,13,16,17,15,11,22,15,5,11,8,9,19,10,11,15,17,10,12,10,5,10,15,4,8,14,9,6,11,6,11,7,5,4,9,6,8,14,10,14,8,3,12,9,26,11,13,12,16,15,15,12,13,16,15,26,15,26,10,12,34,19,15,18,19,15,22,8,12,17,9,9,7,9,7,7,6,7,12,4,5,4,5,1,3,4,2,0,2,0,0,0,2,1,0,0,0,0,0,0,0,981,13,15,8,7,13,11,7,16,9,7,11,7,9,8,14,11,10,15,13,11,11,4,6,9,14,12,12,4,7,10,12,11,8,4,8,7,9,13,15,5,13,9,12,13,9,17,16,19,17,11,16,10,13,20,14,16,18,19,19,16,20,12,10,15,11,19,18,12,16,18,10,11,7,8,8,9,5,14,10,7,6,7,5,2,1,9,7,1,1,2,2,0,0,5,0,0,0,0,0,0,0,0,0,1997,1016,58,80,52,36,27,12,10,29,40,40,39,46,71,71,98,22,68,37,45,54,36,30,15,981,56,50,49,36,24,11,4,29,45,43,49,56,80,73,88,32,36,37,46,44,45,21,27,5,5,0,0,0,0,0,0,0,0,0,0,0,0,0,0,0,0,0,0,0,0,0,0,0,0,0,0,0,0,0,0,0,0,5,5,5,0,0,0,5,0,0,0,0,0,0,0,0,0,0,0,0,0,0,0,0,0,0,0,0,0,0,0,0,0,0,0,0,0,0,0,0,0,0,0,0,0,0,0,0,0,0,0,0,0,0,0,0,0,0,0,0,0,0,0,0,0,0,0,0,0,0,0,0,0,0,0,0,0,0,0,0,0,0,0,0,0,0,0,0,0,0,0,0,0,0,0,0,0,0,0,0,0,0,0,0,0,0,0,0,0,0,0,0,0,0,0,0,0,0,0,0,0,0,0,0,0,0,0,0,0,0,0,0,0,0,0,0,0,0,0,0,0,0,0,0,0,0,0,0,0,0,0,0,0,0,0,0,0,0,0,0,0,0
"G4801390","2010","TX","3","7","Texas","48","Ellis County","139",,,,,,,,,,,,,,,"19100","19124","206",,,,,,,,,,,,,,,,,"2422900216","42114894","Ellis County","A","+32.3472789","-096.7983357","06","1",,149610,73870,1077,1092,1155,1170,1175,1172,1140,1249,1290,1235,1321,1300,1333,1323,1387,1292,1322,1285,1188,1014,981,973,896,846,888,819,846,874,831,915,909,877,897,902,953,954,869,982,998,1202,1072,1026,1049,1036,1044,1106,1112,1114,1123,1110,1139,1031,1102,1077,1097,1015,951,851,834,804,801,753,770,760,556,595,586,538,472,456,403,377,345,294,284,268,236,182,195,207,194,151,145,117,113,92,80,67,62,34,33,20,18,6,8,5,9,8,4,0,1,0,0,75740,978,990,1053,1086,1163,1140,1136,1181,1192,1172,1187,1196,1205,1254,1267,1283,1246,1268,1117,1020,920,844,814,893,882,926,924,891,989,980,900,927,923,1010,1009,1031,1080,1020,1101,1148,1154,1020,1023,1072,1087,1092,1099,1109,1230,1185,1214,1063,1143,1048,997,1012,982,910,864,886,811,810,825,822,596,605,581,554,497,451,470,403,388,346,335,338,306,298,288,287,274,204,223,221,209,152,151,128,133,106,101,63,67,51,30,26,15,19,9,9,2,0,0,148000,73105,5650,6076,6634,3878,2108,920,911,2548,4223,4498,4975,5201,5528,5417,4434,1548,2074,1174,1458,1684,1070,695,401,74895,5243,5809,6083,3756,2050,868,810,2551,4694,4757,5370,5346,5710,5446,4635,1615,2236,1177,1486,1917,1450,1032,854,1610,765,80,74,3,0,0,0,3,0,0,71,71,0,0,0,0,0,0,0,0,0,6,0,0,0,0,6,5,0,0,0,1,0,562,310,261,0,0,0,261,0,0,5,5,0,0,44,0,0,0,0,0,0,252,219,0,0,0,33,4,17,2,0,10,0,123,123,2,0,0,0,2,0,0,0,0,0,0,121,0,0,0,0,0,0,0,0,0,0,0,0,0,0,0,0,0,0,845,106,95,0,0,0,0,0,0,0,95,95,0,0,0,0,0,0,0,0,0,11,0,0,0,0,11,5,0,0,0,6,0,315,81,40,0,0,0,40,0,0,6,6,0,0,35,0,0,0,0,0,0,234,194,0,0,0,40,5,22,0,0,13,0,424,415,0,0,0,0,0,0,0,0,0,0,0,415,0,0,0,0,0,0,9,0,0,0,0,9,1,0,6,0,2,0
"G4801410","2010","TX","3","7","Texas","48","El Paso County","141",,,,,,,,,,,,,,,"21340","99999","999",,,,,,,,,,,,,,,,,"2622862905","5871209","El Paso County","A","+31.7664034","-106.2413905","06","1",,800647,387876,6431,6479,6573,6706,6708,6616,6601,6798,6519,7008,6815,6898,6754,6936,7268,7185,7151,7259,7008,7022,6836,6580,6447,6139,6268,6127,5746,5428,5512,5396,5055,4511,4818,4811,4842,5061,5020,5183,5140,5088,5144,4836,4795,4638,4850,4929,4855,4876,4930,4894,5027,4687,4741,4424,4421,4192,3990,3796,3668,3575,3398,3248,3312,3157,2536,2439,2277,2253,2018,1833,1887,1745,1747,1609,1588,1451,1363,1287,1329,1240,1147,1112,977,852,703,669,560,502,412,316,253,192,128,98,75,56,32,26,15,11,9,1,2,412771,6183,6332,6477,6295,6437,6525,6467,6494,6408,6664,6496,6649,6619,6676,6771,6819,6903,6893,6673,6541,6334,5923,5844,5851,5964,5897,5593,5674,5677,5473,5384,5047,5094,5251,5376,5503,5576,5878,5762,5563,5640,5233,5263,5287,5326,5556,5374,5463,5595,5578,5581,5330,5311,5137,5149,4873,4672,4503,4074,4060,3894,3793,3673,3470,2941,2916,2823,2749,2560,2520,2428,2333,2216,2160,2134,2028,1970,1861,1817,1819,1876,1536,1547,1362,1247,1045,946,793,706,581,481,341,289,226,182,159,134,75,53,45,47,3,1,784855,374966,32827,33478,34613,21451,12984,5907,5654,16745,26298,22803,24472,23382,23782,22753,18801,6543,8871,4673,6041,8480,6573,4653,3182,409889,31662,32513,33154,20552,13010,6188,5812,17365,28045,25986,28144,26619,27457,26435,22123,7663,10044,5725,7805,11199,9361,7346,5681,15792,12910,336,129,18,0,1,1,13,3,0,111,34,0,77,0,0,0,0,0,0,0,207,37,0,0,0,170,102,0,0,0,10,58,11962,6041,5895,638,1876,1155,1680,546,0,4,4,0,0,136,6,0,6,0,0,0,5921,228,5097,5097,0,596,420,62,29,0,45,40,612,538,77,7,43,7,11,9,0,0,0,0,0,453,8,0,8,0,0,0,74,0,0,0,0,74,39,16,6,0,4,9,2882,227,64,1,0,0,0,1,0,0,63,32,0,31,0,0,0,0,0,0,0,163,9,5,5,0,149,91,1,0,0,3,54,1763,599,510,210,8,60,210,22,0,3,3,0,0,86,0,0,0,0,0,0,1164,217,581,581,0,366,206,31,46,0,10,73,892,817,2,0,0,2,0,0,0,0,0,0,0,807,8,0,8,0,0,0,75,0,0,0,0,75,15,15,5,0,13,27
"G4801430","2010","TX","3","7","Texas","48","Erath County","143",,,,,,,,,,,,,,,"44500","99999","999",,,,,,,,,,,,,,,,,"2805141510","17445041","Erath County","A","+32.2381358","-098.2223769","06","2",,37890,18605,255,247,257,244,245,248,255,242,214,220,232,244,214,218,227,227,266,233,378,588,548,564,546,480,397,386,251,261,286,236,228,170,225,214,192,211,191,185,193,209,225,197,218,184,179,241,223,244,249,228,250,227,217,247,213,237,203,179,195,186,197,189,206,186,149,163,171,146,126,139,117,101,108,84,102,89,65,80,80,71,56,55,57,46,47,36,41,25,19,21,17,11,13,7,6,4,1,1,1,2,1,0,0,19285,226,242,220,229,232,210,239,256,210,249,219,217,192,234,237,235,254,259,430,771,714,663,571,429,289,280,251,259,238,201,246,202,177,197,197,195,194,199,214,225,228,206,205,177,210,223,230,232,257,244,216,233,222,225,228,173,209,246,200,200,206,181,197,207,158,164,159,148,136,133,115,107,121,108,110,104,117,107,97,98,80,100,69,72,77,75,57,51,61,25,34,28,32,16,22,13,18,9,3,0,4,0,0,36002,17768,1246,1178,1115,714,572,441,506,1360,1391,1020,977,983,1164,1141,989,384,538,332,404,503,378,248,184,18234,1148,1160,1087,731,682,584,610,1250,1215,1009,1015,1014,1175,1113,1012,386,557,315,407,548,504,356,356,1888,837,35,34,0,0,0,0,0,0,0,34,34,0,0,0,0,0,0,0,0,0,1,0,0,0,0,1,0,1,0,0,0,0,742,61,43,0,0,0,43,0,0,3,3,0,0,15,0,0,0,0,0,0,681,615,0,0,0,66,0,55,0,0,11,0,60,58,0,0,0,0,0,0,0,0,0,0,0,58,0,0,0,0,0,0,2,0,0,0,0,2,0,2,0,0,0,0,1051,34,27,0,0,0,0,0,0,0,27,27,0,0,0,0,0,0,0,0,0,7,5,0,0,0,2,0,2,0,0,0,0,833,29,5,0,0,0,5,0,0,4,4,0,0,20,0,0,0,0,0,0,804,746,0,0,0,58,0,47,0,0,11,0,184,182,0,0,0,0,0,0,0,0,0,0,0,182,0,0,0,0,0,0,2,0,0,0,0,2,0,2,0,0,0,0
"G4801450","2010","TX","3","7","Texas","48","Falls County","145",,,,,,,,,,,,,,,"99999","99999","999",,,,,,,,,,,,,,,,,"1982590781","21648086","Falls County","A","+31.2519298","-096.9341275","06","9",,17866,8494,110,103,104,121,112,107,130,104,112,105,121,98,120,111,119,119,107,131,125,132,132,126,127,122,124,122,94,95,101,108,106,120,64,93,77,79,79,96,83,113,106,95,100,109,127,119,133,115,119,117,137,102,138,116,128,127,135,119,96,124,108,109,92,92,88,73,88,91,70,81,68,73,58,67,62,51,51,58,52,36,40,27,45,27,38,21,21,22,15,18,12,5,8,2,6,1,0,0,1,0,3,0,0,9372,109,84,113,94,119,93,100,96,94,106,103,106,90,101,99,105,108,123,104,97,105,110,104,132,123,133,119,134,134,151,136,134,133,125,125,138,114,129,131,141,130,119,138,156,145,158,152,165,145,132,140,127,143,133,124,123,119,113,125,105,110,104,107,97,83,103,82,75,94,96,60,83,70,67,59,61,74,59,58,72,60,36,49,36,37,46,34,35,30,19,27,11,11,14,8,8,3,2,2,2,1,0,0,15798,7849,550,558,569,356,232,97,103,280,392,360,384,479,570,595,583,216,263,161,240,324,240,172,125,7949,519,489,499,336,196,87,94,254,435,388,421,494,599,600,551,205,275,182,264,328,315,206,212,2068,645,1,1,1,0,0,0,1,0,0,0,0,0,0,0,0,0,0,0,0,0,0,0,0,0,0,0,0,0,0,0,0,0,615,604,590,0,0,2,588,0,0,0,0,0,0,14,0,0,0,0,0,0,11,0,0,0,0,11,0,11,0,0,0,0,29,29,0,0,0,0,0,0,0,0,0,0,0,29,0,0,0,0,0,0,0,0,0,0,0,0,0,0,0,0,0,0,1423,0,0,0,0,0,0,0,0,0,0,0,0,0,0,0,0,0,0,0,0,0,0,0,0,0,0,0,0,0,0,0,0,1346,1342,1326,0,0,1318,8,0,0,0,0,0,0,16,0,0,0,0,0,0,4,0,0,0,0,4,0,4,0,0,0,0,77,77,4,0,0,4,0,0,0,0,0,0,0,73,0,0,0,0,0,0,0,0,0,0,0,0,0,0,0,0,0,0
"G4801470","2010","TX","3","7","Texas","48","Fannin County","147",,,,,,,,,,,,,,,"14300","99999","206",,,,,,,,,,,,,,,,,"2307256396","20841602","Fannin County","A","+33.5911611","-096.1049882","06","2",,33915,17988,194,211,178,226,208,226,218,212,203,211,240,192,218,207,213,227,236,247,262,223,248,223,223,239,241,235,229,279,250,271,244,235,234,234,212,229,236,231,220,244,270,208,209,266,257,257,310,254,282,264,289,270,253,250,298,245,238,245,214,202,220,232,215,258,181,178,196,179,181,150,141,137,158,107,129,132,106,106,91,77,73,71,58,66,65,48,38,44,40,36,26,15,15,12,8,1,1,5,2,0,0,0,0,15927,179,195,187,190,213,208,202,206,195,201,215,188,224,208,198,209,226,192,212,161,172,165,138,128,166,155,161,178,152,181,172,183,163,171,159,150,194,176,182,192,230,199,201,194,233,202,244,251,240,247,264,248,244,239,213,193,211,207,220,202,217,244,207,192,165,219,184,186,180,146,167,144,149,122,134,119,127,124,94,102,92,87,78,67,64,73,65,48,59,45,41,33,28,31,20,8,11,4,11,6,4,1,0,30770,15123,1017,1070,1070,710,417,177,129,428,788,763,852,930,1139,1166,1049,417,612,354,486,642,457,267,183,15647,964,1012,1033,627,371,171,164,428,815,839,885,1055,1176,1199,1026,453,558,401,500,701,539,345,385,3145,2865,0,0,0,0,0,0,0,0,0,0,0,0,0,0,0,0,0,0,0,0,0,0,0,0,0,0,0,0,0,0,0,0,2562,2396,2326,0,0,2019,307,0,0,0,0,0,0,70,0,0,0,0,0,0,166,0,0,0,0,166,0,12,154,0,0,0,303,288,13,0,0,11,2,0,0,0,0,0,0,275,0,0,0,0,0,0,15,0,0,0,0,15,0,0,15,0,0,0,280,0,0,0,0,0,0,0,0,0,0,0,0,0,0,0,0,0,0,0,0,0,0,0,0,0,0,0,0,0,0,0,0,78,66,37,0,0,0,37,0,0,0,0,0,0,29,0,0,0,0,0,0,12,0,0,0,0,12,0,2,10,0,0,0,202,202,0,0,0,0,0,0,0,0,0,0,0,202,0,0,0,0,0,0,0,0,0,0,0,0,0,0,0,0,0,0
"G4801490","2010","TX","3","7","Texas","48","Fayette County","149",,,,,,,,,,,,,,,"99999","99999","999",,,,,,,,,,,,,,,,,"2460509670","25381852","Fayette County","A","+29.8778861","-096.9212309","06","9",,24554,12081,148,139,145,136,131,162,130,160,126,159,142,128,176,166,202,157,159,160,181,111,101,111,79,108,108,113,105,118,123,114,129,111,122,105,137,133,113,131,131,124,128,116,128,123,158,155,176,179,189,212,194,183,189,185,215,214,204,180,186,193,175,183,184,180,151,165,148,153,173,113,135,135,133,126,106,89,81,76,87,65,79,77,62,58,39,44,40,36,40,23,27,19,12,15,6,0,1,3,0,0,1,0,0,12473,119,147,127,140,145,128,139,155,148,146,149,162,143,156,159,181,147,172,130,95,94,116,98,103,100,116,115,121,116,129,113,115,112,112,112,114,99,142,97,129,124,130,159,108,150,190,171,197,206,189,185,196,191,179,204,213,220,211,175,163,182,191,148,198,150,147,189,155,117,141,130,136,120,115,104,110,103,102,98,96,99,96,81,69,103,70,76,54,68,53,50,42,44,34,23,21,24,9,5,7,10,1,0,24099,11927,699,732,813,475,291,98,110,292,561,598,631,647,905,961,966,355,509,309,433,625,389,300,228,12172,678,716,769,497,224,92,115,301,590,562,579,670,947,952,972,367,492,334,408,587,488,405,427,455,154,7,7,0,0,0,0,0,0,0,7,0,7,0,0,0,0,0,0,0,0,0,0,0,0,0,0,0,0,0,0,0,0,64,42,19,0,0,0,19,0,0,1,0,1,0,22,0,0,0,0,0,0,22,0,0,0,0,22,0,21,1,0,0,0,83,70,0,0,0,0,0,0,0,0,0,0,0,70,0,0,0,0,0,0,13,0,0,0,0,13,0,13,0,0,0,0,301,3,3,0,0,0,0,0,0,0,3,0,3,0,0,0,0,0,0,0,0,0,0,0,0,0,0,0,0,0,0,0,0,45,32,1,0,0,0,1,0,0,2,0,2,0,29,0,0,0,0,0,0,13,0,0,0,0,13,0,8,5,0,0,0,253,253,0,0,0,0,0,0,0,0,0,0,0,253,0,0,0,0,0,0,0,0,0,0,0,0,0,0,0,0,0,0
"G4801510","2010","TX","3","7","Texas","48","Fisher County","151",,,,,,,,,,,,,,,"99999","99999","999",,,,,,,,,,,,,,,,,"2328245716","7284133","Fisher County","A","+32.7404728","-100.4031198","06","9",,3974,1958,21,17,26,21,23,21,27,18,29,17,20,26,25,26,29,31,44,34,27,23,22,17,22,17,13,15,17,20,13,17,15,13,16,23,22,11,18,28,28,26,27,18,19,23,19,29,30,31,28,31,41,34,26,22,37,38,27,28,27,25,28,21,25,35,25,22,27,15,17,21,16,24,20,24,25,23,19,18,8,17,14,6,9,15,7,6,6,5,4,2,6,3,1,4,1,0,0,1,0,0,0,0,0,2016,21,23,15,28,25,21,17,23,24,23,29,14,30,21,17,36,33,43,28,18,13,13,18,12,14,20,21,22,18,25,8,12,20,11,15,22,22,22,23,37,23,24,22,20,24,19,25,29,32,22,30,24,31,33,31,25,34,23,30,26,32,28,32,19,23,19,21,26,28,24,34,27,21,24,20,21,17,14,18,18,23,24,22,15,14,10,8,10,6,8,6,4,2,3,5,2,1,1,2,0,0,0,0,3952,1947,108,112,126,108,49,22,17,52,79,88,109,106,149,158,144,49,85,49,53,109,85,51,39,2005,112,108,111,112,42,13,13,43,106,65,126,112,127,149,136,60,74,38,78,126,88,98,68,22,11,1,0,0,0,0,0,0,0,0,0,0,0,0,0,0,0,0,0,0,0,1,0,0,0,0,1,0,1,0,0,0,0,10,10,10,0,0,0,10,0,0,0,0,0,0,0,0,0,0,0,0,0,0,0,0,0,0,0,0,0,0,0,0,0,0,0,0,0,0,0,0,0,0,0,0,0,0,0,0,0,0,0,0,0,0,0,0,0,0,0,0,0,0,0,0,0,11,0,0,0,0,0,0,0,0,0,0,0,0,0,0,0,0,0,0,0,0,0,0,0,0,0,0,0,0,0,0,0,0,9,0,0,0,0,0,0,0,0,0,0,0,0,0,0,0,0,0,0,0,9,0,0,0,0,9,0,9,0,0,0,0,2,0,0,0,0,0,0,0,0,0,0,0,0,0,0,0,0,0,0,0,2,0,0,0,0,2,0,2,0,0,0,0
"G4801530","2010","TX","3","7","Texas","48","Floyd County","153",,,,,,,,,,,,,,,"99999","99999","999",,,,,,,,,,,,,,,,,"2569637321","983740","Floyd County","A","+34.0737305","-101.3032742","06","9",,6446,3176,52,40,56,53,61,51,45,58,50,53,62,56,65,49,53,58,51,68,48,30,24,27,36,26,32,36,23,35,37,28,37,29,31,35,23,25,31,29,39,51,43,37,28,49,30,36,37,33,39,50,55,45,49,36,44,50,42,53,43,34,33,28,33,25,35,19,28,28,20,35,24,24,21,27,29,16,16,20,16,25,23,19,15,18,12,13,13,10,7,4,3,4,2,3,2,0,0,0,0,0,0,0,0,3270,46,45,55,40,45,56,52,48,53,37,43,55,43,62,39,52,62,48,46,25,40,37,29,31,36,34,31,40,26,49,31,29,35,29,53,35,34,35,32,39,35,32,38,36,40,42,48,39,51,43,42,47,33,36,38,44,34,41,47,40,34,39,27,28,30,37,26,44,39,30,33,31,25,22,27,29,25,31,19,24,35,24,24,23,16,11,11,11,5,10,6,7,8,3,4,3,0,3,0,1,1,1,0,6411,3166,262,257,285,177,78,24,27,94,159,155,175,187,195,229,222,61,92,47,83,125,89,86,57,3245,231,246,242,162,71,40,37,96,180,177,175,181,222,196,205,73,84,63,112,136,125,116,75,35,10,0,0,0,0,0,0,0,0,0,0,0,0,0,0,0,0,0,0,0,0,0,0,0,0,0,0,0,0,0,0,0,0,1,1,0,0,0,0,0,0,0,0,0,0,0,1,0,0,0,0,0,0,0,0,0,0,0,0,0,0,0,0,0,0,9,9,0,0,0,0,0,0,0,0,0,0,0,9,0,0,0,0,0,0,0,0,0,0,0,0,0,0,0,0,0,0,25,0,0,0,0,0,0,0,0,0,0,0,0,0,0,0,0,0,0,0,0,0,0,0,0,0,0,0,0,0,0,0,0,3,3,0,0,0,0,0,0,0,0,0,0,0,3,0,0,0,0,0,0,0,0,0,0,0,0,0,0,0,0,0,0,22,22,0,0,0,0,0,0,0,0,0,0,0,22,0,0,0,0,0,0,0,0,0,0,0,0,0,0,0,0,0,0
"G4801550","2010","TX","3","7","Texas","48","Foard County","155",,,,,,,,,,,,,,,"99999","99999","999",,,,,,,,,,,,,,,,,"1824378528","8514811","Foard County","A","+33.9804040","-099.7774272","06","9",,1336,637,4,5,9,0,9,4,7,7,10,5,7,4,9,6,7,15,11,12,8,3,4,9,2,3,11,4,9,14,6,3,6,4,4,4,7,8,3,6,8,8,7,7,14,7,4,10,15,12,12,15,15,9,11,10,6,5,6,10,12,14,6,11,10,6,8,7,7,11,8,9,7,7,2,7,7,7,3,11,2,3,5,5,1,3,3,5,3,1,2,1,1,0,0,0,2,0,0,0,0,0,0,0,0,699,9,8,4,5,4,11,6,5,12,10,8,6,10,8,12,12,11,6,14,10,8,5,6,5,8,7,2,6,6,4,6,3,2,4,9,5,4,3,5,12,12,5,10,7,13,6,15,7,12,9,9,7,5,16,10,4,5,9,9,11,7,10,10,11,10,11,10,7,6,8,11,15,9,10,7,6,6,5,8,3,3,3,9,6,11,3,5,2,4,5,4,3,2,1,1,3,1,0,1,0,0,0,0,1306,630,27,33,33,38,11,4,9,16,36,25,33,39,64,51,47,17,23,14,27,30,24,15,14,676,30,44,44,29,24,8,5,19,25,24,29,47,49,47,38,17,31,21,21,52,27,23,22,30,7,0,0,0,0,0,0,0,0,0,0,0,0,0,0,0,0,0,0,0,0,0,0,0,0,0,0,0,0,0,0,0,0,1,1,0,0,0,0,0,0,0,0,0,0,0,1,0,0,0,0,0,0,0,0,0,0,0,0,0,0,0,0,0,0,6,6,0,0,0,0,0,0,0,0,0,0,0,6,0,0,0,0,0,0,0,0,0,0,0,0,0,0,0,0,0,0,23,0,0,0,0,0,0,0,0,0,0,0,0,0,0,0,0,0,0,0,0,0,0,0,0,0,0,0,0,0,0,0,0,0,0,0,0,0,0,0,0,0,0,0,0,0,0,0,0,0,0,0,0,0,0,0,0,0,0,0,0,0,0,0,0,23,23,0,0,0,0,0,0,0,0,0,0,0,23,0,0,0,0,0,0,0,0,0,0,0,0,0,0,0,0,0,0
"G4801570","2010","TX","3","7","Texas","48","Fort Bend County","157",,,,,,,,,,,,,,,"26420","99999","288",,,,,,,,,,,,,,,,,"2231225129","61796736","Fort Bend County","A","+29.5266017","-095.7710149","06","1",,585375,287368,4243,4351,4430,4561,4803,4795,4950,4995,5115,5236,5297,5091,5167,5212,5255,5113,5189,5337,4551,3490,3302,3193,3002,3221,3241,3337,3098,3387,3465,3503,3527,3455,3605,3618,3750,4058,4042,4315,4438,4771,4624,4421,4344,4424,4457,4513,4343,4609,4389,4375,4746,4549,4563,4456,4388,4029,3726,3670,3423,3186,3175,2867,2782,2688,2022,1886,1776,1670,1411,1256,1218,1063,946,834,788,736,624,607,558,498,468,424,398,327,288,270,233,184,160,116,113,55,49,48,26,24,17,9,3,2,5,0,0,298007,3959,4218,4246,4495,4442,4663,4859,4868,4705,4943,4922,4978,4951,4824,4880,4927,5007,4808,4011,3095,3011,2826,2936,3068,3143,3395,3337,3580,3592,3824,4036,3975,4053,4283,4311,4735,4649,4913,5190,5287,5278,4938,4727,4648,4722,4740,4929,4833,4663,4863,4844,4846,4732,4562,4291,4278,3861,3828,3657,3306,3211,2951,2886,2739,2061,2023,1885,1669,1432,1427,1265,1189,1132,1008,1030,865,778,821,711,715,707,650,573,550,495,491,395,356,323,244,183,174,146,105,75,64,60,45,24,23,35,0,0,579439,282555,22378,25077,25995,15570,7899,3187,3072,9034,16119,17387,21159,21801,21720,22305,17776,5967,7385,3627,4269,4786,2960,1852,1230,296884,21353,24029,24528,14698,7083,2989,2809,9120,17677,20624,24734,24265,23968,23239,18895,6139,7663,3891,4500,5573,3798,2849,2460,5936,4813,120,94,17,0,3,0,14,0,0,77,0,37,40,0,0,0,0,0,0,0,26,0,0,0,0,26,26,0,0,0,0,0,4327,4191,4074,0,1381,1812,881,0,0,0,0,0,0,117,0,0,0,0,0,0,136,1,0,0,0,135,7,18,1,0,93,16,366,343,123,0,17,100,6,0,0,0,0,0,0,220,0,0,0,0,0,0,23,0,0,0,0,23,0,12,2,0,0,9,1123,87,66,0,0,0,0,0,0,0,66,0,52,14,0,0,0,0,0,0,0,21,0,0,0,0,21,18,0,1,0,2,0,439,331,262,0,11,155,96,0,0,0,0,0,0,69,0,0,0,0,0,0,108,1,0,0,0,107,41,10,37,0,3,16,597,579,11,0,0,11,0,0,0,0,0,0,0,568,0,0,0,0,0,0,18,0,0,0,0,18,0,12,4,0,0,2
"G4801590","2010","TX","3","7","Texas","48","Franklin County","159",,,,,,,,,,,,,,,"99999","99999","999",,,,,,,,,,,,,,,,,"736568975","26876088","Franklin County","A","+33.1758457","-095.2190662","06","9",,10605,5215,69,72,75,82,64,91,101,58,88,76,69,62,69,76,76,67,79,81,70,61,66,54,60,55,52,51,44,49,52,50,58,48,62,39,53,39,43,60,55,66,66,79,63,52,61,70,65,96,72,73,67,77,69,73,72,75,59,69,66,74,81,86,69,64,66,54,66,60,55,63,53,56,58,44,37,49,41,25,32,43,18,26,24,20,14,16,4,14,5,8,6,6,4,3,3,0,1,1,0,0,0,0,0,5390,70,62,62,78,65,85,66,54,77,65,80,74,69,68,62,74,67,69,69,52,57,54,59,56,66,53,50,55,63,47,76,48,46,63,44,67,47,58,58,60,51,63,53,63,71,82,88,68,71,72,75,82,71,79,68,60,68,77,100,69,64,77,87,93,71,49,73,69,63,47,46,59,66,56,44,40,46,45,32,36,33,34,31,25,27,20,25,19,20,13,8,9,11,7,8,3,3,2,1,0,2,0,0,10491,5165,362,414,352,227,130,64,53,166,243,251,261,316,375,356,342,166,197,119,178,246,185,97,65,5326,337,347,353,210,121,57,54,180,266,277,287,298,381,374,371,141,251,122,176,269,192,142,120,114,50,0,0,0,0,0,0,0,0,0,0,0,0,0,0,0,0,0,0,0,0,0,0,0,0,0,0,0,0,0,0,0,0,31,31,24,0,0,0,24,0,0,0,0,0,0,7,0,0,0,0,0,0,0,0,0,0,0,0,0,0,0,0,0,0,19,19,0,0,0,0,0,0,0,0,0,0,0,19,0,0,0,0,0,0,0,0,0,0,0,0,0,0,0,0,0,0,64,0,0,0,0,0,0,0,0,0,0,0,0,0,0,0,0,0,0,0,0,0,0,0,0,0,0,0,0,0,0,0,0,13,13,5,0,0,0,5,0,0,0,0,0,0,8,0,0,0,0,0,0,0,0,0,0,0,0,0,0,0,0,0,0,51,51,0,0,0,0,0,0,0,0,0,0,0,51,0,0,0,0,0,0,0,0,0,0,0,0,0,0,0,0,0,0
"G4801610","2010","TX","3","7","Texas","48","Freestone County","161",,,,,,,,,,,,,,,"99999","99999","999",,,,,,,,,,,,,,,,,"2273333089","36915821","Freestone County","A","+31.7016540","-096.1442374","06","9",,19816,10437,111,130,151,131,125,120,106,119,155,152,140,142,124,129,139,137,149,141,124,93,105,113,71,95,99,101,107,120,124,149,145,135,166,152,155,133,134,135,169,154,162,165,157,145,149,149,173,179,154,168,183,179,152,165,150,160,149,142,123,129,143,114,120,156,90,100,113,117,103,98,89,80,82,78,67,69,53,39,54,58,43,25,36,30,35,20,20,14,15,15,18,7,7,3,6,2,2,1,0,0,1,1,0,9379,128,109,112,120,112,126,134,127,134,133,138,114,118,121,119,134,137,113,116,77,87,71,111,98,102,90,92,99,122,112,113,113,107,100,98,101,99,69,128,127,134,115,75,111,108,134,125,107,146,129,142,120,138,115,140,137,125,148,121,110,140,141,138,128,107,115,125,114,110,78,78,83,82,74,83,74,63,75,56,60,56,45,41,58,39,38,45,33,26,25,26,17,17,12,9,13,6,3,1,1,3,0,0,18235,8981,646,648,671,423,211,104,113,257,481,557,503,502,584,660,613,244,339,206,302,382,263,155,117,9254,580,651,603,382,192,87,71,310,514,531,524,542,641,655,639,280,369,239,301,392,317,221,213,1581,1456,13,13,0,0,0,0,0,0,0,13,13,0,0,0,0,0,0,0,0,0,0,0,0,0,0,0,0,0,0,0,0,0,1367,1363,1335,0,0,1308,27,0,0,2,2,0,0,26,0,0,0,0,0,0,4,0,0,0,0,4,0,4,0,0,0,0,76,74,19,0,0,19,0,0,0,0,0,0,0,55,0,0,0,0,0,0,2,0,0,0,0,2,0,2,0,0,0,0,125,13,13,0,0,0,0,0,0,0,13,13,0,0,0,0,0,0,0,0,0,0,0,0,0,0,0,0,0,0,0,0,0,11,10,0,0,0,0,0,0,0,1,1,0,0,9,0,0,0,0,0,0,1,0,0,0,0,1,0,1,0,0,0,0,101,101,0,0,0,0,0,0,0,0,0,0,0,101,0,0,0,0,0,0,0,0,0,0,0,0,0,0,0,0,0,0
"G4801630","2010","TX","3","7","Texas","48","Frio County","163",,,,,,,,,,,,,,,"99999","99999","999",,,,,,,,,,,,,,,,,"2935750557","2193798","Frio County","A","+28.8693343","-099.1087876","06","9",,17217,10032,128,114,149,112,134,113,100,112,111,133,129,109,120,119,119,136,115,144,171,172,171,216,213,277,241,256,247,260,224,194,230,190,206,166,199,167,124,152,145,138,136,111,138,135,117,125,122,127,95,101,124,120,105,101,97,93,95,89,71,89,118,80,74,76,64,75,80,53,51,43,56,33,46,46,39,46,32,33,30,25,21,34,30,13,12,16,17,9,11,3,7,5,1,2,1,1,1,0,1,0,0,0,0,7185,120,104,102,121,120,115,100,105,140,115,133,115,101,100,91,130,119,131,131,108,69,88,68,84,83,80,86,98,73,78,81,78,64,78,70,79,85,83,79,88,76,87,66,99,121,85,129,75,87,82,84,100,97,106,89,84,76,90,89,90,86,100,86,65,80,74,62,70,50,54,39,51,42,52,47,57,49,32,42,44,41,36,24,39,35,9,21,14,15,11,14,10,4,8,6,2,2,2,2,1,2,0,0,13946,6861,637,569,596,393,219,75,71,225,377,383,370,408,442,471,396,192,210,151,141,215,154,98,68,7085,567,575,540,380,239,66,86,227,411,366,409,437,454,469,424,184,229,136,174,227,218,163,104,3271,3171,2,2,2,1,0,0,1,0,0,0,0,0,0,0,0,0,0,0,0,0,0,0,0,0,0,0,0,0,0,0,0,0,3123,3108,3097,1511,0,1250,336,0,0,0,0,0,0,11,0,0,0,0,0,0,15,0,0,0,0,15,0,8,0,0,7,0,46,42,5,2,0,3,0,0,0,0,0,0,0,37,0,0,0,0,0,0,4,0,0,0,0,4,0,0,0,0,4,0,100,0,0,0,0,0,0,0,0,0,0,0,0,0,0,0,0,0,0,0,0,0,0,0,0,0,0,0,0,0,0,0,0,59,56,49,5,0,0,44,0,0,0,0,0,0,7,0,0,0,0,0,0,3,0,0,0,0,3,0,3,0,0,0,0,41,38,0,0,0,0,0,0,0,0,0,0,0,38,0,0,0,0,0,0,3,0,0,0,0,3,0,0,0,0,3,0
"G4801650","2010","TX","3","7","Texas","48","Gaines County","165",,,,,,,,,,,,,,,"99999","99999","999",,,,,,,,,,,,,,,,,"3891133239","1262945","Gaines County","A","+32.7439424","-102.6315615","06","9",,17526,8798,206,180,180,158,189,163,180,180,170,166,158,168,164,154,168,158,161,169,182,138,120,129,122,130,136,110,149,117,127,135,110,114,106,115,114,94,111,88,105,78,109,90,109,99,99,114,122,106,114,113,129,126,114,97,100,90,79,92,91,58,68,83,62,62,51,45,44,56,41,25,37,35,39,38,46,39,28,24,25,35,31,20,27,14,17,16,6,5,6,5,1,6,4,1,3,0,0,0,0,0,0,0,0,8728,181,173,193,179,180,189,186,167,149,181,174,170,148,148,160,152,144,160,148,106,105,128,122,104,136,132,132,124,111,123,120,112,108,107,111,100,97,92,110,111,105,104,114,97,104,118,105,122,121,116,115,94,97,99,83,87,81,95,79,68,73,60,73,44,43,65,52,50,52,34,48,44,43,52,36,34,40,33,38,27,27,28,13,15,21,9,8,14,15,13,12,6,7,5,6,1,1,2,2,2,3,0,0,17439,8760,913,859,812,488,319,120,127,383,635,557,475,505,567,565,409,150,175,89,122,193,149,103,45,8679,906,872,800,456,253,105,128,362,622,558,509,523,581,488,410,133,160,117,136,222,166,95,77,87,38,0,0,0,0,0,0,0,0,0,0,0,0,0,0,0,0,0,0,0,0,0,0,0,0,0,0,0,0,0,0,0,0,20,18,16,0,0,0,16,0,0,0,0,0,0,2,0,0,0,0,0,0,2,0,0,0,0,2,0,0,0,0,2,0,18,18,0,0,0,0,0,0,0,0,0,0,0,18,0,0,0,0,0,0,0,0,0,0,0,0,0,0,0,0,0,0,49,0,0,0,0,0,0,0,0,0,0,0,0,0,0,0,0,0,0,0,0,0,0,0,0,0,0,0,0,0,0,0,0,4,4,4,0,0,0,4,0,0,0,0,0,0,0,0,0,0,0,0,0,0,0,0,0,0,0,0,0,0,0,0,0,45,45,0,0,0,0,0,0,0,0,0,0,0,45,0,0,0,0,0,0,0,0,0,0,0,0,0,0,0,0,0,0
"G4801670","2010","TX","3","7","Texas","48","Galveston County","167",,,,,,,,,,,,,,,"26420","99999","288",,,,,,,,,,,,,,,,,"979943275","1283210753","Galveston County","A","+29.2287059","-094.8948647","06","1",,291309,144234,1943,2040,2106,2086,2026,2042,2205,2052,2026,2163,2164,2223,2163,2051,2092,2073,2234,2232,2247,2031,1914,1696,1654,1766,1941,1930,1744,1832,1848,1903,2039,1877,1798,1812,1812,1863,1776,1888,1882,2114,1980,1940,1884,1905,1981,2144,2170,2345,2289,2414,2430,2329,2309,2296,2219,2134,2049,2039,1898,1749,1740,1594,1676,1620,1218,1244,1208,1089,991,905,829,773,736,668,615,592,506,497,463,459,441,404,384,313,271,228,212,181,134,121,91,74,56,25,28,10,19,5,7,3,11,1,0,147075,1940,1906,1963,2004,1965,1965,1993,2068,1989,2056,2067,2060,2038,2009,1954,2043,2077,2149,1979,1787,1650,1558,1658,1830,1832,1825,1938,1872,1881,2045,2056,1920,1864,1843,1881,1873,1939,1933,1958,2224,2098,1902,2011,1902,2153,2227,2232,2317,2399,2432,2451,2392,2315,2231,2181,2193,2149,2035,1961,1771,1766,1692,1710,1548,1205,1203,1286,1183,1077,981,920,832,814,812,756,734,669,659,633,591,571,553,511,490,474,421,366,296,286,242,211,138,110,98,95,59,42,28,17,22,30,0,0,287012,141715,10189,10483,10676,6460,3881,1756,1603,5143,9011,9178,9362,9547,11187,11444,9754,3305,4476,2432,2952,3566,2463,1745,1102,145297,9775,10067,10124,6239,3546,1582,1520,5232,9438,9480,9858,9988,11523,11497,10056,3446,4438,2468,3210,4069,3186,2443,2112,4297,2519,113,83,10,0,0,0,10,0,0,73,0,44,29,0,0,0,0,0,0,0,30,1,0,0,0,29,17,2,1,0,0,9,2072,1224,1070,0,0,209,841,20,0,22,0,22,0,131,1,0,0,1,0,0,848,573,36,0,36,239,52,50,65,31,4,37,334,324,51,0,0,43,8,0,0,0,0,0,0,272,1,0,0,1,0,0,10,0,0,0,0,10,1,5,0,0,0,4,1778,41,30,2,0,0,0,2,0,0,28,0,28,0,0,0,0,0,0,0,0,11,1,0,0,0,10,7,0,0,0,0,3,1015,570,465,0,0,324,141,0,0,9,0,9,0,95,1,0,1,0,0,0,445,342,0,0,0,103,24,10,44,2,0,23,722,697,13,0,0,13,0,0,0,0,0,0,0,680,4,0,0,4,0,0,25,0,0,0,0,25,4,20,0,0,0,1
"G4801690","2010","TX","3","7","Texas","48","Garza County","169",,,,,,,,,,,,,,,"99999","99999","999",,,,,,,,,,,,,,,,,"2313926862","7219081","Garza County","A","+33.1837920","-101.3011341","06","9",,6461,4092,36,57,32,43,23,26,38,39,21,30,34,37,35,36,36,48,54,44,101,75,74,118,169,80,59,107,155,84,55,162,112,76,60,17,88,23,29,15,95,50,47,29,14,111,26,115,87,87,64,40,89,31,65,34,45,27,119,81,48,16,23,29,22,26,23,22,23,24,12,17,15,17,20,16,18,20,15,13,14,7,16,10,4,4,4,6,5,4,1,5,4,0,2,2,1,0,0,0,0,0,0,0,0,2369,42,43,31,39,36,38,27,40,30,34,21,31,35,29,30,24,37,40,42,24,29,33,27,30,36,41,35,28,25,22,27,24,22,17,36,33,24,31,28,39,32,53,24,24,21,30,29,34,21,40,45,31,24,29,27,17,25,36,32,21,34,23,26,23,27,25,23,15,26,19,21,26,18,19,16,17,14,14,14,16,9,7,11,8,9,10,6,5,14,3,4,5,2,0,0,1,3,1,0,0,0,0,0,4352,2105,191,154,167,104,56,16,26,77,117,108,116,106,154,170,113,50,70,45,53,86,67,34,25,2247,191,169,145,99,65,29,31,89,119,105,144,139,150,149,131,56,76,47,59,98,74,41,41,2109,1987,53,53,0,0,0,0,0,0,0,53,0,0,53,0,0,0,0,0,0,0,0,0,0,0,0,0,0,0,0,0,0,0,1923,1910,1897,0,1833,0,64,0,0,5,0,0,5,8,0,0,0,0,0,0,13,0,0,0,0,13,0,0,13,0,0,0,11,11,0,0,0,0,0,0,0,0,0,0,0,11,0,0,0,0,0,0,0,0,0,0,0,0,0,0,0,0,0,0,122,3,3,0,0,0,0,0,0,0,3,0,0,3,0,0,0,0,0,0,0,0,0,0,0,0,0,0,0,0,0,0,0,98,98,98,0,87,0,11,0,0,0,0,0,0,0,0,0,0,0,0,0,0,0,0,0,0,0,0,0,0,0,0,0,21,21,0,0,0,0,0,0,0,0,0,0,0,21,0,0,0,0,0,0,0,0,0,0,0,0,0,0,0,0,0,0
"G4801710","2010","TX","3","7","Texas","48","Gillespie County","171",,,,,,,,,,,,,,,"23240","99999","999",,,,,,,,,,,,,,,,,"2740760701","8978625","Gillespie County","A","+30.3263898","-098.9421064","06","2",,24837,11968,111,138,145,118,135,144,157,135,138,135,153,130,159,174,137,168,160,153,136,103,88,84,111,116,101,103,99,108,83,125,106,117,94,95,102,92,134,97,106,137,120,117,110,123,151,138,146,138,194,176,194,157,158,158,165,178,172,184,184,171,187,150,202,190,179,165,185,164,168,156,149,167,152,145,133,143,138,106,101,98,95,107,74,85,81,68,46,67,58,33,32,22,18,20,11,4,3,0,2,1,2,0,0,12869,109,116,131,124,107,118,135,132,133,131,142,150,145,149,164,144,164,157,136,77,86,92,80,111,78,104,103,93,100,101,110,90,99,92,123,125,103,113,121,125,140,121,145,122,123,144,158,188,182,184,181,199,186,231,181,181,200,233,222,216,193,198,189,261,191,196,195,199,163,188,163,158,156,151,132,137,126,127,117,121,121,116,95,129,100,96,89,79,86,63,57,59,37,26,22,34,17,10,4,8,9,1,0,24447,11839,647,709,753,481,238,88,84,325,517,514,566,617,788,829,884,332,568,346,485,740,571,422,335,12608,587,649,750,465,213,86,92,268,500,514,587,650,856,974,1045,390,633,389,544,754,607,520,535,390,129,0,0,0,0,0,0,0,0,0,0,0,0,0,0,0,0,0,0,0,0,0,0,0,0,0,0,0,0,0,0,0,0,29,29,6,0,0,0,6,0,0,0,0,0,0,23,0,0,0,0,0,0,0,0,0,0,0,0,0,0,0,0,0,0,100,100,0,0,0,0,0,0,0,0,0,0,0,100,0,0,0,0,0,0,0,0,0,0,0,0,0,0,0,0,0,0,261,0,0,0,0,0,0,0,0,0,0,0,0,0,0,0,0,0,0,0,0,0,0,0,0,0,0,0,0,0,0,0,0,23,20,0,0,0,0,0,0,0,0,0,0,0,20,0,0,0,0,0,0,3,0,0,0,0,3,0,3,0,0,0,0,238,238,0,0,0,0,0,0,0,0,0,0,0,238,0,0,0,0,0,0,0,0,0,0,0,0,0,0,0,0,0,0
"G4801730","2010","TX","3","7","Texas","48","Glasscock County","173",,,,,,,,,,,,,,,"99999","99999","999",,,,,,,,,,,,,,,,,"2331553028","2245419","Glasscock County","A","+31.8685906","-101.5289710","06","9",,1226,649,6,7,8,5,9,12,8,12,12,11,4,9,16,11,19,20,10,14,2,6,1,3,8,10,3,6,11,5,8,4,5,8,7,10,10,6,13,6,8,10,16,2,3,12,7,10,7,12,4,7,13,15,15,8,5,8,8,10,8,6,16,8,9,12,7,4,7,8,6,2,1,4,6,6,5,8,1,6,1,2,3,3,1,0,1,0,1,1,0,0,0,0,0,0,1,0,0,0,0,0,0,0,0,577,7,8,10,10,9,9,7,10,2,7,14,9,8,9,6,8,12,14,15,2,5,1,2,6,2,8,6,7,7,5,11,4,10,7,12,8,3,5,12,9,7,8,5,4,8,4,13,11,8,13,7,10,13,7,8,8,5,7,3,11,6,3,10,7,3,3,6,8,6,1,7,4,9,3,6,3,8,3,1,7,1,2,0,0,1,1,0,0,0,1,0,1,0,0,0,0,0,0,0,0,0,0,0,1226,649,35,55,59,44,8,1,3,21,34,40,43,40,40,56,40,24,28,11,16,22,18,8,3,577,44,35,46,34,17,5,1,10,33,44,37,32,49,45,34,9,20,9,15,29,22,4,3,0,0,0,0,0,0,0,0,0,0,0,0,0,0,0,0,0,0,0,0,0,0,0,0,0,0,0,0,0,0,0,0,0,0,0,0,0,0,0,0,0,0,0,0,0,0,0,0,0,0,0,0,0,0,0,0,0,0,0,0,0,0,0,0,0,0,0,0,0,0,0,0,0,0,0,0,0,0,0,0,0,0,0,0,0,0,0,0,0,0,0,0,0,0,0,0,0,0,0,0,0,0,0,0,0,0,0,0,0,0,0,0,0,0,0,0,0,0,0,0,0,0,0,0,0,0,0,0,0,0,0,0,0,0,0,0,0,0,0,0,0,0,0,0,0,0,0,0,0,0,0,0,0,0,0,0,0,0,0,0,0,0,0,0,0,0,0,0,0,0,0,0,0,0,0,0,0,0,0,0,0,0,0,0,0,0,0,0,0,0,0,0,0,0,0
"G4801750","2010","TX","3","7","Texas","48","Goliad County","175",,,,,,,,,,,,,,,"47020","99999","999",,,,,,,,,,,,,,,,,"2206706631","19049578","Goliad County","A","+28.6607000","-097.4304145","06","1",,7210,3596,39,42,49,35,41,46,43,49,60,39,43,44,58,52,54,56,60,55,57,45,37,26,21,23,34,20,26,33,26,32,37,38,19,31,22,34,37,39,43,34,49,46,47,42,43,43,51,40,57,62,65,60,56,67,52,65,49,53,62,68,63,64,62,58,40,43,39,47,29,54,48,25,38,28,32,31,25,16,26,14,20,18,15,18,24,12,9,9,6,12,4,4,2,1,0,0,1,2,1,0,0,0,0,3614,43,26,44,36,30,42,40,36,53,34,51,49,41,40,40,63,50,65,37,40,28,25,27,26,26,31,30,31,30,42,22,23,39,35,33,40,40,37,42,41,43,29,44,45,65,57,61,48,61,57,62,55,74,56,44,72,65,54,70,57,49,57,49,68,45,47,49,40,47,45,37,34,44,23,23,30,27,25,27,22,23,20,15,10,24,14,18,9,5,13,7,11,4,9,4,7,1,3,0,2,0,0,0,7117,3555,206,237,251,169,102,35,26,74,134,141,186,224,253,298,295,126,158,82,130,169,109,92,58,3562,177,204,219,174,77,27,25,78,163,150,200,226,284,290,317,103,162,96,131,159,127,89,84,93,41,2,2,0,0,0,0,0,0,0,2,2,0,0,0,0,0,0,0,0,0,0,0,0,0,0,0,0,0,0,0,0,0,26,25,25,0,0,0,25,0,0,0,0,0,0,0,0,0,0,0,0,0,1,0,0,0,0,1,0,0,0,0,1,0,13,13,0,0,0,0,0,0,0,0,0,0,0,13,0,0,0,0,0,0,0,0,0,0,0,0,0,0,0,0,0,0,52,9,6,0,0,0,0,0,0,0,6,6,0,0,0,0,0,0,0,0,0,3,0,0,0,0,3,0,0,0,0,3,0,10,9,5,0,0,0,5,0,0,1,1,0,0,3,0,0,0,0,0,0,1,0,0,0,0,1,0,0,0,0,1,0,33,33,0,0,0,0,0,0,0,0,0,0,0,33,0,0,0,0,0,0,0,0,0,0,0,0,0,0,0,0,0,0
"G4801770","2010","TX","3","7","Texas","48","Gonzales County","177",,,,,,,,,,,,,,,"99999","99999","999",,,,,,,,,,,,,,,,,"2762708316","8200952","Gonzales County","A","+29.4687041","-097.4777382","06","9",,19807,9959,143,163,175,156,162,151,164,158,149,160,134,148,159,151,148,140,147,142,145,135,145,129,127,107,119,129,112,152,104,115,137,111,118,108,103,123,124,93,121,113,127,123,107,99,124,135,132,144,140,134,152,144,150,143,145,142,130,134,124,93,114,134,105,133,90,71,91,88,93,80,73,80,64,70,63,86,47,61,49,34,43,48,23,22,33,23,21,25,16,8,15,3,4,2,0,2,3,0,0,0,0,0,0,9848,145,149,136,154,147,145,144,179,149,145,155,159,123,139,126,121,155,147,156,96,102,110,108,110,140,114,111,124,108,88,123,114,108,108,114,120,96,113,118,113,123,131,105,113,116,113,130,143,145,126,144,150,144,140,134,128,128,114,117,108,91,126,103,128,85,95,88,89,96,81,92,87,69,74,70,65,50,69,57,56,63,57,48,36,42,49,42,27,30,16,13,20,15,14,8,10,9,5,2,2,5,0,0,19496,9786,799,782,740,428,264,130,117,340,596,561,566,571,678,727,619,246,327,161,259,344,268,162,101,9710,731,762,702,423,252,96,110,358,540,561,558,587,652,711,591,217,315,182,262,385,281,215,219,311,173,1,1,1,0,0,0,1,0,0,0,0,0,0,0,0,0,0,0,0,0,0,0,0,0,0,0,0,0,0,0,0,0,126,126,109,0,0,0,51,58,0,0,0,0,0,17,0,0,0,0,0,0,0,0,0,0,0,0,0,0,0,0,0,0,46,46,0,0,0,0,0,0,0,0,0,0,0,46,0,0,0,0,0,0,0,0,0,0,0,0,0,0,0,0,0,0,138,0,0,0,0,0,0,0,0,0,0,0,0,0,0,0,0,0,0,0,0,0,0,0,0,0,0,0,0,0,0,0,0,31,14,7,0,0,0,7,0,0,0,0,0,0,7,0,0,0,0,0,0,17,0,0,0,0,17,0,16,0,0,0,1,107,103,0,0,0,0,0,0,0,0,0,0,0,103,0,0,0,0,0,0,4,0,0,0,0,4,0,4,0,0,0,0
"G4801790","2010","TX","3","7","Texas","48","Gray County","179",,,,,,,,,,,,,,,"37420","99999","999",,,,,,,,,,,,,,,,,"2398261524","8700871","Gray County","A","+35.4025424","-100.8123736","06","2",,22535,11703,165,159,184,149,172,201,145,146,155,148,168,140,119,145,147,151,159,152,148,112,128,103,128,143,142,132,152,183,179,181,163,185,147,154,157,158,153,155,180,179,168,178,182,170,162,173,190,188,173,181,181,185,158,199,164,165,150,132,147,130,136,124,118,118,105,105,111,91,70,83,90,86,63,65,90,64,52,72,56,53,53,55,53,50,36,35,25,23,19,15,13,11,7,3,2,1,0,5,1,1,0,0,0,10832,164,161,170,163,149,173,167,161,145,148,127,141,150,144,121,151,173,158,137,103,100,109,110,131,128,135,129,116,164,108,146,121,102,143,118,98,118,126,122,134,135,127,125,116,118,107,134,133,149,162,153,150,141,143,150,139,152,140,115,130,122,119,123,125,107,109,110,119,88,90,90,95,100,97,93,88,85,106,79,95,80,76,55,46,52,56,45,37,27,33,17,16,15,15,9,9,3,5,6,2,5,0,0,20925,10217,829,795,719,461,257,120,97,365,628,602,626,627,673,718,637,242,310,209,239,383,288,237,155,10708,807,794,683,478,240,100,106,368,649,630,594,619,683,735,672,240,352,217,293,465,432,292,259,1610,1486,1,1,0,0,0,0,0,0,0,1,1,0,0,0,0,0,0,0,0,0,0,0,0,0,0,0,0,0,0,0,0,0,1437,1434,1420,0,0,967,62,391,0,0,0,0,0,14,0,0,0,0,0,0,3,0,0,0,0,3,0,3,0,0,0,0,48,48,11,0,0,11,0,0,0,0,0,0,0,37,0,0,0,0,0,0,0,0,0,0,0,0,0,0,0,0,0,0,124,4,4,1,0,0,0,1,0,0,3,3,0,0,0,0,0,0,0,0,0,0,0,0,0,0,0,0,0,0,0,0,0,25,24,13,0,0,0,11,2,0,0,0,0,0,11,0,0,0,0,0,0,1,0,0,0,0,1,0,1,0,0,0,0,95,95,0,0,0,0,0,0,0,0,0,0,0,95,0,0,0,0,0,0,0,0,0,0,0,0,0,0,0,0,0,0
"G4801810","2010","TX","3","7","Texas","48","Grayson County","181",,,,,,,,,,,,,,,"43300","99999","206",,,,,,,,,,,,,,,,,"2415950507","120105690","Grayson County","A","+33.6245082","-096.6756986","06","1",,120877,58917,788,767,812,766,842,833,792,728,900,866,831,861,847,884,802,844,870,917,952,934,818,761,763,702,676,704,640,688,735,721,733,665,673,644,619,707,710,665,703,775,723,777,640,724,784,821,921,867,882,925,881,881,938,861,867,871,772,738,738,665,723,709,754,771,584,589,641,615,554,429,463,436,391,419,327,363,316,312,282,271,282,220,175,182,165,153,124,87,92,69,51,49,29,29,11,13,10,6,3,1,2,0,1,61960,745,769,785,736,823,813,792,800,732,793,837,844,782,805,795,714,802,815,864,927,877,808,739,738,663,734,679,704,692,770,706,642,665,660,647,699,713,676,773,804,800,754,800,717,771,879,882,938,873,946,931,944,897,947,970,867,864,782,808,754,837,748,758,829,689,655,658,625,598,557,506,484,446,456,427,455,412,419,374,364,388,302,305,272,267,246,255,240,148,167,134,104,88,77,59,43,26,20,15,7,12,2,0,118663,58006,3972,4118,4222,2624,1649,693,695,2096,3437,3292,3534,3613,4388,4391,3758,1421,2090,1217,1584,2017,1523,988,684,60657,3855,3927,4057,2326,1503,740,734,2117,3553,3309,3657,3832,4495,4669,4049,1577,2260,1297,1763,2266,1939,1416,1316,2214,911,14,3,3,0,0,0,3,0,0,0,0,0,0,0,0,0,0,0,0,0,11,4,0,0,0,7,3,0,0,0,0,4,748,257,188,0,0,0,188,0,0,0,0,0,0,69,0,0,0,0,0,0,491,431,0,0,0,60,5,38,11,0,2,4,149,138,0,0,0,0,0,0,0,0,0,0,0,138,0,0,0,0,0,0,11,0,0,0,0,11,2,9,0,0,0,0,1303,17,0,0,0,0,0,0,0,0,0,0,0,0,0,0,0,0,0,0,0,17,2,0,0,0,15,10,0,0,0,0,5,670,117,33,0,0,0,33,0,0,0,0,0,0,84,0,0,0,0,0,0,553,511,0,0,0,42,11,15,6,0,2,8,616,591,0,0,0,0,0,0,0,0,0,0,0,591,0,0,0,0,0,0,25,0,0,0,0,25,2,23,0,0,0,0
"G4801830","2010","TX","3","7","Texas","48","Gregg County","183",,,,,,,,,,,,,,,"30980","99999","346",,,,,,,,,,,,,,,,,"707850624","6372935","Gregg County","A","+32.4863971","-094.8162759","06","1",,121730,59468,978,935,936,909,954,881,888,884,898,849,881,883,839,821,824,848,823,873,1019,1017,992,953,904,881,841,868,856,933,880,826,865,793,818,803,720,744,739,678,718,808,797,700,689,713,704,784,750,780,812,796,825,799,878,855,803,803,693,695,732,697,626,565,584,589,471,435,464,465,371,391,333,343,306,326,312,310,273,298,239,242,230,196,189,186,154,130,111,103,94,58,55,39,35,22,20,13,6,7,3,1,5,3,0,62262,880,850,907,889,843,917,854,868,821,793,809,800,835,769,811,807,806,858,899,920,916,797,887,892,828,839,890,874,894,903,824,767,803,758,743,710,736,701,761,825,800,768,680,689,706,803,826,814,926,855,926,856,918,810,826,810,781,823,687,694,696,690,684,693,509,497,548,547,453,446,439,431,418,446,416,406,347,377,382,357,371,352,286,300,280,270,208,193,211,149,127,121,79,67,46,31,32,16,15,18,22,4,0,117316,56945,4681,4391,4242,2524,1617,752,755,2356,4171,3828,3573,3472,3807,4046,3541,1167,1607,880,1189,1555,1285,883,623,60371,4339,4246,4017,2458,1576,776,724,2500,4303,3836,3684,3586,4156,4247,3730,1361,1849,1020,1407,2073,1762,1443,1278,4414,2523,66,49,5,0,0,0,5,0,0,20,0,2,18,0,24,0,24,0,0,0,17,2,0,0,0,15,4,1,0,0,0,10,2104,795,663,0,0,0,610,53,0,0,0,0,0,64,68,0,68,0,0,0,1309,967,0,0,0,342,116,105,19,0,3,99,353,318,2,0,0,0,2,0,0,0,0,0,0,229,87,0,87,0,0,0,35,0,0,0,0,35,3,18,10,0,2,2,1891,57,37,3,0,0,0,3,0,0,13,0,7,6,0,21,0,21,0,0,0,20,6,0,0,0,14,2,1,0,0,0,11,1109,348,128,0,0,0,127,1,0,9,0,7,2,91,120,0,120,0,0,0,761,513,0,0,0,248,78,85,14,0,4,67,725,647,0,0,0,0,0,0,0,0,0,0,0,571,76,0,76,0,0,0,78,0,0,0,0,78,3,69,6,0,0,0
"G4801850","2010","TX","3","7","Texas","48","Grimes County","185",,,,,,,,,,,,,,,"99999","99999","999",,,,,,,,,,,,,,,,,"2039510046","36633143","Grimes County","A","+30.5432314","-095.9880820","06","9",,26604,14487,134,152,158,161,160,181,170,173,140,193,161,161,184,145,184,186,181,202,171,174,176,176,173,217,214,227,210,212,197,218,174,202,179,179,200,210,179,205,194,236,196,196,212,194,219,216,269,239,236,239,230,282,222,245,230,212,259,214,188,191,204,182,177,181,147,158,153,149,120,139,118,97,75,75,80,71,65,45,62,42,63,41,24,21,29,29,23,20,9,8,16,6,6,5,0,4,3,1,0,0,1,0,0,12117,154,153,165,185,158,149,179,171,181,172,175,151,155,186,184,177,159,179,161,130,109,127,113,112,139,125,136,126,125,149,140,127,118,125,150,142,133,151,158,134,147,142,135,131,161,173,167,194,179,191,215,194,191,192,201,209,182,163,180,177,152,133,172,146,113,130,126,150,94,98,89,84,92,79,85,77,67,65,75,70,61,45,55,45,53,35,35,43,26,22,29,14,10,7,13,7,3,13,7,5,5,0,0,23592,11655,765,857,835,568,318,140,119,382,664,618,722,719,861,945,869,324,426,269,326,392,255,161,120,11937,815,852,851,515,289,109,125,364,656,655,715,707,898,987,901,284,428,253,340,417,330,240,206,3012,2832,1,1,1,0,0,1,0,0,0,0,0,0,0,0,0,0,0,0,0,0,0,0,0,0,0,0,0,0,0,0,0,0,2596,2562,2539,0,0,2539,0,0,0,0,0,0,0,23,0,0,0,0,0,0,34,0,0,0,0,34,0,0,0,0,34,0,235,232,191,0,0,191,0,0,0,0,0,0,0,41,0,0,0,0,0,0,3,0,0,0,0,3,0,0,0,0,3,0,180,0,0,0,0,0,0,0,0,0,0,0,0,0,0,0,0,0,0,0,0,0,0,0,0,0,0,0,0,0,0,0,0,52,20,5,0,0,5,0,0,0,0,0,0,0,15,0,0,0,0,0,0,32,0,0,0,0,32,0,0,0,0,32,0,128,128,0,0,0,0,0,0,0,0,0,0,0,128,0,0,0,0,0,0,0,0,0,0,0,0,0,0,0,0,0,0
"G4801870","2010","TX","3","7","Texas","48","Guadalupe County","187",,,,,,,,,,,,,,,"41700","99999","999",,,,,,,,,,,,,,,,,"1842257555","9104439","Guadalupe County","A","+29.5832081","-097.9490268","06","1",,131533,64762,955,942,962,961,992,1026,981,997,1035,1077,1051,1120,1154,1075,1120,1144,1156,1080,953,909,797,815,686,730,736,713,685,796,780,758,789,758,739,771,819,838,796,867,894,979,985,935,954,975,954,1035,986,992,1006,988,1037,925,883,821,893,817,775,743,739,650,688,661,684,681,582,505,578,505,470,444,369,384,324,351,336,299,278,257,249,254,200,186,140,112,126,97,98,74,66,63,50,26,29,20,21,9,4,5,5,1,2,0,0,66771,831,871,881,904,898,945,904,972,983,1064,1027,1018,1010,1022,1053,1097,1041,1055,1029,846,728,764,750,655,705,716,747,793,813,833,847,824,887,827,868,974,829,921,1042,1012,1031,1005,1000,995,1001,1084,1035,1077,1047,988,1044,928,920,878,881,905,810,804,752,732,761,743,708,725,571,587,567,574,499,436,403,413,385,392,398,347,342,300,265,253,248,243,215,198,193,195,158,136,106,96,104,73,59,43,35,25,24,17,9,10,10,2,0,129645,63802,4809,5116,5517,3368,1662,698,753,2058,3626,3807,4336,4756,4973,4534,3711,1340,1940,1079,1410,1740,1311,725,533,65843,4381,4866,5128,3184,1685,634,693,2049,3878,4243,4767,5024,5218,4643,3993,1497,1997,1143,1500,1960,1467,1010,883,1888,960,18,18,1,0,0,0,1,0,0,17,14,0,3,0,0,0,0,0,0,0,0,0,0,0,0,0,0,0,0,0,0,0,803,418,398,0,0,0,398,0,0,0,0,0,0,20,0,0,0,0,0,0,385,341,0,0,0,44,0,20,21,0,2,1,139,134,2,0,0,0,2,0,0,0,0,0,0,132,0,0,0,0,0,0,5,0,0,0,0,5,0,0,4,0,0,1,928,17,15,0,0,0,0,0,0,0,15,6,0,9,0,0,0,0,0,0,0,2,2,0,0,0,0,0,0,0,0,0,0,514,99,64,0,0,0,64,0,0,0,0,0,0,35,0,0,0,0,0,0,415,392,0,0,0,23,0,16,5,0,2,0,397,397,0,0,0,0,0,0,0,0,0,0,0,397,0,0,0,0,0,0,0,0,0,0,0,0,0,0,0,0,0,0
"G4801890","2010","TX","3","7","Texas","48","Hale County","189",,,,,,,,,,,,,,,"38380","99999","999",,,,,,,,,,,,,,,,,"2602115719","246684","Hale County","A","+34.0684364","-101.8228878","06","2",,36273,18737,267,333,311,305,303,307,298,304,291,257,346,281,295,276,298,259,294,263,337,310,316,349,328,321,312,276,294,294,308,276,278,271,236,222,234,210,209,241,256,237,252,218,241,235,249,253,244,259,246,254,261,228,227,231,220,230,220,189,174,183,166,170,160,146,119,117,143,122,128,101,95,83,95,80,86,103,76,80,90,54,70,72,58,50,56,51,36,25,22,22,10,6,7,7,4,3,3,3,0,0,1,0,0,17536,319,296,297,298,287,285,323,252,320,291,274,274,270,256,295,248,271,290,281,280,266,241,265,247,227,213,188,227,229,229,228,204,206,182,195,191,224,200,226,231,191,198,236,203,205,228,223,221,223,195,231,212,232,232,225,187,197,206,156,141,177,178,159,144,134,128,140,133,142,115,120,110,132,93,88,105,103,114,93,83,79,92,79,63,59,61,57,48,30,53,32,24,23,17,15,17,9,6,5,1,6,1,0,33471,16372,1518,1453,1492,804,487,209,212,650,1025,944,911,1014,1066,1041,931,319,411,254,342,423,390,293,183,17099,1494,1469,1369,809,479,214,203,699,1066,995,1053,1020,1084,1124,880,349,427,265,387,532,482,349,350,2802,2365,21,15,5,0,0,5,0,0,0,10,0,10,0,0,0,0,0,0,0,0,6,0,0,0,0,6,0,0,0,0,6,0,2270,2037,2005,0,0,1892,113,0,0,0,0,0,0,32,0,0,0,0,0,0,233,212,0,0,0,21,0,6,6,0,9,0,74,74,10,0,0,10,0,0,0,0,0,0,0,64,0,0,0,0,0,0,0,0,0,0,0,0,0,0,0,0,0,0,437,5,0,0,0,0,0,0,0,0,0,0,0,0,0,0,0,0,0,0,0,5,0,0,0,0,5,0,0,0,0,5,0,321,107,77,0,0,30,47,0,0,0,0,0,0,30,0,0,0,0,0,0,214,200,0,0,0,14,0,0,8,0,6,0,111,111,0,0,0,0,0,0,0,0,0,0,0,111,0,0,0,0,0,0,0,0,0,0,0,0,0,0,0,0,0,0
"G4801910","2010","TX","3","7","Texas","48","Hall County","191",,,,,,,,,,,,,,,"99999","99999","999",,,,,,,,,,,,,,,,,"2288233552","53366406","Hall County","A","+34.4531894","-100.5763434","06","9",,3353,1657,19,22,21,22,23,26,19,30,24,28,16,30,21,29,31,20,37,19,31,28,12,14,14,19,8,13,17,15,10,11,13,18,17,13,12,13,13,17,17,13,13,22,20,17,20,23,23,27,25,22,19,28,21,13,30,22,22,15,16,19,18,16,27,25,21,30,19,21,15,13,27,23,18,24,12,19,9,12,13,14,12,10,7,9,11,7,9,8,5,1,2,1,4,3,0,0,0,0,0,0,0,0,0,1696,22,29,16,20,24,18,18,23,27,32,20,26,20,34,29,19,23,30,21,15,13,13,17,9,12,19,13,21,10,19,16,16,16,21,14,23,13,14,22,22,14,17,9,16,14,17,16,22,22,18,27,24,18,18,30,23,21,16,30,24,21,26,15,28,20,21,17,23,25,26,19,13,17,23,19,17,19,11,9,15,19,9,13,17,9,14,7,7,2,10,5,5,0,3,1,1,0,3,0,1,1,0,0,3309,1641,107,127,127,76,59,12,13,40,65,73,73,92,118,111,94,34,73,49,48,103,65,46,36,1668,111,118,129,72,36,13,13,38,79,83,94,70,95,117,114,44,63,38,74,90,68,57,52,44,16,0,0,0,0,0,0,0,0,0,0,0,0,0,0,0,0,0,0,0,0,0,0,0,0,0,0,0,0,0,0,0,0,5,5,5,0,0,0,5,0,0,0,0,0,0,0,0,0,0,0,0,0,0,0,0,0,0,0,0,0,0,0,0,0,11,11,0,0,0,0,0,0,0,0,0,0,0,11,0,0,0,0,0,0,0,0,0,0,0,0,0,0,0,0,0,0,28,0,0,0,0,0,0,0,0,0,0,0,0,0,0,0,0,0,0,0,0,0,0,0,0,0,0,0,0,0,0,0,0,6,6,1,0,0,0,1,0,0,0,0,0,0,5,0,0,0,0,0,0,0,0,0,0,0,0,0,0,0,0,0,0,22,22,0,0,0,0,0,0,0,0,0,0,0,22,0,0,0,0,0,0,0,0,0,0,0,0,0,0,0,0,0,0
"G4801930","2010","TX","3","7","Texas","48","Hamilton County","193",,,,,,,,,,,,,,,"99999","99999","999",,,,,,,,,,,,,,,,,"2165007849","1238631","Hamilton County","A","+31.7069819","-098.1117941","06","9",,8517,4195,42,59,48,39,54,38,57,50,50,45,54,47,72,59,51,57,57,58,65,28,27,29,51,51,29,53,28,55,49,38,52,37,47,47,35,51,36,36,54,43,53,51,43,40,46,51,63,65,61,68,76,52,68,59,50,44,66,49,55,39,59,72,48,67,32,59,47,68,55,57,44,60,43,36,47,50,33,40,36,33,35,38,23,25,16,13,15,17,7,7,18,2,2,1,6,4,2,0,0,0,1,0,0,4322,44,55,37,48,43,46,41,45,58,52,51,36,61,55,52,46,62,47,57,32,39,38,41,39,27,37,37,49,31,36,36,32,30,37,46,48,33,46,54,42,47,45,40,44,47,47,57,69,53,64,54,63,61,54,54,68,67,47,82,61,49,57,62,62,57,62,62,61,60,57,52,48,53,42,54,58,35,36,31,34,44,30,21,24,34,33,22,22,30,25,26,19,19,17,10,14,6,12,3,1,8,0,0,8263,4107,242,240,283,172,93,27,29,124,209,212,218,231,304,299,250,131,147,103,178,224,185,130,76,4156,227,242,255,155,89,39,38,103,183,181,221,223,290,281,323,105,180,122,173,242,179,135,170,254,88,0,0,0,0,0,0,0,0,0,0,0,0,0,0,0,0,0,0,0,0,0,0,0,0,0,0,0,0,0,0,0,0,44,21,13,0,0,0,13,0,0,0,0,0,0,8,0,0,0,0,0,0,23,0,0,0,0,23,0,0,0,0,23,0,44,41,0,0,0,0,0,0,0,0,0,0,0,41,0,0,0,0,0,0,3,0,0,0,0,3,0,3,0,0,0,0,166,0,0,0,0,0,0,0,0,0,0,0,0,0,0,0,0,0,0,0,0,0,0,0,0,0,0,0,0,0,0,0,0,22,12,4,0,0,0,4,0,0,0,0,0,0,8,0,0,0,0,0,0,10,0,0,0,0,10,0,3,0,0,7,0,144,131,0,0,0,0,0,0,0,0,0,0,0,131,0,0,0,0,0,0,13,0,0,0,0,13,0,13,0,0,0,0
"G4801950","2010","TX","3","7","Texas","48","Hansford County","195",,,,,,,,,,,,,,,"99999","99999","999",,,,,,,,,,,,,,,,,"2382296710","1548341","Hansford County","A","+36.2728469","-101.3569304","06","9",,5613,2803,47,41,42,60,54,50,53,42,55,54,52,40,39,49,50,40,41,61,44,30,29,17,30,33,31,25,38,41,20,29,31,29,31,37,35,36,36,43,25,40,30,30,39,29,46,37,37,50,42,36,39,43,36,34,45,33,38,31,26,39,35,28,19,42,16,24,24,31,24,16,19,21,11,10,22,16,16,15,9,10,10,9,15,2,9,3,8,4,6,2,3,0,1,0,1,1,0,1,0,0,0,0,0,2810,40,51,54,37,40,58,45,49,40,55,46,49,35,44,42,51,48,49,53,23,26,22,24,27,31,24,27,45,39,38,31,34,28,33,38,28,35,39,27,39,39,31,34,29,33,35,39,40,30,35,43,27,45,39,36,41,38,34,28,30,21,39,24,29,24,18,16,28,24,19,15,20,26,21,13,14,21,21,15,20,14,13,14,11,9,7,13,10,11,11,9,2,3,3,1,0,0,1,0,0,0,0,0,5553,2788,244,254,230,142,73,29,17,92,153,163,180,174,201,197,166,63,76,48,71,81,63,43,28,2765,222,247,216,148,75,26,22,81,171,163,168,166,179,190,170,60,77,34,71,94,82,55,48,60,15,0,0,0,0,0,0,0,0,0,0,0,0,0,0,0,0,0,0,0,0,0,0,0,0,0,0,0,0,0,0,0,0,6,6,2,0,0,0,2,0,0,0,0,0,0,4,0,0,0,0,0,0,0,0,0,0,0,0,0,0,0,0,0,0,9,9,0,0,0,0,0,0,0,0,0,0,0,9,0,0,0,0,0,0,0,0,0,0,0,0,0,0,0,0,0,0,45,0,0,0,0,0,0,0,0,0,0,0,0,0,0,0,0,0,0,0,0,0,0,0,0,0,0,0,0,0,0,0,0,6,6,1,0,0,0,1,0,0,0,0,0,0,5,0,0,0,0,0,0,0,0,0,0,0,0,0,0,0,0,0,0,39,39,0,0,0,0,0,0,0,0,0,0,0,39,0,0,0,0,0,0,0,0,0,0,0,0,0,0,0,0,0,0
"G4801970","2010","TX","3","7","Texas","48","Hardeman County","197",,,,,,,,,,,,,,,"99999","99999","999",,,,,,,,,,,,,,,,,"1800337037","4549262","Hardeman County","A","+34.2899036","-099.7456973","06","9",,4139,2051,31,34,24,24,31,40,35,26,26,33,24,33,36,32,34,22,28,28,27,22,18,11,12,17,25,21,25,26,21,20,16,17,25,21,22,23,25,13,35,19,26,21,19,14,29,32,26,19,26,25,30,29,33,36,43,41,31,24,24,33,31,28,19,22,23,25,24,25,32,23,21,23,16,19,15,19,10,7,8,18,16,11,5,10,8,7,3,4,5,4,1,2,1,1,1,0,1,0,0,0,0,0,0,2088,24,25,26,28,22,16,27,23,31,32,21,35,24,21,32,28,31,32,28,18,7,17,24,20,20,20,23,18,21,18,29,13,30,26,19,15,24,20,23,30,25,25,25,25,25,30,32,25,22,32,15,28,45,23,24,38,35,29,34,24,15,30,31,28,39,28,33,24,21,25,22,16,9,28,25,12,16,13,15,8,13,23,14,14,11,8,11,1,13,12,5,7,7,1,5,2,0,0,0,1,0,0,0,4118,2032,144,160,159,78,49,18,11,51,109,99,112,107,125,171,152,58,64,49,80,94,62,50,30,2086,125,129,133,91,46,7,17,64,100,117,112,124,141,134,160,45,98,61,70,100,64,75,73,21,19,0,0,0,0,0,0,0,0,0,0,0,0,0,0,0,0,0,0,0,0,0,0,0,0,0,0,0,0,0,0,0,0,19,6,6,0,0,0,6,0,0,0,0,0,0,0,0,0,0,0,0,0,13,0,0,0,0,13,0,13,0,0,0,0,0,0,0,0,0,0,0,0,0,0,0,0,0,0,0,0,0,0,0,0,0,0,0,0,0,0,0,0,0,0,0,0,2,0,0,0,0,0,0,0,0,0,0,0,0,0,0,0,0,0,0,0,0,0,0,0,0,0,0,0,0,0,0,0,0,2,0,0,0,0,0,0,0,0,0,0,0,0,0,0,0,0,0,0,0,2,0,0,0,0,2,0,2,0,0,0,0,0,0,0,0,0,0,0,0,0,0,0,0,0,0,0,0,0,0,0,0,0,0,0,0,0,0,0,0,0,0,0,0
"G4801990","2010","TX","3","7","Texas","48","Hardin County","199",,,,,,,,,,,,,,,"13140","99999","999",,,,,,,,,,,,,,,,,"2306558884","18091499","Hardin County","A","+30.3296124","-094.3931493","06","1",,54635,26942,376,400,368,409,381,410,385,383,418,430,463,427,429,434,440,380,400,442,386,345,344,288,317,312,330,286,283,340,328,335,358,331,328,303,307,326,273,320,319,384,419,314,355,360,361,380,378,431,378,446,418,401,397,410,423,410,397,314,299,365,328,303,324,324,236,276,231,252,234,194,187,161,167,149,136,143,122,143,106,107,74,88,77,82,55,59,46,32,25,23,24,26,11,4,5,5,2,0,2,4,1,0,0,27693,366,339,356,355,336,396,352,374,362,406,388,397,394,384,362,391,378,399,369,297,320,284,313,298,342,309,330,329,342,352,369,357,373,345,331,305,334,369,364,389,373,345,359,369,372,409,389,396,443,427,428,437,435,416,412,378,377,392,349,360,320,336,343,314,229,281,270,271,251,232,213,196,183,180,180,165,153,140,142,123,162,131,135,99,110,79,84,59,59,48,43,37,36,24,11,10,3,6,7,2,4,0,0,54255,26852,1934,2026,2193,1219,731,344,288,958,1568,1626,1622,1808,2011,2045,1776,630,881,503,675,792,609,365,248,27403,1752,1890,1925,1168,666,320,284,952,1656,1770,1758,1814,2059,2120,1852,645,878,549,745,930,697,581,392,380,90,3,3,0,0,0,0,0,0,0,3,0,0,3,0,0,0,0,0,0,0,0,0,0,0,0,0,0,0,0,0,0,0,26,22,0,0,0,0,0,0,0,0,0,0,0,22,0,0,0,0,0,0,4,0,0,0,0,4,0,4,0,0,0,0,61,61,0,0,0,0,0,0,0,0,0,0,0,61,0,0,0,0,0,0,0,0,0,0,0,0,0,0,0,0,0,0,290,0,0,0,0,0,0,0,0,0,0,0,0,0,0,0,0,0,0,0,0,0,0,0,0,0,0,0,0,0,0,0,0,55,33,0,0,0,0,0,0,0,0,0,0,0,33,0,0,0,0,0,0,22,0,0,0,0,22,0,14,8,0,0,0,235,235,0,0,0,0,0,0,0,0,0,0,0,235,0,0,0,0,0,0,0,0,0,0,0,0,0,0,0,0,0,0
"G4802010","2010","TX","3","7","Texas","48","Harris County","201",,,,,,,,,,,,,,,"26420","99999","288",,,,,,,,,,,,,,,,,"4411986582","191671993","Harris County","A","+29.8572730","-095.3930371","06","1",,4092459,2037405,34964,34224,34530,34216,33285,33300,32899,32614,32354,32507,32610,31253,31363,30797,30706,30870,31507,32342,31668,28881,29105,28339,29803,31468,33602,34147,34129,35231,34776,34566,35113,32227,32147,31564,31137,31330,30032,30247,30753,31317,30660,28450,27886,27106,27135,28068,27658,27488,27254,27514,28139,26745,27056,25787,25054,24797,23076,22080,20548,19483,18778,17670,17579,16611,13010,12869,11867,11496,9921,9046,8300,7575,7014,6384,5994,5859,5145,4844,4552,4381,4038,3539,3335,3062,2658,2384,2007,1775,1386,1204,833,621,514,368,273,201,127,99,64,46,62,5,2,2055054,33805,33046,33108,32922,32214,32072,31853,31289,30378,31073,31238,29917,29883,29621,29172,29588,29853,30462,28866,26639,26815,27063,28446,30679,32175,33043,33206,33782,33582,34079,34178,31726,31663,30646,30648,30930,29955,30382,30729,31121,30430,27802,27493,27350,27174,28451,28032,28259,27728,28483,28743,27807,27794,26426,26064,25253,23950,23352,21909,20951,20311,18948,18741,17996,14123,14075,13402,12854,11108,10443,9566,8817,8918,7894,7959,7551,6879,6612,6468,6206,6167,5539,5131,4855,4476,4335,3757,3271,2817,2332,1882,1435,1154,935,742,607,471,310,196,184,264,24,1,4047935,2008321,171034,163559,156451,93929,57964,27808,27231,92224,169246,159294,151412,138928,135582,130701,108522,36059,46791,24576,30214,34898,24429,16193,11276,2039614,164953,156569,149714,89699,53731,25726,26294,90092,166445,157992,152565,139732,140430,136336,115011,39110,50662,27356,34199,42726,32976,25088,22208,44524,29084,1368,897,197,0,0,10,187,0,0,672,136,162,374,0,28,28,0,0,0,0,471,18,0,0,0,453,193,21,0,0,71,168,25452,14419,13456,1538,0,3201,8233,484,0,14,3,10,1,818,131,100,21,10,0,0,11033,4915,0,0,0,6118,1354,838,828,11,491,2596,2264,1972,91,3,0,19,46,23,0,0,0,0,0,1871,10,2,2,6,0,0,292,0,0,0,0,292,40,61,11,0,34,146,15440,559,208,8,0,0,0,8,0,0,177,90,33,54,0,23,23,0,0,0,0,351,31,0,0,0,320,182,21,0,0,21,96,9797,2263,1495,187,0,83,1218,7,0,9,1,3,5,656,103,88,14,1,0,0,7534,5143,0,0,0,2391,682,355,389,1,142,822,5084,4668,6,0,0,4,2,0,0,0,0,0,0,4645,17,4,3,10,0,0,416,0,0,0,0,416,10,121,41,0,48,196
"G4802030","2010","TX","3","7","Texas","48","Harrison County","203",,,,,,,,,,,,,,,"32220","99999","346",,,,,,,,,,,,,,,,,"2330861809","40928811","Harrison County","A","+32.5479928","-094.3744253","06","2",,65631,32224,484,461,487,487,499,519,476,442,470,485,535,431,508,494,474,481,531,518,523,444,441,435,403,385,410,400,380,397,417,432,389,365,389,367,384,413,355,379,427,421,448,367,361,359,352,448,409,499,481,518,467,489,533,502,454,468,409,397,400,369,412,377,435,391,338,293,291,316,253,231,237,204,191,171,168,166,129,140,122,124,112,100,95,76,79,60,42,49,30,34,26,14,20,3,8,7,2,4,4,1,1,0,0,33407,455,397,423,505,478,427,495,483,467,456,451,491,446,447,431,449,449,449,469,413,468,415,438,375,406,429,390,406,390,452,452,372,436,404,365,359,346,418,407,463,451,400,372,390,415,513,506,523,461,479,481,475,511,486,483,476,474,469,435,424,409,442,413,414,320,336,282,291,282,248,245,239,229,228,231,191,199,197,171,186,165,146,137,126,109,104,86,94,75,66,65,43,43,29,21,9,12,6,7,5,8,1,1,64268,31580,2418,2392,2435,1494,850,377,383,1097,1986,1869,1972,1863,2332,2424,2024,782,1160,582,787,958,666,447,282,32688,2253,2312,2249,1329,765,375,324,1116,2039,2025,1990,2027,2475,2430,2267,850,1138,615,815,1156,916,638,584,1363,644,43,43,1,0,0,0,1,0,0,42,20,15,7,0,0,0,0,0,0,0,0,0,0,0,0,0,0,0,0,0,0,0,520,211,181,0,0,0,126,55,0,0,0,0,0,30,0,0,0,0,0,0,309,295,0,0,0,14,0,7,0,0,7,0,81,75,0,0,0,0,0,0,0,0,0,0,0,75,0,0,0,0,0,0,6,0,0,0,0,6,0,6,0,0,0,0,719,56,54,0,0,0,0,0,0,0,54,37,11,6,0,0,0,0,0,0,0,2,2,0,0,0,0,0,0,0,0,0,0,474,50,12,0,0,0,11,1,0,1,0,1,0,37,0,0,0,0,0,0,424,418,0,0,0,6,0,1,0,0,5,0,189,167,0,0,0,0,0,0,0,0,0,0,0,167,0,0,0,0,0,0,22,0,0,0,0,22,0,13,0,0,9,0
"G4802050","2010","TX","3","7","Texas","48","Hartley County","205",,,,,,,,,,,,,,,"99999","99999","999",,,,,,,,,,,,,,,,,"3786647934","3024145","Hartley County","A","+35.8402444","-102.6100473","06","9",,6062,3700,35,35,39,38,36,41,40,47,37,41,37,42,40,41,39,27,39,38,35,18,21,15,16,25,21,24,56,78,70,89,74,58,70,75,75,95,79,71,78,85,79,80,90,71,73,80,83,78,73,73,82,58,67,59,59,46,38,37,44,27,32,31,30,32,21,18,17,17,35,21,27,13,20,12,13,13,15,6,17,16,7,8,11,12,7,7,4,5,6,2,2,1,1,0,3,0,1,0,0,0,0,0,0,2362,24,30,30,39,43,40,39,33,45,30,44,51,31,32,46,34,50,36,18,13,13,12,15,16,16,26,27,15,16,33,27,30,40,30,32,22,38,42,42,32,33,26,28,29,28,27,29,29,35,39,23,32,30,26,26,25,37,24,29,25,25,22,32,32,19,18,23,23,25,32,18,15,17,21,16,15,17,13,15,7,20,11,15,10,10,9,12,4,12,9,9,4,7,3,1,2,3,2,2,0,0,0,0,4656,2345,183,206,199,104,53,21,15,59,139,132,187,167,168,165,120,47,69,30,69,80,62,41,29,2311,166,187,204,120,31,13,12,46,117,158,176,143,159,136,138,47,82,41,79,84,62,55,55,1406,1355,0,0,0,0,0,0,0,0,0,0,0,0,0,0,0,0,0,0,0,0,0,0,0,0,0,0,0,0,0,0,0,0,1329,1329,1323,0,0,1323,0,0,0,0,0,0,0,6,0,0,0,0,0,0,0,0,0,0,0,0,0,0,0,0,0,0,26,26,10,0,0,10,0,0,0,0,0,0,0,16,0,0,0,0,0,0,0,0,0,0,0,0,0,0,0,0,0,0,51,0,0,0,0,0,0,0,0,0,0,0,0,0,0,0,0,0,0,0,0,0,0,0,0,0,0,0,0,0,0,0,0,7,3,0,0,0,0,0,0,0,0,0,0,0,3,0,0,0,0,0,0,4,0,0,0,0,4,0,0,0,0,0,4,44,44,0,0,0,0,0,0,0,0,0,0,0,44,0,0,0,0,0,0,0,0,0,0,0,0,0,0,0,0,0,0
"G4802070","2010","TX","3","7","Texas","48","Haskell County","207",,,,,,,,,,,,,,,"99999","99999","999",,,,,,,,,,,,,,,,,"2339099141","18471286","Haskell County","A","+33.1759649","-099.7307727","06","9",,5899,3104,30,33,34,29,34,35,33,37,40,34,43,38,33,37,40,37,33,35,36,35,39,37,38,39,35,29,34,41,42,44,44,46,36,45,42,39,38,43,32,35,38,39,34,39,40,35,42,50,49,45,45,42,46,49,37,48,38,55,47,48,43,40,35,35,24,42,33,20,39,32,27,23,34,18,33,24,24,25,18,19,23,15,21,24,15,16,17,9,6,9,1,4,2,0,1,1,1,0,0,1,0,0,0,2795,37,32,31,31,20,36,29,45,36,25,36,35,19,28,31,38,38,46,35,28,23,20,17,17,21,26,34,19,27,20,33,28,25,25,32,32,25,25,25,29,36,19,33,22,32,32,37,44,50,46,53,38,27,40,48,45,27,35,31,43,43,34,46,44,22,36,42,43,35,25,36,18,24,28,31,31,29,27,28,23,32,23,25,23,16,25,20,17,14,14,15,3,7,7,2,3,1,1,0,1,4,0,0,5355,2642,160,179,191,105,56,24,18,70,96,138,114,141,191,201,228,79,91,74,90,135,105,93,63,2713,151,171,149,122,63,22,20,48,119,135,127,139,205,200,181,77,111,77,102,134,137,114,109,544,462,0,0,0,0,0,0,0,0,0,0,0,0,0,0,0,0,0,0,0,0,0,0,0,0,0,0,0,0,0,0,0,0,445,445,445,445,0,0,0,0,0,0,0,0,0,0,0,0,0,0,0,0,0,0,0,0,0,0,0,0,0,0,0,0,17,15,3,3,0,0,0,0,0,0,0,0,0,12,0,0,0,0,0,0,2,0,0,0,0,2,0,2,0,0,0,0,82,0,0,0,0,0,0,0,0,0,0,0,0,0,0,0,0,0,0,0,0,0,0,0,0,0,0,0,0,0,0,0,0,46,46,43,43,0,0,0,0,0,0,0,0,0,3,0,0,0,0,0,0,0,0,0,0,0,0,0,0,0,0,0,0,36,34,0,0,0,0,0,0,0,0,0,0,0,34,0,0,0,0,0,0,2,0,0,0,0,2,0,2,0,0,0,0
"G4802090","2010","TX","3","7","Texas","48","Hays County","209",,,,,,,,,,,,,,,"12420","99999","126",,,,,,,,,,,,,,,,,"1755954943","5037790","Hays County","A","+30.0612247","-098.0292673","06","1",,157107,78255,1034,1072,1046,1106,1130,1117,1071,1160,1090,1122,1191,1150,1103,1149,1130,1059,1098,1121,1480,2051,2099,2308,2189,1932,1581,1380,1187,1138,1103,1076,1120,987,1018,1015,971,1006,982,1038,981,1088,1053,975,1011,950,959,1024,956,987,1020,958,1076,998,950,913,887,940,844,877,840,784,803,717,744,782,579,566,495,488,396,364,326,349,333,264,253,234,211,197,190,183,169,150,132,110,86,86,78,60,62,40,41,30,13,13,4,5,3,8,4,1,4,1,0,78852,993,1047,1072,1038,1033,1062,1115,1048,1052,1141,1033,1059,1067,986,1046,1010,1005,1005,1663,2537,2596,2439,1972,1715,1349,1187,1015,1013,1001,971,1078,957,973,993,1005,1075,987,981,1082,1141,1015,968,916,926,943,1049,1051,1007,1075,1073,995,956,1022,965,990,994,896,931,825,832,765,704,760,752,564,592,554,510,454,384,390,366,338,315,310,273,271,234,238,212,223,195,194,165,150,142,148,118,126,88,66,60,60,50,33,26,13,17,10,1,10,0,0,150090,74879,5385,5555,5668,3141,1988,1564,2137,5497,5753,5020,4999,4847,4861,4759,4242,1512,2096,1060,1239,1506,993,629,428,75211,5182,5417,5166,2922,2099,1944,2213,4917,5154,4988,5261,4756,5245,4918,4465,1461,2062,1143,1331,1696,1185,853,833,7017,3376,200,116,3,0,0,0,3,0,0,113,0,113,0,0,0,0,0,0,0,0,84,67,0,0,0,17,1,0,0,0,8,8,3082,660,608,0,0,388,220,0,0,7,0,7,0,32,13,0,0,13,0,0,2422,2353,0,0,0,69,0,24,10,0,9,26,94,86,0,0,0,0,0,0,0,0,0,0,0,86,0,0,0,0,0,0,8,0,0,0,0,8,0,0,0,0,0,8,3641,125,55,2,0,0,0,2,0,0,53,0,53,0,0,0,0,0,0,0,0,70,54,0,0,0,16,1,0,7,0,2,6,3221,80,34,0,0,0,34,0,0,3,0,3,0,43,0,0,0,0,0,0,3141,3100,0,0,0,41,0,15,3,0,7,16,295,290,0,0,0,0,0,0,0,0,0,0,0,290,0,0,0,0,0,0,5,0,0,0,0,5,0,4,0,0,0,1
"G4802110","2010","TX","3","7","Texas","48","Hemphill County","211",,,,,,,,,,,,,,,"99999","99999","999",,,,,,,,,,,,,,,,,"2347270276","15205614","Hemphill County","A","+35.8162369","-100.2848066","06","9",,3807,1928,27,45,33,31,25,34,36,34,27,26,40,25,27,26,31,39,32,28,17,22,19,17,18,24,18,27,32,23,33,23,20,23,26,29,18,27,26,28,29,24,21,24,26,32,25,25,30,31,33,23,28,19,22,26,19,31,31,26,24,19,26,19,21,23,15,15,15,19,10,17,12,9,3,9,10,11,5,12,8,8,8,7,4,4,3,5,3,10,4,1,3,2,0,1,0,1,1,0,0,0,0,0,0,1879,25,24,39,43,34,34,25,48,26,31,39,26,32,23,14,29,30,28,25,12,10,14,12,17,29,17,18,26,19,14,37,29,28,23,26,23,25,25,21,32,15,19,28,21,23,21,29,25,19,32,22,21,31,22,22,22,24,27,27,25,20,16,20,28,16,19,15,17,9,21,14,10,14,11,11,6,4,10,18,13,8,6,6,9,7,6,6,1,3,4,1,6,3,2,5,0,1,5,0,0,1,0,0,3767,1920,161,157,149,99,38,19,17,59,138,116,133,128,140,114,131,45,58,30,46,43,43,26,30,1847,165,164,134,87,37,10,14,58,94,143,126,106,125,118,124,36,63,34,47,58,49,31,24,40,8,0,0,0,0,0,0,0,0,0,0,0,0,0,0,0,0,0,0,0,0,0,0,0,0,0,0,0,0,0,0,0,0,6,6,4,0,0,0,4,0,0,0,0,0,0,2,0,0,0,0,0,0,0,0,0,0,0,0,0,0,0,0,0,0,2,2,0,0,0,0,0,0,0,0,0,0,0,2,0,0,0,0,0,0,0,0,0,0,0,0,0,0,0,0,0,0,32,0,0,0,0,0,0,0,0,0,0,0,0,0,0,0,0,0,0,0,0,0,0,0,0,0,0,0,0,0,0,0,0,3,3,0,0,0,0,0,0,0,0,0,0,0,3,0,0,0,0,0,0,0,0,0,0,0,0,0,0,0,0,0,0,29,29,0,0,0,0,0,0,0,0,0,0,0,29,0,0,0,0,0,0,0,0,0,0,0,0,0,0,0,0,0,0
"G4802130","2010","TX","3","7","Texas","48","Henderson County","213",,,,,,,,,,,,,,,"11980","99999","206",,,,,,,,,,,,,,,,,"2262997188","193170040","Henderson County","A","+32.2116334","-095.8534183","06","2",,78532,38468,449,467,477,470,487,512,500,531,453,543,557,536,552,522,521,500,537,556,543,535,497,424,391,375,392,435,382,439,386,425,383,397,424,379,427,414,361,400,470,485,426,493,472,478,503,495,529,549,541,558,574,508,586,584,541,554,536,552,495,509,561,513,543,543,437,489,482,472,443,410,398,437,396,315,360,308,249,271,253,221,227,177,154,130,125,109,92,85,57,53,37,21,26,23,19,6,3,1,1,1,3,0,0,40064,435,490,469,452,472,481,461,456,484,490,489,495,479,517,533,472,515,482,515,513,420,392,401,394,422,414,387,383,382,440,430,432,410,418,406,398,413,445,489,522,495,478,466,438,467,478,529,578,595,629,601,625,597,584,533,586,565,557,577,546,563,564,625,640,472,549,504,559,511,469,446,419,348,344,356,344,338,312,305,283,251,228,211,214,176,180,145,125,106,82,83,74,32,51,35,24,29,12,14,5,12,2,0,77290,37829,2350,2539,2685,1590,964,451,401,1111,2006,1965,2090,2325,2640,2768,2634,1068,1510,967,1321,1887,1281,788,488,39461,2317,2372,2511,1468,948,382,381,1205,1992,2077,2252,2328,2796,2927,2819,1120,1729,1050,1527,1883,1540,1002,835,1242,639,6,2,2,0,0,0,2,0,0,0,0,0,0,0,0,0,0,0,0,0,4,1,0,0,0,3,3,0,0,0,0,0,511,322,283,0,0,0,283,0,0,0,0,0,0,39,0,0,0,0,0,0,189,180,0,0,0,9,2,0,0,0,0,7,122,122,0,0,0,0,0,0,0,0,0,0,0,122,0,0,0,0,0,0,0,0,0,0,0,0,0,0,0,0,0,0,603,4,0,0,0,0,0,0,0,0,0,0,0,0,0,0,0,0,0,0,0,4,0,0,0,0,4,4,0,0,0,0,0,258,125,81,0,0,0,81,0,0,0,0,0,0,44,0,0,0,0,0,0,133,125,0,0,0,8,5,3,0,0,0,0,341,340,0,0,0,0,0,0,0,0,0,0,0,340,0,0,0,0,0,0,1,0,0,0,0,1,1,0,0,0,0,0
"G4802150","2010","TX","3","7","Texas","48","Hidalgo County","215",,,,,,,,,,,,,,,"32580","99999","999",,,,,,,,,,,,,,,,,"4068521768","31191087","Hidalgo County","A","+26.3963839","-098.1809900","06","1",,774769,376944,7371,7519,7535,7488,7715,7977,7750,7763,7844,7923,7913,7661,7439,7282,7385,7296,7267,7270,6920,6433,6145,5567,5628,5368,5363,5363,5236,5314,5291,5432,5364,4894,5006,5177,5176,5333,5188,5177,4976,5046,5082,4616,4459,4326,4360,4211,4107,4184,4040,3834,3826,3576,3531,3436,3262,3216,2968,3019,2768,2837,2798,2696,2679,2611,2258,2195,2168,2031,1877,1796,1855,1661,1578,1553,1479,1468,1363,1213,1212,1186,1138,959,906,803,737,615,595,517,377,303,224,141,141,102,74,48,56,22,20,15,19,2,0,397825,7291,7231,7426,7519,7443,7523,7419,7574,7634,7859,7474,7247,6986,7267,7155,7005,7059,6974,6844,6412,6028,5705,5532,5561,5564,5459,5431,5547,5728,5810,5650,5339,5579,5736,5728,5799,5588,5691,5711,5555,5586,5068,5057,4850,4782,4652,4434,4360,4326,4293,4236,3999,4052,3888,3794,3786,3448,3534,3289,3374,3379,3097,3063,3008,2588,2654,2480,2389,2160,2134,2116,1925,1965,1879,1831,1781,1547,1495,1459,1462,1354,1235,1168,1050,977,854,687,609,555,455,367,245,211,189,154,117,81,64,34,32,77,7,0,767787,371824,37604,39234,37613,21631,13090,6018,5409,15947,25911,25009,25151,22415,20011,17399,14678,5454,7507,4326,5666,8036,6322,4378,3015,395963,36871,37981,36094,21008,13014,5940,5655,16593,27911,28003,28318,25320,22040,19945,17395,6458,8625,5110,6659,9660,7617,5539,4207,6982,5120,316,267,0,0,0,0,0,0,0,171,2,27,142,0,96,0,0,0,0,96,49,4,0,0,0,45,10,0,0,0,12,23,4098,3506,3379,0,95,2492,756,36,0,0,0,0,0,120,7,0,0,0,0,7,592,376,0,0,0,216,23,20,92,0,17,64,706,672,22,0,3,19,0,0,0,0,0,0,0,641,9,0,0,9,0,0,34,0,0,0,0,34,4,8,0,0,1,21,1862,132,42,0,0,0,0,0,0,0,42,3,14,25,0,0,0,0,0,0,0,90,1,0,0,0,89,12,0,0,0,38,39,723,155,48,0,19,1,27,1,0,0,0,0,0,107,0,0,0,0,0,0,568,413,0,0,0,155,24,7,27,0,22,75,1007,953,0,0,0,0,0,0,0,0,0,0,0,953,0,0,0,0,0,0,54,0,0,0,0,54,9,16,0,0,1,28
"G4802170","2010","TX","3","7","Texas","48","Hill County","217",,,,,,,,,,,,,,,"99999","99999","999",,,,,,,,,,,,,,,,,"2483445279","69557248","Hill County","A","+31.9822401","-097.1298856","06","9",,35089,17208,237,194,233,227,232,266,241,213,258,250,254,245,227,258,265,231,254,223,271,236,182,194,188,204,205,184,176,184,185,214,196,173,186,188,154,181,173,174,186,219,211,202,223,188,229,211,229,241,234,228,282,209,247,241,206,255,241,225,216,212,254,204,238,249,193,200,221,206,196,188,170,168,177,140,124,128,123,105,94,101,109,87,66,74,49,56,39,35,33,25,24,8,12,7,6,3,1,1,1,1,1,0,0,17881,212,242,242,242,230,207,211,230,250,245,234,223,264,267,232,226,211,244,204,254,242,169,213,191,206,179,200,191,177,205,198,171,175,179,189,192,177,191,219,199,220,213,207,176,228,232,214,241,259,286,244,249,248,253,243,265,248,213,238,239,262,255,238,267,171,241,203,208,165,177,201,152,167,147,114,149,155,115,126,110,108,98,98,85,79,68,76,56,79,51,40,34,22,27,19,23,27,4,7,4,3,1,0,34260,16824,1123,1224,1240,701,427,157,178,571,925,871,918,1044,1128,1172,1139,455,678,414,583,771,527,365,213,17436,1168,1137,1215,673,381,205,167,603,942,907,971,1042,1222,1231,1196,515,671,442,545,763,633,418,389,829,384,20,20,1,0,0,0,1,0,0,19,19,0,0,0,0,0,0,0,0,0,0,0,0,0,0,0,0,0,0,0,0,0,258,135,113,0,0,0,113,0,0,0,0,0,0,22,0,0,0,0,0,0,123,122,0,0,0,1,0,1,0,0,0,0,106,106,0,0,0,0,0,0,0,0,0,0,0,106,0,0,0,0,0,0,0,0,0,0,0,0,0,0,0,0,0,0,445,19,17,0,0,0,0,0,0,0,17,17,0,0,0,0,0,0,0,0,0,2,2,0,0,0,0,0,0,0,0,0,0,177,54,25,0,0,0,25,0,0,0,0,0,0,29,0,0,0,0,0,0,123,122,0,0,0,1,0,1,0,0,0,0,249,249,0,0,0,0,0,0,0,0,0,0,0,249,0,0,0,0,0,0,0,0,0,0,0,0,0,0,0,0,0,0
"G4802190","2010","TX","3","7","Texas","48","Hockley County","219",,,,,,,,,,,,,,,"30220","99999","352",,,,,,,,,,,,,,,,,"2352723875","446121","Hockley County","A","+33.6059320","-102.3433978","06","2",,22935,11297,161,174,177,177,182,177,166,182,173,185,173,200,154,152,138,191,173,200,260,271,256,202,135,147,161,147,161,154,150,144,160,129,127,111,124,128,99,109,130,110,129,115,118,98,148,165,138,156,172,128,169,170,166,142,191,153,145,156,138,127,125,110,102,102,96,96,95,94,75,73,70,52,61,79,65,64,61,50,43,39,39,38,24,44,19,29,12,7,18,10,7,5,4,5,4,2,1,1,2,0,0,0,0,11638,159,181,196,170,177,169,178,175,167,169,181,169,152,180,159,177,149,184,238,277,242,151,143,150,156,139,156,143,139,142,148,147,118,129,125,109,114,131,140,140,132,122,134,121,134,158,147,166,157,204,161,137,162,140,162,132,158,153,136,132,104,129,124,115,110,94,94,111,92,82,78,74,92,76,88,79,59,68,54,57,51,52,44,40,47,32,20,25,31,20,20,7,12,11,12,4,3,1,5,0,4,0,0,22294,10952,871,883,817,564,398,175,175,425,742,642,566,601,749,831,716,233,299,189,238,324,250,161,103,11342,883,858,841,505,356,190,137,444,717,658,631,640,829,758,708,230,344,187,285,403,313,229,196,641,345,0,0,0,0,0,0,0,0,0,0,0,0,0,0,0,0,0,0,0,0,0,0,0,0,0,0,0,0,0,0,0,0,322,68,51,0,0,0,48,3,0,0,0,0,0,17,0,0,0,0,0,0,254,244,0,0,0,10,0,10,0,0,0,0,23,23,0,0,0,0,0,0,0,0,0,0,0,23,0,0,0,0,0,0,0,0,0,0,0,0,0,0,0,0,0,0,296,5,0,0,0,0,0,0,0,0,0,0,0,0,0,0,0,0,0,0,0,5,2,0,0,0,3,0,3,0,0,0,0,265,27,8,0,0,0,6,2,0,0,0,0,0,19,0,0,0,0,0,0,238,230,0,0,0,8,0,7,0,0,0,1,26,25,0,0,0,0,0,0,0,0,0,0,0,25,0,0,0,0,0,0,1,0,0,0,0,1,0,0,0,0,0,1
"G4802210","2010","TX","3","7","Texas","48","Hood County","221",,,,,,,,,,,,,,,"24180","99999","206",,,,,,,,,,,,,,,,,"1089456081","41924572","Hood County","A","+32.4301490","-097.8316766","06","2",,51182,25181,273,280,288,305,319,312,279,298,280,317,338,309,299,331,333,360,344,352,303,239,246,221,251,236,240,265,267,260,289,286,264,239,267,241,200,230,255,257,262,288,305,261,268,280,310,339,335,360,379,399,392,359,401,363,387,403,424,323,364,343,385,345,395,431,314,357,402,342,315,321,298,321,278,252,263,226,210,179,167,163,159,160,97,99,88,68,70,63,53,43,22,21,18,14,7,6,6,1,1,1,2,0,0,26001,272,270,328,309,274,268,303,318,274,259,326,288,306,295,265,288,322,320,296,205,228,225,230,244,198,280,269,270,257,271,247,241,213,242,262,260,229,251,325,275,308,301,277,323,290,355,337,377,361,364,431,416,369,409,427,388,386,475,371,379,433,434,413,407,368,418,360,362,345,340,300,296,270,272,278,246,212,202,181,175,176,161,127,156,134,123,109,114,94,91,49,46,35,33,29,18,12,20,10,3,2,0,0,50481,24838,1465,1486,1601,1014,534,237,215,705,1334,1193,1267,1404,1791,1883,1845,723,1135,752,973,1405,931,582,363,25643,1453,1422,1477,913,501,228,224,668,1337,1201,1332,1495,1786,2037,1989,865,1180,776,1037,1399,984,716,623,701,343,51,50,2,0,0,0,2,0,0,48,0,0,48,0,0,0,0,0,0,0,1,0,0,0,0,1,0,1,0,0,0,0,205,194,159,0,0,0,159,0,0,0,0,0,0,35,0,0,0,0,0,0,11,0,0,0,0,11,0,11,0,0,0,0,87,86,0,0,0,0,0,0,0,0,0,0,0,74,12,0,0,12,0,0,1,0,0,0,0,1,0,0,0,0,1,0,358,20,20,1,0,0,0,1,0,0,19,0,0,19,0,0,0,0,0,0,0,0,0,0,0,0,0,0,0,0,0,0,0,74,59,23,0,0,0,23,0,0,0,0,0,0,36,0,0,0,0,0,0,15,0,0,0,0,15,0,15,0,0,0,0,264,263,0,0,0,0,0,0,0,0,0,0,0,215,48,0,0,48,0,0,1,0,0,0,0,1,0,0,0,0,1,0
"G4802230","2010","TX","3","7","Texas","48","Hopkins County","223",,,,,,,,,,,,,,,"44860","99999","999",,,,,,,,,,,,,,,,,"1986971988","66297428","Hopkins County","A","+33.1489586","-095.5651936","06","2",,35161,17421,255,257,247,257,242,236,281,226,253,293,264,254,226,268,258,264,289,269,249,223,189,200,219,199,235,209,195,207,209,210,224,180,209,200,194,197,204,193,233,222,221,234,222,196,222,242,259,279,263,237,255,249,244,250,265,239,231,206,222,200,203,217,192,199,187,189,185,180,140,144,134,138,112,125,111,114,101,92,83,74,75,75,57,49,52,42,36,30,26,20,21,11,7,6,6,6,2,3,1,0,1,0,0,17740,231,223,221,248,253,232,245,259,244,239,218,250,245,220,250,254,266,257,238,206,188,174,218,219,190,207,194,216,178,201,195,199,186,196,205,219,243,200,238,227,216,239,246,182,243,254,244,221,271,261,253,236,243,233,250,249,225,231,222,215,230,253,224,236,171,175,181,176,173,190,132,142,128,131,134,140,132,113,102,96,95,94,70,68,63,69,59,54,52,50,47,35,26,14,14,7,5,8,6,10,7,2,0,34730,17209,1257,1289,1270,822,463,184,194,640,1009,993,1036,1084,1271,1254,1086,418,573,373,458,606,446,290,193,17521,1175,1219,1181,767,444,186,174,624,992,977,1125,1124,1249,1213,1139,480,630,352,534,651,563,360,362,431,212,1,0,0,0,0,0,0,0,0,0,0,0,0,0,0,0,0,0,0,0,1,0,0,0,0,1,0,0,0,0,1,0,129,94,64,0,0,0,64,0,0,0,0,0,0,30,0,0,0,0,0,0,35,0,0,0,0,35,0,0,29,0,6,0,82,82,0,0,0,0,0,0,0,0,0,0,0,82,0,0,0,0,0,0,0,0,0,0,0,0,0,0,0,0,0,0,219,13,12,0,0,0,0,0,0,0,12,12,0,0,0,0,0,0,0,0,0,1,0,0,0,0,1,0,0,0,0,1,0,28,26,13,0,0,0,13,0,0,0,0,0,0,13,0,0,0,0,0,0,2,0,0,0,0,2,0,0,0,0,2,0,178,178,0,0,0,0,0,0,0,0,0,0,0,178,0,0,0,0,0,0,0,0,0,0,0,0,0,0,0,0,0,0
"G4802250","2010","TX","3","7","Texas","48","Houston County","225",,,,,,,,,,,,,,,"99999","99999","999",,,,,,,,,,,,,,,,,"3188040155","14673927","Houston County","A","+31.3230362","-095.4215995","06","9",,23732,12769,132,158,118,146,152,152,135,126,129,115,138,132,141,118,161,188,179,183,181,125,98,94,113,127,160,127,150,169,160,179,168,164,145,164,144,165,163,194,190,202,189,166,212,181,196,231,209,224,204,231,226,209,216,211,200,187,158,170,177,142,142,147,146,153,156,154,132,140,122,141,121,103,113,91,91,119,79,97,64,66,53,65,34,50,46,37,36,32,33,23,18,10,11,5,2,5,3,2,1,1,1,0,0,10963,130,137,119,130,140,125,125,109,125,133,128,129,146,107,112,118,142,168,123,129,99,100,92,109,91,103,112,124,123,106,133,105,119,105,96,108,105,120,126,126,121,120,110,121,143,136,142,157,160,139,160,146,174,173,155,176,171,156,167,149,132,143,166,167,141,161,129,136,149,113,113,130,97,114,107,98,92,84,80,78,67,75,82,82,57,67,52,57,40,38,31,23,26,18,10,12,13,16,4,2,7,1,0,20824,10063,706,657,681,468,279,91,82,276,541,459,550,517,660,730,697,262,407,269,387,500,410,234,200,10761,656,617,622,428,250,98,99,290,568,555,582,615,733,805,816,274,471,287,391,548,412,326,318,2908,2706,91,91,1,0,0,1,0,0,0,90,0,0,90,0,0,0,0,0,0,0,0,0,0,0,0,0,0,0,0,0,0,0,2514,2499,2464,0,0,2403,61,0,0,19,0,0,19,16,0,0,0,0,0,0,15,0,0,0,0,15,0,0,0,0,15,0,101,101,32,0,0,32,0,0,0,0,0,0,0,69,0,0,0,0,0,0,0,0,0,0,0,0,0,0,0,0,0,0,202,0,0,0,0,0,0,0,0,0,0,0,0,0,0,0,0,0,0,0,0,0,0,0,0,0,0,0,0,0,0,0,0,23,15,9,0,0,0,9,0,0,0,0,0,0,6,0,0,0,0,0,0,8,0,0,0,0,8,0,0,0,0,8,0,179,179,0,0,0,0,0,0,0,0,0,0,0,179,0,0,0,0,0,0,0,0,0,0,0,0,0,0,0,0,0,0
"G4802270","2010","TX","3","7","Texas","48","Howard County","227",,,,,,,,,,,,,,,"13700","99999","999",,,,,,,,,,,,,,,,,"2333038341","8841951","Howard County","A","+32.3035834","-101.4385304","06","2",,35012,19720,213,235,210,246,241,236,215,217,244,213,215,202,211,180,211,202,224,310,387,287,436,187,367,344,195,337,283,262,317,264,155,417,236,243,317,240,168,141,342,163,293,167,258,249,384,367,167,508,458,387,683,381,299,347,371,466,221,299,174,183,179,187,145,166,129,137,127,135,204,116,88,96,104,98,91,97,92,67,84,103,83,53,53,50,47,48,37,27,34,19,12,9,10,7,4,4,2,0,0,1,0,0,0,15292,231,225,210,234,222,230,192,197,222,219,211,200,243,186,188,199,218,205,266,244,196,178,195,216,170,214,155,210,207,187,182,157,161,178,194,173,154,161,187,173,219,176,164,159,190,203,198,202,235,220,195,238,192,216,225,221,226,155,211,168,192,179,153,180,109,140,126,145,136,129,120,118,110,120,104,101,120,116,93,91,92,80,68,58,75,54,35,49,34,44,33,26,12,12,10,7,3,7,5,1,2,0,0,28932,14101,1145,1125,1019,654,367,160,155,550,886,787,789,781,992,1016,1000,351,427,256,371,461,411,252,146,14831,1122,1060,1028,617,434,161,169,556,940,831,818,886,1027,1046,977,364,438,266,396,565,510,348,272,6080,5619,82,81,81,45,35,0,1,0,0,0,0,0,0,0,0,0,0,0,0,0,1,1,0,0,0,0,0,0,0,0,0,0,5295,5118,4968,2769,2145,0,54,0,0,0,0,0,0,20,130,130,0,0,0,0,177,144,0,0,0,33,12,12,0,0,0,9,242,241,78,44,34,0,0,0,0,0,0,0,0,153,10,10,0,0,0,0,1,0,0,0,0,1,0,0,0,0,0,1,461,5,2,2,1,1,0,0,0,0,0,0,0,0,0,0,0,0,0,0,0,3,3,0,0,0,0,0,0,0,0,0,0,337,211,162,78,71,0,13,0,0,0,0,0,0,3,46,46,0,0,0,0,126,116,0,0,0,10,3,7,0,0,0,0,119,115,5,3,2,0,0,0,0,0,0,0,0,104,6,6,0,0,0,0,4,0,0,0,0,4,0,0,0,0,0,4
"G4802290","2010","TX","3","7","Texas","48","Hudspeth County","229",,,,,,,,,,,,,,,"99999","99999","999",,,,,,,,,,,,,,,,,"11838791961","2191046","Hudspeth County","A","+31.4508678","-105.3775489","06","9",,3476,1750,25,29,29,31,15,23,26,27,22,28,27,36,22,36,31,33,37,28,38,20,19,17,23,18,15,17,22,19,21,25,14,18,14,17,13,14,17,19,23,11,23,26,18,29,15,19,24,26,31,32,22,28,24,21,27,18,29,20,22,20,19,24,16,26,19,27,17,21,10,20,16,14,14,12,13,5,7,7,14,5,7,13,10,6,2,2,1,1,3,1,0,0,1,2,1,0,0,1,0,0,0,0,0,1726,26,16,21,17,33,39,34,27,32,23,33,31,28,28,37,31,48,38,13,33,13,15,15,19,9,26,20,12,17,18,14,20,20,31,12,23,14,16,10,21,21,29,21,22,14,26,20,24,25,24,26,22,29,28,34,28,21,28,16,21,22,17,26,17,13,16,15,8,17,16,19,8,12,6,11,10,7,15,6,7,9,7,8,3,2,7,2,1,3,1,3,0,0,0,0,0,0,0,0,0,0,0,0,3390,1676,129,126,152,95,56,17,15,50,90,59,77,100,126,119,108,43,61,44,51,69,38,38,13,1714,113,155,157,117,46,13,14,43,89,94,83,106,118,139,113,39,56,31,41,56,45,29,17,86,74,3,3,3,3,0,0,0,0,0,0,0,0,0,0,0,0,0,0,0,0,0,0,0,0,0,0,0,0,0,0,0,0,71,71,71,71,0,0,0,0,0,0,0,0,0,0,0,0,0,0,0,0,0,0,0,0,0,0,0,0,0,0,0,0,0,0,0,0,0,0,0,0,0,0,0,0,0,0,0,0,0,0,0,0,0,0,0,0,0,0,0,0,0,0,0,0,12,0,0,0,0,0,0,0,0,0,0,0,0,0,0,0,0,0,0,0,0,0,0,0,0,0,0,0,0,0,0,0,0,12,12,12,12,0,0,0,0,0,0,0,0,0,0,0,0,0,0,0,0,0,0,0,0,0,0,0,0,0,0,0,0,0,0,0,0,0,0,0,0,0,0,0,0,0,0,0,0,0,0,0,0,0,0,0,0,0,0,0,0,0,0,0,0
"G4802310","2010","TX","3","7","Texas","48","Hunt County","231",,,,,,,,,,,,,,,"19100","19124","206",,,,,,,,,,,,,,,,,"2176414426","108014750","Hunt County","A","+33.1234378","-096.0838072","06","1",,86129,42700,551,566,608,614,643,554,636,616,636,593,686,621,618,633,648,645,606,628,686,654,595,573,589,619,647,563,481,546,457,560,527,472,454,487,487,499,488,533,527,518,596,550,545,526,557,622,643,617,651,671,665,619,600,611,646,641,582,524,498,475,510,490,507,515,382,429,413,388,377,337,314,330,297,274,265,214,176,206,194,174,146,117,108,121,100,86,59,52,60,36,37,19,10,20,7,12,5,4,4,1,1,0,0,43429,520,509,578,539,585,564,543,586,614,622,554,614,575,584,571,552,589,618,649,640,627,661,572,573,517,525,559,503,488,530,500,508,523,501,467,491,507,557,567,565,563,554,544,573,584,624,653,666,666,665,612,634,631,663,617,610,569,550,498,534,501,508,525,504,426,442,411,445,406,389,329,318,305,283,328,275,277,232,223,212,195,178,161,139,149,139,112,109,107,92,74,62,49,52,27,26,23,14,10,4,11,0,0,84260,41831,2981,3034,3189,1863,1140,518,526,1722,2513,2386,2528,2753,3174,3117,2700,995,1389,838,1093,1469,945,577,381,42429,2731,2926,2889,1738,1028,538,573,1571,2549,2480,2658,2806,3258,3141,2745,1005,1441,846,1235,1547,1196,770,758,1869,869,35,23,2,0,0,0,2,0,0,21,7,0,14,0,0,0,0,0,0,0,12,1,0,0,0,11,2,0,0,0,9,0,744,250,223,0,0,0,223,0,0,1,1,0,0,26,0,0,0,0,0,0,494,457,0,0,0,37,3,30,0,0,4,0,90,90,4,0,0,0,4,0,0,0,0,0,0,86,0,0,0,0,0,0,0,0,0,0,0,0,0,0,0,0,0,0,1000,33,6,1,0,0,0,1,0,0,5,2,0,3,0,0,0,0,0,0,0,27,8,0,0,0,19,1,0,0,0,18,0,711,75,41,0,0,0,41,0,0,0,0,0,0,34,0,0,0,0,0,0,636,593,0,0,0,43,5,27,6,0,5,0,256,256,0,0,0,0,0,0,0,0,0,0,0,256,0,0,0,0,0,0,0,0,0,0,0,0,0,0,0,0,0,0
"G4802330","2010","TX","3","7","Texas","48","Hutchinson County","233",,,,,,,,,,,,,,,"14420","99999","999",,,,,,,,,,,,,,,,,"2298404081","19511584","Hutchinson County","A","+35.8370470","-101.3627461","06","2",,22150,11077,163,164,197,145,142,164,144,168,165,188,160,167,157,155,158,191,159,186,157,136,113,106,114,110,135,127,146,159,135,138,141,139,141,138,137,143,124,145,121,127,121,125,121,133,112,122,137,146,163,171,177,166,178,200,163,187,174,159,146,169,141,124,138,107,92,100,113,85,75,86,89,59,61,77,73,51,63,61,58,52,55,48,52,54,36,33,29,21,16,19,9,6,7,6,4,1,0,1,0,0,0,0,0,11073,155,158,159,161,157,182,151,153,157,146,164,161,150,171,171,168,141,150,138,117,120,124,119,119,126,131,123,157,125,116,135,145,145,146,116,143,133,145,137,129,142,120,121,110,112,120,158,137,154,163,144,172,175,180,155,171,159,181,145,167,118,123,130,101,105,100,93,88,106,62,84,92,72,80,72,74,68,83,74,71,71,66,67,61,51,41,46,33,24,20,20,11,8,4,9,6,4,3,1,1,0,0,0,21989,10963,811,829,797,530,278,104,103,352,686,686,656,600,733,878,832,265,335,211,245,358,284,242,148,11026,790,789,817,459,253,119,124,360,652,684,681,601,732,825,820,240,336,192,255,396,368,309,224,161,114,6,6,6,0,0,0,6,0,0,0,0,0,0,0,0,0,0,0,0,0,0,0,0,0,0,0,0,0,0,0,0,0,96,72,69,0,0,0,69,0,0,0,0,0,0,3,0,0,0,0,0,0,24,22,0,0,0,2,0,2,0,0,0,0,12,12,4,0,0,0,4,0,0,0,0,0,0,8,0,0,0,0,0,0,0,0,0,0,0,0,0,0,0,0,0,0,47,0,0,0,0,0,0,0,0,0,0,0,0,0,0,0,0,0,0,0,0,0,0,0,0,0,0,0,0,0,0,0,0,25,18,14,0,0,0,14,0,0,0,0,0,0,4,0,0,0,0,0,0,7,6,0,0,0,1,0,1,0,0,0,0,22,22,0,0,0,0,0,0,0,0,0,0,0,22,0,0,0,0,0,0,0,0,0,0,0,0,0,0,0,0,0,0
"G4802350","2010","TX","3","7","Texas","48","Irion County","235",,,,,,,,,,,,,,,"41660","99999","999",,,,,,,,,,,,,,,,,"2723534675","176316","Irion County","A","+31.3034241","-100.9813037","06","1",,1599,807,7,10,7,7,6,6,9,11,16,6,15,8,7,16,18,12,16,15,16,11,5,11,4,7,9,10,9,5,4,7,2,6,9,7,5,9,8,9,14,7,7,10,10,10,9,15,16,18,10,12,20,17,17,12,15,6,10,11,7,10,13,12,20,12,6,3,15,10,15,14,4,6,7,5,5,5,6,8,7,2,3,4,2,7,0,0,3,2,0,1,0,1,1,0,0,0,0,0,0,0,0,0,0,792,7,6,8,4,6,6,13,6,9,7,10,13,8,16,12,16,13,16,14,5,3,6,3,10,5,9,9,2,5,6,5,5,12,9,7,7,8,9,9,4,18,14,8,11,6,18,11,13,18,16,9,13,16,22,9,11,13,16,10,4,14,9,11,12,7,13,11,7,9,12,8,10,3,3,8,9,7,4,8,7,5,3,6,2,2,2,2,2,2,1,1,2,3,0,0,0,0,0,2,0,1,0,0,1599,807,37,48,64,43,27,5,11,20,35,29,47,46,71,81,44,25,38,18,39,27,28,16,8,792,31,41,59,45,19,3,6,18,31,38,37,57,76,69,54,23,30,24,28,32,35,18,18,0,0,0,0,0,0,0,0,0,0,0,0,0,0,0,0,0,0,0,0,0,0,0,0,0,0,0,0,0,0,0,0,0,0,0,0,0,0,0,0,0,0,0,0,0,0,0,0,0,0,0,0,0,0,0,0,0,0,0,0,0,0,0,0,0,0,0,0,0,0,0,0,0,0,0,0,0,0,0,0,0,0,0,0,0,0,0,0,0,0,0,0,0,0,0,0,0,0,0,0,0,0,0,0,0,0,0,0,0,0,0,0,0,0,0,0,0,0,0,0,0,0,0,0,0,0,0,0,0,0,0,0,0,0,0,0,0,0,0,0,0,0,0,0,0,0,0,0,0,0,0,0,0,0,0,0,0,0,0,0,0,0,0,0,0,0,0,0,0,0,0,0,0,0,0,0,0,0,0,0,0,0,0,0,0,0,0,0,0,0,0,0,0,0,0
"G4802370","2010","TX","3","7","Texas","48","Jack County","237",,,,,,,,,,,,,,,"99999","99999","999",,,,,,,,,,,,,,,,,"2358603193","24512768","Jack County","A","+33.2322769","-098.1719017","06","9",,9044,5030,39,44,53,65,55,59,51,51,49,52,79,60,57,59,51,52,76,64,67,77,84,83,88,78,86,95,96,78,76,71,69,66,74,72,72,60,81,77,75,61,69,71,85,72,68,80,94,89,86,78,76,68,81,74,75,60,57,78,55,44,51,52,56,53,51,46,37,32,48,42,39,35,41,17,40,27,21,31,17,17,21,18,16,12,10,8,7,5,7,3,2,2,1,0,1,0,0,0,2,0,0,0,0,4014,59,45,38,42,45,42,50,58,51,58,62,64,60,66,64,58,56,58,51,40,36,37,56,32,49,36,35,38,35,45,33,34,38,43,37,58,46,57,45,52,53,47,62,42,51,59,56,56,60,70,61,60,51,57,64,50,48,71,53,40,42,60,53,59,35,50,47,50,35,46,42,35,35,33,34,39,28,26,27,23,31,26,19,16,18,20,14,9,10,7,6,7,4,2,0,3,1,0,0,1,1,0,0,7904,3943,256,262,306,192,94,47,30,125,204,190,223,264,331,305,267,98,158,80,121,170,111,77,32,3961,229,259,316,171,91,35,35,137,183,184,253,253,299,292,261,102,146,97,129,175,140,105,69,1140,1087,0,0,0,0,0,0,0,0,0,0,0,0,0,0,0,0,0,0,0,0,0,0,0,0,0,0,0,0,0,0,0,0,1073,1073,1073,0,0,1029,44,0,0,0,0,0,0,0,0,0,0,0,0,0,0,0,0,0,0,0,0,0,0,0,0,0,14,14,3,0,0,3,0,0,0,0,0,0,0,11,0,0,0,0,0,0,0,0,0,0,0,0,0,0,0,0,0,0,53,1,1,1,0,0,0,1,0,0,0,0,0,0,0,0,0,0,0,0,0,0,0,0,0,0,0,0,0,0,0,0,0,22,22,19,0,0,1,18,0,0,0,0,0,0,3,0,0,0,0,0,0,0,0,0,0,0,0,0,0,0,0,0,0,30,30,1,0,0,0,1,0,0,0,0,0,0,29,0,0,0,0,0,0,0,0,0,0,0,0,0,0,0,0,0,0
"G4802390","2010","TX","3","7","Texas","48","Jackson County","239",,,,,,,,,,,,,,,"99999","99999","999",,,,,,,,,,,,,,,,,"2148225451","71061093","Jackson County","A","+28.9598019","-096.5890800","06","9",,14075,6947,116,92,99,85,99,92,105,91,89,116,118,85,121,117,96,101,96,121,105,77,65,82,70,74,89,81,81,102,86,87,82,94,73,72,61,91,61,84,76,77,74,80,82,70,94,95,88,106,91,120,99,103,105,101,96,111,94,108,107,105,88,65,84,74,81,67,74,59,63,65,55,59,57,32,50,48,34,39,35,45,30,33,30,13,26,15,24,21,20,7,2,3,2,4,4,0,0,0,0,0,1,0,0,7128,94,110,109,111,115,101,97,101,89,90,97,79,86,106,96,81,84,94,105,95,74,54,72,71,81,70,83,94,84,92,86,85,89,68,70,68,84,87,92,73,67,74,75,68,91,105,113,90,111,105,87,103,121,88,122,113,113,95,84,100,82,77,72,83,76,65,74,89,71,70,61,53,51,62,60,39,60,64,54,51,42,44,31,34,31,31,20,27,13,22,14,21,7,12,4,7,5,1,3,1,2,0,0,13858,6829,491,493,537,318,182,62,80,228,425,371,382,394,488,498,521,148,239,140,184,243,190,120,95,7029,539,478,464,259,200,72,54,219,422,393,403,374,523,519,504,158,231,137,228,282,254,163,153,217,118,0,0,0,0,0,0,0,0,0,0,0,0,0,0,0,0,0,0,0,0,0,0,0,0,0,0,0,0,0,0,0,0,73,73,55,0,0,0,55,0,0,0,0,0,0,18,0,0,0,0,0,0,0,0,0,0,0,0,0,0,0,0,0,0,45,45,0,0,0,0,0,0,0,0,0,0,0,44,1,0,0,1,0,0,0,0,0,0,0,0,0,0,0,0,0,0,99,0,0,0,0,0,0,0,0,0,0,0,0,0,0,0,0,0,0,0,0,0,0,0,0,0,0,0,0,0,0,0,0,20,20,7,0,0,0,7,0,0,0,0,0,0,13,0,0,0,0,0,0,0,0,0,0,0,0,0,0,0,0,0,0,79,79,0,0,0,0,0,0,0,0,0,0,0,70,9,0,0,9,0,0,0,0,0,0,0,0,0,0,0,0,0,0
"G4802410","2010","TX","3","7","Texas","48","Jasper County","241",,,,,,,,,,,,,,,"99999","99999","999",,,,,,,,,,,,,,,,,"2431597700","79907584","Jasper County","A","+30.7529323","-094.0222943","06","9",,35710,17543,232,231,229,259,239,275,280,239,265,252,241,217,245,261,227,277,256,290,217,205,190,198,188,158,179,209,208,235,206,197,220,200,187,199,215,184,207,187,191,258,200,235,248,197,210,233,234,230,292,264,249,267,245,294,248,253,272,230,223,219,247,206,219,243,178,196,178,219,151,148,163,135,121,124,125,121,126,110,90,102,83,72,63,59,47,55,18,38,31,20,21,6,7,5,1,7,2,2,3,0,5,0,0,18167,268,241,259,250,231,247,257,236,215,248,249,240,201,238,262,249,237,252,235,188,187,153,193,193,197,215,192,204,191,235,208,177,198,181,178,195,170,176,231,205,227,219,209,226,228,262,249,282,264,274,276,225,308,283,239,269,274,246,213,257,260,259,250,222,186,219,215,194,189,160,196,197,154,139,154,156,133,115,103,112,113,89,98,83,64,81,58,42,43,39,27,26,15,18,12,12,3,5,4,4,6,0,0,34769,16783,1190,1310,1191,823,402,170,176,463,927,913,929,1020,1194,1255,1165,449,631,367,511,650,536,306,205,17986,1247,1203,1190,738,419,187,152,583,1027,938,975,1107,1327,1326,1250,515,650,428,536,821,597,423,347,941,760,1,0,0,0,0,0,0,0,0,0,0,0,0,0,0,0,0,0,0,0,1,0,0,0,0,1,0,0,0,0,0,1,680,672,644,0,0,588,56,0,0,0,0,0,0,28,0,0,0,0,0,0,8,0,0,0,0,8,0,0,0,0,0,8,79,76,7,0,0,7,0,0,0,0,0,0,0,69,0,0,0,0,0,0,3,0,0,0,0,3,0,0,0,0,0,3,181,2,0,0,0,0,0,0,0,0,0,0,0,0,0,0,0,0,0,0,0,2,0,0,0,0,2,0,0,0,0,0,2,53,36,12,0,0,0,12,0,0,0,0,0,0,24,0,0,0,0,0,0,17,0,0,0,0,17,0,0,0,0,0,17,126,111,0,0,0,0,0,0,0,0,0,0,0,111,0,0,0,0,0,0,15,0,0,0,0,15,0,0,0,0,0,15
"G4802430","2010","TX","3","7","Texas","48","Jeff Davis County","243",,,,,,,,,,,,,,,"99999","99999","999",,,,,,,,,,,,,,,,,"5865171164","206209","Jeff Davis County","A","+30.6170874","-104.1878595","06","9",,2342,1187,8,9,7,8,10,11,11,11,13,12,12,10,10,10,16,16,27,41,19,5,9,7,10,5,8,5,7,9,6,7,9,10,8,9,7,3,6,8,9,6,17,6,14,8,13,17,19,18,13,20,21,15,19,23,19,27,22,23,26,29,18,36,31,25,19,26,29,24,10,23,23,13,15,17,5,10,9,12,7,7,8,8,4,2,2,4,4,1,0,2,5,0,1,2,0,2,0,0,0,0,0,0,0,1155,6,12,9,12,8,7,12,9,14,7,11,15,11,12,15,15,20,27,12,5,4,7,6,7,4,6,7,10,10,10,6,5,8,5,10,9,7,15,12,6,14,13,9,8,15,16,18,19,15,21,16,17,24,20,23,29,25,30,32,21,23,24,25,23,14,27,26,9,23,14,18,8,12,9,14,8,8,6,12,10,1,12,11,5,5,7,4,3,5,3,0,3,0,1,2,1,0,0,0,0,1,0,0,2254,1125,42,58,52,35,17,9,7,23,34,43,32,58,87,97,127,54,75,55,57,73,45,24,21,1129,47,49,64,39,14,4,7,17,43,34,49,59,89,100,137,47,62,53,46,61,44,34,30,88,62,55,55,0,0,0,0,0,0,0,55,0,55,0,0,0,0,0,0,0,0,0,0,0,0,0,0,0,0,0,0,0,0,7,7,0,0,0,0,0,0,0,7,0,7,0,0,0,0,0,0,0,0,0,0,0,0,0,0,0,0,0,0,0,0,0,0,0,0,0,0,0,0,0,0,0,0,0,0,0,0,0,0,0,0,0,0,0,0,0,0,0,0,0,0,0,0,26,23,23,0,0,0,0,0,0,0,23,0,23,0,0,0,0,0,0,0,0,0,0,0,0,0,0,0,0,0,0,0,0,3,3,0,0,0,0,0,0,0,3,0,3,0,0,0,0,0,0,0,0,0,0,0,0,0,0,0,0,0,0,0,0,0,0,0,0,0,0,0,0,0,0,0,0,0,0,0,0,0,0,0,0,0,0,0,0,0,0,0,0,0,0,0,0
"G4802450","2010","TX","3","7","Texas","48","Jefferson County","245",,,,,,,,,,,,,,,"13140","99999","999",,,,,,,,,,,,,,,,,"2269593704","612154349","Jefferson County","A","+29.8539997","-094.1493306","06","1",,252273,128946,1812,1724,1696,1819,1646,1727,1603,1663,1577,1721,1641,1602,1607,1645,1709,1768,1949,1897,1944,1991,1988,1936,2026,2026,2118,2196,2037,2136,1988,2094,2045,1930,1881,1794,1744,1719,1662,1669,1755,1772,1761,1699,1662,1745,1692,1810,1826,1910,1980,1981,2002,1968,1961,1932,1804,1867,1677,1667,1508,1455,1447,1361,1383,1169,947,895,906,868,762,724,649,659,644,588,607,588,552,502,513,525,447,417,391,385,361,281,277,217,179,145,114,67,62,45,35,21,15,10,11,9,4,0,0,123327,1670,1672,1763,1710,1650,1620,1566,1612,1515,1591,1692,1627,1637,1658,1574,1656,1666,1713,1863,1933,1873,1774,1782,1865,1735,1705,1681,1731,1544,1684,1688,1520,1535,1431,1402,1397,1410,1397,1512,1492,1434,1419,1435,1373,1516,1743,1649,1727,1801,1839,1841,1790,1839,1916,1808,1827,1645,1545,1417,1403,1466,1252,1344,1211,1014,1008,1044,993,893,844,905,811,762,775,729,803,724,745,707,699,719,661,638,622,548,465,441,414,332,261,224,195,138,117,70,79,51,40,25,16,25,4,0,236290,115183,8688,8267,8163,5375,3288,1643,1609,5139,8605,7313,6726,7024,8086,8630,7605,2640,3329,1738,2272,3063,2626,1934,1420,121107,8459,7899,8178,4996,3222,1627,1664,5207,8289,7523,7170,7128,8700,9122,7795,2697,3537,2034,2695,3916,3584,3055,2610,15983,13763,313,248,21,0,0,3,18,0,0,227,24,11,192,0,0,0,0,0,0,0,65,24,0,0,0,41,14,3,0,0,10,14,13028,11731,11572,0,4693,5966,753,160,0,16,0,0,16,143,0,0,0,0,0,0,1297,838,2,2,0,457,94,176,39,10,8,130,422,403,131,0,74,49,2,6,0,0,0,0,0,271,1,0,0,1,0,0,19,0,0,0,0,19,0,2,0,0,2,15,2220,60,18,1,0,0,0,1,0,0,17,8,0,9,0,0,0,0,0,0,0,42,21,0,0,0,21,16,0,0,0,0,5,1527,271,136,0,3,27,97,9,0,0,0,0,0,135,0,0,0,0,0,0,1256,1066,2,2,0,188,30,100,0,1,4,53,633,620,2,0,2,0,0,0,0,0,0,0,0,612,6,0,0,6,0,0,13,0,0,0,0,13,0,3,0,0,6,4
"G4802470","2010","TX","3","7","Texas","48","Jim Hogg County","247",,,,,,,,,,,,,,,"99999","99999","999",,,,,,,,,,,,,,,,,"2942584159","92564","Jim Hogg County","A","+27.0412118","-098.7001270","06","9",,5300,2616,46,39,51,31,55,39,43,55,37,36,40,54,40,45,35,28,49,55,30,23,27,31,41,42,31,30,35,34,39,37,29,28,38,28,23,34,28,30,30,27,27,25,39,25,48,32,33,37,24,38,29,39,43,32,30,25,23,39,26,19,28,25,30,38,43,31,26,24,17,28,19,20,20,16,19,18,12,9,17,7,10,5,11,7,8,6,2,3,0,1,4,0,0,3,2,1,0,0,0,0,0,0,0,2684,42,39,57,45,55,33,54,37,43,35,30,46,44,42,49,24,33,52,31,31,35,24,26,34,36,35,23,35,25,31,31,29,39,24,36,40,28,30,26,28,37,28,24,28,37,27,32,41,23,39,37,14,27,37,24,33,34,43,32,30,40,40,27,41,29,32,21,23,22,18,24,28,22,22,22,18,18,25,20,22,10,8,13,11,9,15,3,7,7,6,1,2,4,3,1,1,4,1,0,0,0,0,0,5284,2601,222,210,214,132,53,27,30,110,174,141,148,163,163,172,132,53,111,57,69,94,63,41,22,2683,238,202,211,109,62,35,24,96,149,159,151,154,162,139,172,80,97,53,63,118,103,51,55,16,15,0,0,0,0,0,0,0,0,0,0,0,0,0,0,0,0,0,0,0,0,0,0,0,0,0,0,0,0,0,0,0,0,15,15,15,0,0,0,15,0,0,0,0,0,0,0,0,0,0,0,0,0,0,0,0,0,0,0,0,0,0,0,0,0,0,0,0,0,0,0,0,0,0,0,0,0,0,0,0,0,0,0,0,0,0,0,0,0,0,0,0,0,0,0,0,0,1,0,0,0,0,0,0,0,0,0,0,0,0,0,0,0,0,0,0,0,0,0,0,0,0,0,0,0,0,0,0,0,0,1,1,1,0,0,0,1,0,0,0,0,0,0,0,0,0,0,0,0,0,0,0,0,0,0,0,0,0,0,0,0,0,0,0,0,0,0,0,0,0,0,0,0,0,0,0,0,0,0,0,0,0,0,0,0,0,0,0,0,0,0,0,0,0
"G4802490","2010","TX","3","7","Texas","48","Jim Wells County","249",,,,,,,,,,,,,,,"10860","99999","999",,,,,,,,,,,,,,,,,"2240251330","8739521","Jim Wells County","A","+27.7335158","-098.0908142","06","2",,40838,20107,339,311,385,338,339,320,332,323,288,358,365,347,302,359,356,333,344,330,348,267,288,251,265,264,257,225,246,261,292,237,242,219,253,241,201,221,224,259,257,263,239,209,189,221,262,265,256,249,252,271,291,265,283,303,246,230,247,257,224,231,271,228,201,227,189,199,148,135,127,144,138,117,127,107,116,115,89,78,102,88,80,56,58,71,43,49,37,28,25,22,12,13,7,7,5,3,1,2,2,0,0,0,0,20731,314,287,361,347,324,293,275,289,269,306,321,333,361,297,328,338,312,334,331,301,246,275,217,268,257,257,236,297,248,244,250,241,248,206,243,265,218,236,255,262,282,253,240,251,261,264,274,280,255,298,269,328,263,309,261,301,263,245,249,226,210,230,236,216,196,182,194,178,151,144,128,154,152,146,133,136,112,113,106,94,124,107,98,76,64,63,52,57,49,37,41,25,15,11,7,10,6,1,4,2,9,0,0,40481,19932,1712,1621,1729,1007,614,283,247,777,1245,1148,1212,1114,1284,1382,1177,494,614,342,398,588,462,286,196,20549,1633,1432,1640,984,632,246,275,740,1275,1187,1235,1285,1371,1424,1280,438,643,374,470,696,542,434,313,357,175,0,0,0,0,0,0,0,0,0,0,0,0,0,0,0,0,0,0,0,0,0,0,0,0,0,0,0,0,0,0,0,0,96,86,58,0,0,0,58,0,0,0,0,0,0,28,0,0,0,0,0,0,10,0,0,0,0,10,0,10,0,0,0,0,79,77,0,0,0,0,0,0,0,0,0,0,0,77,0,0,0,0,0,0,2,0,0,0,0,2,0,2,0,0,0,0,182,0,0,0,0,0,0,0,0,0,0,0,0,0,0,0,0,0,0,0,0,0,0,0,0,0,0,0,0,0,0,0,0,30,30,4,0,0,0,4,0,0,0,0,0,0,26,0,0,0,0,0,0,0,0,0,0,0,0,0,0,0,0,0,0,152,152,0,0,0,0,0,0,0,0,0,0,0,152,0,0,0,0,0,0,0,0,0,0,0,0,0,0,0,0,0,0
"G4802510","2010","TX","3","7","Texas","48","Johnson County","251",,,,,,,,,,,,,,,"19100","23104","206",,,,,,,,,,,,,,,,,"1876943426","25308620","Johnson County","A","+32.3795112","-097.3648234","06","1",,150934,75519,1076,1138,1083,1113,1124,1204,1178,1137,1176,1205,1245,1160,1249,1198,1186,1217,1207,1211,1162,994,975,921,835,911,928,867,975,972,973,1037,1027,980,900,897,940,926,921,995,1042,1125,1113,1030,1048,1087,1117,1180,1166,1143,1155,1196,1263,1105,1126,1033,1024,1018,967,899,902,776,785,805,862,812,644,664,635,617,521,517,475,463,418,398,372,308,321,275,233,260,218,183,181,160,124,115,82,80,53,41,35,38,16,13,13,6,9,2,3,1,3,0,0,75415,995,1022,1038,1070,1121,1142,1091,1136,1099,1173,1108,1160,1189,1162,1139,1156,1072,1169,1049,862,903,762,842,885,867,895,888,930,924,1019,995,902,947,985,921,1001,914,985,1058,1106,1105,1043,983,1039,1032,1094,1145,1138,1159,1169,1181,1057,1134,1003,1096,1004,967,908,942,827,829,897,924,902,677,668,673,670,580,531,494,502,467,424,427,380,343,339,323,292,323,275,256,238,194,154,155,153,101,117,101,77,57,43,29,29,21,14,12,5,11,0,0,148290,73666,5528,5897,6036,3629,2084,928,868,2512,4563,4507,4809,5193,5642,5422,4491,1569,2294,1283,1632,2093,1371,837,478,74624,5239,5639,5757,3395,1837,857,736,2556,4636,4733,5051,5179,5680,5449,4633,1717,2485,1332,1749,2281,1616,1191,876,2644,1853,17,4,4,0,0,0,4,0,0,0,0,0,0,0,0,0,0,0,0,0,13,1,0,0,0,12,0,1,0,0,6,5,1677,1495,1438,0,0,1021,417,0,0,0,0,0,0,57,0,0,0,0,0,0,182,114,0,0,0,68,0,28,0,0,19,21,159,158,21,0,0,21,0,0,0,0,0,0,0,137,0,0,0,0,0,0,1,0,0,0,0,1,0,1,0,0,0,0,791,12,2,0,0,0,0,0,0,0,2,2,0,0,0,0,0,0,0,0,0,10,1,0,0,0,9,0,0,0,0,3,6,346,110,57,0,0,0,57,0,0,0,0,0,0,53,0,0,0,0,0,0,236,171,0,0,0,65,0,38,0,0,5,22,433,430,0,0,0,0,0,0,0,0,0,0,0,430,0,0,0,0,0,0,3,0,0,0,0,3,0,1,0,0,0,2
"G4802530","2010","TX","3","7","Texas","48","Jones County","253",,,,,,,,,,,,,,,"10180","99999","999",,,,,,,,,,,,,,,,,"2404944484","22229321","Jones County","A","+32.7437089","-099.8744297","06","1",,20202,12383,96,100,99,101,99,86,103,98,99,99,128,116,100,110,115,132,115,117,133,146,179,202,209,249,259,231,237,270,255,238,244,243,242,226,230,230,232,225,227,202,233,225,194,207,215,233,205,218,231,200,203,203,172,162,159,153,127,139,138,138,116,117,121,136,91,89,81,91,74,82,77,67,70,65,52,48,31,42,41,36,36,26,40,41,20,17,17,19,16,6,9,9,3,6,4,1,3,1,0,2,3,0,0,7819,106,84,75,89,100,107,99,113,98,107,93,110,101,106,109,93,117,114,100,72,81,60,82,66,77,89,73,72,76,90,86,65,75,66,84,97,76,87,90,94,120,86,86,87,94,110,118,121,114,142,126,97,111,120,125,127,123,104,115,93,92,96,126,93,75,80,117,85,72,89,77,67,74,73,68,60,65,50,72,41,57,47,45,37,30,37,33,28,35,19,14,13,18,5,10,6,8,1,2,1,3,0,0,15195,7509,495,485,569,364,200,78,74,206,356,393,424,483,567,586,550,198,311,161,235,324,195,157,98,7686,454,524,519,324,172,81,60,224,396,374,442,471,604,571,555,187,290,193,240,354,281,198,172,5007,4874,0,0,0,0,0,0,0,0,0,0,0,0,0,0,0,0,0,0,0,0,0,0,0,0,0,0,0,0,0,0,0,0,4819,4793,4781,0,0,4570,211,0,0,0,0,0,0,12,0,0,0,0,0,0,26,0,0,0,0,26,0,2,24,0,0,0,55,49,20,0,0,20,0,0,0,0,0,0,0,29,0,0,0,0,0,0,6,0,0,0,0,6,0,0,6,0,0,0,133,0,0,0,0,0,0,0,0,0,0,0,0,0,0,0,0,0,0,0,0,0,0,0,0,0,0,0,0,0,0,0,0,32,10,6,0,0,0,6,0,0,0,0,0,0,4,0,0,0,0,0,0,22,0,0,0,0,22,0,1,21,0,0,0,101,91,0,0,0,0,0,0,0,0,0,0,0,91,0,0,0,0,0,0,10,0,0,0,0,10,0,0,10,0,0,0
"G4802550","2010","TX","3","7","Texas","48","Karnes County","255",,,,,,,,,,,,,,,"99999","99999","999",,,,,,,,,,,,,,,,,"1936160430","15519492","Karnes County","A","+28.9076175","-097.8607669","06","9",,14824,8842,86,75,75,89,94,74,86,98,70,77,83,84,85,90,88,89,84,91,111,115,135,148,176,192,178,210,202,171,187,209,198,172,167,168,162,168,143,131,143,138,147,122,123,111,124,140,161,142,150,145,125,113,91,123,106,104,98,106,76,80,80,82,87,88,51,54,55,52,45,59,38,54,47,52,43,38,34,48,36,29,44,33,19,22,26,23,15,10,14,9,11,3,2,0,4,3,1,0,1,1,0,0,0,5982,78,76,82,87,92,71,74,83,74,93,86,80,73,85,69,79,76,86,73,74,69,50,74,61,77,58,59,54,62,68,70,63,54,66,56,57,63,61,59,68,74,50,79,67,74,96,81,73,76,80,77,88,100,94,89,95,95,94,89,77,66,65,81,74,65,53,61,44,50,49,49,55,57,42,60,57,57,52,37,53,43,28,38,50,30,26,25,19,12,17,24,9,4,12,10,9,5,3,1,2,0,0,0,11488,5624,419,405,430,264,149,71,62,182,285,272,277,293,455,439,405,141,213,100,151,225,175,133,78,5864,415,395,393,241,147,69,49,211,300,309,307,341,406,448,447,131,219,112,143,258,241,172,110,3336,3218,0,0,0,0,0,0,0,0,0,0,0,0,0,0,0,0,0,0,0,0,0,0,0,0,0,0,0,0,0,0,0,0,3155,3155,3145,310,0,2834,1,0,0,0,0,0,0,10,0,0,0,0,0,0,0,0,0,0,0,0,0,0,0,0,0,0,63,63,14,2,0,12,0,0,0,0,0,0,0,49,0,0,0,0,0,0,0,0,0,0,0,0,0,0,0,0,0,0,118,0,0,0,0,0,0,0,0,0,0,0,0,0,0,0,0,0,0,0,0,0,0,0,0,0,0,0,0,0,0,0,0,11,6,0,0,0,0,0,0,0,0,0,0,0,6,0,0,0,0,0,0,5,0,0,0,0,5,0,0,0,0,0,5,107,107,0,0,0,0,0,0,0,0,0,0,0,107,0,0,0,0,0,0,0,0,0,0,0,0,0,0,0,0,0,0
"G4802570","2010","TX","3","7","Texas","48","Kaufman County","257",,,,,,,,,,,,,,,"19100","19124","206",,,,,,,,,,,,,,,,,"2022000741","69829915","Kaufman County","A","+32.5989440","-096.2883777","06","1",,103350,50811,708,723,765,806,835,825,869,830,852,912,913,885,907,914,888,911,842,824,749,611,581,520,488,565,571,544,588,615,604,663,659,662,689,683,700,737,706,700,740,767,806,718,711,725,683,738,784,757,764,784,794,735,775,718,673,668,655,657,567,550,536,560,519,487,417,381,383,355,345,334,309,292,224,230,205,187,172,173,146,137,117,92,97,87,77,73,56,43,35,38,44,10,7,6,9,2,5,3,2,3,0,0,0,52539,706,735,842,781,853,775,794,797,845,889,830,827,810,796,834,768,847,816,731,550,533,513,517,560,603,594,632,684,661,739,715,707,718,689,753,746,763,755,819,806,784,785,695,756,754,786,820,785,746,795,807,737,798,707,700,704,635,648,618,570,603,526,541,504,459,464,408,431,379,348,299,313,258,243,222,255,214,229,185,210,176,163,150,126,129,130,101,77,79,92,59,65,26,27,14,21,15,9,10,6,8,2,0,102014,50105,3826,4282,4496,2565,1306,551,494,1566,2961,3330,3603,3584,3775,3652,3064,1085,1408,757,1024,1242,793,450,291,51909,3912,4097,4091,2425,1232,505,506,1662,3289,3557,3877,3760,3906,3716,3159,1114,1487,864,1146,1307,1051,683,563,1336,706,40,31,3,0,0,0,3,0,0,7,7,0,0,0,21,21,0,0,0,0,9,0,0,0,0,9,0,0,2,0,0,7,544,435,225,0,0,0,225,0,0,0,0,0,0,49,161,161,0,0,0,0,109,80,0,0,0,29,0,3,23,0,3,0,122,122,2,0,0,0,2,0,0,0,0,0,0,115,5,5,0,0,0,0,0,0,0,0,0,0,0,0,0,0,0,0,630,20,18,0,0,0,0,0,0,0,7,7,0,0,0,11,11,0,0,0,0,2,0,0,0,0,2,0,0,0,0,0,2,281,178,25,0,0,0,25,0,0,0,0,0,0,41,112,112,0,0,0,0,103,77,0,0,0,26,0,5,3,0,0,18,329,323,0,0,0,0,0,0,0,0,0,0,0,317,6,6,0,0,0,0,6,0,0,0,0,6,0,0,0,0,6,0
"G4802590","2010","TX","3","7","Texas","48","Kendall County","259",,,,,,,,,,,,,,,"41700","99999","999",,,,,,,,,,,,,,,,,"1715745632","1496809","Kendall County","A","+29.9445241","-098.7110939","06","1",,33410,16299,168,163,198,173,189,200,220,202,252,248,248,279,264,270,306,249,236,260,223,191,170,168,142,139,164,141,130,144,136,146,128,130,137,156,174,169,163,167,187,179,189,196,188,217,228,262,284,260,262,267,270,256,277,284,217,260,282,252,224,261,240,250,257,266,204,209,207,187,178,139,120,154,140,127,106,97,116,83,92,62,64,58,63,56,37,42,33,37,30,24,24,13,13,12,5,1,3,0,1,2,2,0,0,17111,170,163,176,160,204,229,192,216,203,230,260,222,239,239,267,290,247,267,221,167,123,125,138,125,137,120,130,135,132,137,134,159,148,145,151,178,168,186,195,248,214,205,243,236,218,306,285,288,333,303,302,288,292,285,273,297,281,258,265,271,266,238,260,281,200,222,201,205,172,173,148,139,106,128,120,96,99,111,70,88,104,109,87,81,77,55,80,49,58,47,47,41,37,22,24,18,6,13,2,4,8,0,0,32891,16128,890,1119,1339,733,407,163,164,439,695,720,861,1016,1329,1304,1273,487,724,414,500,643,437,262,209,16763,873,1068,1214,789,366,120,120,396,652,734,975,1113,1511,1439,1367,503,735,417,540,631,438,396,366,519,171,44,42,0,0,0,0,0,0,0,42,14,28,0,0,0,0,0,0,0,0,2,0,0,0,0,2,0,0,0,0,2,0,55,37,24,0,0,0,24,0,0,0,0,0,0,13,0,0,0,0,0,0,18,0,0,0,0,18,0,0,0,0,3,15,72,70,0,0,0,0,0,0,0,0,0,0,0,70,0,0,0,0,0,0,2,0,0,0,0,2,0,0,0,0,2,0,348,30,27,0,0,0,0,0,0,0,27,15,12,0,0,0,0,0,0,0,0,3,0,0,0,0,3,0,0,0,0,3,0,59,23,7,0,0,0,7,0,0,0,0,0,0,16,0,0,0,0,0,0,36,0,0,0,0,36,0,0,0,0,5,31,259,241,0,0,0,0,0,0,0,0,0,0,0,241,0,0,0,0,0,0,18,0,0,0,0,18,0,0,0,0,7,11
"G4802610","2010","TX","3","7","Texas","48","Kenedy County","261",,,,,,,,,,,,,,,"28780","99999","204",,,,,,,,,,,,,,,,,"3777053964","1262537526","Kenedy County","A","+26.8902316","-097.5912328","06","2",,416,212,4,4,4,3,2,0,1,3,3,2,3,4,3,4,2,4,3,7,3,1,1,1,2,9,2,3,4,0,3,5,0,1,2,1,2,2,3,1,3,1,3,3,4,4,2,2,5,1,4,4,3,4,3,0,6,3,6,4,2,1,2,6,1,5,2,2,2,1,2,0,2,0,1,6,0,0,1,0,0,1,0,1,3,1,1,0,0,0,0,0,0,0,1,0,0,0,1,0,0,0,0,0,0,204,4,2,2,0,2,4,2,0,2,4,2,4,4,3,2,1,4,4,3,0,4,5,1,7,2,2,1,2,3,5,2,3,2,2,0,0,1,2,0,3,1,3,4,6,0,4,5,3,4,1,2,5,3,3,3,1,3,4,2,0,1,1,5,7,4,0,1,0,0,4,2,3,1,0,1,2,1,0,3,2,1,2,1,2,2,0,2,2,1,0,0,0,0,0,0,0,0,0,0,0,0,0,0,416,212,17,9,16,14,4,1,1,13,15,6,10,16,16,16,16,8,8,4,3,9,2,6,2,204,10,12,15,9,3,4,5,10,13,9,6,14,17,16,10,2,16,1,4,7,8,8,5,0,0,0,0,0,0,0,0,0,0,0,0,0,0,0,0,0,0,0,0,0,0,0,0,0,0,0,0,0,0,0,0,0,0,0,0,0,0,0,0,0,0,0,0,0,0,0,0,0,0,0,0,0,0,0,0,0,0,0,0,0,0,0,0,0,0,0,0,0,0,0,0,0,0,0,0,0,0,0,0,0,0,0,0,0,0,0,0,0,0,0,0,0,0,0,0,0,0,0,0,0,0,0,0,0,0,0,0,0,0,0,0,0,0,0,0,0,0,0,0,0,0,0,0,0,0,0,0,0,0,0,0,0,0,0,0,0,0,0,0,0,0,0,0,0,0,0,0,0,0,0,0,0,0,0,0,0,0,0,0,0,0,0,0,0,0,0,0,0,0,0,0,0,0,0,0,0,0,0,0,0,0,0,0,0,0,0,0,0,0,0,0,0,0,0
"G4802630","2010","TX","3","7","Texas","48","Kent County","263",,,,,,,,,,,,,,,"99999","99999","999",,,,,,,,,,,,,,,,,"2337481857","1065244","Kent County","A","+33.1847797","-100.7697199","06","9",,808,392,4,6,5,4,3,5,6,4,11,5,8,4,5,4,9,7,4,6,4,5,0,3,2,2,3,6,3,1,2,1,9,3,2,2,2,4,3,4,3,5,2,6,1,6,6,6,7,7,0,8,7,3,12,11,6,7,2,5,2,3,5,4,11,9,5,5,4,4,4,6,4,5,2,3,1,4,3,0,3,7,1,4,2,3,5,2,0,1,1,2,2,0,2,2,0,0,0,0,0,0,0,0,0,416,5,3,2,3,3,3,6,5,6,6,4,5,6,7,7,5,3,6,4,3,3,0,3,4,2,2,1,7,3,8,0,2,0,2,5,5,2,4,6,3,2,4,4,6,8,8,4,1,8,4,8,4,10,3,4,5,6,6,4,2,6,4,14,7,4,4,5,3,6,3,9,11,2,4,1,2,5,7,3,8,5,5,8,10,5,2,0,3,4,3,2,1,2,1,1,0,1,0,0,0,0,0,0,756,378,22,26,30,17,9,0,3,7,13,18,19,21,28,38,19,9,24,9,13,15,16,13,9,378,16,24,27,13,7,3,0,9,21,9,20,24,25,29,23,10,25,9,12,25,22,18,7,52,14,5,5,0,0,0,0,0,0,0,5,5,0,0,0,0,0,0,0,0,0,0,0,0,0,0,0,0,0,0,0,0,0,2,2,0,0,0,0,0,0,0,0,0,0,0,2,0,0,0,0,0,0,0,0,0,0,0,0,0,0,0,0,0,0,7,7,0,0,0,0,0,0,0,0,0,0,0,7,0,0,0,0,0,0,0,0,0,0,0,0,0,0,0,0,0,0,38,5,5,0,0,0,0,0,0,0,5,5,0,0,0,0,0,0,0,0,0,0,0,0,0,0,0,0,0,0,0,0,0,0,0,0,0,0,0,0,0,0,0,0,0,0,0,0,0,0,0,0,0,0,0,0,0,0,0,0,0,0,0,0,0,33,33,0,0,0,0,0,0,0,0,0,0,0,33,0,0,0,0,0,0,0,0,0,0,0,0,0,0,0,0,0,0
"G4802650","2010","TX","3","7","Texas","48","Kerr County","265",,,,,,,,,,,,,,,"28500","99999","999",,,,,,,,,,,,,,,,,"2857580696","10250172","Kerr County","A","+30.0539275","-099.3519680","06","2",,49625,24068,252,254,278,275,276,281,267,275,301,292,279,283,303,276,356,311,305,357,328,348,295,263,273,248,251,235,232,200,230,236,246,196,229,203,225,212,212,230,211,226,261,262,253,258,254,289,309,318,314,338,341,326,359,338,327,305,331,340,321,337,339,387,349,381,293,306,331,311,295,315,284,277,284,267,238,261,219,213,208,232,191,158,170,157,144,140,111,106,102,77,45,37,25,23,14,10,13,6,6,3,8,1,0,25557,260,260,256,231,245,271,260,252,272,289,274,276,252,273,253,279,291,299,342,339,293,244,246,217,242,220,240,257,254,223,211,213,230,228,216,192,209,252,232,265,272,262,249,304,278,323,308,347,331,397,382,375,393,347,345,359,348,381,373,380,362,364,433,424,336,352,372,354,325,329,361,307,321,324,262,270,251,267,231,240,232,257,205,204,178,180,183,153,107,103,72,61,48,53,37,16,19,20,10,8,13,1,0,47715,22985,1332,1404,1458,927,533,207,201,700,1069,1051,1052,1234,1516,1654,1589,700,991,615,903,1326,1095,782,646,24730,1249,1336,1309,857,512,225,186,659,1171,1090,1137,1342,1675,1817,1827,722,1186,713,997,1558,1230,1018,914,1910,1083,100,84,4,0,0,0,4,0,0,80,15,58,7,0,0,0,0,0,0,0,16,0,0,0,0,16,6,0,0,0,10,0,762,376,130,0,0,0,129,1,0,0,0,0,0,40,206,159,4,43,0,0,386,292,0,0,0,94,15,29,0,0,48,2,221,209,0,0,0,0,0,0,0,0,0,0,0,180,29,20,5,4,0,0,12,0,0,0,0,12,0,0,0,0,12,0,827,42,33,0,0,0,0,0,0,0,33,8,22,3,0,0,0,0,0,0,0,9,0,0,0,0,9,3,0,0,0,6,0,489,123,36,0,0,0,23,13,0,1,0,1,0,28,58,22,0,36,0,0,366,308,0,0,0,58,3,20,1,0,34,0,296,291,0,0,0,0,0,0,0,0,0,0,0,290,1,1,0,0,0,0,5,0,0,0,0,5,1,0,0,0,4,0
"G4802670","2010","TX","3","7","Texas","48","Kimble County","267",,,,,,,,,,,,,,,"99999","99999","999",,,,,,,,,,,,,,,,,"3240040898","493622","Kimble County","A","+30.4794715","-099.7463955","06","9",,4607,2281,15,25,24,35,27,17,17,33,31,23,27,32,33,23,32,22,32,35,31,14,10,13,12,25,19,27,25,20,24,19,17,14,28,24,17,24,14,22,27,28,32,16,35,17,23,28,33,34,42,37,28,34,39,33,29,39,48,31,35,39,30,49,43,38,35,34,43,27,27,33,26,32,34,30,16,24,27,10,20,14,13,14,18,7,10,5,12,6,4,4,2,0,0,0,3,2,0,0,0,0,0,0,0,2326,20,20,27,16,26,24,19,12,42,20,24,28,30,30,35,28,31,24,21,18,12,15,17,14,21,11,13,25,16,25,22,27,17,26,21,26,22,25,30,26,29,19,17,20,27,23,27,38,27,35,42,42,29,27,37,39,49,32,47,47,45,42,43,47,36,34,43,33,29,29,30,30,33,22,12,28,10,19,12,25,22,15,21,18,13,12,9,5,13,9,6,7,2,2,3,2,1,2,1,0,2,0,0,4564,2264,126,121,147,89,45,10,11,54,113,99,114,120,174,161,191,79,116,77,87,138,93,61,38,2300,109,117,147,83,39,12,15,52,90,113,127,112,150,177,212,87,125,77,90,125,92,85,64,43,17,0,0,0,0,0,0,0,0,0,0,0,0,0,0,0,0,0,0,0,0,0,0,0,0,0,0,0,0,0,0,0,0,14,11,10,0,0,0,10,0,0,0,0,0,0,1,0,0,0,0,0,0,3,0,0,0,0,3,0,3,0,0,0,0,3,3,0,0,0,0,0,0,0,0,0,0,0,3,0,0,0,0,0,0,0,0,0,0,0,0,0,0,0,0,0,0,26,0,0,0,0,0,0,0,0,0,0,0,0,0,0,0,0,0,0,0,0,0,0,0,0,0,0,0,0,0,0,0,0,5,3,0,0,0,0,0,0,0,0,0,0,0,3,0,0,0,0,0,0,2,0,0,0,0,2,0,2,0,0,0,0,21,21,0,0,0,0,0,0,0,0,0,0,0,21,0,0,0,0,0,0,0,0,0,0,0,0,0,0,0,0,0,0
"G4802690","2010","TX","3","7","Texas","48","King County","269",,,,,,,,,,,,,,,"99999","99999","999",,,,,,,,,,,,,,,,,"2359146771","6398129","King County","A","+33.6141593","-100.2505476","06","9",,286,141,0,1,0,0,2,1,3,2,1,1,3,2,6,1,2,2,1,3,2,4,1,0,1,1,2,2,0,3,0,0,2,1,1,0,2,4,1,2,1,2,5,1,2,2,1,2,2,2,1,1,2,5,5,5,2,3,2,2,2,5,3,1,2,1,2,0,3,1,1,0,2,1,1,0,0,0,1,2,0,1,0,2,2,0,0,0,0,0,0,0,0,0,0,0,0,0,0,0,0,0,0,0,0,145,2,1,2,1,2,2,0,3,3,2,1,3,3,2,3,1,3,3,3,2,1,0,1,1,0,1,2,0,1,2,2,1,1,1,1,0,2,0,1,3,2,1,3,6,4,3,2,1,4,5,6,1,1,2,8,2,4,1,0,0,3,1,0,0,1,1,2,0,1,1,1,1,3,0,1,3,5,0,0,0,0,1,0,0,0,0,0,0,0,0,0,0,0,1,0,0,0,0,0,0,0,0,0,286,141,3,8,14,6,6,1,0,4,5,6,10,11,8,19,14,4,5,3,2,4,4,4,0,145,8,10,12,7,5,1,0,2,6,6,6,16,15,18,7,4,1,3,2,6,8,1,1,0,0,0,0,0,0,0,0,0,0,0,0,0,0,0,0,0,0,0,0,0,0,0,0,0,0,0,0,0,0,0,0,0,0,0,0,0,0,0,0,0,0,0,0,0,0,0,0,0,0,0,0,0,0,0,0,0,0,0,0,0,0,0,0,0,0,0,0,0,0,0,0,0,0,0,0,0,0,0,0,0,0,0,0,0,0,0,0,0,0,0,0,0,0,0,0,0,0,0,0,0,0,0,0,0,0,0,0,0,0,0,0,0,0,0,0,0,0,0,0,0,0,0,0,0,0,0,0,0,0,0,0,0,0,0,0,0,0,0,0,0,0,0,0,0,0,0,0,0,0,0,0,0,0,0,0,0,0,0,0,0,0,0,0,0,0,0,0,0,0,0,0,0,0,0,0,0,0,0,0,0,0,0,0,0,0,0,0,0,0,0,0,0,0,0
"G4802710","2010","TX","3","7","Texas","48","Kinney County","271",,,,,,,,,,,,,,,"99999","99999","999",,,,,,,,,,,,,,,,,"3522525947","13125082","Kinney County","A","+29.3470865","-100.4177003","06","9",,3598,1955,16,23,20,13,22,11,25,19,16,21,14,21,24,32,27,21,27,31,26,15,28,23,28,27,38,18,24,28,28,18,23,15,22,19,30,20,28,29,29,27,25,20,24,40,22,22,26,27,22,14,28,18,26,25,28,24,31,18,20,16,24,22,31,32,21,18,30,23,15,23,28,25,16,18,15,23,18,20,17,24,27,15,13,13,9,11,5,7,5,4,0,0,1,0,0,0,0,0,0,0,0,0,0,1643,27,14,10,23,22,14,10,22,13,12,19,13,26,20,26,19,26,25,26,14,21,13,7,9,11,17,18,13,9,7,19,13,4,18,8,20,12,14,18,19,17,14,16,18,13,19,17,20,20,17,22,20,20,34,26,28,27,22,26,22,23,21,22,40,17,18,25,23,28,27,17,25,31,24,27,23,24,16,14,18,16,16,12,15,10,10,7,4,6,2,4,0,3,3,0,0,0,0,0,3,0,0,0,3266,1624,94,92,118,79,33,16,14,46,59,48,79,89,93,114,101,44,82,48,61,102,102,77,33,1642,96,71,104,70,40,21,13,27,63,62,83,78,93,122,125,44,79,43,78,124,95,69,42,332,331,0,0,0,0,0,0,0,0,0,0,0,0,0,0,0,0,0,0,0,0,0,0,0,0,0,0,0,0,0,0,0,0,331,331,331,306,25,0,0,0,0,0,0,0,0,0,0,0,0,0,0,0,0,0,0,0,0,0,0,0,0,0,0,0,0,0,0,0,0,0,0,0,0,0,0,0,0,0,0,0,0,0,0,0,0,0,0,0,0,0,0,0,0,0,0,0,1,0,0,0,0,0,0,0,0,0,0,0,0,0,0,0,0,0,0,0,0,0,0,0,0,0,0,0,0,0,0,0,0,1,1,1,1,0,0,0,0,0,0,0,0,0,0,0,0,0,0,0,0,0,0,0,0,0,0,0,0,0,0,0,0,0,0,0,0,0,0,0,0,0,0,0,0,0,0,0,0,0,0,0,0,0,0,0,0,0,0,0,0,0,0,0,0
"G4802730","2010","TX","3","7","Texas","48","Kleberg County","273",,,,,,,,,,,,,,,"28780","99999","204",,,,,,,,,,,,,,,,,"2282577985","541040924","Kleberg County","A","+27.4387348","-097.6606203","06","2",,32061,16337,274,247,270,230,244,236,237,247,220,203,233,224,229,193,215,244,217,212,360,578,416,477,448,474,441,370,313,289,219,233,230,182,168,167,146,190,162,172,191,206,151,174,163,143,163,163,195,174,164,181,199,145,193,175,178,180,156,172,168,138,169,149,121,150,127,142,99,103,110,93,96,95,73,88,71,74,64,65,57,51,46,53,36,37,32,32,30,23,22,17,8,11,4,2,2,0,1,2,0,0,0,0,0,15724,249,236,258,249,222,204,225,216,228,233,183,180,175,201,199,181,207,229,342,483,361,387,361,364,320,296,223,231,227,213,197,167,176,161,147,161,188,178,185,173,202,162,169,140,170,195,176,213,164,172,161,177,178,195,197,211,187,136,157,160,154,146,163,146,135,138,139,125,104,83,110,130,95,97,102,90,62,69,62,79,64,54,45,59,46,50,46,42,56,27,15,11,14,11,2,3,4,3,1,1,3,0,0,30087,15163,1265,1143,1092,618,469,283,347,1192,1352,866,903,782,870,879,810,316,393,237,303,414,297,196,136,14924,1214,1106,938,569,495,253,313,935,1182,847,885,840,918,905,849,299,440,271,307,518,345,249,246,1974,1174,57,2,2,0,0,0,2,0,0,0,0,0,0,0,0,0,0,0,0,0,55,0,0,0,0,55,0,0,0,0,55,0,1061,122,109,0,0,0,109,0,0,0,0,0,0,13,0,0,0,0,0,0,939,886,36,36,0,17,0,0,0,0,17,0,56,55,0,0,0,0,0,0,0,0,0,0,0,55,0,0,0,0,0,0,1,0,0,0,0,1,0,0,0,0,0,1,800,48,0,0,0,0,0,0,0,0,0,0,0,0,0,0,0,0,0,0,0,48,1,0,0,0,47,0,0,0,0,47,0,646,19,9,0,0,0,9,0,0,0,0,0,0,10,0,0,0,0,0,0,627,601,5,5,0,21,0,0,0,0,21,0,106,95,0,0,0,0,0,0,0,0,0,0,0,95,0,0,0,0,0,0,11,0,0,0,0,11,0,0,0,0,2,9
"G4802750","2010","TX","3","7","Texas","48","Knox County","275",,,,,,,,,,,,,,,"99999","99999","999",,,,,,,,,,,,,,,,,"2203097010","12577629","Knox County","A","+33.6166569","-099.7471116","06","9",,3719,1835,25,36,30,27,21,30,19,21,23,40,24,28,15,21,29,27,20,31,26,13,13,13,14,15,19,29,17,27,12,25,25,13,30,24,19,24,16,17,11,21,24,17,22,19,23,29,22,19,26,30,30,31,31,26,32,26,23,22,32,19,22,16,19,21,23,19,18,12,16,18,14,15,16,20,15,18,16,13,12,16,14,17,12,6,13,7,4,7,5,7,2,1,1,1,2,2,1,1,0,0,0,0,0,1884,34,18,31,31,25,30,22,27,30,18,31,34,26,21,26,22,22,27,28,22,18,9,13,16,22,22,19,22,18,22,19,17,17,17,15,24,14,21,18,31,26,16,21,19,20,24,21,21,18,24,27,31,23,22,21,24,23,12,32,11,23,17,20,25,15,20,29,15,17,10,23,20,25,25,28,24,20,16,14,17,13,20,9,16,12,13,6,16,7,9,4,5,4,2,2,2,3,1,1,0,1,0,0,3615,1773,139,133,117,78,39,13,13,48,102,109,89,100,123,143,120,36,58,36,44,73,73,52,35,1842,139,127,138,71,50,18,9,51,101,85,108,102,107,124,102,39,60,48,40,121,85,61,56,104,62,0,0,0,0,0,0,0,0,0,0,0,0,0,0,0,0,0,0,0,0,0,0,0,0,0,0,0,0,0,0,0,0,34,33,10,0,0,0,10,0,0,0,0,0,0,23,0,0,0,0,0,0,1,0,0,0,0,1,0,0,0,0,0,1,28,28,0,0,0,0,0,0,0,0,0,0,0,28,0,0,0,0,0,0,0,0,0,0,0,0,0,0,0,0,0,0,42,0,0,0,0,0,0,0,0,0,0,0,0,0,0,0,0,0,0,0,0,0,0,0,0,0,0,0,0,0,0,0,0,4,3,1,0,0,0,1,0,0,0,0,0,0,2,0,0,0,0,0,0,1,0,0,0,0,1,0,1,0,0,0,0,38,38,0,0,0,0,0,0,0,0,0,0,0,38,0,0,0,0,0,0,0,0,0,0,0,0,0,0,0,0,0,0
"G4802770","2010","TX","3","7","Texas","48","Lamar County","277",,,,,,,,,,,,,,,"37580","99999","999",,,,,,,,,,,,,,,,,"2349611989","67113408","Lamar County","A","+33.6672628","-095.5703477","06","2",,49793,24044,314,320,339,323,316,341,316,334,304,383,343,340,343,364,364,349,376,405,408,340,358,274,290,290,288,285,266,272,255,271,284,263,259,281,272,287,270,250,301,310,330,332,323,313,302,348,334,335,335,320,355,317,372,321,334,334,294,292,279,304,314,295,264,317,249,264,260,262,255,213,200,203,204,174,146,160,153,120,121,109,102,90,70,92,52,58,51,42,36,33,33,25,19,11,8,5,2,7,3,0,0,0,0,25749,314,322,310,314,315,344,298,330,293,318,347,350,343,345,351,348,367,312,360,378,359,325,299,297,285,272,266,307,284,263,305,280,269,277,274,302,274,306,314,352,375,351,337,331,316,336,385,370,366,348,387,323,376,363,329,338,298,304,339,319,332,377,292,333,262,304,311,281,244,260,257,214,221,206,176,195,180,170,166,158,128,131,115,144,104,108,97,84,94,70,73,43,41,38,21,17,7,17,2,3,12,1,0,49080,23697,1612,1678,1754,1130,690,336,268,842,1327,1335,1407,1582,1647,1674,1491,600,825,521,720,917,650,389,302,25383,1574,1582,1736,1027,688,340,323,879,1383,1401,1540,1705,1795,1765,1590,703,881,606,776,1055,838,580,616,713,347,0,0,0,0,0,0,0,0,0,0,0,0,0,0,0,0,0,0,0,0,0,0,0,0,0,0,0,0,0,0,0,0,263,145,118,0,0,0,118,0,0,0,0,0,0,27,0,0,0,0,0,0,118,75,0,0,0,43,24,19,0,0,0,0,84,82,0,0,0,0,0,0,0,0,0,0,0,82,0,0,0,0,0,0,2,0,0,0,0,2,2,0,0,0,0,0,366,2,0,0,0,0,0,0,0,0,0,0,0,0,0,0,0,0,0,0,0,2,0,0,0,0,2,2,0,0,0,0,0,142,56,30,0,0,0,30,0,0,0,0,0,0,26,0,0,0,0,0,0,86,64,0,0,0,22,15,7,0,0,0,0,222,222,0,0,0,0,0,0,0,0,0,0,0,222,0,0,0,0,0,0,0,0,0,0,0,0,0,0,0,0,0,0
"G4802790","2010","TX","3","7","Texas","48","Lamb County","279",,,,,,,,,,,,,,,"99999","99999","999",,,,,,,,,,,,,,,,,"2631897591","3973761","Lamb County","A","+34.0688615","-102.3480182","06","9",,13977,6964,125,119,110,123,112,111,103,125,120,104,115,116,121,126,122,128,149,125,108,85,86,84,83,67,80,50,80,86,84,84,89,69,75,90,68,76,56,75,54,76,97,78,89,94,84,62,107,88,99,98,92,86,99,103,112,86,105,89,90,79,64,65,55,63,55,52,67,57,54,44,55,54,48,41,52,50,49,37,35,38,29,35,25,19,30,17,9,8,13,7,10,12,4,1,5,3,2,0,1,2,1,0,0,7013,112,109,102,117,110,118,116,96,113,111,120,109,100,99,91,105,108,102,104,65,81,64,83,69,67,85,79,101,65,76,92,85,85,69,66,78,70,66,62,81,84,84,89,78,85,98,101,113,90,95,102,93,87,79,97,89,90,75,75,57,80,75,63,61,81,63,62,62,69,66,61,47,63,49,64,61,62,43,58,57,54,41,35,25,29,31,17,20,19,27,18,8,9,12,8,4,5,4,3,2,3,0,0,13793,6874,589,563,600,399,192,85,84,224,380,386,332,438,449,480,446,128,173,117,152,248,203,129,77,6919,550,554,519,315,169,81,64,219,404,393,355,419,496,457,380,155,202,123,191,280,272,169,152,184,90,3,3,3,0,0,0,3,0,0,0,0,0,0,0,0,0,0,0,0,0,0,0,0,0,0,0,0,0,0,0,0,0,47,47,33,0,0,0,33,0,0,0,0,0,0,14,0,0,0,0,0,0,0,0,0,0,0,0,0,0,0,0,0,0,40,40,0,0,0,0,0,0,0,0,0,0,0,40,0,0,0,0,0,0,0,0,0,0,0,0,0,0,0,0,0,0,94,0,0,0,0,0,0,0,0,0,0,0,0,0,0,0,0,0,0,0,0,0,0,0,0,0,0,0,0,0,0,0,0,20,20,4,0,0,0,4,0,0,0,0,0,0,16,0,0,0,0,0,0,0,0,0,0,0,0,0,0,0,0,0,0,74,74,0,0,0,0,0,0,0,0,0,0,0,74,0,0,0,0,0,0,0,0,0,0,0,0,0,0,0,0,0,0
"G4802810","2010","TX","3","7","Texas","48","Lampasas County","281",,,,,,,,,,,,,,,"28660","99999","999",,,,,,,,,,,,,,,,,"1846247052","2833441","Lampasas County","A","+31.1967308","-098.2408885","06","1",,19677,9705,130,126,123,126,112,137,125,149,126,123,151,143,139,144,162,155,175,136,162,120,98,86,101,97,116,74,96,112,114,102,102,90,99,106,98,102,123,117,115,115,143,132,128,126,128,173,180,137,186,159,143,150,146,158,137,135,112,145,123,110,138,112,145,134,106,99,100,100,97,80,86,77,62,73,67,67,34,60,54,50,42,44,38,33,18,19,13,19,14,10,6,10,6,3,4,1,0,0,0,4,2,0,0,9972,103,120,117,137,135,129,113,122,126,123,133,127,134,167,137,185,128,158,114,98,83,94,85,104,94,118,90,91,119,102,112,92,115,99,101,121,123,121,118,145,149,136,113,148,144,158,158,146,146,158,137,180,149,132,156,163,140,140,128,139,134,131,136,120,89,108,121,125,105,95,79,91,79,68,92,62,56,49,52,38,52,45,52,54,42,32,48,28,30,20,12,20,16,10,6,6,3,2,6,1,4,0,0,19455,9616,617,660,733,461,280,98,84,312,494,494,570,650,831,734,621,249,381,198,272,359,256,167,95,9839,612,613,695,458,212,81,92,283,517,518,625,690,765,754,708,263,343,227,319,396,247,229,192,222,89,11,11,0,0,0,0,0,0,0,11,0,11,0,0,0,0,0,0,0,0,0,0,0,0,0,0,0,0,0,0,0,0,33,33,22,0,0,0,22,0,0,1,0,1,0,10,0,0,0,0,0,0,0,0,0,0,0,0,0,0,0,0,0,0,45,39,0,0,0,0,0,0,0,0,0,0,0,39,0,0,0,0,0,0,6,0,0,0,0,6,0,0,0,0,6,0,133,16,16,0,0,0,0,0,0,0,16,0,16,0,0,0,0,0,0,0,0,0,0,0,0,0,0,0,0,0,0,0,0,18,18,4,0,0,0,4,0,0,0,0,0,0,14,0,0,0,0,0,0,0,0,0,0,0,0,0,0,0,0,0,0,99,90,0,0,0,0,0,0,0,0,0,0,0,90,0,0,0,0,0,0,9,0,0,0,0,9,0,0,0,0,9,0
"G4802830","2010","TX","3","7","Texas","48","La Salle County","283",,,,,,,,,,,,,,,"99999","99999","999",,,,,,,,,,,,,,,,,"3850510690","19539281","La Salle County","A","+28.3510976","-099.0967743","06","9",,6886,4089,43,28,55,47,36,52,45,29,30,37,41,43,40,42,35,46,32,83,46,86,76,164,97,249,230,153,132,107,63,117,29,74,48,47,28,26,24,55,50,33,52,55,35,69,47,47,42,62,31,33,36,61,25,29,27,27,21,35,38,29,29,39,43,46,25,38,25,30,29,23,25,27,24,23,11,14,24,24,6,14,12,7,5,7,10,6,8,0,7,0,0,0,4,1,4,0,0,0,0,0,0,0,0,2797,44,53,33,30,43,30,36,48,44,39,46,47,40,44,24,53,36,40,49,28,56,35,33,44,37,35,33,29,28,25,25,35,38,34,25,22,32,17,26,38,40,35,49,42,33,33,32,36,33,40,27,32,43,30,29,40,33,37,24,47,40,26,27,42,44,41,37,22,36,21,19,23,15,16,24,22,20,17,18,12,14,16,8,15,13,7,5,5,5,7,4,1,2,0,1,0,2,0,1,0,0,0,0,5303,2635,209,193,201,137,78,30,38,84,165,121,143,172,169,155,150,68,114,63,82,110,82,41,30,2668,203,197,201,129,77,36,33,82,134,150,127,177,165,152,177,66,113,78,79,97,89,66,40,1583,1454,24,24,24,15,0,9,0,0,0,0,0,0,0,0,0,0,0,0,0,0,0,0,0,0,0,0,0,0,0,0,0,0,1430,1430,1430,870,0,552,8,0,0,0,0,0,0,0,0,0,0,0,0,0,0,0,0,0,0,0,0,0,0,0,0,0,0,0,0,0,0,0,0,0,0,0,0,0,0,0,0,0,0,0,0,0,0,0,0,0,0,0,0,0,0,0,0,0,129,0,0,0,0,0,0,0,0,0,0,0,0,0,0,0,0,0,0,0,0,0,0,0,0,0,0,0,0,0,0,0,0,129,129,129,110,0,19,0,0,0,0,0,0,0,0,0,0,0,0,0,0,0,0,0,0,0,0,0,0,0,0,0,0,0,0,0,0,0,0,0,0,0,0,0,0,0,0,0,0,0,0,0,0,0,0,0,0,0,0,0,0,0,0,0,0
"G4802850","2010","TX","3","7","Texas","48","Lavaca County","285",,,,,,,,,,,,,,,"99999","99999","999",,,,,,,,,,,,,,,,,"2511532178","1885412","Lavaca County","A","+29.3825778","-096.9236334","06","9",,19263,9416,113,95,136,138,121,127,147,106,123,116,138,126,120,141,111,131,139,138,137,89,94,69,73,85,88,83,90,109,118,77,98,99,92,72,97,106,88,85,104,95,107,99,103,127,114,160,132,131,133,146,134,154,131,124,155,146,137,137,142,136,145,144,147,139,103,111,103,116,111,94,84,104,82,81,90,65,78,66,54,77,49,53,49,51,49,32,38,31,26,22,20,11,4,9,3,4,3,2,3,0,1,0,0,9847,121,104,121,146,132,126,110,133,106,132,103,121,116,119,137,121,106,128,103,74,72,88,75,87,84,93,86,97,81,91,88,93,94,79,97,88,102,99,99,110,107,112,106,115,105,125,112,150,150,126,139,121,170,159,134,142,166,142,147,141,135,137,154,150,127,90,126,136,108,111,79,95,103,114,92,91,84,91,82,85,77,60,65,59,84,72,55,52,58,36,47,38,34,34,14,13,7,7,1,5,8,0,0,18854,9257,603,619,636,405,220,90,66,243,464,454,476,547,699,690,688,285,383,211,317,434,331,230,166,9597,624,607,596,355,177,72,88,246,445,448,497,544,660,718,733,269,428,215,342,472,413,314,334,409,159,3,3,3,0,0,0,3,0,0,0,0,0,0,0,0,0,0,0,0,0,0,0,0,0,0,0,0,0,0,0,0,0,69,67,34,0,0,0,34,0,0,0,0,0,0,33,0,0,0,0,0,0,2,0,0,0,0,2,0,0,0,0,0,2,87,87,0,0,0,0,0,0,0,0,0,0,0,87,0,0,0,0,0,0,0,0,0,0,0,0,0,0,0,0,0,0,250,0,0,0,0,0,0,0,0,0,0,0,0,0,0,0,0,0,0,0,0,0,0,0,0,0,0,0,0,0,0,0,0,27,27,1,0,0,0,1,0,0,0,0,0,0,26,0,0,0,0,0,0,0,0,0,0,0,0,0,0,0,0,0,0,223,223,0,0,0,0,0,0,0,0,0,0,0,223,0,0,0,0,0,0,0,0,0,0,0,0,0,0,0,0,0,0
"G4802870","2010","TX","3","7","Texas","48","Lee County","287",,,,,,,,,,,,,,,"99999","99999","999",,,,,,,,,,,,,,,,,"1629142826","13168645","Lee County","A","+30.3211046","-096.9763650","06","9",,16612,8410,113,101,104,109,100,103,108,83,106,133,130,129,115,127,148,149,200,196,201,98,103,99,79,94,74,95,73,78,89,94,113,102,91,84,81,88,100,104,90,98,88,99,89,105,110,105,109,111,133,149,126,132,137,141,126,148,124,114,114,102,98,98,95,98,83,85,78,71,83,81,66,50,59,64,55,57,48,41,44,46,36,41,22,26,20,23,25,16,9,8,10,10,5,4,3,1,1,2,2,1,1,0,0,8202,96,113,110,116,117,104,128,134,109,109,102,117,108,121,118,148,112,129,106,74,69,79,88,75,82,88,66,98,90,92,68,91,97,97,89,78,83,82,97,88,123,110,95,101,112,126,110,134,142,128,137,128,132,116,135,129,105,96,86,98,99,94,110,96,64,74,80,92,81,73,69,70,77,55,78,60,42,47,54,37,68,52,35,38,33,31,35,25,32,20,19,10,8,15,6,4,5,0,2,1,0,0,0,16087,7996,526,533,642,382,189,86,95,238,423,466,474,484,600,654,589,195,273,158,234,287,227,140,101,8091,552,584,566,389,180,69,79,245,434,442,426,539,636,645,509,192,269,152,243,342,230,203,165,525,414,171,171,0,0,0,0,0,0,0,171,0,0,171,0,0,0,0,0,0,0,0,0,0,0,0,0,0,0,0,0,0,0,196,170,33,0,0,0,33,0,0,122,0,0,122,15,0,0,0,0,0,0,26,3,0,0,0,23,0,22,0,0,1,0,47,46,0,0,0,0,0,0,0,0,0,0,0,46,0,0,0,0,0,0,1,0,0,0,0,1,0,1,0,0,0,0,111,0,0,0,0,0,0,0,0,0,0,0,0,0,0,0,0,0,0,0,0,0,0,0,0,0,0,0,0,0,0,0,0,18,12,5,0,0,0,5,0,0,0,0,0,0,7,0,0,0,0,0,0,6,0,0,0,0,6,0,6,0,0,0,0,93,93,0,0,0,0,0,0,0,0,0,0,0,93,0,0,0,0,0,0,0,0,0,0,0,0,0,0,0,0,0,0
"G4802890","2010","TX","3","7","Texas","48","Leon County","289",,,,,,,,,,,,,,,"99999","99999","999",,,,,,,,,,,,,,,,,"2779447286","19343049","Leon County","A","+31.3004925","-095.9956219","06","9",,16801,8385,99,112,106,114,106,97,104,71,106,96,102,113,134,110,88,130,114,108,121,87,70,68,75,72,89,80,89,74,83,108,89,66,90,94,60,90,70,72,111,96,67,70,74,96,96,136,112,109,130,144,138,123,161,114,104,150,145,122,118,104,124,105,126,121,106,112,143,131,104,105,108,113,85,85,84,73,72,62,58,47,66,45,41,41,26,30,23,13,14,9,7,9,5,7,5,1,0,1,0,0,1,0,0,8416,110,82,91,90,113,96,89,117,116,100,100,106,93,96,109,103,103,125,85,84,69,70,64,83,88,81,81,76,72,52,105,82,90,85,70,85,87,70,94,84,93,73,94,107,91,140,119,127,113,121,141,114,144,135,119,98,122,113,130,109,123,136,131,134,104,128,122,127,114,114,101,103,91,97,72,92,65,73,54,58,59,63,44,55,38,43,35,23,22,20,12,11,18,15,4,6,2,3,0,1,3,1,0,16697,8333,537,474,547,352,205,69,68,235,428,398,437,398,626,638,635,224,351,253,336,474,308,216,124,8364,486,518,504,331,169,69,70,235,360,432,419,457,620,653,570,257,366,248,353,462,333,254,198,104,52,0,0,0,0,0,0,0,0,0,0,0,0,0,0,0,0,0,0,0,0,0,0,0,0,0,0,0,0,0,0,0,0,37,28,27,0,0,0,27,0,0,0,0,0,0,1,0,0,0,0,0,0,9,0,0,0,0,9,0,9,0,0,0,0,15,15,0,0,0,0,0,0,0,0,0,0,0,15,0,0,0,0,0,0,0,0,0,0,0,0,0,0,0,0,0,0,52,0,0,0,0,0,0,0,0,0,0,0,0,0,0,0,0,0,0,0,0,0,0,0,0,0,0,0,0,0,0,0,0,11,8,0,0,0,0,0,0,0,0,0,0,0,8,0,0,0,0,0,0,3,0,0,0,0,3,0,3,0,0,0,0,41,39,0,0,0,0,0,0,0,0,0,0,0,39,0,0,0,0,0,0,2,0,0,0,0,2,0,2,0,0,0,0
"G4802910","2010","TX","3","7","Texas","48","Liberty County","291",,,,,,,,,,,,,,,"26420","99999","288",,,,,,,,,,,,,,,,,"3000284900","46411807","Liberty County","A","+30.1621885","-094.8226815","06","1",,75643,37190,502,562,535,522,501,537,540,498,499,590,565,601,592,503,573,601,607,616,565,529,507,487,468,471,497,508,490,475,442,495,560,448,454,492,516,451,455,453,530,545,529,517,452,471,530,576,565,531,560,587,599,539,589,526,522,528,483,520,436,458,456,395,462,394,361,297,322,297,290,240,257,207,192,192,143,149,137,156,130,130,112,93,90,68,63,55,38,43,27,31,19,15,10,4,3,2,3,2,4,1,0,0,0,38453,511,510,512,527,507,457,507,532,482,529,536,512,504,589,527,590,518,573,559,475,542,428,519,460,558,515,502,545,564,512,524,497,545,489,539,491,468,539,559,546,593,564,526,525,515,595,595,602,575,603,622,584,539,530,529,542,519,476,471,435,443,457,387,434,317,343,352,302,308,252,227,227,192,182,201,167,193,182,162,163,154,123,131,133,108,95,86,84,66,63,55,22,20,25,17,17,5,3,1,6,7,2,0,70499,34929,2622,2664,2833,1821,1054,451,425,1207,2020,2102,2199,2284,2590,2612,2325,826,1179,602,806,977,685,405,240,35570,2566,2507,2668,1678,985,496,372,1298,2124,2143,2227,2318,2643,2657,2388,891,1125,690,855,1015,838,600,486,5144,2261,4,4,1,0,0,0,1,0,0,3,3,0,0,0,0,0,0,0,0,0,0,0,0,0,0,0,0,0,0,0,0,0,2150,2126,2104,0,0,1809,295,0,0,2,2,0,0,20,0,0,0,0,0,0,24,0,0,0,0,24,0,18,0,0,0,6,107,107,41,0,0,41,0,0,0,0,0,0,0,66,0,0,0,0,0,0,0,0,0,0,0,0,0,0,0,0,0,0,2883,4,3,1,0,0,1,0,0,0,2,2,0,0,0,0,0,0,0,0,0,1,0,0,0,0,1,0,0,0,0,0,1,2687,2678,2665,0,0,2622,43,0,0,0,0,0,0,13,0,0,0,0,0,0,9,0,0,0,0,9,0,4,0,0,0,5,192,190,3,0,0,3,0,0,0,0,0,0,0,187,0,0,0,0,0,0,2,0,0,0,0,2,0,2,0,0,0,0
"G4802930","2010","TX","3","7","Texas","48","Limestone County","293",,,,,,,,,,,,,,,"99999","99999","999",,,,,,,,,,,,,,,,,"2344684360","72198941","Limestone County","A","+31.5475427","-096.5936230","06","9",,23384,12122,164,155,147,164,168,152,148,146,167,158,170,150,175,159,157,178,173,180,194,172,184,178,183,157,179,138,197,196,160,181,164,176,162,137,170,161,120,165,156,157,148,129,142,120,154,160,166,185,190,154,162,149,154,168,174,180,158,135,137,148,144,130,164,162,125,137,151,99,106,107,106,93,65,80,75,83,52,68,55,51,54,47,54,47,31,20,19,15,16,8,15,9,8,5,3,3,1,3,0,0,0,0,0,11262,141,145,158,153,135,127,146,132,141,151,152,138,119,158,146,148,157,159,154,104,127,138,115,127,119,135,116,126,122,126,149,108,143,106,131,119,109,131,135,131,132,120,126,151,122,180,157,131,164,157,172,186,158,155,174,166,166,149,177,155,135,141,175,141,110,138,138,133,115,122,86,105,76,90,100,90,72,79,66,73,80,68,52,33,55,37,41,41,44,31,29,14,20,13,4,11,10,7,2,4,6,0,0,21792,10824,798,771,811,484,299,156,128,401,627,630,599,582,780,751,719,257,425,276,300,406,293,219,112,10968,732,697,713,464,257,123,137,360,614,629,615,643,764,823,791,267,415,271,358,443,348,264,240,1592,1298,47,47,47,0,0,45,2,0,0,0,0,0,0,0,0,0,0,0,0,0,0,0,0,0,0,0,0,0,0,0,0,0,1171,1138,1105,0,0,262,843,0,0,0,0,0,0,33,0,0,0,0,0,0,33,0,0,0,0,33,0,15,10,0,8,0,80,76,25,0,0,25,0,0,0,0,0,0,0,51,0,0,0,0,0,0,4,0,0,0,0,4,0,0,4,0,0,0,294,0,0,0,0,0,0,0,0,0,0,0,0,0,0,0,0,0,0,0,0,0,0,0,0,0,0,0,0,0,0,0,0,133,120,103,0,0,85,18,0,0,0,0,0,0,17,0,0,0,0,0,0,13,0,0,0,0,13,0,10,3,0,0,0,161,161,25,0,0,25,0,0,0,0,0,0,0,136,0,0,0,0,0,0,0,0,0,0,0,0,0,0,0,0,0,0
"G4802950","2010","TX","3","7","Texas","48","Lipscomb County","295",,,,,,,,,,,,,,,"99999","99999","999",,,,,,,,,,,,,,,,,"2414332816","298741","Lipscomb County","A","+36.2801998","-100.2726827","06","9",,3302,1662,31,27,23,22,27,14,30,15,26,17,19,23,27,29,29,29,23,28,21,18,19,21,20,19,33,22,26,32,31,22,23,27,9,14,16,22,15,18,19,15,24,24,14,15,23,24,26,27,24,22,29,23,20,22,22,16,27,24,35,16,15,21,25,21,9,12,10,12,13,11,9,14,16,7,10,9,10,5,7,5,10,7,6,7,6,4,6,2,6,1,4,1,1,0,1,0,0,0,0,0,1,0,0,1640,22,23,30,25,25,32,26,23,25,24,29,28,27,25,33,23,18,34,15,18,15,16,17,14,20,22,19,20,15,18,15,17,20,24,18,17,11,17,23,22,14,15,14,15,22,27,17,28,28,33,19,29,23,19,17,20,28,16,18,22,19,16,22,14,9,13,17,18,17,8,9,19,12,14,6,8,10,8,11,8,16,7,10,7,7,6,8,0,8,3,4,6,3,2,0,2,1,1,0,1,1,0,0,3265,1649,130,102,127,80,38,19,21,72,131,89,89,99,123,116,114,36,55,22,36,55,36,35,24,1616,125,130,142,75,33,15,16,51,93,94,90,80,133,107,104,35,45,30,42,60,42,43,31,37,13,0,0,0,0,0,0,0,0,0,0,0,0,0,0,0,0,0,0,0,0,0,0,0,0,0,0,0,0,0,0,0,0,8,8,4,0,0,0,4,0,0,0,0,0,0,4,0,0,0,0,0,0,0,0,0,0,0,0,0,0,0,0,0,0,5,5,0,0,0,0,0,0,0,0,0,0,0,5,0,0,0,0,0,0,0,0,0,0,0,0,0,0,0,0,0,0,24,0,0,0,0,0,0,0,0,0,0,0,0,0,0,0,0,0,0,0,0,0,0,0,0,0,0,0,0,0,0,0,0,1,1,0,0,0,0,0,0,0,0,0,0,0,1,0,0,0,0,0,0,0,0,0,0,0,0,0,0,0,0,0,0,23,23,0,0,0,0,0,0,0,0,0,0,0,23,0,0,0,0,0,0,0,0,0,0,0,0,0,0,0,0,0,0
"G4802970","2010","TX","3","7","Texas","48","Live Oak County","297",,,,,,,,,,,,,,,"99999","99999","999",,,,,,,,,,,,,,,,,"2692800935","101483813","Live Oak County","A","+28.3515349","-098.1269608","06","9",,11531,6195,44,62,55,60,67,59,53,63,74,72,71,63,68,62,62,72,86,78,73,49,58,66,58,60,96,64,81,69,101,109,95,90,89,87,96,92,81,77,91,76,90,80,97,84,102,84,78,97,105,111,94,71,115,92,74,95,87,98,80,74,76,78,70,76,71,68,94,84,70,76,56,52,48,45,49,57,42,42,52,31,31,18,22,22,33,18,11,20,4,9,16,4,5,1,2,3,0,1,0,0,1,0,0,5336,53,67,57,48,61,57,56,52,79,61,74,64,62,66,82,72,84,88,76,47,52,46,55,42,44,50,55,38,52,46,50,47,45,39,71,49,62,47,51,43,51,51,62,52,62,80,85,108,68,82,91,72,91,80,95,76,90,83,82,74,91,73,65,85,67,70,70,58,68,57,58,59,50,56,62,53,43,47,38,45,40,25,33,36,27,21,21,17,16,7,12,7,6,7,4,1,5,3,3,1,4,0,0,10367,5124,288,321,326,236,116,46,55,127,219,203,232,319,402,415,426,152,210,157,229,240,211,111,83,5243,286,305,348,244,123,50,46,140,239,251,252,278,422,429,405,164,217,138,178,278,218,142,90,1164,1071,0,0,0,0,0,0,0,0,0,0,0,0,0,0,0,0,0,0,0,0,0,0,0,0,0,0,0,0,0,0,0,0,1015,1009,1001,0,959,0,42,0,0,0,0,0,0,8,0,0,0,0,0,0,6,0,0,0,0,6,0,0,0,0,5,1,56,56,5,0,3,0,2,0,0,0,0,0,0,51,0,0,0,0,0,0,0,0,0,0,0,0,0,0,0,0,0,0,93,0,0,0,0,0,0,0,0,0,0,0,0,0,0,0,0,0,0,0,0,0,0,0,0,0,0,0,0,0,0,0,0,7,7,7,0,5,0,2,0,0,0,0,0,0,0,0,0,0,0,0,0,0,0,0,0,0,0,0,0,0,0,0,0,86,86,0,0,0,0,0,0,0,0,0,0,0,86,0,0,0,0,0,0,0,0,0,0,0,0,0,0,0,0,0,0
"G4802990","2010","TX","3","7","Texas","48","Llano County","299",,,,,,,,,,,,,,,"99999","99999","999",,,,,,,,,,,,,,,,,"2419137915","82419109","Llano County","A","+30.7075845","-098.6846901","06","9",,19301,9329,70,83,103,75,84,85,85,87,97,94,68,93,91,97,89,88,100,75,84,58,59,43,57,69,81,65,85,61,73,85,75,77,61,78,67,80,71,58,76,99,94,82,71,80,100,90,103,127,117,126,123,129,141,154,143,140,157,156,161,179,164,156,205,198,178,163,201,192,202,155,155,147,162,144,136,144,117,95,119,91,98,78,67,69,53,63,35,27,33,13,20,19,8,8,6,4,2,1,0,0,2,0,0,9972,74,71,101,88,77,75,76,73,94,91,85,89,85,91,98,80,77,88,82,65,67,60,55,52,57,63,69,71,80,72,67,72,61,72,75,66,59,65,78,96,85,95,75,92,95,109,117,119,119,148,155,152,148,155,165,191,170,172,182,184,227,200,205,245,177,205,208,190,178,169,153,138,171,145,134,116,123,119,129,110,101,91,90,84,79,76,48,54,54,53,43,28,24,14,19,7,6,7,2,2,3,0,0,19117,9276,415,448,438,263,142,59,43,207,368,355,384,427,561,689,792,318,580,363,546,739,561,357,221,9841,411,409,448,245,147,67,60,164,354,347,363,441,611,775,898,425,624,410,531,733,579,427,372,184,53,0,0,0,0,0,0,0,0,0,0,0,0,0,0,0,0,0,0,0,0,0,0,0,0,0,0,0,0,0,0,0,0,11,11,0,0,0,0,0,0,0,0,0,0,0,11,0,0,0,0,0,0,0,0,0,0,0,0,0,0,0,0,0,0,42,42,0,0,0,0,0,0,0,0,0,0,0,42,0,0,0,0,0,0,0,0,0,0,0,0,0,0,0,0,0,0,131,0,0,0,0,0,0,0,0,0,0,0,0,0,0,0,0,0,0,0,0,0,0,0,0,0,0,0,0,0,0,0,0,10,6,0,0,0,0,0,0,0,0,0,0,0,6,0,0,0,0,0,0,4,0,0,0,0,4,0,4,0,0,0,0,121,119,0,0,0,0,0,0,0,0,0,0,0,119,0,0,0,0,0,0,2,0,0,0,0,2,0,2,0,0,0,0
"G4803010","2010","TX","3","7","Texas","48","Loving County","301",,,,,,,,,,,,,,,"99999","99999","999",,,,,,,,,,,,,,,,,"1732507837","20151864","Loving County","A","+31.8449361","-103.5612293","06","9",,82,46,1,1,0,0,0,0,0,1,0,0,0,0,0,1,0,0,0,0,0,1,0,0,3,3,0,0,0,1,0,0,0,0,0,0,1,0,0,0,0,0,0,0,2,1,0,1,0,1,0,0,0,1,2,2,1,2,3,2,0,1,0,1,0,4,1,0,0,0,2,2,0,0,1,0,1,0,1,0,0,0,0,0,1,0,0,0,0,0,0,0,0,0,0,0,0,0,0,0,0,0,0,0,0,36,0,0,0,1,0,0,0,0,0,1,0,1,0,0,0,0,2,0,0,0,0,1,1,1,1,0,0,0,1,0,1,0,0,0,0,0,0,1,0,0,0,0,3,1,1,1,1,1,0,0,0,0,1,1,1,1,1,1,2,2,0,0,0,2,0,0,0,2,0,0,0,0,0,0,0,0,0,0,0,1,0,0,1,0,0,0,0,0,0,0,0,0,0,0,0,0,0,0,0,0,0,0,0,82,46,2,1,1,0,1,0,0,6,1,1,0,3,2,6,8,1,5,0,4,2,1,1,0,36,1,1,1,2,0,0,1,3,1,1,1,5,3,3,7,0,2,0,2,0,1,1,0,0,0,0,0,0,0,0,0,0,0,0,0,0,0,0,0,0,0,0,0,0,0,0,0,0,0,0,0,0,0,0,0,0,0,0,0,0,0,0,0,0,0,0,0,0,0,0,0,0,0,0,0,0,0,0,0,0,0,0,0,0,0,0,0,0,0,0,0,0,0,0,0,0,0,0,0,0,0,0,0,0,0,0,0,0,0,0,0,0,0,0,0,0,0,0,0,0,0,0,0,0,0,0,0,0,0,0,0,0,0,0,0,0,0,0,0,0,0,0,0,0,0,0,0,0,0,0,0,0,0,0,0,0,0,0,0,0,0,0,0,0,0,0,0,0,0,0,0,0,0,0,0,0,0,0,0,0,0,0,0,0,0,0,0,0,0,0,0,0,0,0,0,0,0,0,0,0,0,0,0,0,0,0,0,0,0,0,0,0,0,0,0,0,0,0
"G4803030","2010","TX","3","7","Texas","48","Lubbock County","303",,,,,,,,,,,,,,,"31180","99999","352",,,,,,,,,,,,,,,,,"2319591231","13211521","Lubbock County","A","+33.6114688","-101.8199438","06","1",,278831,137786,2085,2109,2121,2086,1901,2015,1945,1948,1912,1954,1896,1874,1852,1779,1736,1731,1849,1792,2485,3967,4008,3955,3832,3267,2838,2723,2499,2379,2217,2077,2033,1853,1785,1645,1636,1542,1534,1459,1530,1564,1516,1482,1484,1459,1521,1621,1673,1682,1739,1717,1767,1680,1680,1677,1613,1605,1535,1463,1471,1321,1226,1221,1184,1172,906,970,874,884,773,695,685,661,632,639,567,624,542,511,435,477,404,343,347,305,278,237,241,181,140,131,92,78,51,51,29,31,21,11,7,3,5,2,1,141045,1958,2004,2050,2010,1844,1929,1975,1744,1931,1911,1875,1797,1737,1745,1673,1729,1653,1712,2618,3971,3825,3615,3247,2847,2683,2435,2132,2191,2124,2084,1998,1812,1720,1664,1618,1614,1475,1553,1648,1687,1605,1555,1501,1481,1549,1693,1806,1831,1726,1809,1821,1693,1791,1749,1699,1761,1661,1554,1480,1474,1386,1319,1302,1260,1037,1072,983,1013,924,914,826,808,847,736,828,773,670,670,684,600,594,562,453,509,463,426,381,358,351,245,231,178,138,96,100,65,50,48,21,11,35,0,1,267794,131378,10274,9746,9095,5308,4014,3409,3623,9585,11476,8680,7376,7175,8097,8129,7165,2395,3202,1823,2317,3132,2519,1624,1214,136416,9862,9477,8794,5029,4159,3419,3447,8631,10873,8738,7924,7609,8785,8673,7875,2673,3579,2033,2814,3984,3297,2405,2336,11037,6408,162,128,5,0,0,0,5,0,0,121,67,5,49,0,2,0,0,0,0,2,34,7,0,0,0,27,12,2,0,0,3,10,5917,1895,1692,0,0,894,589,209,0,2,1,0,1,173,28,0,0,0,0,28,4022,3363,0,0,0,659,14,81,74,0,141,349,329,309,27,0,0,23,4,0,0,0,0,0,0,282,0,0,0,0,0,0,20,0,0,0,0,20,0,3,0,0,14,3,4629,115,82,1,0,0,0,1,0,0,81,57,17,7,0,0,0,0,0,0,0,33,21,0,0,0,12,9,0,0,0,1,2,3719,289,168,0,0,2,139,27,0,1,1,0,0,120,0,0,0,0,0,0,3430,3069,0,0,0,361,25,44,73,0,68,151,795,729,0,0,0,0,0,0,0,0,0,0,0,729,0,0,0,0,0,0,66,0,0,0,0,66,0,7,0,0,39,20
"G4803050","2010","TX","3","7","Texas","48","Lynn County","305",,,,,,,,,,,,,,,"99999","99999","999",,,,,,,,,,,,,,,,,"2309924936","4169699","Lynn County","A","+33.1784124","-101.8184933","06","9",,5915,2947,32,55,43,46,37,41,54,54,32,41,56,50,47,44,33,42,44,55,49,30,36,20,22,30,28,34,34,37,35,27,29,26,34,37,34,30,35,30,28,29,37,34,40,44,43,41,35,50,53,41,45,57,50,44,49,47,37,36,47,41,37,41,30,34,25,29,20,30,25,21,16,33,24,21,14,21,20,17,8,11,15,20,9,14,9,8,5,7,0,4,2,2,3,0,0,0,0,1,0,0,0,0,0,2968,45,32,49,65,34,50,40,48,46,50,41,44,56,53,43,41,45,57,40,22,30,19,27,22,30,26,34,30,35,37,25,32,34,27,33,34,47,14,28,31,40,37,27,33,36,55,53,50,44,36,48,46,36,46,31,45,44,37,29,34,28,34,21,29,29,24,35,29,30,33,23,26,26,36,23,30,20,17,12,10,25,22,11,19,13,13,10,7,3,5,2,4,5,1,2,0,5,0,1,2,0,0,0,5873,2907,213,222,230,141,76,35,19,78,156,156,146,192,217,242,208,78,89,49,76,108,77,67,32,2966,225,234,237,143,62,30,19,79,161,151,153,173,238,207,189,62,79,59,92,134,89,90,60,42,40,0,0,0,0,0,0,0,0,0,0,0,0,0,0,0,0,0,0,0,0,0,0,0,0,0,0,0,0,0,0,0,0,40,40,40,0,0,40,0,0,0,0,0,0,0,0,0,0,0,0,0,0,0,0,0,0,0,0,0,0,0,0,0,0,0,0,0,0,0,0,0,0,0,0,0,0,0,0,0,0,0,0,0,0,0,0,0,0,0,0,0,0,0,0,0,0,2,0,0,0,0,0,0,0,0,0,0,0,0,0,0,0,0,0,0,0,0,0,0,0,0,0,0,0,0,0,0,0,0,2,2,2,0,0,2,0,0,0,0,0,0,0,0,0,0,0,0,0,0,0,0,0,0,0,0,0,0,0,0,0,0,0,0,0,0,0,0,0,0,0,0,0,0,0,0,0,0,0,0,0,0,0,0,0,0,0,0,0,0,0,0,0,0
"G4803070","2010","TX","3","7","Texas","48","McCulloch County","307",,,,,,,,,,,,,,,"99999","99999","999",,,,,,,,,,,,,,,,,"2759886938","20285000","McCulloch County","A","+31.2054766","-099.3598557","06","9",,8283,4057,51,64,51,67,61,55,58,49,73,53,55,68,61,50,56,49,62,68,58,32,42,28,44,30,38,48,43,43,45,38,35,34,47,30,45,54,44,33,47,50,42,46,32,40,46,66,42,62,48,57,44,55,62,60,58,64,66,61,44,65,51,59,66,69,53,52,56,56,42,43,44,27,31,41,33,26,37,22,28,23,25,15,33,26,10,16,11,3,11,14,6,1,1,2,2,0,0,0,2,1,0,0,0,4226,47,50,46,51,48,63,50,46,47,51,54,71,68,61,59,59,71,46,38,30,37,37,34,39,40,31,32,47,39,48,41,32,39,48,38,47,45,38,34,58,39,57,54,56,60,39,48,66,56,55,47,66,65,62,78,73,54,76,52,54,48,67,64,71,54,57,42,59,39,41,38,39,38,43,39,47,36,35,30,34,41,24,24,35,19,27,11,13,21,14,7,7,10,10,6,5,5,2,1,5,1,0,0,8174,4016,294,288,290,179,87,42,28,108,215,189,226,204,274,279,300,109,187,108,139,174,130,104,62,4158,242,257,313,176,68,37,37,113,194,197,221,265,264,318,307,115,188,98,139,194,172,132,111,109,41,0,0,0,0,0,0,0,0,0,0,0,0,0,0,0,0,0,0,0,0,0,0,0,0,0,0,0,0,0,0,0,0,18,18,15,0,0,0,15,0,0,0,0,0,0,3,0,0,0,0,0,0,0,0,0,0,0,0,0,0,0,0,0,0,23,21,0,0,0,0,0,0,0,0,0,0,0,21,0,0,0,0,0,0,2,0,0,0,0,2,0,0,2,0,0,0,68,0,0,0,0,0,0,0,0,0,0,0,0,0,0,0,0,0,0,0,0,0,0,0,0,0,0,0,0,0,0,0,0,9,9,4,0,0,0,4,0,0,0,0,0,0,5,0,0,0,0,0,0,0,0,0,0,0,0,0,0,0,0,0,0,59,52,0,0,0,0,0,0,0,0,0,0,0,52,0,0,0,0,0,0,7,0,0,0,0,7,0,0,6,0,1,0
"G4803090","2010","TX","3","7","Texas","48","McLennan County","309",,,,,,,,,,,,,,,"47380","99999","999",,,,,,,,,,,,,,,,,"2686079968","59905775","McLennan County","A","+31.5494930","-097.2014721","06","1",,234906,114169,1718,1691,1745,1741,1762,1612,1694,1602,1735,1653,1692,1791,1642,1645,1655,1809,1834,1790,2130,2823,2597,2465,2263,2015,1832,1824,1616,1624,1542,1501,1555,1386,1438,1301,1309,1313,1262,1224,1371,1336,1402,1241,1258,1236,1305,1487,1453,1431,1597,1471,1543,1524,1401,1475,1422,1421,1315,1388,1194,1204,1179,1214,1142,1084,825,886,829,817,720,660,661,630,666,557,555,555,482,470,452,433,412,415,317,309,263,237,217,186,146,110,138,85,64,58,20,26,18,5,4,4,12,0,0,120737,1634,1567,1629,1570,1585,1602,1626,1662,1647,1650,1580,1622,1547,1556,1545,1610,1666,1636,2212,3094,2964,2676,2497,2031,1883,1725,1645,1594,1560,1555,1657,1436,1385,1359,1367,1399,1328,1337,1457,1442,1412,1366,1337,1407,1382,1676,1442,1485,1504,1582,1586,1513,1568,1501,1544,1587,1418,1480,1408,1275,1246,1249,1243,1211,938,982,963,905,877,813,779,751,749,653,735,667,684,622,580,576,591,572,501,478,505,445,397,325,370,283,219,177,143,128,102,78,74,41,28,10,34,2,1,225821,109435,8643,8289,8311,4968,3425,2195,2280,5856,7827,6762,6363,6308,7299,7243,6400,2352,2995,1678,2150,3003,2292,1608,1188,116386,7970,8176,7819,4797,3322,2566,2550,6297,7997,7139,6925,6862,7615,7668,7111,2480,3355,1926,2554,3569,3011,2420,2257,9085,4734,600,557,10,0,0,0,10,0,0,547,152,85,310,0,0,0,0,0,0,0,43,14,0,0,0,29,15,1,0,0,3,10,3634,1312,972,0,0,0,939,33,0,53,14,1,38,252,35,35,0,0,0,0,2322,2098,0,0,0,224,70,20,20,0,33,81,500,496,5,0,0,0,3,2,0,0,0,0,0,481,10,10,0,0,0,0,4,0,0,0,0,4,1,2,0,0,0,1,4351,172,121,1,0,0,0,1,0,0,120,80,35,5,0,0,0,0,0,0,0,51,15,0,0,0,36,19,1,0,0,5,11,3076,381,195,0,0,0,184,11,0,10,10,0,0,176,0,0,0,0,0,0,2695,2547,0,0,0,148,40,33,2,0,23,50,1103,1093,1,0,0,0,1,0,0,0,0,0,0,1092,0,0,0,0,0,0,10,0,0,0,0,10,1,2,0,0,1,6
"G4803110","2010","TX","3","7","Texas","48","McMullen County","311",,,,,,,,,,,,,,,"99999","99999","999",,,,,,,,,,,,,,,,,"2951100162","44960041","McMullen County","A","+28.3849219","-098.5788529","06","9",,707,367,1,2,3,4,5,4,3,1,2,6,4,7,8,0,4,4,1,3,7,3,8,1,2,3,3,7,2,2,2,4,4,4,4,1,3,2,3,1,5,1,2,9,1,4,5,8,2,4,4,6,4,9,7,4,13,10,3,9,1,8,4,7,3,5,0,9,3,1,9,4,15,2,5,6,5,6,2,5,5,5,3,1,4,3,3,3,0,0,1,0,1,0,0,0,0,0,0,0,0,0,0,0,0,340,4,2,3,3,1,4,0,3,6,3,2,7,6,3,1,3,1,5,6,2,3,5,1,6,1,3,5,5,2,1,6,2,3,2,3,2,4,2,3,2,5,2,5,5,8,8,1,3,5,10,4,4,4,5,12,7,7,4,5,2,4,6,2,6,4,8,6,3,8,2,0,3,12,8,4,2,1,8,7,5,1,2,0,2,1,0,0,0,0,2,0,0,0,0,0,0,1,0,0,0,0,0,0,707,367,15,16,23,8,10,8,1,8,17,16,12,21,24,37,31,11,8,12,14,33,23,14,5,340,13,16,19,9,8,3,5,8,16,16,13,25,27,29,25,10,12,14,13,27,23,6,3,0,0,0,0,0,0,0,0,0,0,0,0,0,0,0,0,0,0,0,0,0,0,0,0,0,0,0,0,0,0,0,0,0,0,0,0,0,0,0,0,0,0,0,0,0,0,0,0,0,0,0,0,0,0,0,0,0,0,0,0,0,0,0,0,0,0,0,0,0,0,0,0,0,0,0,0,0,0,0,0,0,0,0,0,0,0,0,0,0,0,0,0,0,0,0,0,0,0,0,0,0,0,0,0,0,0,0,0,0,0,0,0,0,0,0,0,0,0,0,0,0,0,0,0,0,0,0,0,0,0,0,0,0,0,0,0,0,0,0,0,0,0,0,0,0,0,0,0,0,0,0,0,0,0,0,0,0,0,0,0,0,0,0,0,0,0,0,0,0,0,0,0,0,0,0,0,0,0,0,0,0,0,0,0,0,0,0,0,0,0,0,0,0,0,0
"G4803130","2010","TX","3","7","Texas","48","Madison County","313",,,,,,,,,,,,,,,"99999","99999","999",,,,,,,,,,,,,,,,,"1207102873","16493751","Madison County","A","+30.9668782","-095.9303719","06","9",,13664,7873,86,81,85,87,74,90,79,66,99,91,77,92,89,90,73,73,93,93,96,142,155,153,184,189,198,224,208,172,177,189,163,143,162,137,134,146,107,143,98,132,100,114,104,78,99,88,87,90,80,68,71,83,93,80,82,81,73,65,62,70,70,79,76,76,59,48,60,45,61,62,65,57,51,28,48,31,39,34,30,34,30,24,20,14,16,7,4,11,17,11,12,5,3,4,2,1,0,0,0,0,0,0,1,5791,79,76,80,81,91,70,74,83,83,70,92,91,95,75,72,91,91,88,77,64,64,72,57,69,49,65,78,77,55,59,72,67,66,50,58,59,76,61,73,62,82,73,66,67,71,67,84,59,84,71,76,80,75,78,62,87,82,74,69,82,70,84,76,74,60,68,62,66,53,52,63,50,40,53,43,44,35,29,37,29,26,32,19,29,17,27,21,25,18,15,16,12,14,3,7,7,5,4,0,2,3,0,0,11110,5405,413,425,421,259,157,78,56,194,313,293,307,308,323,350,335,139,200,108,167,239,154,93,73,5705,407,380,425,270,141,64,70,174,331,312,331,357,365,368,391,153,208,127,171,242,168,108,142,2554,2468,0,0,0,0,0,0,0,0,0,0,0,0,0,0,0,0,0,0,0,0,0,0,0,0,0,0,0,0,0,0,0,0,2427,2366,2355,0,0,2355,0,0,0,0,0,0,0,11,0,0,0,0,0,0,61,0,0,0,0,61,0,5,0,0,56,0,41,41,0,0,0,0,0,0,0,0,0,0,0,41,0,0,0,0,0,0,0,0,0,0,0,0,0,0,0,0,0,0,86,0,0,0,0,0,0,0,0,0,0,0,0,0,0,0,0,0,0,0,0,0,0,0,0,0,0,0,0,0,0,0,0,18,4,0,0,0,0,0,0,0,0,0,0,0,4,0,0,0,0,0,0,14,0,0,0,0,14,0,2,0,0,12,0,68,68,0,0,0,0,0,0,0,0,0,0,0,68,0,0,0,0,0,0,0,0,0,0,0,0,0,0,0,0,0,0
"G4803150","2010","TX","3","7","Texas","48","Marion County","315",,,,,,,,,,,,,,,"99999","99999","999",,,,,,,,,,,,,,,,,"986475529","102154831","Marion County","A","+32.7977571","-094.3576733","06","9",,10546,5171,55,55,65,46,59,40,51,51,53,60,51,67,85,58,65,69,58,73,74,52,37,40,50,45,52,31,41,42,45,46,50,40,31,62,47,37,47,49,34,62,55,51,58,66,80,76,79,74,87,77,118,89,80,101,91,87,74,84,75,79,104,99,81,104,74,78,63,67,77,72,75,64,59,36,59,49,50,33,44,28,23,26,31,18,18,22,14,11,9,8,4,6,2,2,2,2,0,1,0,0,0,0,0,5375,59,46,63,52,48,53,40,48,55,44,57,49,53,55,55,53,63,55,56,46,41,36,51,57,47,46,48,63,52,46,59,40,46,46,50,39,45,56,70,62,52,58,55,67,79,73,70,78,93,102,94,106,94,75,74,91,110,75,82,96,87,90,113,106,88,71,78,69,69,91,56,72,59,57,79,31,58,44,42,31,47,38,34,30,20,18,19,14,15,13,8,19,9,8,8,0,2,3,2,1,2,0,0,10379,5086,280,255,326,199,122,37,40,141,201,221,223,301,382,476,397,203,258,140,214,291,194,112,73,5293,268,240,269,171,101,40,36,155,250,240,269,308,413,439,453,175,306,146,228,316,200,162,108,167,85,1,1,1,0,0,0,1,0,0,0,0,0,0,0,0,0,0,0,0,0,0,0,0,0,0,0,0,0,0,0,0,0,55,55,49,0,0,0,49,0,0,0,0,0,0,6,0,0,0,0,0,0,0,0,0,0,0,0,0,0,0,0,0,0,29,29,0,0,0,0,0,0,0,0,0,0,0,29,0,0,0,0,0,0,0,0,0,0,0,0,0,0,0,0,0,0,82,0,0,0,0,0,0,0,0,0,0,0,0,0,0,0,0,0,0,0,0,0,0,0,0,0,0,0,0,0,0,0,0,25,25,15,0,0,0,15,0,0,0,0,0,0,10,0,0,0,0,0,0,0,0,0,0,0,0,0,0,0,0,0,0,57,57,0,0,0,0,0,0,0,0,0,0,0,57,0,0,0,0,0,0,0,0,0,0,0,0,0,0,0,0,0,0
"G4803170","2010","TX","3","7","Texas","48","Martin County","317",,,,,,,,,,,,,,,"99999","99999","999",,,,,,,,,,,,,,,,,"2369694111","1931847","Martin County","A","+32.3098298","-101.9618363","06","9",,4799,2411,48,39,36,46,41,46,44,37,33,46,37,39,44,40,47,39,46,54,39,28,35,27,22,27,26,32,37,32,28,11,32,33,19,28,27,24,27,33,29,31,30,29,30,24,39,32,47,33,38,28,38,21,32,30,32,37,32,28,20,23,31,25,22,24,14,27,24,15,11,12,11,16,13,13,16,18,13,16,5,6,8,5,12,8,4,4,7,6,5,0,4,0,1,1,0,1,0,1,0,0,0,0,0,2388,42,37,36,33,34,34,34,44,30,41,43,40,40,43,35,40,34,54,37,29,30,26,23,38,34,38,30,24,22,22,26,23,29,22,23,27,34,29,39,31,27,32,39,27,30,26,36,32,35,33,41,29,41,37,29,24,30,26,29,22,24,24,25,24,28,27,22,23,18,17,16,16,11,16,11,10,12,5,7,13,15,13,8,5,3,14,4,3,7,2,3,3,2,0,0,1,1,0,0,0,0,0,0,4751,2383,210,206,207,139,65,34,27,75,139,139,143,150,177,152,137,56,58,49,35,65,57,37,26,2368,182,183,201,128,66,27,26,95,136,123,160,155,160,174,131,48,75,47,57,70,46,43,35,48,28,0,0,0,0,0,0,0,0,0,0,0,0,0,0,0,0,0,0,0,0,0,0,0,0,0,0,0,0,0,0,0,0,14,14,7,0,0,0,7,0,0,0,0,0,0,7,0,0,0,0,0,0,0,0,0,0,0,0,0,0,0,0,0,0,14,14,0,0,0,0,0,0,0,0,0,0,0,14,0,0,0,0,0,0,0,0,0,0,0,0,0,0,0,0,0,0,20,0,0,0,0,0,0,0,0,0,0,0,0,0,0,0,0,0,0,0,0,0,0,0,0,0,0,0,0,0,0,0,0,10,10,0,0,0,0,0,0,0,0,0,0,0,10,0,0,0,0,0,0,0,0,0,0,0,0,0,0,0,0,0,0,10,10,0,0,0,0,0,0,0,0,0,0,0,10,0,0,0,0,0,0,0,0,0,0,0,0,0,0,0,0,0,0
"G4803190","2010","TX","3","7","Texas","48","Mason County","319",,,,,,,,,,,,,,,"99999","99999","999",,,,,,,,,,,,,,,,,"2405588947","8834406","Mason County","A","+30.7032322","-099.2376082","06","9",,4012,1978,18,19,24,26,24,19,21,25,29,14,30,26,24,21,30,33,24,33,24,20,11,16,15,22,11,12,13,6,13,17,12,13,9,19,27,18,15,21,19,18,26,21,17,20,28,13,20,27,31,39,38,29,31,35,27,25,35,29,32,29,36,30,33,49,28,35,29,22,36,33,28,26,18,27,26,20,24,11,14,13,14,9,15,11,9,11,6,5,8,4,0,1,2,1,0,0,0,0,0,1,0,0,0,2034,14,17,25,17,16,24,20,19,33,18,24,45,24,28,26,20,26,15,23,12,6,12,13,13,6,19,8,13,17,20,13,17,22,25,24,8,17,18,24,22,24,19,22,26,23,25,23,38,32,29,21,21,37,32,30,26,34,34,32,34,33,49,29,45,33,33,39,34,36,24,38,19,25,23,14,27,13,16,22,10,19,15,19,13,13,9,9,11,8,7,12,1,1,6,1,0,2,1,0,0,0,0,0,4009,1975,111,108,131,90,44,11,16,48,59,80,91,112,130,160,149,66,110,64,91,125,82,58,39,2034,89,114,147,61,35,6,12,32,77,101,89,114,147,141,160,82,107,72,94,119,88,79,68,3,3,0,0,0,0,0,0,0,0,0,0,0,0,0,0,0,0,0,0,0,0,0,0,0,0,0,0,0,0,0,0,0,0,3,3,3,0,0,0,3,0,0,0,0,0,0,0,0,0,0,0,0,0,0,0,0,0,0,0,0,0,0,0,0,0,0,0,0,0,0,0,0,0,0,0,0,0,0,0,0,0,0,0,0,0,0,0,0,0,0,0,0,0,0,0,0,0,0,0,0,0,0,0,0,0,0,0,0,0,0,0,0,0,0,0,0,0,0,0,0,0,0,0,0,0,0,0,0,0,0,0,0,0,0,0,0,0,0,0,0,0,0,0,0,0,0,0,0,0,0,0,0,0,0,0,0,0,0,0,0,0,0,0,0,0,0,0,0,0,0,0,0,0,0,0,0,0,0,0,0,0,0,0,0,0,0,0,0,0,0,0,0,0,0
"G4803210","2010","TX","3","7","Texas","48","Matagorda County","321",,,,,,,,,,,,,,,"13060","99999","288",,,,,,,,,,,,,,,,,"2849700666","1326679773","Matagorda County","A","+28.7833407","-095.9977554","06","2",,36702,18363,239,280,250,289,263,270,245,307,270,295,292,275,299,264,279,303,281,335,274,262,228,209,218,211,222,225,201,209,227,216,252,184,196,198,189,181,157,174,211,202,193,207,189,225,213,258,305,263,277,267,304,287,294,325,273,293,285,246,232,250,291,231,212,194,175,181,165,160,158,145,142,143,150,121,110,96,80,84,81,74,96,64,53,45,46,45,33,27,27,16,11,12,9,6,4,2,2,2,1,0,1,0,0,18339,271,213,267,257,248,250,234,258,222,262,259,254,264,262,281,243,283,307,261,198,227,230,235,203,209,234,224,206,206,207,221,206,205,204,205,205,193,219,199,211,219,230,199,221,227,239,256,282,329,262,295,269,274,286,262,252,266,278,258,202,216,200,233,205,179,159,183,176,167,139,138,144,132,150,111,125,116,97,91,100,88,89,85,68,78,63,52,44,39,43,50,31,25,19,14,13,8,2,4,8,6,0,0,36302,18148,1321,1387,1409,919,525,222,200,637,1054,1004,908,1018,1361,1469,1297,517,577,342,456,653,404,286,182,18154,1256,1226,1320,833,459,227,228,644,1069,1037,1025,1096,1365,1382,1251,412,614,342,479,664,516,375,334,400,215,0,0,0,0,0,0,0,0,0,0,0,0,0,0,0,0,0,0,0,0,0,0,0,0,0,0,0,0,0,0,0,0,146,143,112,0,0,0,112,0,0,0,0,0,0,31,0,0,0,0,0,0,3,0,0,0,0,3,0,3,0,0,0,0,69,69,0,0,0,0,0,0,0,0,0,0,0,69,0,0,0,0,0,0,0,0,0,0,0,0,0,0,0,0,0,0,185,0,0,0,0,0,0,0,0,0,0,0,0,0,0,0,0,0,0,0,0,0,0,0,0,0,0,0,0,0,0,0,0,38,36,17,0,0,0,17,0,0,0,0,0,0,19,0,0,0,0,0,0,2,0,0,0,0,2,0,2,0,0,0,0,147,147,0,0,0,0,0,0,0,0,0,0,0,147,0,0,0,0,0,0,0,0,0,0,0,0,0,0,0,0,0,0
"G4803230","2010","TX","3","7","Texas","48","Maverick County","323",,,,,,,,,,,,,,,"20580","99999","999",,,,,,,,,,,,,,,,,"3313264152","32425873","Maverick County","A","+28.7452172","-100.3113679","06","2",,54258,26451,477,472,483,479,512,512,487,492,557,524,538,540,522,529,565,523,560,583,511,455,389,368,384,432,401,359,346,322,302,318,309,312,298,266,327,310,327,353,310,312,324,353,323,304,301,333,320,295,275,310,310,278,264,248,288,279,257,265,253,260,246,198,190,207,197,184,166,166,117,161,148,116,136,130,128,126,104,85,74,93,101,90,69,50,60,46,40,34,14,13,12,10,10,8,5,2,1,2,2,1,2,1,0,27807,459,432,456,486,506,508,496,476,528,466,481,519,482,505,537,528,542,561,461,419,377,379,348,312,311,312,325,336,317,345,336,307,318,363,345,390,374,383,395,382,353,370,347,349,347,319,341,335,311,314,314,337,312,347,288,345,324,310,277,298,281,238,264,242,221,231,188,195,212,174,159,158,166,157,134,142,146,110,114,115,125,105,96,81,71,75,47,40,37,33,24,27,10,12,6,9,9,2,4,3,3,0,0,53289,25565,2423,2572,2694,1660,898,341,316,963,1440,1412,1550,1575,1513,1381,1310,444,590,347,443,653,482,363,195,27724,2339,2474,2524,1631,879,377,379,965,1627,1659,1920,1759,1613,1593,1552,518,725,418,579,770,626,471,326,969,886,6,6,6,0,0,0,6,0,0,0,0,0,0,0,0,0,0,0,0,0,0,0,0,0,0,0,0,0,0,0,0,0,856,839,835,595,0,0,240,0,0,0,0,0,0,4,0,0,0,0,0,0,17,0,0,0,0,17,0,14,0,0,0,3,24,24,0,0,0,0,0,0,0,0,0,0,0,24,0,0,0,0,0,0,0,0,0,0,0,0,0,0,0,0,0,0,83,0,0,0,0,0,0,0,0,0,0,0,0,0,0,0,0,0,0,0,0,0,0,0,0,0,0,0,0,0,0,0,0,53,42,38,32,0,0,6,0,0,0,0,0,0,4,0,0,0,0,0,0,11,0,0,0,0,11,0,11,0,0,0,0,30,27,0,0,0,0,0,0,0,0,0,0,0,27,0,0,0,0,0,0,3,0,0,0,0,3,0,0,0,0,0,3
"G4803250","2010","TX","3","7","Texas","48","Medina County","325",,,,,,,,,,,,,,,"41700","99999","999",,,,,,,,,,,,,,,,,"3432656186","23769485","Medina County","A","+29.3536614","-099.1110846","06","1",,46006,23656,300,299,254,313,341,292,300,349,355,337,370,347,357,361,389,350,371,394,400,396,449,378,272,331,382,348,291,237,358,234,383,199,209,221,254,263,205,245,264,356,287,324,281,269,370,329,410,420,355,376,364,342,302,372,323,323,286,314,298,284,263,313,302,286,230,231,202,205,174,160,193,147,146,109,150,116,120,121,95,99,86,99,68,67,47,52,38,29,40,19,25,15,8,8,4,2,1,0,0,0,3,0,0,22350,261,311,284,308,300,314,320,360,304,346,326,331,336,335,350,344,314,342,312,227,219,207,221,233,205,225,248,241,253,205,252,217,248,220,238,223,278,293,271,291,333,331,289,278,318,328,319,327,346,363,410,299,382,332,353,300,287,309,311,293,277,293,317,305,206,221,237,225,193,166,138,160,163,144,154,125,129,112,119,120,121,92,87,81,73,55,73,69,62,45,33,26,31,21,13,12,12,8,3,6,2,0,0,43697,21588,1507,1633,1824,1085,593,245,231,687,1075,1084,1237,1404,1727,1653,1459,568,812,429,529,706,533,351,216,22109,1464,1644,1678,1000,539,219,206,657,1167,1172,1353,1545,1675,1769,1491,564,821,453,574,742,580,420,376,2309,2068,30,30,30,0,0,29,1,0,0,0,0,0,0,0,0,0,0,0,0,0,0,0,0,0,0,0,0,0,0,0,0,0,1923,1873,1819,0,0,1761,58,0,0,0,0,0,0,54,0,0,0,0,0,0,50,0,0,0,0,50,0,39,0,0,11,0,115,103,28,0,0,28,0,0,0,0,0,0,0,75,0,0,0,0,0,0,12,0,0,0,0,12,0,5,0,0,7,0,241,0,0,0,0,0,0,0,0,0,0,0,0,0,0,0,0,0,0,0,0,0,0,0,0,0,0,0,0,0,0,0,0,55,23,5,0,0,0,5,0,0,0,0,0,0,18,0,0,0,0,0,0,32,0,0,0,0,32,0,20,0,0,12,0,186,167,0,0,0,0,0,0,0,0,0,0,0,167,0,0,0,0,0,0,19,0,0,0,0,19,0,7,0,0,10,2
"G4803270","2010","TX","3","7","Texas","48","Menard County","327",,,,,,,,,,,,,,,"99999","99999","999",,,,,,,,,,,,,,,,,"2336245942","613559","Menard County","A","+30.8837069","-099.8549364","06","9",,2242,1133,11,19,11,7,19,23,13,12,8,10,16,10,22,12,15,16,9,14,15,8,10,9,9,11,15,13,12,9,11,11,6,6,11,5,8,12,6,6,4,5,8,11,12,10,7,8,16,9,21,20,17,23,14,14,21,16,18,15,19,18,13,22,21,16,14,23,31,26,19,11,20,14,14,9,8,4,9,9,12,8,13,10,4,12,11,7,7,5,2,5,1,3,0,0,0,0,0,1,0,2,0,1,0,1109,8,12,17,13,11,9,5,9,10,9,9,16,7,5,16,13,7,16,9,10,4,9,4,12,3,5,13,10,12,15,11,7,5,8,14,11,7,12,9,11,10,14,9,15,11,10,10,26,19,19,19,23,16,20,15,18,18,19,8,22,24,21,15,21,13,18,17,21,13,14,17,11,10,16,9,8,19,8,10,9,8,14,14,9,13,7,6,3,3,2,2,1,2,4,3,1,4,4,0,0,1,0,0,2204,1117,67,66,75,39,23,10,9,35,54,34,32,48,74,88,85,35,51,54,56,64,42,47,29,1087,61,42,53,36,19,4,9,19,53,45,49,58,84,92,84,44,49,35,48,63,53,55,32,38,16,0,0,0,0,0,0,0,0,0,0,0,0,0,0,0,0,0,0,0,0,0,0,0,0,0,0,0,0,0,0,0,0,7,7,5,0,0,0,5,0,0,0,0,0,0,2,0,0,0,0,0,0,0,0,0,0,0,0,0,0,0,0,0,0,9,9,0,0,0,0,0,0,0,0,0,0,0,9,0,0,0,0,0,0,0,0,0,0,0,0,0,0,0,0,0,0,22,0,0,0,0,0,0,0,0,0,0,0,0,0,0,0,0,0,0,0,0,0,0,0,0,0,0,0,0,0,0,0,0,7,7,0,0,0,0,0,0,0,0,0,0,0,7,0,0,0,0,0,0,0,0,0,0,0,0,0,0,0,0,0,0,15,15,0,0,0,0,0,0,0,0,0,0,0,15,0,0,0,0,0,0,0,0,0,0,0,0,0,0,0,0,0,0
"G4803290","2010","TX","3","7","Texas","48","Midland County","329",,,,,,,,,,,,,,,"33260","99999","372",,,,,,,,,,,,,,,,,"2331764835","4533910","Midland County","A","+31.8708957","-102.0243264","06","1",,136872,67242,1160,1144,1154,1131,1100,1074,1087,1031,1049,1033,1041,1062,1012,1032,1012,1017,1062,1050,1062,1025,877,847,884,1012,1037,1088,1136,1115,1057,1008,1060,905,889,889,834,869,807,836,847,765,836,787,755,737,795,830,828,944,937,911,1042,982,1019,1047,970,967,922,853,805,724,709,654,616,613,482,407,444,421,362,326,293,287,306,299,317,307,264,243,229,228,226,193,209,187,159,128,111,88,104,74,47,33,21,21,17,5,11,3,2,1,2,0,2,69630,1078,1048,1113,1059,1014,1023,999,988,996,1037,1029,967,958,946,951,1023,1013,1036,1058,1012,937,912,907,1038,1102,1074,1043,1117,1084,994,988,874,938,827,776,870,797,794,840,901,800,848,791,790,798,832,947,996,1042,1112,1076,1072,1038,1039,1070,989,938,883,806,797,733,634,626,633,442,500,472,460,444,385,412,382,415,372,368,370,343,356,364,338,301,346,301,284,251,240,192,141,147,112,83,90,59,51,47,29,28,14,17,13,10,0,0,135194,66393,5682,5265,5152,3119,2001,821,819,2890,5318,4494,4093,3858,4409,5010,4226,1352,1695,842,1099,1471,1239,943,595,68801,5308,5034,4851,3067,1976,905,896,3015,5285,4377,4181,3999,4891,5266,4383,1360,1682,960,1278,1913,1717,1393,1064,1678,849,33,7,7,0,0,0,7,0,0,0,0,0,0,0,0,0,0,0,0,0,26,1,0,0,0,25,4,1,0,0,1,19,628,326,289,0,0,0,233,56,0,0,0,0,0,35,2,2,0,0,0,0,302,140,0,0,0,162,19,43,1,0,23,76,188,107,4,0,0,0,2,2,0,0,0,0,0,94,9,8,0,1,0,0,81,0,0,0,0,81,2,63,0,0,10,6,829,18,4,4,0,0,0,4,0,0,0,0,0,0,0,0,0,0,0,0,0,14,0,0,0,0,14,6,1,0,0,0,7,399,117,60,0,0,0,42,18,0,0,0,0,0,54,3,3,0,0,0,0,282,139,0,0,0,143,18,39,15,0,28,43,412,199,0,0,0,0,0,0,0,0,0,0,0,179,20,10,0,10,0,0,213,0,0,0,0,213,0,186,0,0,24,3
"G4803310","2010","TX","3","7","Texas","48","Milam County","331",,,,,,,,,,,,,,,"99999","99999","999",,,,,,,,,,,,,,,,,"2633837445","12538897","Milam County","A","+30.7912420","-096.9843946","06","9",,24757,12225,166,179,188,171,170,183,181,171,199,185,201,175,177,203,211,228,214,230,185,119,123,112,126,116,124,118,136,142,118,115,120,97,116,117,147,109,122,123,147,170,138,122,144,148,147,171,160,187,153,192,177,170,174,175,194,154,180,149,158,170,154,156,169,180,138,159,123,132,119,107,101,90,101,82,101,82,80,77,60,68,58,70,42,40,36,47,37,19,17,19,25,10,12,5,3,2,4,3,0,0,0,0,0,12532,155,166,167,190,146,192,171,155,179,190,163,151,159,187,170,191,208,180,179,135,106,125,101,107,115,130,111,139,118,128,136,147,142,133,150,126,147,124,144,132,150,151,134,150,172,143,172,196,166,174,201,155,186,186,174,187,180,173,170,190,153,153,148,187,112,144,124,124,110,109,105,102,112,125,93,87,104,81,89,91,81,87,76,69,63,61,46,49,37,30,37,27,33,19,16,13,9,7,4,2,8,0,0,24352,12005,874,919,951,603,297,119,108,356,621,587,660,693,855,887,809,307,481,280,353,470,357,238,180,12347,824,887,825,575,313,106,121,322,622,707,670,756,848,897,897,305,446,265,341,529,436,341,314,405,220,85,85,0,0,0,0,0,0,0,85,0,35,50,0,0,0,0,0,0,0,0,0,0,0,0,0,0,0,0,0,0,0,82,82,72,0,0,0,72,0,0,0,0,0,0,10,0,0,0,0,0,0,0,0,0,0,0,0,0,0,0,0,0,0,53,53,0,0,0,0,0,0,0,0,0,0,0,53,0,0,0,0,0,0,0,0,0,0,0,0,0,0,0,0,0,0,185,9,9,0,0,0,0,0,0,0,9,0,0,9,0,0,0,0,0,0,0,0,0,0,0,0,0,0,0,0,0,0,0,28,28,14,0,0,0,14,0,0,0,0,0,0,14,0,0,0,0,0,0,0,0,0,0,0,0,0,0,0,0,0,0,148,148,0,0,0,0,0,0,0,0,0,0,0,148,0,0,0,0,0,0,0,0,0,0,0,0,0,0,0,0,0,0
"G4803330","2010","TX","3","7","Texas","48","Mills County","333",,,,,,,,,,,,,,,"99999","99999","999",,,,,,,,,,,,,,,,,"1937987484","3902577","Mills County","A","+31.4948885","-098.5946231","06","9",,4936,2445,27,34,26,28,38,21,34,25,34,40,39,32,29,42,44,37,43,55,40,14,21,16,17,23,18,21,20,14,15,18,27,24,18,25,17,14,23,22,16,24,34,37,23,37,30,42,26,31,32,37,31,22,33,33,36,45,32,35,28,45,34,32,36,35,33,32,44,39,34,36,25,25,24,23,25,17,18,24,22,16,12,12,14,17,14,16,8,10,5,3,3,2,1,2,3,1,0,1,2,0,1,0,0,2491,24,22,37,35,27,30,23,25,23,32,35,41,40,37,31,34,42,31,30,19,17,13,21,17,12,19,15,26,28,20,20,22,21,20,28,14,20,22,28,37,30,23,28,31,30,33,29,31,33,39,23,29,35,35,42,32,33,38,38,32,44,45,27,33,33,44,34,37,37,23,24,42,25,23,20,15,30,21,23,27,20,19,21,19,12,16,10,8,12,10,9,11,5,6,8,1,6,2,6,0,1,0,0,4785,2375,153,152,160,124,54,21,14,58,88,110,99,160,167,155,182,66,103,75,107,121,91,68,47,2410,145,132,173,104,49,17,13,50,108,111,121,142,165,163,172,87,92,77,94,129,109,81,76,151,70,39,39,0,0,0,0,0,0,0,39,0,39,0,0,0,0,0,0,0,0,0,0,0,0,0,0,0,0,0,0,0,0,9,7,4,0,0,0,4,0,0,0,0,0,0,3,0,0,0,0,0,0,2,0,0,0,0,2,0,2,0,0,0,0,22,19,0,0,0,0,0,0,0,0,0,0,0,19,0,0,0,0,0,0,3,0,0,0,0,3,0,3,0,0,0,0,81,15,15,0,0,0,0,0,0,0,15,0,15,0,0,0,0,0,0,0,0,0,0,0,0,0,0,0,0,0,0,0,0,5,5,0,0,0,0,0,0,0,0,0,0,0,5,0,0,0,0,0,0,0,0,0,0,0,0,0,0,0,0,0,0,61,61,0,0,0,0,0,0,0,0,0,0,0,61,0,0,0,0,0,0,0,0,0,0,0,0,0,0,0,0,0,0
"G4803350","2010","TX","3","7","Texas","48","Mitchell County","335",,,,,,,,,,,,,,,"99999","99999","999",,,,,,,,,,,,,,,,,"2359711652","12489897","Mitchell County","A","+32.3037809","-100.9245797","06","9",,9403,5746,49,45,51,54,44,47,53,47,48,51,57,57,63,40,45,52,61,59,71,100,113,145,162,147,149,150,157,133,154,135,118,125,110,105,108,101,104,77,94,82,75,74,84,83,101,76,60,92,69,65,84,74,68,60,58,63,58,57,66,40,54,40,54,57,35,43,29,29,45,24,17,28,23,33,33,19,15,22,23,22,12,16,26,12,12,17,8,7,3,4,5,2,3,0,1,2,1,0,0,0,0,0,0,3657,46,55,49,48,49,28,57,45,47,59,50,52,54,45,50,64,55,44,46,34,38,33,29,36,31,44,36,41,36,51,53,41,31,43,27,35,35,39,38,57,56,34,29,50,43,49,41,47,48,42,53,50,62,44,50,53,61,51,54,66,48,43,43,49,43,42,44,41,28,47,23,32,36,29,24,32,22,26,22,33,25,18,22,28,22,16,15,9,13,15,11,7,4,3,3,0,0,3,1,1,0,0,0,6997,3410,243,246,262,172,104,28,29,92,187,210,193,218,215,238,255,88,138,69,92,124,90,72,45,3587,247,236,251,163,80,37,32,96,207,195,204,210,226,259,280,90,133,84,114,140,130,99,74,2406,2336,0,0,0,0,0,0,0,0,0,0,0,0,0,0,0,0,0,0,0,0,0,0,0,0,0,0,0,0,0,0,0,0,2292,2292,2284,0,0,2267,17,0,0,0,0,0,0,8,0,0,0,0,0,0,0,0,0,0,0,0,0,0,0,0,0,0,44,44,8,0,0,8,0,0,0,0,0,0,0,36,0,0,0,0,0,0,0,0,0,0,0,0,0,0,0,0,0,0,70,0,0,0,0,0,0,0,0,0,0,0,0,0,0,0,0,0,0,0,0,0,0,0,0,0,0,0,0,0,0,0,0,14,14,4,0,0,0,4,0,0,0,0,0,0,10,0,0,0,0,0,0,0,0,0,0,0,0,0,0,0,0,0,0,56,56,0,0,0,0,0,0,0,0,0,0,0,56,0,0,0,0,0,0,0,0,0,0,0,0,0,0,0,0,0,0
"G4803370","2010","TX","3","7","Texas","48","Montague County","337",,,,,,,,,,,,,,,"99999","99999","999",,,,,,,,,,,,,,,,,"2411034772","19087292","Montague County","A","+33.6762888","-097.7247469","06","9",,19719,9665,137,125,135,137,117,135,129,127,150,119,101,138,123,111,109,113,126,139,125,101,108,98,79,84,125,97,98,108,96,102,114,89,108,83,98,95,104,142,101,131,105,116,95,139,143,134,113,140,161,145,163,129,150,149,135,137,129,115,136,132,124,131,150,160,126,108,140,120,118,113,86,99,93,96,79,71,78,73,66,62,44,53,41,37,36,21,21,19,16,17,16,7,4,4,6,1,2,2,0,1,1,0,0,10054,122,122,124,113,102,118,134,107,115,149,127,131,149,138,132,124,121,128,127,79,104,106,105,101,79,85,108,96,101,113,95,83,100,105,97,118,111,97,103,120,109,136,111,117,138,133,128,136,141,163,158,136,148,155,130,148,142,125,127,123,149,165,154,133,131,136,129,132,120,86,86,96,121,106,106,85,78,86,79,68,68,60,56,56,44,40,41,38,47,34,30,28,14,12,12,8,11,5,1,1,9,0,0,19453,9554,651,660,582,378,225,107,95,285,495,484,566,583,681,722,647,251,431,246,347,450,344,200,124,9899,583,623,677,373,206,103,105,285,498,478,545,606,698,722,659,311,416,260,333,506,382,268,262,266,111,0,0,0,0,0,0,0,0,0,0,0,0,0,0,0,0,0,0,0,0,0,0,0,0,0,0,0,0,0,0,0,0,71,50,40,0,0,0,40,0,0,0,0,0,0,10,0,0,0,0,0,0,21,0,0,0,0,21,1,20,0,0,0,0,40,40,0,0,0,0,0,0,0,0,0,0,0,40,0,0,0,0,0,0,0,0,0,0,0,0,0,0,0,0,0,0,155,0,0,0,0,0,0,0,0,0,0,0,0,0,0,0,0,0,0,0,0,0,0,0,0,0,0,0,0,0,0,0,0,37,26,11,0,0,0,11,0,0,0,0,0,0,15,0,0,0,0,0,0,11,0,0,0,0,11,1,10,0,0,0,0,118,118,0,0,0,0,0,0,0,0,0,0,0,118,0,0,0,0,0,0,0,0,0,0,0,0,0,0,0,0,0,0
"G4803390","2010","TX","3","7","Texas","48","Montgomery County","339",,,,,,,,,,,,,,,"26420","99999","288",,,,,,,,,,,,,,,,,"2698080682","91022528","Montgomery County","A","+30.3023644","-095.5035226","06","1",,455746,225911,3317,3340,3481,3475,3559,3478,3641,3679,3623,3725,3701,3690,3590,3699,3622,3590,3588,3650,3293,2639,2633,2494,2425,2638,2630,2850,2754,2910,3049,2997,3053,2915,2815,3006,2993,3163,2981,3064,3295,3490,3483,3305,3228,3287,3184,3369,3473,3410,3477,3461,3519,3321,3520,3321,3169,3019,2901,2803,2720,2498,2502,2397,2574,2510,1773,1863,1793,1747,1539,1446,1258,1241,1103,1012,907,867,791,671,712,618,545,508,469,344,319,298,252,221,148,118,99,69,56,42,36,24,11,10,4,4,6,0,1,229835,2975,3126,3274,3368,3309,3448,3403,3484,3536,3603,3620,3478,3448,3457,3547,3516,3498,3441,2999,2347,2291,2225,2335,2606,2650,2668,2802,2907,3022,3014,3086,2999,3118,3058,3039,3146,3189,3223,3420,3568,3557,3371,3287,3190,3277,3503,3477,3547,3494,3604,3480,3483,3505,3268,3297,3242,2966,2926,2897,2693,2581,2574,2725,2488,1908,2017,1943,1907,1800,1482,1364,1317,1237,1157,1036,1021,980,890,810,777,843,666,699,620,549,583,417,378,374,331,246,198,149,119,97,75,56,43,30,22,19,0,0,452522,223762,17162,18140,18300,10807,5866,2578,2436,7507,14190,14475,15735,16289,17039,16730,13873,4878,6828,3643,4715,5488,3613,2133,1337,228760,16045,17458,17548,10446,5342,2283,2214,7560,14363,15269,16519,16653,17592,17002,14701,5142,7102,3943,5161,6047,4379,3220,2771,3224,2149,39,14,14,0,0,0,14,0,0,0,0,0,0,0,0,0,0,0,0,0,25,0,0,0,0,25,10,0,0,0,6,9,1887,1816,1674,828,0,0,783,63,0,1,0,1,0,141,0,0,0,0,0,0,71,0,0,0,0,71,28,11,0,0,8,24,223,197,11,5,0,0,6,0,0,0,0,0,0,186,0,0,0,0,0,0,26,0,0,0,0,26,1,13,0,0,7,5,1075,34,2,0,0,0,0,0,0,0,2,0,2,0,0,0,0,0,0,0,0,32,0,0,0,0,32,12,0,0,0,3,17,310,250,160,23,0,0,135,2,0,0,0,0,0,90,0,0,0,0,0,0,60,0,0,0,0,60,7,12,0,0,4,37,731,658,0,0,0,0,0,0,0,0,0,0,0,658,0,0,0,0,0,0,73,0,0,0,0,73,1,53,0,0,12,7
"G4803410","2010","TX","3","7","Texas","48","Moore County","341",,,,,,,,,,,,,,,"20300","99999","999",,,,,,,,,,,,,,,,,"2330188778","25718171","Moore County","A","+35.8356759","-101.8905018","06","2",,21904,11317,220,199,211,223,209,210,204,206,199,220,192,213,211,199,212,218,177,200,178,164,169,170,171,156,157,158,175,159,177,153,154,159,163,149,150,153,134,150,133,157,161,138,130,136,162,147,146,158,137,138,143,117,150,130,129,158,129,113,111,102,105,88,85,75,64,66,65,54,58,54,67,43,45,36,43,44,40,39,49,29,39,20,32,16,21,16,15,13,13,14,6,5,1,4,2,2,0,2,0,0,0,0,0,10587,191,181,218,178,198,208,183,192,175,173,163,166,166,180,162,184,176,182,173,144,158,135,108,140,128,130,157,175,176,141,142,136,162,123,142,152,130,131,122,140,146,147,140,124,108,127,143,151,127,123,141,132,131,129,141,136,112,109,118,100,96,91,95,83,62,63,71,56,65,61,51,62,56,53,50,57,33,49,42,42,41,42,50,25,40,16,25,20,15,14,11,13,9,7,4,6,2,0,2,1,0,0,0,21750,11240,1062,1039,1027,592,340,168,170,481,809,771,723,720,718,662,611,191,222,131,163,230,200,122,88,10510,966,931,837,542,317,158,135,374,779,704,674,664,671,673,572,186,239,132,179,268,213,177,119,154,77,3,3,3,0,0,0,3,0,0,0,0,0,0,0,0,0,0,0,0,0,0,0,0,0,0,0,0,0,0,0,0,0,55,43,32,0,0,0,32,0,0,0,0,0,0,11,0,0,0,0,0,0,12,0,0,0,0,12,0,0,11,0,0,1,19,19,1,0,0,0,1,0,0,0,0,0,0,18,0,0,0,0,0,0,0,0,0,0,0,0,0,0,0,0,0,0,77,0,0,0,0,0,0,0,0,0,0,0,0,0,0,0,0,0,0,0,0,0,0,0,0,0,0,0,0,0,0,0,0,11,9,3,0,0,0,3,0,0,0,0,0,0,6,0,0,0,0,0,0,2,0,0,0,0,2,0,0,2,0,0,0,66,66,0,0,0,0,0,0,0,0,0,0,0,66,0,0,0,0,0,0,0,0,0,0,0,0,0,0,0,0,0,0
"G4803430","2010","TX","3","7","Texas","48","Morris County","343",,,,,,,,,,,,,,,"99999","99999","999",,,,,,,,,,,,,,,,,"652637107","17394113","Morris County","A","+33.1164660","-094.7312653","06","9",,12934,6239,88,89,80,92,87,61,101,90,67,90,78,90,98,76,103,93,86,95,100,67,60,69,73,64,48,64,62,71,80,79,67,79,59,58,60,81,59,72,69,84,70,59,54,66,67,81,88,85,78,91,96,109,88,82,98,88,88,111,85,81,76,74,88,80,62,65,61,75,78,70,52,56,52,67,64,59,43,45,42,40,32,46,36,11,20,20,16,3,15,10,8,9,5,1,0,0,1,2,1,0,0,0,0,6695,88,69,70,85,88,68,91,60,62,65,82,80,86,95,91,94,86,89,96,74,68,74,54,53,73,60,77,83,73,83,69,73,77,60,79,84,81,81,76,66,91,69,73,55,70,79,72,81,95,109,97,118,97,111,110,109,90,88,108,77,77,114,94,77,70,83,78,68,64,74,63,71,78,76,58,62,55,49,53,40,54,32,51,45,31,34,41,17,24,16,13,11,18,7,8,7,6,2,7,3,2,0,0,12789,6169,436,409,445,274,166,60,68,182,348,319,361,315,418,467,450,146,229,126,219,285,222,140,84,6620,400,346,434,269,170,68,74,179,375,356,388,356,436,530,471,189,239,160,204,340,250,204,182,145,70,0,0,0,0,0,0,0,0,0,0,0,0,0,0,0,0,0,0,0,0,0,0,0,0,0,0,0,0,0,0,0,0,41,38,27,0,0,0,27,0,0,0,0,0,0,11,0,0,0,0,0,0,3,0,0,0,0,3,0,3,0,0,0,0,29,21,0,0,0,0,0,0,0,0,0,0,0,21,0,0,0,0,0,0,8,0,0,0,0,8,0,8,0,0,0,0,75,0,0,0,0,0,0,0,0,0,0,0,0,0,0,0,0,0,0,0,0,0,0,0,0,0,0,0,0,0,0,0,0,14,13,2,0,0,0,2,0,0,0,0,0,0,11,0,0,0,0,0,0,1,0,0,0,0,1,0,1,0,0,0,0,61,30,0,0,0,0,0,0,0,0,0,0,0,30,0,0,0,0,0,0,31,0,0,0,0,31,0,31,0,0,0,0
"G4803450","2010","TX","3","7","Texas","48","Motley County","345",,,,,,,,,,,,,,,"99999","99999","999",,,,,,,,,,,,,,,,,"2562954830","642801","Motley County","A","+34.0583832","-100.7936960","06","9",,1210,613,6,1,6,8,5,10,8,10,5,8,6,8,10,10,8,8,15,7,7,3,5,4,5,7,4,4,7,5,2,10,6,7,6,2,10,7,5,4,10,6,2,6,1,4,7,6,9,6,12,9,8,13,5,8,9,9,7,12,11,6,13,12,4,7,10,11,13,12,6,6,9,5,9,12,6,4,7,4,5,3,3,9,3,10,2,2,2,3,0,4,0,1,0,1,0,0,0,0,0,0,0,0,0,597,2,6,11,12,6,5,2,12,10,6,5,10,8,8,6,3,5,8,4,8,2,2,3,9,5,6,1,2,5,4,5,8,5,9,2,10,4,4,3,7,5,3,2,6,4,10,4,12,9,7,6,4,10,5,11,7,4,11,17,9,7,10,7,9,9,10,13,9,17,7,11,7,8,7,6,9,7,8,4,5,13,8,4,3,3,0,8,4,2,1,0,1,0,0,0,1,0,0,0,0,0,0,0,1210,613,26,41,42,30,10,5,4,16,28,31,32,20,42,43,45,25,21,24,24,41,23,27,13,597,37,35,37,16,12,2,2,17,18,29,28,20,42,36,48,17,25,23,33,39,33,31,17,0,0,0,0,0,0,0,0,0,0,0,0,0,0,0,0,0,0,0,0,0,0,0,0,0,0,0,0,0,0,0,0,0,0,0,0,0,0,0,0,0,0,0,0,0,0,0,0,0,0,0,0,0,0,0,0,0,0,0,0,0,0,0,0,0,0,0,0,0,0,0,0,0,0,0,0,0,0,0,0,0,0,0,0,0,0,0,0,0,0,0,0,0,0,0,0,0,0,0,0,0,0,0,0,0,0,0,0,0,0,0,0,0,0,0,0,0,0,0,0,0,0,0,0,0,0,0,0,0,0,0,0,0,0,0,0,0,0,0,0,0,0,0,0,0,0,0,0,0,0,0,0,0,0,0,0,0,0,0,0,0,0,0,0,0,0,0,0,0,0,0,0,0,0,0,0,0,0,0,0,0,0,0,0,0,0,0,0,0,0,0,0,0,0,0
"G4803470","2010","TX","3","7","Texas","48","Nacogdoches County","347",,,,,,,,,,,,,,,"34860","99999","999",,,,,,,,,,,,,,,,,"2451520148","89745988","Nacogdoches County","A","+31.6205598","-094.6202497","06","2",,64524,30800,443,440,490,431,466,478,466,432,382,464,406,389,422,406,411,373,428,381,656,1049,978,992,872,680,530,486,445,448,426,408,388,371,350,296,333,346,293,317,333,355,323,326,344,313,307,332,334,355,381,363,351,353,386,390,369,361,355,369,342,334,339,300,334,318,220,256,244,224,213,197,154,152,180,140,128,154,119,128,126,105,92,92,81,73,62,75,53,44,30,23,28,12,14,12,13,5,0,3,5,0,4,0,0,33724,446,445,444,410,419,406,391,423,396,375,399,407,409,406,385,371,395,426,1001,1553,1317,1192,950,673,541,485,426,424,426,385,386,391,385,358,345,322,291,347,333,360,351,359,298,359,339,404,387,405,360,425,380,382,426,411,357,383,390,374,374,354,355,319,319,315,273,282,276,260,229,207,203,202,213,187,184,179,178,148,156,154,134,133,141,110,123,114,75,84,73,57,71,46,36,17,30,22,14,9,10,12,12,0,0,59380,28778,2270,2219,2012,1180,821,579,794,1937,2153,1703,1609,1579,1735,1824,1741,633,858,493,627,735,604,386,286,30602,2164,1989,2004,1181,898,672,934,2025,2123,1858,1649,1696,1969,1949,1866,664,896,551,684,960,780,568,522,5144,2022,27,25,0,0,0,0,0,0,0,25,0,25,0,0,0,0,0,0,0,0,2,0,0,0,0,2,0,0,0,0,0,2,1885,222,175,0,0,0,175,0,0,0,0,0,0,47,0,0,0,0,0,0,1663,1635,0,0,0,28,7,5,0,0,0,16,110,110,0,0,0,0,0,0,0,0,0,0,0,110,0,0,0,0,0,0,0,0,0,0,0,0,0,0,0,0,0,0,3122,15,0,0,0,0,0,0,0,0,0,0,0,0,0,0,0,0,0,0,0,15,9,0,0,0,6,4,0,0,0,0,2,2791,66,29,0,0,0,29,0,0,0,0,0,0,37,0,0,0,0,0,0,2725,2719,0,0,0,6,3,0,0,0,0,3,316,316,0,0,0,0,0,0,0,0,0,0,0,316,0,0,0,0,0,0,0,0,0,0,0,0,0,0,0,0,0,0
"G4803490","2010","TX","3","7","Texas","48","Navarro County","349",,,,,,,,,,,,,,,"18620","99999","999",,,,,,,,,,,,,,,,,"2614922711","197639165","Navarro County","A","+32.0484498","-096.4769075","06","2",,47735,23657,346,338,353,398,338,344,354,352,359,405,399,410,378,414,378,370,400,441,354,392,355,281,272,275,268,259,275,269,276,275,282,277,275,268,255,283,293,282,277,319,309,308,312,272,271,309,323,329,314,335,371,298,331,317,327,296,300,314,253,266,291,282,288,284,224,229,208,215,192,210,188,170,129,161,120,155,129,85,94,97,79,89,63,62,50,56,44,41,28,27,18,17,12,7,7,4,4,2,0,1,1,0,0,24078,328,339,354,351,335,323,327,360,341,348,332,353,317,343,393,321,355,326,328,310,307,245,288,285,299,272,262,261,286,291,312,256,271,262,280,305,281,348,280,277,308,321,297,265,290,350,322,350,352,350,340,318,337,307,337,309,303,328,296,268,305,303,300,274,227,250,260,241,212,218,195,187,167,151,153,160,124,110,140,144,131,111,103,104,96,90,76,75,82,65,46,38,33,28,13,21,11,9,7,10,7,1,0,46999,23209,1773,1814,1958,1134,697,341,274,793,1321,1334,1433,1446,1587,1617,1416,565,788,430,611,759,551,326,241,23790,1706,1699,1734,997,633,305,243,867,1363,1379,1484,1475,1713,1633,1498,604,793,501,659,840,651,509,504,736,448,98,97,1,0,0,0,1,0,0,96,0,0,96,0,0,0,0,0,0,0,1,0,0,0,0,1,0,0,0,0,1,0,274,200,146,0,0,0,146,0,0,16,0,0,16,38,0,0,0,0,0,0,74,23,0,0,0,51,3,35,0,0,8,5,76,74,0,0,0,0,0,0,0,0,0,0,0,74,0,0,0,0,0,0,2,0,0,0,0,2,0,0,0,0,0,2,288,10,8,0,0,0,0,0,0,0,8,0,0,8,0,0,0,0,0,0,0,2,0,0,0,0,2,0,0,0,0,2,0,73,56,32,0,0,0,32,0,0,2,0,0,2,22,0,0,0,0,0,0,17,0,0,0,0,17,0,13,0,0,3,1,205,199,0,0,0,0,0,0,0,0,0,0,0,199,0,0,0,0,0,0,6,0,0,0,0,6,0,2,0,0,0,4
"G4803510","2010","TX","3","7","Texas","48","Newton County","351",,,,,,,,,,,,,,,"99999","99999","999",,,,,,,,,,,,,,,,,"2418212417","15672105","Newton County","A","+30.7867182","-093.7392500","06","9",,14445,7445,82,87,94,100,75,79,73,80,101,108,86,102,106,103,107,94,123,128,128,137,94,105,91,104,91,91,93,76,93,100,80,96,86,67,89,96,67,83,94,102,112,89,101,108,100,104,113,98,114,99,126,98,122,107,102,121,104,100,84,82,102,107,90,92,81,78,72,88,87,67,81,57,62,44,51,61,41,40,38,35,29,31,24,26,14,17,20,10,8,2,3,2,6,2,1,1,0,0,0,0,0,0,0,7000,81,73,84,81,83,82,80,100,94,93,79,97,102,99,99,89,109,100,105,71,76,61,69,60,62,74,61,84,53,82,80,66,67,78,75,89,86,87,80,91,88,104,71,91,88,102,109,106,99,101,107,96,115,104,107,94,114,93,110,98,92,111,94,110,70,104,79,82,66,73,61,70,61,58,52,49,44,60,55,39,38,32,22,36,34,19,16,23,21,10,9,3,11,1,3,5,2,1,2,2,1,0,0,13721,6795,438,441,504,336,222,65,86,199,321,329,359,458,481,529,475,207,261,150,238,293,213,123,67,6926,402,449,476,298,174,76,60,186,345,360,425,436,514,528,505,202,272,182,218,302,241,159,116,724,650,9,9,9,0,0,0,9,0,0,0,0,0,0,0,0,0,0,0,0,0,0,0,0,0,0,0,0,0,0,0,0,0,627,627,619,0,0,0,619,0,0,0,0,0,0,8,0,0,0,0,0,0,0,0,0,0,0,0,0,0,0,0,0,0,14,14,0,0,0,0,0,0,0,0,0,0,0,14,0,0,0,0,0,0,0,0,0,0,0,0,0,0,0,0,0,0,74,0,0,0,0,0,0,0,0,0,0,0,0,0,0,0,0,0,0,0,0,0,0,0,0,0,0,0,0,0,0,0,0,48,48,38,0,0,0,38,0,0,0,0,0,0,10,0,0,0,0,0,0,0,0,0,0,0,0,0,0,0,0,0,0,26,26,0,0,0,0,0,0,0,0,0,0,0,26,0,0,0,0,0,0,0,0,0,0,0,0,0,0,0,0,0,0
"G4803530","2010","TX","3","7","Texas","48","Nolan County","353",,,,,,,,,,,,,,,"45020","99999","999",,,,,,,,,,,,,,,,,"2362061553","5052677","Nolan County","A","+32.3123380","-100.4181079","06","2",,15216,7561,119,93,123,124,116,120,119,121,107,104,113,104,110,108,114,112,108,99,130,154,117,84,86,99,85,72,73,96,81,99,94,86,72,87,77,79,79,76,84,99,113,90,78,96,88,91,74,99,96,108,96,101,95,88,129,124,105,94,114,82,113,95,100,79,66,89,76,72,65,62,73,66,45,63,42,44,49,50,38,36,46,34,28,29,23,27,11,11,5,9,10,4,7,6,1,1,0,1,0,1,0,0,0,7655,89,109,131,109,115,111,123,109,108,101,99,112,86,106,104,103,115,91,108,80,81,76,72,87,71,88,75,70,83,95,72,69,100,88,81,94,83,104,85,99,85,91,94,92,79,98,85,109,102,94,121,109,91,113,107,103,110,117,97,107,102,98,87,111,76,71,100,75,78,68,67,62,52,61,74,69,53,39,50,46,42,38,42,34,35,42,33,27,34,22,17,12,9,7,8,9,6,3,2,4,4,0,0,14806,7278,575,570,549,318,197,78,63,236,399,404,407,456,460,504,517,206,245,163,197,282,211,152,89,7528,553,552,507,309,177,77,75,227,411,407,464,437,486,539,531,198,273,167,220,309,251,175,183,410,283,2,0,0,0,0,0,0,0,0,0,0,0,0,0,0,0,0,0,0,0,2,1,0,0,0,1,0,0,0,0,1,0,251,51,46,0,0,0,46,0,0,0,0,0,0,5,0,0,0,0,0,0,200,188,0,0,0,12,0,7,3,0,2,0,30,27,0,0,0,0,0,0,0,0,0,0,0,27,0,0,0,0,0,0,3,0,0,0,0,3,0,0,3,0,0,0,127,0,0,0,0,0,0,0,0,0,0,0,0,0,0,0,0,0,0,0,0,0,0,0,0,0,0,0,0,0,0,0,0,37,9,3,0,0,0,3,0,0,0,0,0,0,6,0,0,0,0,0,0,28,17,0,0,0,11,0,5,6,0,0,0,90,90,0,0,0,0,0,0,0,0,0,0,0,90,0,0,0,0,0,0,0,0,0,0,0,0,0,0,0,0,0,0
"G4803550","2010","TX","3","7","Texas","48","Nueces County","355",,,,,,,,,,,,,,,"18580","99999","204",,,,,,,,,,,,,,,,,"2171658351","847226454","Nueces County","A","+27.7394061","-097.5216428","06","1",,340223,167038,2376,2369,2497,2497,2596,2502,2404,2456,2576,2637,2565,2530,2495,2369,2493,2517,2615,2605,2559,2483,2559,2375,2488,2536,2438,2511,2457,2564,2518,2405,2366,2181,2095,2024,1981,2052,2011,2059,2081,2219,2188,1952,1971,2028,1979,2311,2281,2420,2376,2380,2507,2335,2373,2367,2456,2394,2285,2164,2039,1918,1860,1842,1898,1748,1405,1455,1304,1192,1149,1025,926,869,788,807,721,746,645,609,601,600,567,477,430,427,379,328,324,261,216,182,144,88,61,53,39,31,19,14,9,7,6,1,0,173185,2346,2385,2370,2273,2367,2371,2422,2392,2409,2468,2596,2414,2398,2403,2405,2381,2345,2411,2405,2571,2697,2450,2526,2501,2491,2437,2340,2537,2352,2455,2335,2191,2170,2163,2118,2045,2034,2086,2233,2258,2200,2005,2094,2058,1959,2362,2446,2628,2357,2494,2569,2404,2449,2524,2493,2461,2373,2144,2029,2010,1948,1904,1928,1851,1531,1527,1404,1315,1224,1152,1035,1070,1062,997,987,1061,882,860,886,900,804,730,763,663,638,585,515,447,423,367,299,174,156,118,94,81,58,40,34,25,34,3,0,334431,163677,12306,12557,12429,7636,4772,2328,2237,7180,12062,10372,10182,9900,11520,11794,10632,3668,5000,2729,3333,4059,3133,2180,1668,170754,11722,12052,12205,7110,4659,2427,2359,7375,12015,10906,10588,10249,12210,12342,10955,3823,5262,2904,3653,5067,4444,3394,3033,5792,3361,171,118,12,0,0,0,12,0,0,106,55,0,51,0,0,0,0,0,0,0,53,3,0,0,0,50,34,0,1,0,0,15,2792,1508,1404,0,0,160,1104,140,0,3,0,0,3,101,0,0,0,0,0,0,1284,530,71,71,0,683,263,81,101,6,0,232,398,373,11,0,0,6,5,0,0,0,0,0,0,362,0,0,0,0,0,0,25,0,0,0,0,25,13,4,0,0,0,8,2431,67,27,1,0,0,0,1,0,0,26,13,0,13,0,0,0,0,0,0,0,40,2,0,0,0,38,22,1,1,0,0,14,1446,381,286,0,0,118,158,10,0,1,1,0,0,94,0,0,0,0,0,0,1065,758,20,20,0,287,121,29,34,0,0,103,918,855,5,0,0,5,0,0,0,0,0,0,0,850,0,0,0,0,0,0,63,0,0,0,0,63,3,11,0,0,0,49
"G4803570","2010","TX","3","7","Texas","48","Ochiltree County","357",,,,,,,,,,,,,,,"99999","99999","999",,,,,,,,,,,,,,,,,"2376642415","1331778","Ochiltree County","A","+36.2787442","-100.8158636","06","9",,10223,5237,93,106,112,96,106,92,99,101,80,107,95,88,89,87,104,93,79,87,91,45,64,58,70,67,59,91,68,74,86,62,78,77,76,74,74,80,86,63,83,58,64,55,59,57,65,62,72,69,68,82,74,59,59,73,59,75,51,48,55,48,46,45,59,51,34,31,33,33,21,26,24,18,27,23,18,22,16,22,15,19,12,11,10,16,11,10,6,6,7,4,2,5,1,1,0,0,0,0,0,0,0,0,0,4986,93,76,79,92,100,112,120,82,87,87,74,94,61,82,67,69,81,61,80,62,66,57,63,68,56,85,52,68,70,70,46,81,80,66,62,75,61,55,52,63,63,54,62,51,73,63,62,72,74,71,73,63,67,56,64,58,55,58,56,38,40,46,36,38,32,45,30,35,33,42,33,27,19,16,28,31,27,21,25,37,16,24,19,12,19,8,8,12,6,4,7,6,4,3,4,1,3,0,0,1,0,0,0,10169,5215,513,479,463,259,134,62,56,195,378,378,369,299,353,323,276,90,143,64,80,110,94,57,40,4954,440,488,378,211,142,65,57,187,345,333,306,303,341,323,263,86,106,75,109,120,132,87,57,54,22,0,0,0,0,0,0,0,0,0,0,0,0,0,0,0,0,0,0,0,0,0,0,0,0,0,0,0,0,0,0,0,0,17,17,14,0,0,0,14,0,0,0,0,0,0,3,0,0,0,0,0,0,0,0,0,0,0,0,0,0,0,0,0,0,5,5,0,0,0,0,0,0,0,0,0,0,0,5,0,0,0,0,0,0,0,0,0,0,0,0,0,0,0,0,0,0,32,0,0,0,0,0,0,0,0,0,0,0,0,0,0,0,0,0,0,0,0,0,0,0,0,0,0,0,0,0,0,0,0,6,6,4,0,0,0,4,0,0,0,0,0,0,2,0,0,0,0,0,0,0,0,0,0,0,0,0,0,0,0,0,0,26,26,0,0,0,0,0,0,0,0,0,0,0,26,0,0,0,0,0,0,0,0,0,0,0,0,0,0,0,0,0,0
"G4803590","2010","TX","3","7","Texas","48","Oldham County","359",,,,,,,,,,,,,,,"99999","99999","999",,,,,,,,,,,,,,,,,"3886363298","2338030","Oldham County","A","+35.4019206","-102.5976203","06","9",,2052,1035,12,9,12,9,13,14,13,13,15,20,17,34,23,38,46,49,48,29,29,5,5,6,7,3,6,10,6,7,10,2,13,14,11,12,9,10,12,10,17,7,15,10,9,3,7,10,17,22,8,11,11,14,16,14,14,23,7,8,12,6,14,16,13,10,12,8,13,5,3,7,5,4,6,10,8,4,4,3,2,5,3,6,1,1,3,1,2,0,1,0,0,1,0,1,0,1,0,0,0,0,0,0,0,1017,7,13,7,12,6,15,19,16,17,17,13,12,19,22,25,22,23,19,18,8,5,7,4,2,13,12,10,9,12,20,15,18,11,10,10,11,13,11,12,13,11,22,10,8,9,15,18,11,10,18,14,14,18,22,11,21,12,11,14,14,10,13,17,10,9,8,13,8,7,5,11,11,4,8,5,8,6,3,5,5,3,5,4,7,3,2,3,3,4,0,1,1,1,2,1,0,0,0,0,0,0,0,0,1770,847,55,71,79,38,19,5,6,16,35,59,55,43,68,69,56,30,35,21,15,33,18,14,7,923,45,79,64,28,24,5,7,18,58,60,57,60,68,77,69,23,36,20,20,39,27,21,18,282,188,171,166,0,0,0,0,0,0,0,166,166,0,0,0,0,0,0,0,0,0,5,0,0,0,0,5,0,0,0,0,5,0,17,16,2,0,0,0,2,0,0,14,13,1,0,0,0,0,0,0,0,0,1,0,0,0,0,1,0,0,0,0,1,0,0,0,0,0,0,0,0,0,0,0,0,0,0,0,0,0,0,0,0,0,0,0,0,0,0,0,0,0,0,0,0,0,94,68,68,0,0,0,0,0,0,0,68,59,9,0,0,0,0,0,0,0,0,0,0,0,0,0,0,0,0,0,0,0,0,24,2,0,0,0,0,0,0,0,2,2,0,0,0,0,0,0,0,0,0,22,0,0,0,0,22,0,0,0,0,0,22,2,0,0,0,0,0,0,0,0,0,0,0,0,0,0,0,0,0,0,0,2,0,0,0,0,2,0,0,0,0,0,2
"G4803610","2010","TX","3","7","Texas","48","Orange County","361",,,,,,,,,,,,,,,"13140","99999","999",,,,,,,,,,,,,,,,,"864197805","118779621","Orange County","A","+30.1209180","-093.8933577","06","1",,81837,40708,525,543,572,552,566,559,606,596,569,585,582,561,589,615,609,667,655,694,636,558,546,493,447,476,509,487,490,516,483,499,487,475,499,502,443,455,467,491,553,580,545,522,534,553,552,561,600,640,653,624,655,629,670,609,585,577,565,531,534,512,473,467,501,427,360,349,377,360,369,274,256,280,230,267,239,262,206,209,165,175,154,137,149,120,99,85,92,60,48,23,29,29,12,9,9,7,5,4,1,0,1,1,0,41129,519,527,525,527,511,525,531,551,512,528,556,590,517,573,593,536,635,606,512,518,443,467,465,492,478,516,500,492,485,512,509,481,468,485,440,524,507,507,520,553,508,475,510,539,556,596,708,601,614,628,631,660,658,632,568,630,583,524,553,527,511,467,499,471,363,393,414,369,345,371,303,334,326,269,302,259,236,225,244,232,213,220,178,177,163,154,136,98,88,61,80,47,41,21,24,10,21,8,4,2,13,0,0,81198,40402,2758,2915,2952,2007,1188,533,491,1411,2437,2379,2528,2686,3062,3136,2706,935,1276,720,993,1266,1000,637,386,40796,2607,2647,2829,1777,1028,443,466,1431,2492,2376,2601,2579,3140,3143,2808,974,1318,803,1076,1524,1168,890,676,639,306,13,11,0,0,0,0,0,0,0,11,11,0,0,0,0,0,0,0,0,0,2,0,0,0,0,2,2,0,0,0,0,0,203,152,116,0,0,0,116,0,0,0,0,0,0,36,0,0,0,0,0,0,51,0,0,0,0,51,19,10,0,18,2,2,90,76,0,0,0,0,0,0,0,0,0,0,0,76,0,0,0,0,0,0,14,0,0,0,0,14,0,14,0,0,0,0,333,2,0,0,0,0,0,0,0,0,0,0,0,0,0,0,0,0,0,0,0,2,0,0,0,0,2,0,0,0,1,1,0,87,67,35,0,0,0,35,0,0,0,0,0,0,32,0,0,0,0,0,0,20,0,0,0,0,20,18,2,0,0,0,0,244,222,0,0,0,0,0,0,0,0,0,0,0,222,0,0,0,0,0,0,22,0,0,0,0,22,0,22,0,0,0,0
"G4803630","2010","TX","3","7","Texas","48","Palo Pinto County","363",,,,,,,,,,,,,,,"33420","99999","206",,,,,,,,,,,,,,,,,"2465126895","87327962","Palo Pinto County","A","+32.7522101","-098.3179744","06","2",,28111,13811,206,182,199,206,197,202,180,195,171,204,216,195,222,198,221,196,200,237,188,153,157,144,154,161,168,137,183,146,146,157,140,150,143,165,137,142,158,146,156,158,193,154,166,175,148,191,199,182,232,216,204,200,200,211,223,190,198,191,158,177,191,158,194,197,155,169,178,147,138,130,117,140,119,94,95,94,80,74,82,63,62,58,38,32,46,29,19,15,16,13,10,12,5,2,7,2,2,2,0,2,0,0,0,14300,186,169,185,204,187,192,160,190,183,197,224,193,183,183,193,190,186,199,178,177,159,143,163,140,144,154,137,174,163,160,156,161,158,144,164,167,169,169,157,178,190,143,167,188,149,219,205,219,201,212,237,196,220,223,233,214,188,185,177,170,207,163,214,215,156,162,166,144,143,149,138,98,127,121,126,105,92,92,87,87,79,80,59,61,53,47,48,40,52,31,19,21,11,17,5,10,9,1,3,3,4,0,0,27848,13686,990,952,1052,632,333,153,140,474,755,724,749,831,1016,1026,911,346,544,345,413,557,389,229,125,14162,930,922,976,575,355,158,142,442,783,781,834,831,1051,1108,931,369,578,327,429,603,452,315,270,263,125,1,1,1,0,0,0,1,0,0,0,0,0,0,0,0,0,0,0,0,0,0,0,0,0,0,0,0,0,0,0,0,0,90,86,77,0,0,0,77,0,0,0,0,0,0,9,0,0,0,0,0,0,4,0,0,0,0,4,0,4,0,0,0,0,34,34,0,0,0,0,0,0,0,0,0,0,0,34,0,0,0,0,0,0,0,0,0,0,0,0,0,0,0,0,0,0,138,1,0,0,0,0,0,0,0,0,0,0,0,0,0,0,0,0,0,0,0,1,0,0,0,0,1,0,0,0,0,0,1,43,32,19,0,0,0,19,0,0,0,0,0,0,13,0,0,0,0,0,0,11,0,0,0,0,11,0,6,0,0,0,5,94,94,0,0,0,0,0,0,0,0,0,0,0,94,0,0,0,0,0,0,0,0,0,0,0,0,0,0,0,0,0,0
"G4803650","2010","TX","3","7","Texas","48","Panola County","365",,,,,,,,,,,,,,,"99999","99999","999",,,,,,,,,,,,,,,,,"2076521423","50644794","Panola County","A","+32.1639784","-094.3051563","06","9",,23796,11808,147,141,171,163,179,170,162,191,193,181,169,163,173,162,143,169,189,188,146,194,153,156,138,128,141,147,132,161,154,169,152,134,138,143,141,148,123,134,148,136,132,124,145,121,110,145,174,169,162,187,150,156,174,185,182,176,169,182,193,158,164,141,126,154,129,135,114,118,96,80,84,93,97,80,78,71,60,62,53,61,60,45,41,38,29,23,21,23,17,9,17,3,4,6,3,3,3,1,0,1,1,0,0,11988,139,152,148,140,159,175,181,161,142,169,154,166,162,154,144,141,159,170,163,176,127,108,128,126,146,128,117,152,152,150,172,145,153,129,158,155,118,138,146,136,144,144,135,129,131,155,162,164,149,161,202,180,177,192,160,188,174,179,184,174,131,131,154,154,120,137,112,127,126,99,118,104,101,112,82,84,81,84,73,71,63,68,51,45,43,47,33,35,37,23,23,20,25,14,9,7,6,5,3,4,3,0,0,23438,11615,800,897,810,546,292,127,145,394,753,697,683,627,830,839,869,303,405,248,293,427,301,203,126,11823,738,828,780,470,292,111,106,392,692,756,692,682,787,906,897,261,425,248,349,508,385,246,272,358,193,1,0,0,0,0,0,0,0,0,0,0,0,0,0,0,0,0,0,0,0,1,0,0,0,0,1,1,0,0,0,0,0,160,65,48,0,0,0,48,0,0,0,0,0,0,17,0,0,0,0,0,0,95,85,0,0,0,10,1,9,0,0,0,0,32,32,0,0,0,0,0,0,0,0,0,0,0,32,0,0,0,0,0,0,0,0,0,0,0,0,0,0,0,0,0,0,165,0,0,0,0,0,0,0,0,0,0,0,0,0,0,0,0,0,0,0,0,0,0,0,0,0,0,0,0,0,0,0,0,98,19,6,0,0,0,6,0,0,0,0,0,0,13,0,0,0,0,0,0,79,74,0,0,0,5,5,0,0,0,0,0,67,67,0,0,0,0,0,0,0,0,0,0,0,67,0,0,0,0,0,0,0,0,0,0,0,0,0,0,0,0,0,0
"G4803670","2010","TX","3","7","Texas","48","Parker County","367",,,,,,,,,,,,,,,"19100","23104","206",,,,,,,,,,,,,,,,,"2339997883","17135889","Parker County","A","+32.7770964","-097.8059049","06","1",,116927,59292,699,720,788,799,768,808,785,873,884,885,847,893,901,901,976,897,997,1013,891,831,738,732,694,700,695,698,621,700,699,668,714,737,619,668,678,719,713,757,809,825,847,793,803,864,881,874,1073,984,1083,1057,1009,951,916,920,833,908,837,783,728,730,696,679,771,712,515,593,562,548,473,426,413,402,335,310,316,304,249,251,213,194,165,163,134,123,98,86,56,60,63,46,32,24,16,25,10,2,4,1,3,1,4,0,0,57635,630,726,731,746,737,791,782,785,750,846,842,886,865,866,889,806,901,856,833,751,614,545,539,546,578,599,541,604,603,637,668,659,667,645,624,695,712,745,832,844,899,829,819,835,857,896,993,1004,984,901,1014,945,946,899,853,871,822,818,779,755,708,718,768,731,497,573,549,541,511,403,382,392,371,347,317,278,291,267,284,238,197,201,187,166,176,145,159,118,98,76,77,64,47,27,25,17,12,15,12,6,9,0,0,113806,56676,3774,4226,4508,2900,1558,620,593,1764,2912,3061,3538,3948,4873,4536,3941,1355,1978,1153,1434,1763,1193,658,390,57130,3568,3950,4340,2559,1500,596,537,1653,2970,3247,3814,4227,4769,4649,4027,1423,1987,1117,1448,1789,1325,862,773,3121,2616,26,23,6,0,0,0,6,0,0,17,17,0,0,0,0,0,0,0,0,0,3,0,0,0,0,3,3,0,0,0,0,0,2476,2320,2279,0,0,0,311,1968,0,0,0,0,0,41,0,0,0,0,0,0,156,107,0,0,0,49,1,38,0,0,5,5,114,114,8,0,0,0,0,8,0,0,0,0,0,106,0,0,0,0,0,0,0,0,0,0,0,0,0,0,0,0,0,0,505,18,12,1,0,0,0,1,0,0,11,11,0,0,0,0,0,0,0,0,0,6,3,0,0,0,3,2,0,0,0,1,0,223,102,63,0,0,0,62,1,0,0,0,0,0,39,0,0,0,0,0,0,121,104,0,0,0,17,8,1,0,0,5,3,264,264,0,0,0,0,0,0,0,0,0,0,0,264,0,0,0,0,0,0,0,0,0,0,0,0,0,0,0,0,0,0
"G4803690","2010","TX","3","7","Texas","48","Parmer County","369",,,,,,,,,,,,,,,"99999","99999","999",,,,,,,,,,,,,,,,,"2281204393","11344140","Parmer County","A","+34.5321628","-102.7848533","06","9",,10269,5259,83,100,94,100,99,85,84,96,94,84,82,86,86,83,86,114,86,108,93,72,74,76,66,85,72,84,69,74,66,68,70,75,47,71,58,68,64,65,58,57,80,50,54,75,71,48,73,74,66,68,70,69,69,87,65,60,55,64,46,44,47,44,59,39,42,43,33,45,27,41,29,30,25,28,31,28,24,16,19,23,10,18,15,23,6,9,6,7,3,5,4,4,2,2,0,0,0,0,1,1,0,0,0,5010,101,86,71,99,79,100,78,77,91,84,88,81,88,91,85,88,85,92,75,70,63,60,48,67,48,70,71,63,64,59,71,55,59,64,44,66,64,45,65,54,60,66,53,57,70,56,80,84,70,63,67,66,58,52,58,59,50,46,57,50,52,40,45,43,33,33,35,46,31,36,29,42,18,28,38,31,31,16,28,21,22,24,22,12,14,11,15,11,15,11,13,7,5,3,6,4,2,2,2,2,0,0,0,10196,5230,476,443,423,305,164,72,75,221,357,318,311,329,327,360,269,90,140,75,113,141,110,71,40,4966,436,430,433,265,145,60,60,163,327,290,293,304,353,301,261,92,121,68,112,152,121,92,87,73,29,3,3,3,0,0,0,3,0,0,0,0,0,0,0,0,0,0,0,0,0,0,0,0,0,0,0,0,0,0,0,0,0,18,18,16,0,0,0,16,0,0,0,0,0,0,2,0,0,0,0,0,0,0,0,0,0,0,0,0,0,0,0,0,0,8,8,0,0,0,0,0,0,0,0,0,0,0,8,0,0,0,0,0,0,0,0,0,0,0,0,0,0,0,0,0,0,44,0,0,0,0,0,0,0,0,0,0,0,0,0,0,0,0,0,0,0,0,0,0,0,0,0,0,0,0,0,0,0,0,10,10,7,0,0,0,7,0,0,0,0,0,0,3,0,0,0,0,0,0,0,0,0,0,0,0,0,0,0,0,0,0,34,34,0,0,0,0,0,0,0,0,0,0,0,34,0,0,0,0,0,0,0,0,0,0,0,0,0,0,0,0,0,0
"G4803710","2010","TX","3","7","Texas","48","Pecos County","371",,,,,,,,,,,,,,,"99999","99999","999",,,,,,,,,,,,,,,,,"12338306457","2532276","Pecos County","A","+30.7708943","-102.7198600","06","9",,15507,8742,118,119,119,140,111,113,112,84,107,105,87,119,106,93,101,93,101,105,104,94,137,97,83,130,131,106,129,151,153,148,139,161,117,144,139,146,122,153,124,154,155,132,136,119,136,140,165,127,145,157,145,135,132,139,142,105,108,102,108,106,86,71,97,96,60,80,45,53,52,54,54,39,60,56,50,37,30,41,35,21,28,30,27,30,18,10,3,12,8,9,4,2,6,4,2,0,2,1,0,0,0,0,0,6765,118,128,115,92,117,116,109,92,99,96,104,95,78,101,77,132,109,111,102,76,69,92,84,70,115,78,90,88,92,90,78,77,71,76,72,82,86,98,82,87,78,84,71,70,91,82,111,96,79,98,92,105,78,89,98,105,84,86,82,74,77,69,61,78,65,57,63,57,65,58,49,56,31,36,40,35,41,39,33,36,32,29,23,20,11,23,14,19,9,9,12,4,3,4,3,3,0,3,0,0,1,0,0,13482,6756,607,521,506,299,174,117,69,230,429,401,379,396,459,505,439,140,227,120,148,250,156,126,58,6726,570,512,455,352,178,69,92,269,438,374,434,393,466,459,426,146,204,116,180,209,172,113,99,2025,1986,0,0,0,0,0,0,0,0,0,0,0,0,0,0,0,0,0,0,0,0,0,0,0,0,0,0,0,0,0,0,0,0,1941,1941,1937,0,0,1937,0,0,0,0,0,0,0,4,0,0,0,0,0,0,0,0,0,0,0,0,0,0,0,0,0,0,45,45,19,0,0,19,0,0,0,0,0,0,0,26,0,0,0,0,0,0,0,0,0,0,0,0,0,0,0,0,0,0,39,0,0,0,0,0,0,0,0,0,0,0,0,0,0,0,0,0,0,0,0,0,0,0,0,0,0,0,0,0,0,0,0,10,10,0,0,0,0,0,0,0,0,0,0,0,10,0,0,0,0,0,0,0,0,0,0,0,0,0,0,0,0,0,0,29,28,0,0,0,0,0,0,0,0,0,0,0,28,0,0,0,0,0,0,1,0,0,0,0,1,0,0,0,0,0,1
"G4803730","2010","TX","3","7","Texas","48","Polk County","373",,,,,,,,,,,,,,,"99999","99999","999",,,,,,,,,,,,,,,,,"2737858277","136147278","Polk County","A","+30.7845525","-094.8373376","06","9",,45413,24288,259,252,284,307,258,245,294,255,245,292,270,294,276,261,299,294,276,273,337,269,249,265,289,320,303,309,307,317,278,327,360,301,297,291,343,304,313,358,331,355,360,343,319,330,332,380,370,344,337,356,349,349,368,361,362,360,339,308,306,300,291,324,332,291,263,269,312,309,276,254,255,214,259,200,203,184,163,178,157,123,114,108,120,87,84,61,44,46,33,27,19,18,10,14,3,2,6,1,0,2,2,0,0,21125,250,236,272,234,260,231,233,245,283,250,273,256,272,277,274,256,287,254,271,236,178,197,205,231,198,207,208,184,222,195,216,213,199,198,207,239,197,196,244,257,205,219,242,242,260,282,291,292,292,314,312,324,313,313,316,326,304,292,315,295,309,302,303,335,297,336,291,290,284,260,258,249,210,225,200,183,166,174,134,162,145,115,131,111,93,82,78,55,52,46,36,33,24,23,7,13,8,3,4,1,6,1,0,41172,20269,1360,1330,1399,843,548,211,198,635,1023,966,1022,1140,1314,1463,1433,565,839,548,805,1089,783,488,267,20903,1252,1238,1351,797,507,178,196,634,1011,1031,1128,1166,1467,1572,1531,607,933,623,827,1122,787,543,402,4241,4019,2,0,0,0,0,0,0,0,0,0,0,0,0,0,0,0,0,0,0,0,2,0,0,0,0,2,2,0,0,0,0,0,3840,3804,3797,954,0,2736,107,0,0,0,0,0,0,7,0,0,0,0,0,0,36,0,0,0,0,36,29,7,0,0,0,0,177,167,105,0,0,105,0,0,0,0,0,0,0,62,0,0,0,0,0,0,10,0,0,0,0,10,10,0,0,0,0,0,222,5,0,0,0,0,0,0,0,0,0,0,0,0,0,0,0,0,0,0,0,5,0,0,0,0,5,5,0,0,0,0,0,32,8,5,0,0,2,3,0,0,0,0,0,0,3,0,0,0,0,0,0,24,0,0,0,0,24,17,7,0,0,0,0,185,177,0,0,0,0,0,0,0,0,0,0,0,177,0,0,0,0,0,0,8,0,0,0,0,8,6,2,0,0,0,0
"G4803750","2010","TX","3","7","Texas","48","Potter County","375",,,,,,,,,,,,,,,"11100","99999","999",,,,,,,,,,,,,,,,,"2352666798","35275220","Potter County","A","+35.3986751","-101.8938040","06","1",,121073,61919,1088,979,1089,1105,998,1042,1040,926,977,896,878,919,892,825,906,828,865,878,832,824,828,857,899,919,931,963,1004,1018,1041,1001,1037,931,861,928,859,833,852,809,871,858,913,801,813,843,861,920,900,881,861,900,923,865,860,815,925,794,743,725,642,639,610,556,534,529,393,414,424,344,357,348,283,278,270,220,238,226,218,203,214,165,193,154,156,149,132,110,111,94,64,53,45,29,19,21,16,11,12,7,4,0,3,0,1,59154,1009,1026,1008,974,1050,966,971,928,935,917,893,847,814,876,813,831,822,842,862,829,826,842,875,839,970,951,889,893,919,915,841,749,787,702,742,715,659,706,730,711,769,704,690,624,689,764,738,755,796,756,795,748,774,788,752,758,645,684,621,599,552,565,565,536,457,411,430,390,367,366,362,344,308,345,296,308,285,281,287,257,241,228,233,253,204,195,186,177,137,98,97,92,92,80,42,47,36,24,22,15,19,0,1,114154,55730,5250,4879,4415,2566,1621,777,790,2459,4311,3723,3396,3372,3581,3765,3175,1076,1340,795,1005,1246,979,717,492,58424,5062,4715,4242,2495,1684,823,836,2669,4542,3792,3500,3458,3781,3843,3289,1109,1551,841,1108,1635,1362,1075,1012,6919,6189,21,5,5,0,0,0,5,0,0,0,0,0,0,0,0,0,0,0,0,0,16,0,0,0,0,16,9,0,0,0,0,7,5816,5565,5507,0,0,5214,293,0,0,0,0,0,0,58,0,0,0,0,0,0,251,0,0,0,0,251,143,19,0,0,0,89,352,336,84,0,0,82,2,0,0,0,0,0,0,252,0,0,0,0,0,0,16,0,0,0,0,16,8,5,0,0,0,3,730,8,0,0,0,0,0,0,0,0,0,0,0,0,0,0,0,0,0,0,0,8,0,0,0,0,8,4,0,0,0,0,4,199,88,73,0,0,2,71,0,0,0,0,0,0,15,0,0,0,0,0,0,111,0,0,0,0,111,67,1,0,0,0,43,523,514,0,0,0,0,0,0,0,0,0,0,0,514,0,0,0,0,0,0,9,0,0,0,0,9,0,0,0,0,0,9
"G4803770","2010","TX","3","7","Texas","48","Presidio County","377",,,,,,,,,,,,,,,"99999","99999","999",,,,,,,,,,,,,,,,,"9985016638","1773160","Presidio County","A","+30.0058912","-104.2616192","06","9",,7818,3818,56,57,70,53,58,63,68,64,56,77,60,78,79,64,62,79,75,80,70,53,35,34,33,48,34,35,27,24,30,34,37,27,31,33,39,35,31,41,59,39,46,46,46,40,43,43,57,43,46,45,41,35,41,62,33,42,43,45,35,48,51,55,51,56,32,37,44,45,35,29,29,39,41,33,28,39,34,18,22,22,27,18,17,23,15,13,17,6,6,6,7,4,1,3,3,2,1,1,0,0,0,0,0,4000,53,51,59,57,56,54,47,58,40,57,65,61,69,61,82,74,59,62,48,49,41,24,34,33,55,41,48,39,40,47,41,40,31,41,50,53,53,46,52,63,58,54,53,44,55,47,48,53,53,54,44,39,45,55,51,43,51,53,64,41,47,49,49,56,36,40,29,50,37,54,29,39,30,30,37,31,25,26,21,28,23,27,33,19,16,18,15,17,14,2,8,3,6,4,3,5,2,2,0,1,0,0,0,7818,3818,294,328,343,234,123,35,34,115,150,167,205,221,234,212,213,106,139,81,109,170,135,100,70,4000,276,256,338,195,97,41,24,122,215,203,267,264,255,234,252,96,141,69,141,165,131,118,100,0,0,0,0,0,0,0,0,0,0,0,0,0,0,0,0,0,0,0,0,0,0,0,0,0,0,0,0,0,0,0,0,0,0,0,0,0,0,0,0,0,0,0,0,0,0,0,0,0,0,0,0,0,0,0,0,0,0,0,0,0,0,0,0,0,0,0,0,0,0,0,0,0,0,0,0,0,0,0,0,0,0,0,0,0,0,0,0,0,0,0,0,0,0,0,0,0,0,0,0,0,0,0,0,0,0,0,0,0,0,0,0,0,0,0,0,0,0,0,0,0,0,0,0,0,0,0,0,0,0,0,0,0,0,0,0,0,0,0,0,0,0,0,0,0,0,0,0,0,0,0,0,0,0,0,0,0,0,0,0,0,0,0,0,0,0,0,0,0,0,0,0,0,0,0,0,0,0,0,0,0,0,0,0,0,0,0,0,0,0,0,0,0,0,0
"G4803790","2010","TX","3","7","Texas","48","Rains County","379",,,,,,,,,,,,,,,"99999","99999","999",,,,,,,,,,,,,,,,,"594278071","76082424","Rains County","A","+32.8705795","-095.7954400","06","9",,10914,5485,60,63,67,61,57,59,64,65,48,64,59,75,89,91,93,87,67,86,87,51,55,58,49,38,49,51,43,42,57,50,47,54,46,61,45,53,51,57,56,71,68,61,58,75,64,68,67,82,84,77,89,94,86,93,74,64,71,90,79,74,85,91,86,115,63,89,87,80,86,79,61,60,51,54,66,59,43,38,33,40,24,26,25,14,23,14,11,8,9,11,5,2,0,1,0,0,0,1,1,0,0,0,0,5429,51,47,40,70,58,48,51,51,64,64,72,67,88,58,67,64,81,67,68,50,44,37,39,46,52,49,41,58,53,45,42,51,37,62,67,58,54,58,65,80,60,57,65,80,75,67,75,82,73,84,72,99,92,96,85,65,89,85,82,96,79,98,112,103,72,83,80,85,83,59,65,73,75,50,49,40,41,33,36,27,43,30,23,14,32,12,16,17,5,8,12,5,7,4,4,4,1,2,2,0,1,1,0,10848,5450,308,300,407,240,136,54,58,133,239,251,286,325,375,433,377,176,263,175,244,289,213,110,58,5398,266,278,352,212,118,44,37,135,246,256,313,337,381,443,417,177,287,163,225,312,173,137,89,66,35,0,0,0,0,0,0,0,0,0,0,0,0,0,0,0,0,0,0,0,0,0,0,0,0,0,0,0,0,0,0,0,0,23,23,20,0,0,0,20,0,0,0,0,0,0,3,0,0,0,0,0,0,0,0,0,0,0,0,0,0,0,0,0,0,12,12,0,0,0,0,0,0,0,0,0,0,0,12,0,0,0,0,0,0,0,0,0,0,0,0,0,0,0,0,0,0,31,0,0,0,0,0,0,0,0,0,0,0,0,0,0,0,0,0,0,0,0,0,0,0,0,0,0,0,0,0,0,0,0,8,8,5,0,0,0,5,0,0,0,0,0,0,3,0,0,0,0,0,0,0,0,0,0,0,0,0,0,0,0,0,0,23,23,0,0,0,0,0,0,0,0,0,0,0,23,0,0,0,0,0,0,0,0,0,0,0,0,0,0,0,0,0,0
"G4803810","2010","TX","3","7","Texas","48","Randall County","381",,,,,,,,,,,,,,,"11100","99999","999",,,,,,,,,,,,,,,,,"2360887059","28191926","Randall County","A","+34.9625290","-101.8955472","06","1",,120725,58737,826,870,812,854,849,869,830,871,834,886,840,875,840,903,877,892,809,837,945,1045,907,884,906,920,857,867,876,870,800,821,884,811,791,792,766,833,656,672,723,785,780,691,669,697,699,765,788,787,857,853,836,827,819,787,816,818,758,757,739,660,656,645,704,619,432,433,486,470,385,374,360,310,324,282,318,311,284,256,245,266,221,185,167,159,130,113,98,72,62,51,38,29,20,11,10,12,3,5,0,0,1,2,0,61988,767,799,795,837,810,838,854,809,789,832,823,841,836,833,824,786,830,826,931,1048,1069,1015,853,811,882,866,857,876,872,924,861,771,820,771,788,801,689,692,807,819,851,725,745,704,719,816,801,909,843,863,905,891,916,954,874,883,841,853,776,739,718,675,647,708,494,496,546,522,482,446,459,432,441,383,351,386,346,329,299,326,304,271,244,235,228,176,165,131,127,102,78,68,61,42,33,25,21,10,11,4,5,1,0,118725,57707,4207,4282,4318,2478,1591,785,834,2611,4157,4001,3628,3508,4026,4072,3717,1296,1752,918,1223,1589,1347,853,514,61018,4005,4110,4137,2413,1542,959,973,2508,4372,3997,3794,3733,4228,4534,4082,1389,1848,1038,1436,2053,1659,1236,972,2000,1030,89,83,3,0,0,0,3,0,0,80,31,7,42,0,0,0,0,0,0,0,6,4,0,0,0,2,0,0,0,0,2,0,892,274,253,0,0,0,253,0,0,3,3,0,0,18,0,0,0,0,0,0,618,575,0,0,0,43,0,29,3,0,7,4,49,46,0,0,0,0,0,0,0,0,0,0,0,46,0,0,0,0,0,0,3,0,0,0,0,3,0,0,3,0,0,0,970,64,59,1,0,0,0,1,0,0,58,31,11,16,0,0,0,0,0,0,0,5,3,0,0,0,2,0,0,0,0,2,0,714,76,60,0,0,0,60,0,0,1,1,0,0,15,0,0,0,0,0,0,638,619,0,0,0,19,0,9,3,0,7,0,192,167,0,0,0,0,0,0,0,0,0,0,0,167,0,0,0,0,0,0,25,0,0,0,0,25,0,9,14,0,0,2
"G4803830","2010","TX","3","7","Texas","48","Reagan County","383",,,,,,,,,,,,,,,"99999","99999","999",,,,,,,,,,,,,,,,,"3044015959","1792716","Reagan County","A","+31.3728949","-101.5139014","06","9",,3367,1748,28,21,35,37,28,23,27,27,29,28,24,27,26,40,28,31,21,35,28,20,23,15,25,20,22,24,26,27,29,27,20,21,29,26,24,23,11,19,18,25,23,24,22,19,21,28,32,22,30,24,22,19,29,20,29,28,28,23,12,29,14,14,13,14,11,16,9,9,9,8,14,8,16,10,12,6,7,4,10,4,9,2,5,4,7,3,3,0,1,2,0,0,1,0,2,0,0,0,0,0,0,0,0,1619,27,31,21,24,25,24,26,43,20,27,30,23,32,33,33,28,29,19,32,11,18,20,16,11,25,17,26,20,22,16,21,20,17,22,16,18,19,19,23,15,23,25,21,23,24,10,17,25,25,31,25,24,25,33,22,27,14,14,17,23,14,9,18,23,20,5,9,13,6,11,9,8,7,9,9,7,10,7,7,7,10,2,4,7,3,3,1,4,2,2,2,1,1,0,0,1,0,0,1,0,0,0,0,3340,1739,149,134,145,87,48,23,15,67,133,120,96,109,135,119,120,28,38,25,26,57,28,26,11,1601,128,140,151,76,43,18,20,52,101,96,94,116,108,129,95,23,61,14,28,42,34,22,10,27,9,0,0,0,0,0,0,0,0,0,0,0,0,0,0,0,0,0,0,0,0,0,0,0,0,0,0,0,0,0,0,0,0,1,1,0,0,0,0,0,0,0,0,0,0,0,1,0,0,0,0,0,0,0,0,0,0,0,0,0,0,0,0,0,0,8,8,0,0,0,0,0,0,0,0,0,0,0,8,0,0,0,0,0,0,0,0,0,0,0,0,0,0,0,0,0,0,18,0,0,0,0,0,0,0,0,0,0,0,0,0,0,0,0,0,0,0,0,0,0,0,0,0,0,0,0,0,0,0,0,0,0,0,0,0,0,0,0,0,0,0,0,0,0,0,0,0,0,0,0,0,0,0,0,0,0,0,0,0,0,0,0,18,18,0,0,0,0,0,0,0,0,0,0,0,18,0,0,0,0,0,0,0,0,0,0,0,0,0,0,0,0,0,0
"G4803850","2010","TX","3","7","Texas","48","Real County","385",,,,,,,,,,,,,,,"99999","99999","999",,,,,,,,,,,,,,,,,"1810906179","2346315","Real County","A","+29.8230304","-099.8053030","06","9",,3309,1638,20,18,15,9,18,12,19,20,10,17,11,18,16,26,13,25,36,27,18,24,12,7,13,9,9,14,6,14,14,11,10,15,11,12,13,18,11,8,14,20,14,18,22,18,10,16,22,26,31,14,29,17,28,34,29,37,20,21,19,23,23,35,28,39,22,42,29,22,24,28,21,22,30,27,32,25,14,15,18,9,12,15,6,6,8,7,4,0,2,6,3,1,0,0,2,0,0,0,0,0,0,0,0,1671,13,15,16,21,17,11,17,11,16,14,13,15,19,27,23,20,32,30,21,11,13,10,10,12,8,10,21,13,13,8,11,5,13,13,15,17,10,25,8,12,24,6,25,18,17,20,22,38,15,26,27,25,21,12,28,30,32,28,23,34,36,35,36,31,30,29,32,31,19,25,25,23,23,18,24,19,23,13,10,15,15,9,9,8,6,3,5,14,3,8,2,1,2,3,0,3,1,2,0,0,0,0,0,3239,1597,80,78,84,88,42,12,7,31,59,61,71,81,106,135,118,54,82,70,73,128,75,41,21,1642,82,69,97,82,32,13,10,30,65,57,72,90,120,109,146,69,93,60,74,110,76,45,41,70,41,0,0,0,0,0,0,0,0,0,0,0,0,0,0,0,0,0,0,0,0,0,0,0,0,0,0,0,0,0,0,0,0,19,19,0,0,0,0,0,0,0,0,0,0,0,19,0,0,0,0,0,0,0,0,0,0,0,0,0,0,0,0,0,0,22,22,0,0,0,0,0,0,0,0,0,0,0,22,0,0,0,0,0,0,0,0,0,0,0,0,0,0,0,0,0,0,29,0,0,0,0,0,0,0,0,0,0,0,0,0,0,0,0,0,0,0,0,0,0,0,0,0,0,0,0,0,0,0,0,12,12,0,0,0,0,0,0,0,0,0,0,0,12,0,0,0,0,0,0,0,0,0,0,0,0,0,0,0,0,0,0,17,17,0,0,0,0,0,0,0,0,0,0,0,17,0,0,0,0,0,0,0,0,0,0,0,0,0,0,0,0,0,0
"G4803870","2010","TX","3","7","Texas","48","Red River County","387",,,,,,,,,,,,,,,"99999","99999","999",,,,,,,,,,,,,,,,,"2684724244","52208060","Red River County","A","+33.6196255","-095.0484293","06","9",,12860,6266,66,78,78,79,89,66,80,83,81,84,85,88,78,73,93,94,94,90,80,56,60,59,54,60,65,48,68,67,50,75,59,53,59,64,68,60,53,69,77,88,61,81,75,66,79,75,86,97,83,86,102,90,90,83,96,109,113,84,80,108,86,95,76,99,72,88,103,85,68,88,63,69,74,53,56,57,51,42,35,36,29,25,30,22,30,14,20,24,14,11,8,7,5,4,6,1,2,2,1,0,0,0,0,6594,64,66,78,62,64,59,59,74,58,69,71,69,78,81,84,74,79,79,96,69,64,60,68,58,57,71,52,65,82,67,76,56,84,64,44,68,61,68,84,89,81,59,91,90,84,79,83,107,91,91,95,118,112,94,94,89,98,108,96,97,83,78,108,111,97,85,93,77,70,91,66,82,64,69,68,56,60,62,54,44,55,44,55,27,33,38,31,27,30,20,16,12,12,11,8,6,6,8,2,4,3,0,0,12671,6177,390,394,417,277,134,60,59,177,307,298,345,357,423,452,487,178,245,188,240,307,213,128,101,6494,334,319,383,232,165,64,60,183,335,323,369,405,449,513,483,160,312,177,234,343,265,195,191,189,89,1,1,1,0,0,0,1,0,0,0,0,0,0,0,0,0,0,0,0,0,0,0,0,0,0,0,0,0,0,0,0,0,42,42,23,0,0,0,23,0,0,0,0,0,0,19,0,0,0,0,0,0,0,0,0,0,0,0,0,0,0,0,0,0,46,46,0,0,0,0,0,0,0,0,0,0,0,46,0,0,0,0,0,0,0,0,0,0,0,0,0,0,0,0,0,0,100,0,0,0,0,0,0,0,0,0,0,0,0,0,0,0,0,0,0,0,0,0,0,0,0,0,0,0,0,0,0,0,0,16,16,4,0,0,0,4,0,0,0,0,0,0,12,0,0,0,0,0,0,0,0,0,0,0,0,0,0,0,0,0,0,84,84,0,0,0,0,0,0,0,0,0,0,0,84,0,0,0,0,0,0,0,0,0,0,0,0,0,0,0,0,0,0
"G4803890","2010","TX","3","7","Texas","48","Reeves County","389",,,,,,,,,,,,,,,"37780","99999","999",,,,,,,,,,,,,,,,,"6825588429","17396749","Reeves County","A","+31.3083660","-103.7127060","06","2",,13783,8281,87,101,105,93,84,77,102,99,101,92,86,79,86,81,73,89,99,108,95,114,204,119,100,189,287,164,147,108,150,98,64,340,96,249,56,107,143,223,252,97,95,155,144,107,102,52,157,123,156,212,75,125,128,105,83,58,111,75,78,71,73,64,52,49,43,39,62,57,34,43,41,31,36,37,38,27,30,37,27,36,19,20,19,16,21,17,8,14,8,6,5,2,5,3,0,3,3,0,0,0,0,0,0,5502,78,86,109,99,72,63,79,72,77,78,79,81,73,92,90,100,104,68,77,71,76,67,55,52,58,65,68,73,62,63,56,73,65,63,61,42,68,51,76,53,71,58,62,54,66,76,92,68,63,75,70,63,68,84,87,87,62,67,59,57,58,60,69,65,56,43,63,48,37,69,49,36,49,37,45,43,41,34,37,28,40,22,27,25,15,15,17,12,18,8,14,10,10,5,2,2,1,1,5,0,2,0,0,10673,5282,470,471,405,296,162,62,74,157,293,295,269,276,330,375,350,135,144,99,132,176,153,91,67,5391,444,369,415,270,144,73,64,161,320,306,285,302,363,369,329,118,190,106,152,210,175,124,102,3110,2999,0,0,0,0,0,0,0,0,0,0,0,0,0,0,0,0,0,0,0,0,0,0,0,0,0,0,0,0,0,0,0,0,2973,2972,2967,2967,0,0,0,0,0,0,0,0,0,5,0,0,0,0,0,0,1,0,0,0,0,1,1,0,0,0,0,0,26,26,0,0,0,0,0,0,0,0,0,0,0,26,0,0,0,0,0,0,0,0,0,0,0,0,0,0,0,0,0,0,111,2,2,2,2,0,0,0,0,0,0,0,0,0,0,0,0,0,0,0,0,0,0,0,0,0,0,0,0,0,0,0,0,68,67,65,65,0,0,0,0,0,0,0,0,0,2,0,0,0,0,0,0,1,0,0,0,0,1,1,0,0,0,0,0,41,39,0,0,0,0,0,0,0,0,0,0,0,39,0,0,0,0,0,0,2,0,0,0,0,2,2,0,0,0,0,0
"G4803910","2010","TX","3","7","Texas","48","Refugio County","391",,,,,,,,,,,,,,,"99999","99999","999",,,,,,,,,,,,,,,,,"1995440836","123798787","Refugio County","A","+28.3124958","-097.1604793","06","9",,7383,3669,40,35,45,58,45,42,47,42,47,64,38,58,55,59,56,56,55,70,61,56,53,30,36,48,22,28,28,46,30,40,30,37,31,23,30,28,35,57,33,51,45,42,39,42,44,50,53,58,53,60,59,57,54,58,61,64,47,68,48,42,43,47,50,33,48,44,55,34,31,40,38,45,36,50,36,26,21,23,13,22,18,19,18,14,16,15,10,9,4,7,2,1,2,3,1,3,1,0,0,1,1,0,0,3714,41,30,60,49,43,50,43,43,41,71,59,50,45,41,44,51,47,61,51,33,52,32,25,29,38,26,32,34,39,35,33,35,44,25,32,35,47,40,39,48,41,50,52,54,40,48,53,51,57,46,47,48,58,52,63,54,50,38,44,43,48,45,70,52,56,45,52,51,38,36,34,46,31,36,30,43,24,27,38,24,21,28,21,18,19,26,23,14,14,5,8,4,5,2,3,4,7,1,1,2,0,0,0,7254,3604,223,242,266,181,114,46,30,104,166,149,202,208,272,288,267,89,129,98,100,200,100,78,52,3650,223,248,239,159,84,49,32,92,164,168,208,237,255,267,228,92,177,96,123,170,149,93,97,129,65,0,0,0,0,0,0,0,0,0,0,0,0,0,0,0,0,0,0,0,0,0,0,0,0,0,0,0,0,0,0,0,0,34,34,20,0,0,0,20,0,0,0,0,0,0,14,0,0,0,0,0,0,0,0,0,0,0,0,0,0,0,0,0,0,31,31,0,0,0,0,0,0,0,0,0,0,0,31,0,0,0,0,0,0,0,0,0,0,0,0,0,0,0,0,0,0,64,0,0,0,0,0,0,0,0,0,0,0,0,0,0,0,0,0,0,0,0,0,0,0,0,0,0,0,0,0,0,0,0,11,11,5,0,0,0,5,0,0,0,0,0,0,6,0,0,0,0,0,0,0,0,0,0,0,0,0,0,0,0,0,0,53,53,0,0,0,0,0,0,0,0,0,0,0,53,0,0,0,0,0,0,0,0,0,0,0,0,0,0,0,0,0,0
"G4803930","2010","TX","3","7","Texas","48","Roberts County","393",,,,,,,,,,,,,,,"37420","99999","999",,,,,,,,,,,,,,,,,"2393298505","346847","Roberts County","A","+35.8362157","-100.8075549","06","2",,929,469,7,2,13,16,7,5,5,4,5,10,9,8,11,7,6,1,5,4,6,1,6,4,3,5,1,5,6,7,6,9,3,11,6,5,1,2,1,5,3,4,5,5,7,11,8,9,5,7,11,9,6,9,5,6,4,7,7,9,8,5,7,5,9,10,3,7,9,5,6,8,1,1,6,1,3,6,3,1,2,1,1,1,1,1,1,0,0,1,1,0,0,0,0,0,0,0,0,0,0,0,0,0,0,460,5,5,5,10,3,8,4,3,6,9,6,7,9,6,7,6,7,5,8,1,3,7,3,7,5,7,4,7,8,9,6,3,4,1,6,6,2,3,4,7,9,9,4,5,3,3,10,5,7,3,13,7,5,9,5,6,11,4,7,6,4,4,7,4,6,6,9,6,5,2,4,5,6,4,2,2,2,1,1,5,4,2,4,2,1,0,0,4,2,0,1,0,2,0,0,0,0,0,0,0,0,0,0,929,469,45,29,41,10,7,6,4,9,33,26,15,36,41,30,36,12,22,16,19,12,13,5,2,460,28,30,35,18,9,3,7,15,35,20,22,30,28,39,34,8,17,15,13,21,11,13,9,0,0,0,0,0,0,0,0,0,0,0,0,0,0,0,0,0,0,0,0,0,0,0,0,0,0,0,0,0,0,0,0,0,0,0,0,0,0,0,0,0,0,0,0,0,0,0,0,0,0,0,0,0,0,0,0,0,0,0,0,0,0,0,0,0,0,0,0,0,0,0,0,0,0,0,0,0,0,0,0,0,0,0,0,0,0,0,0,0,0,0,0,0,0,0,0,0,0,0,0,0,0,0,0,0,0,0,0,0,0,0,0,0,0,0,0,0,0,0,0,0,0,0,0,0,0,0,0,0,0,0,0,0,0,0,0,0,0,0,0,0,0,0,0,0,0,0,0,0,0,0,0,0,0,0,0,0,0,0,0,0,0,0,0,0,0,0,0,0,0,0,0,0,0,0,0,0,0,0,0,0,0,0,0,0,0,0,0,0,0,0,0,0,0,0
"G4803950","2010","TX","3","7","Texas","48","Robertson County","395",,,,,,,,,,,,,,,"17780","99999","999",,,,,,,,,,,,,,,,,"2216209138","25046086","Robertson County","A","+31.0254810","-096.5149408","06","1",,16622,8230,113,94,135,108,141,110,110,108,99,119,141,124,105,126,132,148,146,138,128,100,90,81,84,88,72,106,89,86,99,88,115,101,84,89,80,78,78,87,93,80,89,92,92,106,105,121,124,119,98,112,142,119,117,136,129,108,136,104,100,108,103,114,115,123,94,65,96,74,85,63,61,73,74,80,51,49,52,54,31,38,29,41,40,27,26,31,22,18,10,11,8,8,4,2,2,3,0,1,2,0,0,0,0,8392,106,109,123,122,111,98,107,99,109,129,118,97,123,106,99,106,128,126,114,98,104,84,88,79,96,90,87,108,83,71,96,81,101,85,80,110,73,79,100,126,90,109,116,111,114,102,108,102,128,95,122,134,126,123,104,123,126,134,92,108,112,125,103,108,89,81,93,92,93,79,82,76,67,64,74,57,50,56,48,49,56,45,39,42,42,41,40,27,27,27,19,15,16,10,5,16,2,5,1,1,2,0,0,16429,8129,589,543,628,432,227,87,81,241,451,457,413,480,567,634,551,216,330,161,218,334,222,155,112,8300,571,542,543,360,212,104,84,262,438,441,488,539,532,606,580,235,296,173,261,357,251,206,219,193,101,5,5,0,0,0,0,0,0,0,5,5,0,0,0,0,0,0,0,0,0,0,0,0,0,0,0,0,0,0,0,0,0,67,61,38,0,0,0,38,0,0,0,0,0,0,23,0,0,0,0,0,0,6,0,0,0,0,6,0,6,0,0,0,0,29,29,0,0,0,0,0,0,0,0,0,0,0,29,0,0,0,0,0,0,0,0,0,0,0,0,0,0,0,0,0,0,92,0,0,0,0,0,0,0,0,0,0,0,0,0,0,0,0,0,0,0,0,0,0,0,0,0,0,0,0,0,0,0,0,20,20,3,0,0,0,3,0,0,1,1,0,0,16,0,0,0,0,0,0,0,0,0,0,0,0,0,0,0,0,0,0,72,72,0,0,0,0,0,0,0,0,0,0,0,72,0,0,0,0,0,0,0,0,0,0,0,0,0,0,0,0,0,0
"G4803970","2010","TX","3","7","Texas","48","Rockwall County","397",,,,,,,,,,,,,,,"19100","19124","206",,,,,,,,,,,,,,,,,"329020647","56154384","Rockwall County","A","+32.8892161","-096.4075009","06","1",,78337,38516,500,575,600,609,644,642,687,651,725,733,709,677,750,675,742,723,678,678,577,385,391,334,312,313,319,372,395,390,435,485,480,528,487,494,527,535,563,568,580,683,649,596,627,615,630,652,648,621,608,667,608,556,544,496,549,475,447,440,481,387,387,375,355,375,272,264,273,280,246,249,212,193,154,154,152,126,101,138,90,92,79,80,68,63,52,38,50,25,32,15,21,23,6,9,6,5,3,3,1,0,2,0,0,39821,507,535,583,605,594,649,661,653,653,699,709,707,681,643,703,681,606,640,494,326,332,279,276,302,362,380,398,483,465,495,529,527,604,549,620,600,634,577,670,726,676,668,633,569,556,631,678,659,637,675,633,567,573,592,531,544,461,480,423,405,403,394,390,400,271,332,326,321,250,225,233,220,184,157,153,161,164,150,135,154,131,106,102,91,98,70,64,68,64,48,43,43,35,21,23,29,16,8,2,2,6,0,0,77678,38255,2928,3438,3553,2079,951,384,323,928,2048,2497,2911,3105,3185,2742,2218,760,998,533,771,851,522,322,208,39423,2824,3315,3443,1927,817,332,277,936,2218,2826,3198,3098,3275,2891,2309,796,1057,649,782,912,702,460,379,659,261,0,0,0,0,0,0,0,0,0,0,0,0,0,0,0,0,0,0,0,0,0,0,0,0,0,0,0,0,0,0,0,0,163,163,143,0,0,0,143,0,0,0,0,0,0,20,0,0,0,0,0,0,0,0,0,0,0,0,0,0,0,0,0,0,98,98,0,0,0,0,0,0,0,0,0,0,0,98,0,0,0,0,0,0,0,0,0,0,0,0,0,0,0,0,0,0,398,0,0,0,0,0,0,0,0,0,0,0,0,0,0,0,0,0,0,0,0,0,0,0,0,0,0,0,0,0,0,0,0,47,47,24,0,0,0,24,0,0,0,0,0,0,23,0,0,0,0,0,0,0,0,0,0,0,0,0,0,0,0,0,0,351,351,0,0,0,0,0,0,0,0,0,0,0,351,0,0,0,0,0,0,0,0,0,0,0,0,0,0,0,0,0,0
"G4803990","2010","TX","3","7","Texas","48","Runnels County","399",,,,,,,,,,,,,,,"99999","99999","999",,,,,,,,,,,,,,,,,"2721933935","15930080","Runnels County","A","+31.8333106","-099.9678560","06","9",,10501,5197,68,69,83,67,83,78,74,75,67,72,73,63,83,90,89,87,74,82,92,51,57,56,48,43,46,62,59,64,34,56,56,63,61,31,42,45,46,52,56,51,64,58,50,58,66,73,70,76,79,71,74,63,60,89,78,82,72,69,105,70,67,62,46,78,57,65,59,55,47,53,45,52,45,31,41,35,33,42,38,28,36,35,23,26,18,25,11,17,13,15,6,7,4,1,0,2,2,1,1,0,0,0,0,5304,55,64,76,79,56,68,73,67,66,66,73,64,96,88,68,59,74,63,51,57,52,50,54,42,54,59,53,52,60,48,50,39,39,51,43,54,64,45,64,68,75,72,55,66,64,72,65,81,81,53,77,84,66,69,92,73,69,65,77,60,75,60,86,73,58,71,68,66,59,60,42,56,57,41,44,38,42,49,31,56,34,30,43,31,23,26,29,22,17,14,12,21,12,9,10,6,2,3,3,1,4,0,0,10307,5111,370,366,398,243,138,55,55,134,264,250,246,292,366,362,394,127,180,124,149,208,172,126,92,5196,330,340,389,196,108,49,50,150,266,220,295,330,350,385,342,133,216,138,183,236,200,150,140,194,86,0,0,0,0,0,0,0,0,0,0,0,0,0,0,0,0,0,0,0,0,0,0,0,0,0,0,0,0,0,0,0,0,45,43,38,0,0,0,38,0,0,0,0,0,0,5,0,0,0,0,0,0,2,0,0,0,0,2,0,0,0,0,2,0,41,41,0,0,0,0,0,0,0,0,0,0,0,41,0,0,0,0,0,0,0,0,0,0,0,0,0,0,0,0,0,0,108,0,0,0,0,0,0,0,0,0,0,0,0,0,0,0,0,0,0,0,0,0,0,0,0,0,0,0,0,0,0,0,0,23,23,10,0,0,0,10,0,0,0,0,0,0,13,0,0,0,0,0,0,0,0,0,0,0,0,0,0,0,0,0,0,85,85,0,0,0,0,0,0,0,0,0,0,0,85,0,0,0,0,0,0,0,0,0,0,0,0,0,0,0,0,0,0
"G4804010","2010","TX","3","7","Texas","48","Rusk County","401",,,,,,,,,,,,,,,"30980","99999","346",,,,,,,,,,,,,,,,,"2393217679","37244181","Rusk County","A","+32.1094232","-094.7563823","06","1",,53330,28075,326,354,345,352,345,372,318,315,335,371,355,332,345,317,336,357,410,386,400,378,384,407,414,394,443,438,396,391,436,433,428,389,374,400,376,370,384,353,362,395,427,371,389,406,379,426,464,447,406,430,461,440,464,446,402,422,372,404,331,334,328,323,334,314,241,269,228,238,185,190,212,160,180,123,160,148,119,132,108,98,104,94,85,89,69,53,56,41,34,29,21,17,17,16,9,5,3,1,2,0,3,0,0,25255,332,330,360,348,342,339,301,348,337,380,363,334,329,331,318,334,341,341,311,286,292,277,258,290,278,297,277,311,329,338,319,309,285,272,314,312,275,268,280,342,342,291,304,313,309,323,341,343,386,392,419,329,352,376,380,343,353,387,339,295,303,302,315,338,263,272,239,241,234,226,206,185,181,175,167,170,145,147,140,174,150,128,119,98,108,108,99,69,84,66,51,59,23,28,20,21,14,13,11,6,12,0,0,48120,23499,1722,1711,1685,1147,642,272,260,793,1376,1386,1360,1419,1623,1827,1644,603,845,482,601,814,584,424,279,24621,1712,1705,1675,1011,594,285,275,801,1503,1448,1441,1501,1730,1820,1693,600,901,498,688,878,740,546,576,5210,4576,6,6,6,0,0,6,0,0,0,0,0,0,0,0,0,0,0,0,0,0,0,0,0,0,0,0,0,0,0,0,0,0,4456,4430,4367,0,0,2507,0,1860,0,0,0,0,0,63,0,0,0,0,0,0,26,0,0,0,0,26,0,26,0,0,0,0,114,109,32,0,0,17,0,15,0,0,0,0,0,77,0,0,0,0,0,0,5,0,0,0,0,5,0,5,0,0,0,0,634,5,5,5,0,0,5,0,0,0,0,0,0,0,0,0,0,0,0,0,0,0,0,0,0,0,0,0,0,0,0,0,0,366,336,284,0,0,45,0,239,0,0,0,0,0,52,0,0,0,0,0,0,30,0,0,0,0,30,0,30,0,0,0,0,263,258,7,0,0,7,0,0,0,0,0,0,0,251,0,0,0,0,0,0,5,0,0,0,0,5,0,5,0,0,0,0
"G4804030","2010","TX","3","7","Texas","48","Sabine County","403",,,,,,,,,,,,,,,"99999","99999","999",,,,,,,,,,,,,,,,,"1272694571","220821460","Sabine County","A","+31.3432997","-093.8519129","06","9",,10834,5301,37,50,53,63,59,64,42,52,57,61,73,54,54,52,65,60,73,73,68,40,40,41,39,42,53,36,39,41,40,28,35,38,50,43,42,40,43,44,45,47,59,46,57,40,64,71,75,53,91,82,84,75,71,88,98,68,76,71,74,84,85,91,83,116,97,91,113,105,105,102,102,74,74,59,65,64,54,55,44,36,38,37,29,31,28,20,20,16,18,14,10,6,4,1,4,0,3,3,0,0,1,0,0,5533,56,51,56,53,63,44,46,48,52,62,61,76,66,73,64,71,70,66,57,43,49,49,42,48,35,38,35,40,41,53,56,50,39,42,36,36,48,44,55,44,61,67,63,61,44,73,56,74,81,79,73,87,93,78,97,71,85,86,85,81,101,80,116,103,105,106,122,95,76,89,73,71,72,67,73,62,47,47,35,47,58,59,39,35,31,38,23,12,30,15,6,9,10,6,5,7,2,2,2,3,1,0,0,10755,5268,262,276,298,206,108,40,41,133,184,208,218,265,369,416,371,176,294,203,310,369,250,158,113,5487,279,252,340,207,100,49,49,124,207,223,227,296,363,428,408,180,322,226,259,352,235,212,149,79,33,0,0,0,0,0,0,0,0,0,0,0,0,0,0,0,0,0,0,0,0,0,0,0,0,0,0,0,0,0,0,0,0,10,4,0,0,0,0,0,0,0,0,0,0,0,4,0,0,0,0,0,0,6,0,0,0,0,6,0,0,6,0,0,0,23,23,0,0,0,0,0,0,0,0,0,0,0,23,0,0,0,0,0,0,0,0,0,0,0,0,0,0,0,0,0,0,46,0,0,0,0,0,0,0,0,0,0,0,0,0,0,0,0,0,0,0,0,0,0,0,0,0,0,0,0,0,0,0,0,4,4,0,0,0,0,0,0,0,0,0,0,0,4,0,0,0,0,0,0,0,0,0,0,0,0,0,0,0,0,0,0,42,42,0,0,0,0,0,0,0,0,0,0,0,42,0,0,0,0,0,0,0,0,0,0,0,0,0,0,0,0,0,0
"G4804050","2010","TX","3","7","Texas","48","San Augustine County","405",,,,,,,,,,,,,,,"99999","99999","999",,,,,,,,,,,,,,,,,"1374395555","159647152","San Augustine County","A","+31.3824492","-094.1631796","06","9",,8865,4360,42,52,52,59,47,61,53,47,56,62,57,63,58,48,53,67,46,58,51,57,46,42,46,39,46,44,37,37,27,23,39,40,46,34,41,39,38,44,50,43,37,40,51,53,66,49,58,74,49,72,69,82,85,51,63,58,64,69,66,69,79,48,76,70,59,71,55,76,61,46,60,50,47,41,50,32,34,32,24,33,36,19,19,19,19,17,17,10,10,10,10,4,5,3,0,1,1,1,0,0,0,0,0,4505,35,51,46,44,48,43,40,57,47,50,39,61,54,49,47,55,53,66,49,41,43,37,49,41,50,38,30,42,42,35,46,43,51,29,40,28,37,47,41,57,54,41,42,54,46,74,58,74,67,72,55,69,64,88,54,58,57,72,74,59,57,73,58,99,54,63,74,72,52,60,58,57,48,28,48,47,41,39,39,44,34,44,39,36,24,21,23,21,11,15,24,14,12,7,3,8,10,6,2,3,4,0,0,8642,4276,252,279,279,171,108,46,42,131,168,198,214,246,297,345,314,125,200,124,179,236,145,102,75,4366,224,237,250,174,90,43,37,140,186,209,208,232,341,327,312,129,204,134,177,223,197,153,139,223,84,0,0,0,0,0,0,0,0,0,0,0,0,0,0,0,0,0,0,0,0,0,0,0,0,0,0,0,0,0,0,0,0,32,32,0,0,0,0,0,0,0,0,0,0,0,32,0,0,0,0,0,0,0,0,0,0,0,0,0,0,0,0,0,0,52,52,0,0,0,0,0,0,0,0,0,0,0,52,0,0,0,0,0,0,0,0,0,0,0,0,0,0,0,0,0,0,139,0,0,0,0,0,0,0,0,0,0,0,0,0,0,0,0,0,0,0,0,0,0,0,0,0,0,0,0,0,0,0,0,31,31,0,0,0,0,0,0,0,0,0,0,0,31,0,0,0,0,0,0,0,0,0,0,0,0,0,0,0,0,0,0,108,108,0,0,0,0,0,0,0,0,0,0,0,108,0,0,0,0,0,0,0,0,0,0,0,0,0,0,0,0,0,0
"G4804070","2010","TX","3","7","Texas","48","San Jacinto County","407",,,,,,,,,,,,,,,"26420","99999","288",,,,,,,,,,,,,,,,,"1474331589","151948930","San Jacinto County","A","+30.5742178","-095.1628522","06","1",,26384,13205,167,152,187,175,160,160,167,174,160,176,188,186,223,185,186,202,186,195,183,158,137,148,151,146,117,120,138,128,113,116,141,130,123,113,144,116,138,168,155,127,161,157,143,129,165,146,192,217,203,183,235,211,206,226,219,215,185,193,175,194,209,198,187,198,150,192,172,191,167,153,151,138,110,99,108,101,104,92,70,56,66,43,51,43,33,30,25,17,12,14,13,5,1,6,0,1,1,1,2,1,0,0,0,13179,162,132,150,159,158,171,166,164,178,191,176,166,169,170,219,179,180,207,165,159,138,117,120,114,102,122,132,125,129,130,136,115,158,115,132,139,149,139,170,147,167,144,137,141,163,175,185,190,193,210,213,230,213,227,211,222,194,200,225,182,226,204,195,211,168,169,167,170,173,147,141,105,109,111,116,119,89,72,82,64,54,60,78,38,37,27,39,32,27,20,13,14,2,4,9,5,1,2,1,1,5,0,0,26256,13130,841,837,968,583,341,133,148,409,607,647,697,748,936,1090,956,407,533,364,508,603,420,232,122,13126,761,870,900,566,324,138,117,335,638,655,742,750,951,1090,1020,430,573,336,489,578,419,262,182,128,75,0,0,0,0,0,0,0,0,0,0,0,0,0,0,0,0,0,0,0,0,0,0,0,0,0,0,0,0,0,0,0,0,55,55,47,0,0,0,47,0,0,0,0,0,0,8,0,0,0,0,0,0,0,0,0,0,0,0,0,0,0,0,0,0,20,20,0,0,0,0,0,0,0,0,0,0,0,20,0,0,0,0,0,0,0,0,0,0,0,0,0,0,0,0,0,0,53,0,0,0,0,0,0,0,0,0,0,0,0,0,0,0,0,0,0,0,0,0,0,0,0,0,0,0,0,0,0,0,0,16,16,7,0,0,0,7,0,0,0,0,0,0,9,0,0,0,0,0,0,0,0,0,0,0,0,0,0,0,0,0,0,37,37,0,0,0,0,0,0,0,0,0,0,0,37,0,0,0,0,0,0,0,0,0,0,0,0,0,0,0,0,0,0
"G4804090","2010","TX","3","7","Texas","48","San Patricio County","409",,,,,,,,,,,,,,,"18580","99999","204",,,,,,,,,,,,,,,,,"1796028941","37539463","San Patricio County","A","+28.0117816","-097.5171652","06","1",,64804,32163,507,475,468,483,456,544,516,492,506,584,540,491,528,555,531,599,594,546,556,437,443,387,369,389,347,401,381,378,378,381,390,402,356,368,386,352,330,372,380,419,406,430,376,401,439,449,457,481,452,500,455,461,418,427,423,466,445,425,377,356,374,347,393,356,286,295,282,242,214,226,214,178,207,177,172,184,175,152,133,112,110,106,100,65,81,73,64,42,31,29,29,11,10,8,3,7,3,3,5,0,3,0,0,32641,491,476,458,472,473,518,486,461,515,505,497,518,453,478,522,510,517,510,457,401,387,358,358,393,367,354,381,424,394,386,423,386,373,386,361,363,363,408,420,445,465,363,423,392,457,495,460,462,503,471,505,446,452,419,439,408,458,398,369,388,370,377,373,396,289,333,320,305,244,256,216,216,243,168,195,211,179,161,188,169,133,126,143,132,121,113,62,76,60,56,50,25,25,17,22,16,10,5,4,10,5,0,0,64124,31773,2389,2642,2634,1700,970,433,375,1069,1868,1875,1827,2030,2329,2172,2054,714,1030,572,676,930,740,447,297,32351,2370,2485,2463,1509,856,387,354,1106,1928,1922,1990,2096,2386,2256,2011,744,1052,649,796,1027,878,616,470,680,390,50,48,4,0,0,0,4,0,0,44,6,38,0,0,0,0,0,0,0,0,2,0,0,0,0,2,0,0,0,0,2,0,256,231,202,0,0,0,161,41,0,2,0,2,0,27,0,0,0,0,0,0,25,0,12,12,0,13,0,7,0,0,3,3,84,82,2,0,0,0,2,0,0,0,0,0,0,75,5,0,5,0,0,0,2,0,0,0,0,2,0,2,0,0,0,0,290,33,30,0,0,0,0,0,0,0,30,7,23,0,0,0,0,0,0,0,0,3,0,0,0,0,3,0,3,0,0,0,0,78,69,41,0,0,0,24,17,0,0,0,0,0,26,2,0,2,0,0,0,9,0,0,0,0,9,0,4,0,0,4,1,179,178,0,0,0,0,0,0,0,0,0,0,0,174,4,0,4,0,0,0,1,0,0,0,0,1,0,1,0,0,0,0
"G4804110","2010","TX","3","7","Texas","48","San Saba County","411",,,,,,,,,,,,,,,"99999","99999","999",,,,,,,,,,,,,,,,,"2940404691","8072103","San Saba County","A","+31.1551375","-098.8192922","06","9",,6131,3366,36,31,31,34,28,26,36,36,35,35,35,24,32,53,55,47,50,40,42,46,56,63,60,79,84,96,74,68,58,67,62,57,54,34,35,46,29,28,25,28,30,41,27,24,46,41,36,34,32,36,39,46,41,25,31,32,58,38,43,49,43,35,39,57,38,46,34,37,31,40,27,30,27,22,27,20,22,21,26,11,24,14,14,6,9,9,13,3,6,6,7,7,4,2,1,0,1,0,3,0,0,0,0,2765,35,39,50,33,37,28,38,25,31,28,29,32,26,45,31,35,34,45,31,26,27,26,23,23,25,15,29,21,23,32,15,18,23,27,22,30,24,24,35,26,41,33,26,25,25,32,39,34,36,42,34,44,38,40,49,36,47,42,45,44,34,39,54,47,46,30,48,30,29,32,25,24,28,24,18,34,23,24,24,29,22,23,12,14,12,21,17,12,15,8,11,3,8,3,6,4,6,2,0,3,3,0,0,5447,2750,159,167,191,130,67,31,26,92,144,113,136,168,175,182,219,77,134,80,108,132,98,66,55,2697,193,150,162,102,57,27,26,71,118,105,138,150,181,204,209,73,145,77,89,119,131,76,94,684,616,17,12,0,0,0,0,0,0,0,12,12,0,0,0,0,0,0,0,0,0,5,0,0,0,0,5,0,0,0,0,5,0,588,582,581,0,0,575,6,0,0,0,0,0,0,1,0,0,0,0,0,0,6,0,0,0,0,6,0,0,0,0,6,0,11,11,0,0,0,0,0,0,0,0,0,0,0,11,0,0,0,0,0,0,0,0,0,0,0,0,0,0,0,0,0,0,68,14,14,0,0,0,0,0,0,0,14,14,0,0,0,0,0,0,0,0,0,0,0,0,0,0,0,0,0,0,0,0,0,13,5,2,0,0,0,2,0,0,0,0,0,0,3,0,0,0,0,0,0,8,0,0,0,0,8,0,0,0,0,8,0,41,41,0,0,0,0,0,0,0,0,0,0,0,41,0,0,0,0,0,0,0,0,0,0,0,0,0,0,0,0,0,0
"G4804130","2010","TX","3","7","Texas","48","Schleicher County","413",,,,,,,,,,,,,,,"99999","99999","999",,,,,,,,,,,,,,,,,"3394517068","87401","Schleicher County","A","+30.8962331","-100.5272161","06","9",,3461,1726,38,35,27,43,44,43,33,31,27,36,28,30,37,17,20,36,21,29,24,15,18,12,16,20,20,26,20,13,25,24,18,25,18,13,19,10,19,16,26,31,15,16,17,15,26,18,21,20,28,12,22,20,19,22,23,19,24,31,21,32,24,18,20,22,16,11,16,14,16,10,18,6,4,13,12,8,8,5,13,13,7,5,8,2,2,3,2,0,1,1,1,0,0,2,0,0,0,0,1,0,0,0,0,1735,30,35,34,35,23,25,25,25,41,37,25,39,28,29,22,29,21,25,24,18,25,17,22,12,25,24,25,15,20,24,27,16,19,17,22,12,22,19,26,23,23,26,14,21,18,19,24,25,23,15,22,18,17,22,23,23,18,22,22,18,23,26,13,26,14,14,13,20,10,19,14,10,14,10,16,5,16,6,10,10,1,13,5,11,1,3,4,2,3,0,2,4,2,0,0,0,0,0,0,0,0,0,0,3461,1726,187,170,132,86,39,18,12,56,108,93,102,89,99,106,127,42,58,27,40,53,47,24,11,1735,157,153,143,75,42,25,17,59,108,101,102,102,106,102,103,49,53,27,49,64,47,31,20,0,0,0,0,0,0,0,0,0,0,0,0,0,0,0,0,0,0,0,0,0,0,0,0,0,0,0,0,0,0,0,0,0,0,0,0,0,0,0,0,0,0,0,0,0,0,0,0,0,0,0,0,0,0,0,0,0,0,0,0,0,0,0,0,0,0,0,0,0,0,0,0,0,0,0,0,0,0,0,0,0,0,0,0,0,0,0,0,0,0,0,0,0,0,0,0,0,0,0,0,0,0,0,0,0,0,0,0,0,0,0,0,0,0,0,0,0,0,0,0,0,0,0,0,0,0,0,0,0,0,0,0,0,0,0,0,0,0,0,0,0,0,0,0,0,0,0,0,0,0,0,0,0,0,0,0,0,0,0,0,0,0,0,0,0,0,0,0,0,0,0,0,0,0,0,0,0,0,0,0,0,0,0,0,0,0,0,0,0,0,0,0,0,0,0
"G4804150","2010","TX","3","7","Texas","48","Scurry County","415",,,,,,,,,,,,,,,"43660","99999","999",,,,,,,,,,,,,,,,,"2345088415","5439993","Scurry County","A","+32.7444622","-100.9133987","06","2",,16921,9028,127,135,140,134,146,140,116,105,108,118,104,109,121,128,106,117,110,125,135,162,169,129,119,113,119,150,119,111,147,138,142,129,114,128,118,99,112,113,117,149,120,122,123,116,126,115,132,153,126,147,139,126,144,124,139,145,127,108,116,118,76,106,88,89,71,63,65,76,52,51,48,60,52,43,41,58,47,36,50,30,32,19,31,36,19,14,18,22,11,9,7,7,5,3,2,1,1,1,0,1,0,0,0,7893,121,110,126,107,128,108,111,118,109,118,116,104,97,135,101,104,112,120,127,109,101,95,76,90,100,80,108,106,109,104,96,103,84,78,89,76,82,75,93,96,84,82,86,77,96,98,87,119,92,112,119,111,105,113,93,102,123,93,95,104,87,79,88,103,51,66,72,78,57,68,69,67,70,67,60,49,62,44,43,59,66,47,57,38,41,30,32,18,29,23,11,10,12,8,5,4,3,2,1,1,3,0,0,15197,7488,682,587,568,349,208,104,79,228,476,452,430,431,492,538,529,159,228,122,171,233,209,125,88,7709,592,564,553,336,212,68,69,252,507,450,422,425,508,540,514,166,240,136,199,330,251,230,145,1724,1540,3,1,1,0,0,0,1,0,0,0,0,0,0,0,0,0,0,0,0,0,2,2,0,0,0,0,0,0,0,0,0,0,1474,1326,1314,0,0,1275,39,0,0,0,0,0,0,12,0,0,0,0,0,0,148,146,0,0,0,2,0,2,0,0,0,0,63,42,21,0,0,21,0,0,0,0,0,0,0,21,0,0,0,0,0,0,21,0,0,0,0,21,0,21,0,0,0,0,184,0,0,0,0,0,0,0,0,0,0,0,0,0,0,0,0,0,0,0,0,0,0,0,0,0,0,0,0,0,0,0,0,103,4,0,0,0,0,0,0,0,0,0,0,0,4,0,0,0,0,0,0,99,96,0,0,0,3,0,3,0,0,0,0,81,24,0,0,0,0,0,0,0,0,0,0,0,24,0,0,0,0,0,0,57,0,0,0,0,57,0,57,0,0,0,0
"G4804170","2010","TX","3","7","Texas","48","Shackelford County","417",,,,,,,,,,,,,,,"99999","99999","999",,,,,,,,,,,,,,,,,"2367989977","3268197","Shackelford County","A","+32.7437882","-099.3470453","06","9",,3378,1632,23,12,22,27,29,21,16,18,28,26,19,23,29,17,12,31,28,23,28,22,22,11,11,20,19,23,11,8,16,15,16,17,11,15,13,23,20,15,19,18,21,22,20,21,18,27,15,19,25,44,24,26,39,19,30,26,30,21,14,13,24,24,24,27,16,17,21,19,14,9,16,16,15,11,16,14,14,10,12,5,6,5,6,11,4,3,3,6,2,2,1,3,3,0,1,0,1,0,0,0,0,0,0,1746,18,24,15,32,19,24,18,15,29,23,19,36,19,19,31,32,27,30,32,15,13,11,10,12,17,23,13,17,11,15,19,11,10,13,25,23,17,21,17,27,19,14,19,24,26,18,26,34,34,26,25,28,25,22,32,29,32,24,25,25,29,23,24,18,20,9,12,19,31,14,12,8,19,11,14,16,21,12,7,10,14,19,6,7,5,6,10,12,5,3,4,2,3,4,2,1,1,2,0,1,1,0,0,3342,1618,113,108,97,81,48,22,11,50,73,72,95,102,128,138,104,48,67,38,42,74,55,30,22,1724,107,109,124,89,47,13,11,39,79,78,105,102,138,132,135,52,62,21,64,63,65,47,42,36,14,5,5,0,0,0,0,0,0,0,5,5,0,0,0,0,0,0,0,0,0,0,0,0,0,0,0,0,0,0,0,0,0,4,2,0,0,0,0,0,0,0,2,2,0,0,0,0,0,0,0,0,0,2,0,0,0,0,2,0,0,0,0,2,0,5,5,0,0,0,0,0,0,0,0,0,0,0,5,0,0,0,0,0,0,0,0,0,0,0,0,0,0,0,0,0,0,22,1,0,0,0,0,0,0,0,0,0,0,0,0,0,0,0,0,0,0,0,1,0,0,0,0,1,0,0,0,0,1,0,0,0,0,0,0,0,0,0,0,0,0,0,0,0,0,0,0,0,0,0,0,0,0,0,0,0,0,0,0,0,0,0,21,21,0,0,0,0,0,0,0,0,0,0,0,21,0,0,0,0,0,0,0,0,0,0,0,0,0,0,0,0,0,0
"G4804190","2010","TX","3","7","Texas","48","Shelby County","419",,,,,,,,,,,,,,,"99999","99999","999",,,,,,,,,,,,,,,,,"2060551461","101096376","Shelby County","A","+31.7901368","-094.1425654","06","9",,25448,12591,181,210,183,194,213,200,205,202,190,208,191,183,173,182,165,179,163,232,162,170,152,142,172,150,158,161,163,156,138,167,139,149,145,143,128,165,145,138,139,166,178,170,151,141,143,164,172,182,174,160,203,162,183,155,176,171,141,147,138,177,152,149,154,152,113,111,136,111,116,128,93,79,107,102,101,92,73,60,55,63,50,38,45,36,33,23,24,14,17,16,14,9,7,7,5,7,1,4,2,2,0,0,0,12857,204,175,200,180,181,190,188,181,168,197,178,174,189,158,172,170,202,166,210,162,155,166,145,153,148,137,150,141,127,149,152,149,164,124,174,155,176,124,174,170,154,181,124,178,142,174,155,155,162,173,176,182,180,170,169,157,142,168,161,147,171,131,158,141,121,128,142,118,136,125,125,113,121,93,80,99,103,94,65,59,87,82,55,43,56,37,41,37,35,26,31,10,17,13,13,8,3,3,3,2,3,1,0,25276,12531,979,1005,894,574,332,152,142,480,785,704,753,782,850,872,773,300,415,246,351,477,333,195,137,12745,940,924,870,537,372,155,166,446,704,763,799,779,819,876,770,300,418,269,372,521,406,304,235,172,60,2,0,0,0,0,0,0,0,0,0,0,0,0,0,0,0,0,0,0,0,2,0,0,0,0,2,0,0,0,0,2,0,16,16,0,0,0,0,0,0,0,0,0,0,0,16,0,0,0,0,0,0,0,0,0,0,0,0,0,0,0,0,0,0,42,40,0,0,0,0,0,0,0,0,0,0,0,40,0,0,0,0,0,0,2,0,0,0,0,2,0,0,0,0,2,0,112,2,0,0,0,0,0,0,0,0,0,0,0,0,0,0,0,0,0,0,0,2,0,0,0,0,2,0,0,0,0,2,0,10,9,0,0,0,0,0,0,0,0,0,0,0,9,0,0,0,0,0,0,1,0,0,0,0,1,0,0,0,0,1,0,100,97,0,0,0,0,0,0,0,0,0,0,0,97,0,0,0,0,0,0,3,0,0,0,0,3,0,0,0,0,3,0
"G4804210","2010","TX","3","7","Texas","48","Sherman County","421",,,,,,,,,,,,,,,"99999","99999","999",,,,,,,,,,,,,,,,,"2390650564","428754","Sherman County","A","+36.2776278","-101.8947164","06","9",,3034,1548,13,19,26,24,31,23,25,25,28,28,20,14,33,30,30,30,30,44,26,22,12,13,14,19,18,12,10,18,12,15,18,14,17,18,26,25,15,16,31,15,25,20,11,21,21,30,31,25,24,22,23,19,26,17,31,23,10,15,18,17,14,13,15,23,11,10,16,7,16,20,7,9,9,5,11,7,6,5,7,9,8,4,3,7,1,2,3,3,0,2,2,2,0,0,1,0,0,2,0,0,0,0,0,1486,18,28,24,15,18,31,31,27,20,25,19,23,25,20,31,31,35,22,19,17,11,12,6,17,5,14,23,21,14,14,10,16,16,11,16,26,14,24,22,28,20,23,23,21,34,21,21,13,26,22,13,27,25,15,13,23,12,9,15,16,13,11,14,24,12,10,9,13,11,13,9,9,7,5,4,12,11,13,6,4,10,4,14,4,6,6,5,3,5,3,3,5,3,2,5,3,0,2,1,1,0,0,0,3003,1539,113,129,127,104,48,12,13,51,67,92,101,98,131,116,83,27,49,26,41,41,33,22,15,1464,103,134,118,88,36,11,12,28,86,69,114,121,103,92,75,24,49,19,37,33,44,35,33,31,9,0,0,0,0,0,0,0,0,0,0,0,0,0,0,0,0,0,0,0,0,0,0,0,0,0,0,0,0,0,0,0,0,3,3,3,0,0,0,3,0,0,0,0,0,0,0,0,0,0,0,0,0,0,0,0,0,0,0,0,0,0,0,0,0,6,6,0,0,0,0,0,0,0,0,0,0,0,6,0,0,0,0,0,0,0,0,0,0,0,0,0,0,0,0,0,0,22,0,0,0,0,0,0,0,0,0,0,0,0,0,0,0,0,0,0,0,0,0,0,0,0,0,0,0,0,0,0,0,0,2,2,0,0,0,0,0,0,0,0,0,0,0,2,0,0,0,0,0,0,0,0,0,0,0,0,0,0,0,0,0,0,20,20,0,0,0,0,0,0,0,0,0,0,0,20,0,0,0,0,0,0,0,0,0,0,0,0,0,0,0,0,0,0
"G4804230","2010","TX","3","7","Texas","48","Smith County","423",,,,,,,,,,,,,,,"46340","99999","540",,,,,,,,,,,,,,,,,"2386555662","73211865","Smith County","A","+32.3770925","-095.2696296","06","1",,209714,101425,1468,1497,1552,1628,1546,1516,1625,1492,1526,1562,1572,1478,1495,1519,1570,1528,1514,1519,1674,1835,1642,1569,1458,1452,1404,1429,1401,1464,1328,1388,1381,1190,1241,1183,1236,1149,1141,1256,1218,1367,1262,1263,1210,1204,1241,1258,1333,1304,1275,1323,1385,1306,1305,1319,1343,1247,1263,1147,1233,1092,1150,1006,1148,1086,819,895,857,840,782,725,738,660,674,628,610,536,520,479,434,487,378,394,350,319,278,243,232,162,191,126,99,68,52,33,22,26,19,11,10,4,8,0,0,108289,1422,1416,1393,1537,1495,1422,1485,1541,1458,1506,1408,1457,1467,1409,1394,1449,1449,1481,1624,1881,1679,1610,1591,1602,1536,1527,1504,1437,1405,1361,1339,1370,1263,1231,1268,1290,1247,1296,1379,1501,1349,1282,1310,1305,1225,1346,1427,1432,1420,1464,1454,1397,1481,1400,1439,1477,1373,1255,1194,1240,1291,1167,1235,1303,932,1074,997,956,869,907,861,747,738,717,739,793,658,641,641,598,557,514,471,519,408,407,358,275,319,237,198,167,142,94,90,66,57,50,30,27,37,1,1,205587,99211,7685,7715,7567,4482,2989,1452,1449,4155,6857,6084,6033,6058,6389,6571,5916,2137,3029,1739,2320,3276,2415,1673,1220,106376,7254,7406,7126,4356,2963,1515,1542,4636,7150,6420,6668,6432,7047,7131,6508,2447,3440,2053,2711,3741,3257,2344,2229,4127,2214,158,127,7,0,0,0,7,0,0,110,46,64,0,0,10,10,0,0,0,0,31,6,0,0,0,25,6,2,0,0,16,1,1809,750,643,0,0,0,584,59,0,7,2,5,0,85,15,12,0,3,0,0,1059,810,0,0,0,249,128,83,10,0,3,25,247,237,7,0,0,0,7,0,0,0,0,0,0,222,8,2,0,6,0,0,10,0,0,0,0,10,5,5,0,0,0,0,1913,47,18,4,0,0,0,4,0,0,9,6,3,0,0,5,5,0,0,0,0,29,7,0,0,0,22,14,2,0,0,2,4,1240,258,139,0,0,0,135,4,0,1,1,0,0,100,18,16,0,2,0,0,982,821,0,0,0,161,45,69,28,0,8,11,626,623,0,0,0,0,0,0,0,0,0,0,0,610,13,0,0,13,0,0,3,0,0,0,0,3,0,1,0,0,2,0
"G4804250","2010","TX","3","7","Texas","48","Somervell County","425",,,,,,,,,,,,,,,"24180","99999","206",,,,,,,,,,,,,,,,,"482937084","14222771","Somervell County","A","+32.2179420","-097.7692109","06","2",,8490,4182,47,36,58,49,53,57,43,54,61,57,65,70,74,100,80,81,76,72,65,44,48,46,39,35,43,33,35,38,43,48,43,46,41,43,46,48,37,51,41,60,59,50,37,60,60,70,69,66,72,82,48,63,68,58,63,49,50,55,63,66,63,74,71,38,39,34,50,41,48,31,30,27,26,33,24,25,28,20,21,14,19,23,16,7,13,12,12,3,7,7,2,3,1,3,0,1,1,1,0,0,0,0,0,4308,50,42,58,49,54,44,61,75,60,73,64,52,67,61,68,67,65,103,67,44,42,37,38,36,44,36,40,30,48,29,37,54,49,50,53,50,56,53,50,52,63,73,48,67,63,61,75,58,58,69,67,73,57,63,46,64,69,69,61,48,66,52,56,55,44,44,46,33,35,37,30,29,45,39,22,15,35,29,16,17,21,16,19,19,10,23,13,8,18,6,8,16,3,8,3,6,2,2,1,1,0,0,0,8203,4062,237,271,371,215,105,48,45,115,192,216,232,265,355,298,278,134,146,81,117,134,99,71,37,4141,250,310,305,223,105,42,37,114,176,239,258,311,315,303,308,116,153,87,102,156,108,63,60,287,120,39,0,0,0,0,0,0,0,0,0,0,0,0,0,0,0,0,0,0,0,39,0,0,0,0,39,0,0,0,0,39,0,37,10,0,0,0,0,0,0,0,0,0,0,0,10,0,0,0,0,0,0,27,0,0,0,0,27,0,0,0,0,27,0,44,41,0,0,0,0,0,0,0,0,0,0,0,41,0,0,0,0,0,0,3,0,0,0,0,3,0,0,0,0,3,0,167,25,2,0,0,0,0,0,0,0,2,2,0,0,0,0,0,0,0,0,0,23,0,0,0,0,23,0,0,0,0,23,0,43,9,0,0,0,0,0,0,0,3,3,0,0,6,0,0,0,0,0,0,34,0,0,0,0,34,0,0,0,0,34,0,99,95,0,0,0,0,0,0,0,0,0,0,0,95,0,0,0,0,0,0,4,0,0,0,0,4,0,0,0,0,4,0
"G4804270","2010","TX","3","7","Texas","48","Starr County","427",,,,,,,,,,,,,,,"40100","99999","999",,,,,,,,,,,,,,,,,"3168018574","15302285","Starr County","A","+26.5463354","-098.7158034","06","2",,60968,29440,573,517,529,588,557,559,526,579,584,585,654,540,601,595,627,565,589,602,561,533,534,448,447,399,406,415,405,393,409,379,402,347,325,349,364,415,360,383,394,405,402,387,354,323,333,327,337,334,297,340,335,278,291,296,273,251,245,228,215,234,261,215,213,216,197,205,177,198,160,179,179,157,154,126,146,143,108,82,124,81,88,81,56,58,63,41,39,38,34,25,23,15,9,5,3,6,6,0,4,1,1,0,0,31528,556,545,517,547,584,559,570,548,599,588,571,576,580,545,650,574,606,593,580,497,490,424,429,403,444,436,361,387,412,416,418,370,425,364,437,427,408,396,458,407,423,425,422,443,389,349,367,344,341,362,394,342,327,297,306,289,300,285,280,286,295,299,290,269,237,236,199,205,164,223,195,203,171,175,176,153,112,111,108,116,125,80,102,102,72,73,66,56,48,45,36,18,25,12,17,9,13,10,8,2,4,0,0,60158,28740,2763,2832,3016,1756,1071,520,425,1152,1892,1689,1848,1732,1599,1432,1167,472,626,374,537,757,523,331,226,31418,2748,2864,2922,1773,1076,490,424,1275,2011,2013,2089,2101,1759,1664,1439,593,796,433,588,918,587,466,389,810,700,3,0,0,0,0,0,0,0,0,0,0,0,0,0,0,0,0,0,0,0,3,0,0,0,0,3,0,0,0,0,0,3,630,598,586,0,0,0,586,0,0,0,0,0,0,12,0,0,0,0,0,0,32,0,0,0,0,32,0,25,0,0,0,7,67,59,9,0,0,0,9,0,0,0,0,0,0,50,0,0,0,0,0,0,8,0,0,0,0,8,0,2,0,0,0,6,110,1,0,0,0,0,0,0,0,0,0,0,0,0,0,0,0,0,0,0,0,1,0,0,0,0,1,0,0,0,0,0,1,20,14,12,0,0,0,12,0,0,0,0,0,0,2,0,0,0,0,0,0,6,0,0,0,0,6,0,0,0,0,0,6,89,76,0,0,0,0,0,0,0,0,0,0,0,76,0,0,0,0,0,0,13,0,0,0,0,13,0,5,0,0,0,8
"G4804290","2010","TX","3","7","Texas","48","Stephens County","429",,,,,,,,,,,,,,,"99999","99999","999",,,,,,,,,,,,,,,,,"2322492721","64133847","Stephens County","A","+32.7315311","-098.8400811","06","9",,9630,4975,64,59,58,80,55,59,74,48,74,62,63,75,75,64,63,62,64,84,75,61,82,75,85,61,85,69,55,72,80,65,74,60,57,43,64,50,61,49,62,53,53,57,68,54,67,59,57,64,75,87,64,68,55,60,65,69,64,77,65,50,66,65,58,47,54,50,59,50,43,55,54,40,38,37,22,40,27,23,25,27,28,33,12,14,13,17,12,14,17,9,8,5,4,2,2,0,2,1,2,0,1,0,0,4655,51,58,58,73,74,59,79,64,52,61,57,64,53,62,55,83,57,62,45,54,35,40,42,51,45,43,57,53,54,45,50,42,45,74,35,42,41,59,44,62,52,45,51,47,36,51,62,55,85,65,90,50,58,70,72,67,60,72,76,64,62,56,54,73,40,55,63,46,48,49,49,47,45,46,33,42,40,43,31,34,28,31,24,24,22,29,22,18,22,16,9,5,9,8,7,4,8,0,1,1,3,0,0,9039,4450,316,317,340,208,107,55,43,142,248,239,223,255,312,284,315,130,154,107,146,188,139,97,85,4589,314,315,291,202,99,35,40,138,251,246,248,231,318,340,339,118,165,117,142,212,182,117,129,591,525,2,2,2,0,0,1,1,0,0,0,0,0,0,0,0,0,0,0,0,0,0,0,0,0,0,0,0,0,0,0,0,0,499,499,497,0,0,481,16,0,0,0,0,0,0,2,0,0,0,0,0,0,0,0,0,0,0,0,0,0,0,0,0,0,24,24,4,0,0,4,0,0,0,0,0,0,0,20,0,0,0,0,0,0,0,0,0,0,0,0,0,0,0,0,0,0,66,0,0,0,0,0,0,0,0,0,0,0,0,0,0,0,0,0,0,0,0,0,0,0,0,0,0,0,0,0,0,0,0,3,3,0,0,0,0,0,0,0,0,0,0,0,3,0,0,0,0,0,0,0,0,0,0,0,0,0,0,0,0,0,0,63,63,0,0,0,0,0,0,0,0,0,0,0,63,0,0,0,0,0,0,0,0,0,0,0,0,0,0,0,0,0,0
"G4804310","2010","TX","3","7","Texas","48","Sterling County","431",,,,,,,,,,,,,,,"99999","99999","999",,,,,,,,,,,,,,,,,"2391727824","167453","Sterling County","A","+31.8357739","-101.0549111","06","9",,1143,576,6,9,11,6,8,8,13,5,9,9,6,10,9,10,3,11,8,15,6,3,7,7,5,8,9,4,8,9,7,6,8,6,4,8,8,3,3,5,3,2,9,5,6,12,4,7,10,9,9,10,13,10,13,7,7,10,6,3,9,2,12,6,13,13,5,4,8,3,4,2,4,2,1,7,0,8,4,5,3,4,3,4,3,2,1,1,0,1,3,0,3,0,0,0,0,0,0,1,0,0,0,0,0,567,8,8,11,13,8,4,5,8,9,6,8,3,5,9,6,4,3,5,8,6,5,6,5,3,9,6,2,6,13,6,8,12,8,6,5,3,3,7,5,6,6,8,9,7,10,8,11,9,7,7,6,10,10,13,8,10,11,5,6,9,4,13,3,7,3,4,5,7,4,9,3,3,5,5,5,7,6,1,5,3,6,0,4,4,2,4,1,2,0,3,2,2,0,0,3,0,0,0,0,0,1,0,0,1108,563,40,44,38,34,9,7,7,22,33,34,16,35,43,49,30,18,29,12,7,14,23,11,8,545,48,32,31,12,14,5,6,17,33,39,23,40,42,46,39,15,13,9,20,20,21,14,6,35,13,0,0,0,0,0,0,0,0,0,0,0,0,0,0,0,0,0,0,0,0,0,0,0,0,0,0,0,0,0,0,0,0,7,7,0,0,0,0,0,0,0,0,0,0,0,7,0,0,0,0,0,0,0,0,0,0,0,0,0,0,0,0,0,0,6,6,0,0,0,0,0,0,0,0,0,0,0,6,0,0,0,0,0,0,0,0,0,0,0,0,0,0,0,0,0,0,22,0,0,0,0,0,0,0,0,0,0,0,0,0,0,0,0,0,0,0,0,0,0,0,0,0,0,0,0,0,0,0,0,6,6,0,0,0,0,0,0,0,0,0,0,0,6,0,0,0,0,0,0,0,0,0,0,0,0,0,0,0,0,0,0,16,16,0,0,0,0,0,0,0,0,0,0,0,16,0,0,0,0,0,0,0,0,0,0,0,0,0,0,0,0,0,0
"G4804330","2010","TX","3","7","Texas","48","Stonewall County","433",,,,,,,,,,,,,,,"99999","99999","999",,,,,,,,,,,,,,,,,"2373240591","10177654","Stonewall County","A","+33.1795797","-100.2538069","06","9",,1490,717,3,9,3,7,11,12,9,13,12,9,8,6,11,5,5,9,11,13,9,7,11,4,5,6,6,4,5,10,8,8,7,5,5,7,8,6,12,6,6,9,7,10,8,8,11,11,8,12,14,11,10,9,17,11,11,6,12,7,14,11,10,14,7,9,7,10,14,4,3,6,8,8,5,8,6,2,5,7,13,8,6,7,3,6,6,4,3,2,1,2,1,1,0,1,0,0,0,0,0,0,2,0,0,773,7,15,3,14,10,7,14,11,8,14,5,15,10,11,9,12,10,8,6,2,6,5,2,2,8,6,5,8,10,10,9,11,7,6,4,10,4,6,11,10,6,4,5,7,12,8,17,9,11,7,7,11,6,15,11,16,5,11,8,10,8,16,8,12,11,11,16,4,9,6,6,17,8,6,9,7,13,9,6,6,9,5,6,5,5,6,4,2,4,3,1,3,3,7,0,0,2,1,2,0,0,0,0,1463,705,33,55,35,33,16,11,4,17,35,32,39,44,56,58,49,24,22,24,13,34,35,27,9,758,49,54,50,30,8,6,5,12,39,37,41,34,52,50,50,24,31,27,19,46,41,27,26,27,12,0,0,0,0,0,0,0,0,0,0,0,0,0,0,0,0,0,0,0,0,0,0,0,0,0,0,0,0,0,0,0,0,2,2,0,0,0,0,0,0,0,0,0,0,0,2,0,0,0,0,0,0,0,0,0,0,0,0,0,0,0,0,0,0,10,10,0,0,0,0,0,0,0,0,0,0,0,10,0,0,0,0,0,0,0,0,0,0,0,0,0,0,0,0,0,0,15,0,0,0,0,0,0,0,0,0,0,0,0,0,0,0,0,0,0,0,0,0,0,0,0,0,0,0,0,0,0,0,0,0,0,0,0,0,0,0,0,0,0,0,0,0,0,0,0,0,0,0,0,0,0,0,0,0,0,0,0,0,0,0,0,15,15,0,0,0,0,0,0,0,0,0,0,0,15,0,0,0,0,0,0,0,0,0,0,0,0,0,0,0,0,0,0
"G4804350","2010","TX","3","7","Texas","48","Sutton County","435",,,,,,,,,,,,,,,"99999","99999","999",,,,,,,,,,,,,,,,,"3765651337","1277067","Sutton County","A","+30.5178648","-100.5053952","06","9",,4128,2029,28,45,26,29,24,24,29,32,24,28,32,51,22,33,29,38,29,41,28,24,21,21,19,22,12,17,19,22,23,24,25,27,25,14,21,23,22,23,22,23,29,33,25,31,31,20,25,35,38,29,30,28,34,21,39,28,36,24,28,33,17,31,29,27,24,17,21,20,21,6,14,11,10,21,16,10,7,13,10,13,15,5,6,3,8,3,3,4,1,1,0,0,0,0,0,0,1,3,0,0,0,0,0,2099,39,29,38,28,23,27,37,27,34,40,38,25,25,30,30,24,35,41,39,22,16,18,20,17,21,21,27,21,27,22,35,17,22,14,28,22,25,28,27,30,37,22,24,20,20,26,37,24,34,26,38,28,28,33,36,31,39,35,24,28,23,21,20,25,21,18,23,17,14,20,8,14,9,11,20,8,11,13,16,11,16,12,8,11,16,2,6,6,4,2,1,0,1,1,3,0,6,0,0,2,0,0,0,4115,2017,152,137,167,107,51,19,21,53,104,107,113,149,146,152,149,48,80,38,47,71,53,37,16,2098,157,165,148,100,61,16,18,58,118,116,132,123,146,163,157,44,66,41,51,62,59,63,34,13,12,1,1,1,0,0,0,1,0,0,0,0,0,0,0,0,0,0,0,0,0,0,0,0,0,0,0,0,0,0,0,0,0,10,9,9,0,0,0,9,0,0,0,0,0,0,0,0,0,0,0,0,0,1,0,0,0,0,1,1,0,0,0,0,0,1,0,0,0,0,0,0,0,0,0,0,0,0,0,0,0,0,0,0,0,1,0,0,0,0,1,1,0,0,0,0,0,1,0,0,0,0,0,0,0,0,0,0,0,0,0,0,0,0,0,0,0,0,0,0,0,0,0,0,0,0,0,0,0,0,1,0,0,0,0,0,0,0,0,0,0,0,0,0,0,0,0,0,0,0,1,0,0,0,0,1,1,0,0,0,0,0,0,0,0,0,0,0,0,0,0,0,0,0,0,0,0,0,0,0,0,0,0,0,0,0,0,0,0,0,0,0,0,0
"G4804370","2010","TX","3","7","Texas","48","Swisher County","437",,,,,,,,,,,,,,,"99999","99999","999",,,,,,,,,,,,,,,,,"2305501907","27278704","Swisher County","A","+34.5304596","-101.7328522","06","9",,7854,4136,60,67,60,61,54,79,48,61,54,70,51,46,45,60,48,49,49,49,54,55,62,53,68,71,90,59,57,66,61,74,64,65,48,59,63,50,35,51,39,36,47,51,51,51,57,60,62,58,44,57,55,54,58,52,50,46,53,54,53,44,38,49,49,32,29,27,43,39,27,29,35,40,28,18,15,19,23,30,28,17,38,16,8,23,21,10,9,11,9,13,3,1,0,3,1,3,2,1,1,0,0,0,0,3718,74,60,53,64,61,53,61,47,43,62,60,70,49,60,52,46,62,64,51,39,31,33,40,41,28,44,39,44,43,37,37,44,39,34,39,36,21,36,30,43,49,53,26,34,49,48,55,47,50,57,38,40,39,53,40,47,39,45,48,49,41,30,36,41,43,34,50,30,35,34,29,32,33,33,48,28,33,28,22,29,36,30,29,16,26,10,18,13,12,15,13,7,7,8,7,2,1,1,1,0,1,0,0,7209,3520,302,312,250,146,89,40,36,126,187,189,155,203,236,236,239,86,108,70,95,131,116,105,63,3689,312,266,291,172,90,31,33,108,206,193,166,211,257,210,228,71,120,84,96,174,138,131,101,645,616,1,1,1,0,0,0,1,0,0,0,0,0,0,0,0,0,0,0,0,0,0,0,0,0,0,0,0,0,0,0,0,0,604,592,588,0,0,575,13,0,0,0,0,0,0,4,0,0,0,0,0,0,12,0,0,0,0,12,0,0,12,0,0,0,11,11,3,0,0,3,0,0,0,0,0,0,0,8,0,0,0,0,0,0,0,0,0,0,0,0,0,0,0,0,0,0,29,0,0,0,0,0,0,0,0,0,0,0,0,0,0,0,0,0,0,0,0,0,0,0,0,0,0,0,0,0,0,0,0,2,2,2,0,0,0,2,0,0,0,0,0,0,0,0,0,0,0,0,0,0,0,0,0,0,0,0,0,0,0,0,0,27,27,0,0,0,0,0,0,0,0,0,0,0,27,0,0,0,0,0,0,0,0,0,0,0,0,0,0,0,0,0,0
"G4804390","2010","TX","3","7","Texas","48","Tarrant County","439",,,,,,,,,,,,,,,"19100","23104","206",,,,,,,,,,,,,,,,,"2236735560","100223390","Tarrant County","A","+32.7720400","-097.2912913","06","1",,1809034,887235,14030,14159,14917,14839,14790,14779,14954,14573,14641,14563,14654,14112,14163,14121,13784,13752,13904,13776,13229,12117,11996,11763,11796,12619,12955,13263,13204,13701,13538,13600,13615,12550,12566,12409,12463,12745,12138,12525,13359,13969,13848,12796,12684,12381,12668,13345,13271,13486,13092,13303,13192,12527,12450,11626,11173,11062,9989,9530,9037,8397,8332,7966,8186,7927,5872,5825,5627,5236,4527,4182,3844,3485,3324,3069,2959,2954,2470,2431,2282,2224,1913,1738,1582,1470,1278,1168,967,828,770,614,459,350,253,212,144,82,55,47,28,35,27,4,1,921799,13825,13935,14064,14220,14120,14264,14347,14015,13981,14190,14025,13546,13415,13335,13511,13196,13342,13219,12463,11865,11731,11989,12134,12913,13281,13610,13369,14027,14015,14175,14140,13121,13225,12873,13086,13296,13193,13298,13887,14506,14355,13389,12750,12694,13081,13680,13801,13446,13494,13535,13462,12436,12528,12191,11903,11578,10730,10232,9785,9214,9165,8747,8959,8562,6414,6494,6409,6036,5092,5060,4435,4334,4206,3802,3859,3806,3312,3447,3176,3039,2844,2676,2568,2519,2384,2229,1992,1742,1611,1374,1031,792,681,527,381,329,245,162,114,84,115,13,1,1788400,877105,72659,73459,70787,41347,24030,11275,11411,36698,66410,62877,64013,63692,65745,60295,47506,16149,21797,11367,13784,16427,12091,7709,5577,911295,70112,70752,67780,39692,22396,10983,11681,37917,68726,65961,67805,65864,67510,62178,51235,17821,23763,12798,16024,20321,16270,12171,11535,20634,10130,259,97,23,0,0,1,22,0,0,74,9,13,52,0,0,0,0,0,0,0,162,11,0,0,0,151,105,1,1,0,1,43,8362,4447,3749,0,1571,478,1432,268,0,5,4,0,1,625,68,65,0,3,0,0,3915,2307,189,189,0,1419,565,346,394,0,19,95,1509,1456,94,0,75,6,9,4,0,0,0,0,0,1352,10,10,0,0,0,0,53,0,0,0,0,53,26,13,2,0,10,2,10504,214,66,7,0,0,0,7,0,0,59,19,6,34,0,0,0,0,0,0,0,148,14,0,0,0,134,89,2,0,0,1,42,6488,2587,1946,0,1566,64,280,36,0,20,12,0,8,616,5,5,0,0,0,0,3901,3094,13,13,0,794,293,276,113,0,8,104,3802,3740,35,0,35,0,0,0,0,0,0,0,0,3699,6,3,0,3,0,0,62,0,0,0,0,62,9,31,0,0,16,6
"G4804410","2010","TX","3","7","Texas","48","Taylor County","441",,,,,,,,,,,,,,,"10180","99999","999",,,,,,,,,,,,,,,,,"2371267567","9721168","Taylor County","A","+32.2956844","-099.8932198","06","1",,131506,64028,954,988,1057,1076,971,974,894,902,878,869,898,818,875,819,849,888,814,821,1074,1442,1499,1511,1431,1262,1177,1136,1098,1020,1009,967,845,809,778,733,728,740,699,693,689,709,757,728,671,687,693,786,838,861,849,888,889,784,838,844,784,826,742,652,705,652,579,640,631,620,441,438,499,475,385,392,368,367,375,349,360,340,307,285,303,258,241,234,194,169,142,164,127,127,101,72,39,42,27,16,15,10,10,11,1,2,4,0,0,67478,1039,943,943,957,926,918,888,842,837,874,866,816,827,792,822,814,829,880,1196,1458,1497,1411,1357,1231,1141,1141,1084,1009,961,926,847,796,778,755,723,722,695,708,733,731,813,739,688,751,774,761,914,890,866,917,925,890,915,859,797,879,809,732,766,713,709,679,670,698,506,553,592,542,482,459,521,440,429,416,474,451,452,405,345,375,357,310,327,287,270,239,222,233,204,146,116,107,105,73,52,35,21,28,17,8,11,1,0,126219,61385,5034,4509,4235,2490,1602,1017,1333,3660,5123,3831,3464,3476,4138,4064,3524,1200,1667,929,1227,1789,1455,928,690,64834,4785,4347,4108,2496,1671,1104,1329,3637,5064,3852,3555,3721,4296,4323,3834,1361,1853,1126,1459,2227,1936,1435,1315,5287,2643,77,52,0,0,0,0,0,0,0,52,19,10,23,0,0,0,0,0,0,0,25,3,0,0,0,22,17,1,0,0,3,1,2335,47,0,0,0,0,0,0,0,3,3,0,0,44,0,0,0,0,0,0,2288,1245,541,541,0,502,9,187,214,0,18,74,231,203,0,0,0,0,0,0,0,0,0,0,0,203,0,0,0,0,0,0,28,0,0,0,0,28,0,4,17,0,2,5,2644,77,43,0,0,0,0,0,0,0,43,36,1,6,0,0,0,0,0,0,0,34,9,0,0,0,25,12,4,1,0,3,5,1960,61,0,0,0,0,0,0,0,5,5,0,0,56,0,0,0,0,0,0,1899,1429,80,80,0,390,15,113,216,0,17,29,607,564,0,0,0,0,0,0,0,0,0,0,0,564,0,0,0,0,0,0,43,0,0,0,0,43,0,5,36,0,2,0
"G4804430","2010","TX","3","7","Texas","48","Terrell County","443",,,,,,,,,,,,,,,"99999","99999","999",,,,,,,,,,,,,,,,,"6107258291","105938","Terrell County","A","+30.2323316","-102.0725386","06","9",,984,509,5,6,4,10,6,6,5,6,8,9,7,5,5,8,4,8,12,6,5,5,6,2,2,3,7,4,4,6,5,4,5,6,10,2,4,9,4,8,5,8,7,6,8,5,2,7,12,5,7,4,7,2,10,4,11,6,6,11,3,6,10,8,11,9,6,7,4,6,4,5,6,11,3,6,7,1,4,5,4,4,3,4,0,4,2,3,3,2,0,1,0,0,2,0,0,0,0,0,0,1,0,0,0,475,8,5,9,7,5,8,5,3,5,6,3,3,6,6,2,2,5,10,4,6,3,4,1,4,3,4,9,3,5,9,3,6,5,3,4,7,5,3,7,3,8,6,5,8,9,4,3,6,4,3,8,7,5,9,12,3,6,5,10,6,12,9,9,6,10,3,6,7,4,6,8,3,5,7,3,4,3,3,2,5,6,9,3,4,1,2,3,1,2,2,0,0,0,1,0,0,0,0,0,0,0,0,0,984,509,31,34,29,26,10,6,2,12,23,27,34,28,35,34,32,18,26,11,15,33,18,13,12,475,34,27,20,17,10,3,4,8,30,21,25,36,20,41,30,21,25,9,17,26,17,23,11,0,0,0,0,0,0,0,0,0,0,0,0,0,0,0,0,0,0,0,0,0,0,0,0,0,0,0,0,0,0,0,0,0,0,0,0,0,0,0,0,0,0,0,0,0,0,0,0,0,0,0,0,0,0,0,0,0,0,0,0,0,0,0,0,0,0,0,0,0,0,0,0,0,0,0,0,0,0,0,0,0,0,0,0,0,0,0,0,0,0,0,0,0,0,0,0,0,0,0,0,0,0,0,0,0,0,0,0,0,0,0,0,0,0,0,0,0,0,0,0,0,0,0,0,0,0,0,0,0,0,0,0,0,0,0,0,0,0,0,0,0,0,0,0,0,0,0,0,0,0,0,0,0,0,0,0,0,0,0,0,0,0,0,0,0,0,0,0,0,0,0,0,0,0,0,0,0,0,0,0,0,0,0,0,0,0,0,0,0,0,0,0,0,0,0
"G4804450","2010","TX","3","7","Texas","48","Terry County","445",,,,,,,,,,,,,,,"99999","99999","999",,,,,,,,,,,,,,,,,"2302083249","5443913","Terry County","A","+33.1712290","-102.3392840","06","9",,12651,6717,104,112,88,106,111,100,83,76,83,88,108,97,90,93,92,74,90,85,83,91,113,116,114,131,139,121,121,96,114,126,94,108,100,69,79,68,65,107,81,84,88,71,80,81,71,108,96,97,95,113,91,85,108,77,83,94,67,66,73,76,62,71,58,52,54,59,62,47,57,51,34,36,43,30,46,31,34,29,28,26,28,26,25,20,21,9,21,6,10,4,5,3,2,3,1,1,2,0,0,0,0,0,0,5934,91,104,110,101,76,79,105,102,78,90,94,89,83,78,77,80,83,79,96,82,87,92,67,76,74,78,65,69,81,55,65,73,49,61,48,51,65,49,54,71,62,67,70,76,66,80,83,92,80,55,86,94,80,82,71,87,64,67,69,74,59,52,66,64,54,61,62,46,59,56,44,40,47,57,53,61,37,35,38,41,38,32,24,22,33,18,27,19,23,7,7,10,4,6,6,8,1,3,0,0,2,0,0,11485,5635,521,430,480,248,150,80,79,249,361,310,269,290,413,375,345,123,156,116,146,181,143,110,60,5850,482,454,421,242,178,87,90,217,341,296,290,340,385,412,356,111,182,119,160,230,202,138,117,1166,1082,1,1,1,0,0,0,1,0,0,0,0,0,0,0,0,0,0,0,0,0,0,0,0,0,0,0,0,0,0,0,0,0,1037,1037,1010,0,0,848,112,50,0,0,0,0,0,27,0,0,0,0,0,0,0,0,0,0,0,0,0,0,0,0,0,0,44,44,9,0,0,9,0,0,0,0,0,0,0,35,0,0,0,0,0,0,0,0,0,0,0,0,0,0,0,0,0,0,84,0,0,0,0,0,0,0,0,0,0,0,0,0,0,0,0,0,0,0,0,0,0,0,0,0,0,0,0,0,0,0,0,23,23,11,0,0,1,10,0,0,0,0,0,0,12,0,0,0,0,0,0,0,0,0,0,0,0,0,0,0,0,0,0,61,61,0,0,0,0,0,0,0,0,0,0,0,61,0,0,0,0,0,0,0,0,0,0,0,0,0,0,0,0,0,0
"G4804470","2010","TX","3","7","Texas","48","Throckmorton County","447",,,,,,,,,,,,,,,"99999","99999","999",,,,,,,,,,,,,,,,,"2363499284","7586203","Throckmorton County","A","+33.1707121","-099.2061367","06","9",,1641,807,10,6,9,12,10,9,5,13,4,6,10,16,4,15,19,16,14,11,9,8,6,6,5,11,6,6,10,9,8,7,6,4,9,13,6,5,8,6,10,8,8,9,12,9,7,9,11,15,18,14,8,15,12,11,6,12,12,7,14,8,10,10,13,18,5,6,13,7,9,16,9,3,13,15,11,8,9,8,3,7,4,4,3,9,2,4,2,0,6,2,2,1,0,0,0,0,1,0,1,0,1,0,0,834,5,14,9,11,7,10,5,10,8,13,10,11,6,9,8,13,10,18,10,4,4,6,9,6,3,2,8,13,12,3,11,3,11,4,8,4,11,11,8,9,8,8,8,10,5,20,13,15,13,8,12,13,15,11,7,12,13,7,8,11,16,12,11,9,8,14,12,8,9,16,12,16,12,9,8,9,13,5,11,6,10,6,4,3,5,4,6,3,3,3,1,6,1,0,1,0,0,0,1,0,7,0,0,1628,803,47,37,64,41,17,6,6,22,40,38,37,45,67,52,53,20,36,19,32,50,34,21,19,825,46,46,44,41,14,4,6,18,38,37,43,39,69,58,51,28,27,26,33,57,43,27,30,13,4,0,0,0,0,0,0,0,0,0,0,0,0,0,0,0,0,0,0,0,0,0,0,0,0,0,0,0,0,0,0,0,0,0,0,0,0,0,0,0,0,0,0,0,0,0,0,0,0,0,0,0,0,0,0,0,0,0,0,0,0,0,0,0,0,4,0,0,0,0,0,0,0,0,0,0,0,0,0,0,0,0,0,0,0,4,0,0,0,0,4,0,4,0,0,0,0,9,0,0,0,0,0,0,0,0,0,0,0,0,0,0,0,0,0,0,0,0,0,0,0,0,0,0,0,0,0,0,0,0,1,0,0,0,0,0,0,0,0,0,0,0,0,0,0,0,0,0,0,0,1,0,0,0,0,1,0,1,0,0,0,0,8,0,0,0,0,0,0,0,0,0,0,0,0,0,0,0,0,0,0,0,8,0,0,0,0,8,0,8,0,0,0,0
"G4804490","2010","TX","3","7","Texas","48","Titus County","449",,,,,,,,,,,,,,,"34420","99999","999",,,,,,,,,,,,,,,,,"1051675541","50735856","Titus County","A","+33.2145990","-094.9667825","06","2",,32334,15976,297,272,297,299,287,267,269,247,290,302,243,303,266,259,292,270,267,280,256,284,242,220,197,198,205,215,201,224,232,197,190,193,215,207,189,232,195,217,197,212,225,219,197,201,209,198,236,220,195,177,205,190,193,179,143,182,180,179,165,174,149,151,168,142,121,118,118,121,104,117,95,95,79,78,69,81,53,69,48,47,61,44,48,28,36,36,22,17,16,9,15,6,6,6,1,5,1,0,2,0,2,0,0,16358,288,291,327,293,291,253,288,269,247,252,246,237,246,291,281,258,274,244,220,222,231,251,222,203,212,194,188,203,199,230,225,215,209,210,196,204,202,227,207,208,217,200,195,225,210,210,213,221,209,200,210,168,190,177,211,183,170,158,182,176,177,155,179,162,128,117,145,98,127,131,91,100,97,87,84,73,70,76,74,86,65,56,59,52,54,57,41,41,26,24,21,26,21,16,16,18,8,5,3,6,6,1,0,31977,15812,1452,1375,1363,817,515,223,212,595,1067,989,1049,1041,1018,895,870,297,427,234,338,410,286,211,128,16165,1490,1309,1301,776,412,227,248,636,1013,1053,1047,1043,1050,953,861,330,464,261,347,455,361,258,270,357,164,0,0,0,0,0,0,0,0,0,0,0,0,0,0,0,0,0,0,0,0,0,0,0,0,0,0,0,0,0,0,0,0,118,58,0,0,0,0,0,0,0,0,0,0,0,58,0,0,0,0,0,0,60,53,0,0,0,7,0,7,0,0,0,0,46,44,0,0,0,0,0,0,0,0,0,0,0,44,0,0,0,0,0,0,2,0,0,0,0,2,0,2,0,0,0,0,193,0,0,0,0,0,0,0,0,0,0,0,0,0,0,0,0,0,0,0,0,0,0,0,0,0,0,0,0,0,0,0,0,67,29,0,0,0,0,0,0,0,0,0,0,0,29,0,0,0,0,0,0,38,38,0,0,0,0,0,0,0,0,0,0,126,126,0,0,0,0,0,0,0,0,0,0,0,126,0,0,0,0,0,0,0,0,0,0,0,0,0,0,0,0,0,0
"G4804510","2010","TX","3","7","Texas","48","Tom Green County","451",,,,,,,,,,,,,,,"41660","99999","999",,,,,,,,,,,,,,,,,"3941889598","48104792","Tom Green County","A","+31.4015829","-100.4613549","06","1",,110224,53976,751,760,844,846,736,804,745,727,711,750,725,724,699,695,674,643,692,722,996,1385,1224,1093,1092,1116,1007,916,921,860,784,822,778,585,643,596,591,576,546,547,632,601,642,582,615,573,564,646,636,681,737,698,694,728,673,677,699,704,635,676,626,593,634,540,594,584,426,424,459,386,422,366,346,309,329,282,302,301,305,262,249,253,225,207,177,157,149,122,111,100,87,71,55,28,34,12,11,8,4,3,1,1,2,0,0,56248,750,775,760,784,720,736,731,691,677,706,710,673,688,633,644,637,676,695,1017,1287,1186,1044,969,967,885,823,875,829,766,778,720,662,657,588,575,587,620,604,628,620,671,559,629,642,649,704,726,735,776,773,757,774,810,791,691,762,692,735,685,638,654,562,646,657,452,488,526,438,405,406,424,388,423,371,404,369,364,374,298,315,313,239,263,293,213,214,221,170,157,124,127,75,80,62,42,39,28,17,11,15,8,1,0,105059,50836,3934,3736,3507,2034,1472,778,865,2768,3941,3045,2813,2885,3335,3396,3185,1164,1586,871,1158,1540,1331,886,606,54223,3789,3541,3344,1983,1553,914,928,2673,3993,3151,3026,3112,3683,3773,3488,1204,1736,1004,1240,1972,1659,1247,1210,5165,3140,37,21,0,0,0,0,0,0,0,20,20,0,0,0,1,0,0,0,0,1,16,3,1,1,0,12,0,2,0,0,7,3,2935,433,362,0,0,0,331,31,0,0,0,0,0,36,35,0,0,0,0,35,2502,761,1494,1494,0,247,8,105,24,0,79,31,168,97,5,0,0,0,5,0,0,0,0,0,0,92,0,0,0,0,0,0,71,0,0,0,0,71,0,8,41,0,20,2,2025,29,23,4,0,0,0,4,0,0,9,9,0,0,0,10,0,0,0,0,10,6,6,0,0,0,0,0,0,0,0,0,0,1623,121,69,0,0,0,69,0,0,3,3,0,0,35,14,0,0,0,0,14,1502,877,429,429,0,196,0,98,19,0,52,27,373,228,2,0,0,0,2,0,0,0,0,0,0,226,0,0,0,0,0,0,145,0,0,0,0,145,1,40,86,0,14,4
"G4804530","2010","TX","3","7","Texas","48","Travis County","453",,,,,,,,,,,,,,,"12420","99999","126",,,,,,,,,,,,,,,,,"2564612388","84967219","Travis County","A","+30.2395128","-097.6912697","06","1",,1024266,516637,7905,7780,7793,7636,7551,7382,7260,7288,7141,6940,6878,6517,6463,6188,6159,6014,6068,6370,7258,9008,9556,10141,9959,9796,10038,10508,10187,10628,10414,10262,10416,9564,9466,9178,9003,9089,8397,8385,8557,8937,8623,7530,7248,6824,6787,7347,7014,6958,6901,6693,6908,6380,6335,6204,5915,5872,5396,5188,5074,4788,4694,4218,4282,3984,3052,2794,2733,2575,2299,1906,1711,1593,1496,1428,1314,1340,1155,1044,1086,1062,944,805,705,640,640,581,492,439,352,337,226,160,142,102,73,49,44,26,16,15,15,3,0,507629,7528,7403,7483,7444,7251,7213,7026,6987,6758,6691,6528,6214,5951,5992,5899,5761,5807,5768,7068,9087,9605,9785,9700,9529,9585,9733,9836,10010,9944,9610,9617,8806,8750,8449,8192,8242,7661,7709,7606,8183,7956,7187,6708,6386,6510,6889,6778,6781,6741,6619,6700,6418,6439,6363,6014,6017,5777,5616,5161,4973,4813,4420,4353,4060,3122,3153,3010,2741,2448,2277,2052,1919,1885,1777,1705,1587,1441,1401,1386,1370,1337,1172,1183,1115,1123,1007,924,797,738,660,520,424,303,237,232,148,112,81,59,34,59,0,0,1001220,503885,38614,35961,32144,18190,12159,8326,9485,28888,51027,46932,42823,36445,34241,31183,25903,8800,11213,5474,6702,7420,5560,3577,2818,497335,37070,34647,30507,17123,11404,8357,9152,28362,48882,43686,39269,34615,33674,31767,27405,9167,11446,6110,7389,9211,6992,5633,5467,23046,12752,424,204,27,0,0,1,26,0,0,152,30,66,56,0,25,17,6,0,0,2,220,29,0,0,0,191,47,8,0,0,89,47,11537,3623,3155,0,0,1100,1726,329,0,18,10,1,7,276,174,30,119,4,0,21,7914,6015,0,0,0,1899,345,556,131,0,33,834,791,647,8,0,0,0,4,4,0,0,0,0,0,622,17,12,5,0,0,0,144,0,0,0,0,144,17,46,5,0,21,55,10294,357,131,3,0,0,0,3,0,0,114,24,74,16,0,14,5,9,0,0,0,226,40,0,0,0,186,51,5,0,0,94,36,8322,609,282,0,0,4,206,72,0,12,11,1,0,220,95,18,67,0,0,10,7713,6906,0,0,0,807,136,406,16,0,34,215,1615,1417,0,0,0,0,0,0,0,0,0,0,0,1392,25,16,9,0,0,0,198,0,0,0,0,198,5,71,15,0,76,31
"G4804550","2010","TX","3","7","Texas","48","Trinity County","455",,,,,,,,,,,,,,,"99999","99999","999",,,,,,,,,,,,,,,,,"1796435449","52733267","Trinity County","A","+31.0874829","-095.1532906","06","9",,14585,7100,73,94,73,106,83,60,80,87,81,82,91,96,93,78,94,66,101,85,89,82,50,59,69,57,68,62,65,62,72,72,72,61,70,66,49,66,70,84,63,76,82,76,73,94,80,85,103,91,116,110,93,99,93,98,113,101,111,103,106,110,112,119,122,122,111,105,106,100,114,84,87,107,84,77,74,72,46,72,53,56,59,47,46,37,38,23,19,14,12,7,13,3,6,2,2,1,1,2,0,0,1,0,0,7485,80,81,76,62,89,84,62,81,83,89,98,82,80,94,98,94,101,84,90,64,70,64,71,60,80,64,79,56,82,70,71,70,66,64,57,62,58,80,75,91,80,83,63,73,87,93,97,111,117,110,115,118,113,127,137,116,130,128,124,124,122,129,118,118,88,110,108,126,107,115,98,76,78,73,68,80,70,71,58,51,55,56,59,37,41,32,30,18,11,12,13,12,7,6,8,5,3,2,3,2,1,0,0,14537,7079,429,390,452,252,171,50,57,194,332,317,358,405,504,494,530,231,353,211,296,428,296,226,103,7458,388,399,452,277,154,70,64,211,349,326,364,386,528,610,621,251,321,217,348,390,330,241,161,48,21,0,0,0,0,0,0,0,0,0,0,0,0,0,0,0,0,0,0,0,0,0,0,0,0,0,0,0,0,0,0,0,0,11,8,2,0,0,0,1,1,0,0,0,0,0,6,0,0,0,0,0,0,3,0,0,0,0,3,0,3,0,0,0,0,10,10,0,0,0,0,0,0,0,0,0,0,0,10,0,0,0,0,0,0,0,0,0,0,0,0,0,0,0,0,0,0,27,2,0,0,0,0,0,0,0,0,0,0,0,0,0,0,0,0,0,0,0,2,0,0,0,0,2,0,2,0,0,0,0,10,7,2,0,0,0,1,1,0,0,0,0,0,5,0,0,0,0,0,0,3,0,0,0,0,3,0,3,0,0,0,0,15,15,0,0,0,0,0,0,0,0,0,0,0,15,0,0,0,0,0,0,0,0,0,0,0,0,0,0,0,0,0,0
"G4804570","2010","TX","3","7","Texas","48","Tyler County","457",,,,,,,,,,,,,,,"99999","99999","999",,,,,,,,,,,,,,,,,"2394445956","28806206","Tyler County","A","+30.7695792","-094.3794486","06","9",,21766,11731,119,112,107,121,124,119,97,110,120,128,127,138,117,119,136,128,131,146,139,159,130,171,195,210,199,206,226,204,206,210,199,169,200,176,159,144,144,151,154,155,147,132,150,157,140,162,138,163,144,147,154,168,176,146,168,160,156,164,135,147,125,112,127,158,112,147,144,124,137,111,120,102,97,93,114,105,91,68,82,64,53,37,51,39,32,26,8,21,18,14,12,10,5,1,6,2,1,1,0,1,0,1,0,10035,117,91,119,115,114,129,109,106,121,108,130,137,105,135,123,135,147,112,119,95,77,84,80,87,83,91,101,92,107,85,89,94,82,100,99,89,109,99,100,111,113,129,136,128,137,132,116,150,159,174,151,152,128,143,158,159,150,143,151,151,145,151,160,164,138,133,153,143,137,118,117,82,98,105,93,117,83,89,78,63,77,70,49,49,58,38,40,26,45,31,24,12,9,17,14,2,4,3,7,3,3,1,0,19318,9429,582,566,626,403,238,78,87,228,433,487,496,548,645,763,740,232,389,289,368,521,393,201,116,9889,556,569,617,394,214,77,84,244,474,464,505,643,731,730,751,293,457,283,395,487,414,281,226,2448,2302,22,22,2,0,0,0,2,0,0,20,0,20,0,0,0,0,0,0,0,0,0,0,0,0,0,0,0,0,0,0,0,0,2230,1799,1793,0,0,1735,58,0,0,0,0,0,0,6,0,0,0,0,0,0,431,0,0,0,0,431,0,0,0,0,431,0,50,48,2,0,0,2,0,0,0,0,0,0,0,46,0,0,0,0,0,0,2,0,0,0,0,2,0,0,0,0,2,0,146,17,17,0,0,0,0,0,0,0,17,0,17,0,0,0,0,0,0,0,0,0,0,0,0,0,0,0,0,0,0,0,0,24,24,12,0,0,0,12,0,0,0,0,0,0,12,0,0,0,0,0,0,0,0,0,0,0,0,0,0,0,0,0,0,105,105,0,0,0,0,0,0,0,0,0,0,0,105,0,0,0,0,0,0,0,0,0,0,0,0,0,0,0,0,0,0
"G4804590","2010","TX","3","7","Texas","48","Upshur County","459",,,,,,,,,,,,,,,"30980","99999","346",,,,,,,,,,,,,,,,,"1509825676","24998197","Upshur County","A","+32.7358779","-094.9416491","06","1",,39309,19462,205,243,282,308,283,267,264,302,285,279,290,281,294,301,290,294,328,302,305,247,233,232,180,191,187,174,204,214,230,218,232,227,201,226,235,212,223,220,252,251,231,239,253,219,240,259,264,292,297,284,284,322,295,292,315,325,249,274,266,275,243,228,281,263,185,219,211,206,179,172,140,148,151,151,126,126,120,103,103,93,87,83,69,55,49,49,33,21,17,27,15,11,5,6,9,7,1,0,1,2,0,0,0,19847,237,248,216,262,249,263,233,237,279,263,289,255,252,272,245,277,260,287,235,210,236,210,185,178,199,189,198,250,228,233,250,217,225,219,239,202,201,216,271,223,243,247,246,238,230,300,300,332,309,304,338,317,312,326,309,306,297,279,270,260,272,262,257,272,187,219,235,216,193,198,170,185,182,138,145,150,101,137,124,117,97,106,91,72,68,77,65,55,48,45,29,34,21,21,13,12,8,5,8,5,6,0,0,38793,19199,1321,1397,1454,907,503,207,203,533,1029,1108,1158,1181,1396,1505,1380,464,725,427,551,707,529,330,184,19594,1212,1275,1313,824,442,228,201,558,1075,1145,1113,1200,1541,1599,1406,529,712,451,601,801,606,394,368,516,263,19,3,0,0,0,0,0,0,0,3,0,3,0,0,0,0,0,0,0,0,16,16,0,0,0,0,0,0,0,0,0,0,177,70,1,0,0,0,1,0,0,3,0,3,0,66,0,0,0,0,0,0,107,103,0,0,0,4,0,3,0,0,1,0,67,63,0,0,0,0,0,0,0,0,0,0,0,63,0,0,0,0,0,0,4,0,0,0,0,4,0,4,0,0,0,0,253,0,0,0,0,0,0,0,0,0,0,0,0,0,0,0,0,0,0,0,0,0,0,0,0,0,0,0,0,0,0,0,0,78,57,0,0,0,0,0,0,0,0,0,0,0,57,0,0,0,0,0,0,21,16,0,0,0,5,0,5,0,0,0,0,175,149,0,0,0,0,0,0,0,0,0,0,0,149,0,0,0,0,0,0,26,0,0,0,0,26,0,25,0,0,1,0
"G4804610","2010","TX","3","7","Texas","48","Upton County","461",,,,,,,,,,,,,,,"99999","99999","999",,,,,,,,,,,,,,,,,"3215013323","464312","Upton County","A","+31.3538489","-102.0420128","06","9",,3355,1675,20,24,31,21,20,28,39,23,20,22,23,22,35,25,20,31,22,28,31,16,21,14,10,16,20,16,30,35,27,13,23,20,29,19,27,17,15,13,15,17,16,14,11,20,26,13,23,10,18,24,29,35,40,26,34,26,27,32,14,8,18,19,21,25,10,17,20,15,14,13,14,18,15,13,5,11,8,11,4,9,11,10,4,4,6,3,6,1,2,1,0,2,0,1,0,0,0,0,0,0,0,0,0,1680,25,38,23,25,22,30,28,33,28,24,18,20,23,34,19,28,22,21,22,20,18,13,18,19,18,26,13,18,22,25,27,20,26,19,25,14,14,23,15,22,17,19,16,21,19,16,27,18,21,18,29,25,28,28,27,24,25,19,21,20,22,19,16,18,14,10,11,13,15,14,10,11,10,15,9,12,14,11,10,10,4,8,6,10,5,13,6,2,10,3,2,2,4,1,2,1,0,1,0,0,0,0,0,3294,1634,116,132,125,79,47,21,13,43,112,108,77,86,86,158,106,37,56,37,42,65,43,34,11,1660,133,143,114,71,42,18,13,55,104,115,87,92,100,137,109,41,48,21,42,54,52,33,36,61,41,2,1,1,0,0,0,1,0,0,0,0,0,0,0,0,0,0,0,0,0,1,0,0,0,0,1,0,0,0,0,1,0,33,31,30,0,0,0,30,0,0,0,0,0,0,1,0,0,0,0,0,0,2,0,0,0,0,2,0,0,0,0,2,0,6,6,0,0,0,0,0,0,0,0,0,0,0,6,0,0,0,0,0,0,0,0,0,0,0,0,0,0,0,0,0,0,20,0,0,0,0,0,0,0,0,0,0,0,0,0,0,0,0,0,0,0,0,0,0,0,0,0,0,0,0,0,0,0,0,3,3,2,0,0,0,2,0,0,0,0,0,0,1,0,0,0,0,0,0,0,0,0,0,0,0,0,0,0,0,0,0,17,17,0,0,0,0,0,0,0,0,0,0,0,17,0,0,0,0,0,0,0,0,0,0,0,0,0,0,0,0,0,0
"G4804630","2010","TX","3","7","Texas","48","Uvalde County","463",,,,,,,,,,,,,,,"46620","99999","999",,,,,,,,,,,,,,,,,"4019520455","17322264","Uvalde County","A","+29.3503398","-099.7610739","06","2",,26405,12909,185,205,187,230,233,194,237,197,212,223,231,208,223,233,210,185,216,236,240,243,207,168,144,158,161,167,145,132,118,126,148,146,142,138,143,141,149,145,137,156,169,133,177,140,164,166,145,165,170,165,128,167,171,174,174,156,149,130,126,142,147,141,163,141,129,114,135,115,95,92,82,94,99,78,84,68,66,64,70,54,68,50,56,47,41,48,51,28,15,19,15,9,10,2,2,2,0,1,2,2,0,0,0,13496,204,192,186,219,194,214,200,209,217,236,234,216,220,176,225,207,213,226,259,194,191,172,161,124,156,150,159,140,142,130,173,147,142,148,172,144,147,171,156,182,172,166,140,158,150,154,153,156,202,180,163,145,181,183,145,158,143,156,150,153,157,191,158,173,143,125,125,123,121,110,92,88,91,97,75,91,79,93,84,64,69,59,68,54,52,58,44,64,33,41,33,15,10,17,14,9,9,5,2,1,3,0,0,25841,12606,1039,1060,1101,636,412,168,152,435,661,707,719,772,797,811,699,287,431,245,296,427,314,252,185,13235,993,1076,1070,643,399,176,165,430,706,776,794,777,843,811,755,347,473,249,350,436,398,280,288,564,303,9,1,1,0,0,0,1,0,0,0,0,0,0,0,0,0,0,0,0,0,8,0,0,0,0,8,0,0,0,0,8,0,235,92,83,0,0,0,25,58,0,0,0,0,0,9,0,0,0,0,0,0,143,111,0,0,0,32,0,6,0,0,26,0,59,57,0,0,0,0,0,0,0,0,0,0,0,57,0,0,0,0,0,0,2,0,0,0,0,2,0,0,0,0,2,0,261,6,0,0,0,0,0,0,0,0,0,0,0,0,0,0,0,0,0,0,0,6,1,0,0,0,5,0,0,0,0,5,0,138,33,25,0,0,0,1,24,0,0,0,0,0,8,0,0,0,0,0,0,105,81,0,0,0,24,0,6,0,0,18,0,117,117,0,0,0,0,0,0,0,0,0,0,0,117,0,0,0,0,0,0,0,0,0,0,0,0,0,0,0,0,0,0
"G4804650","2010","TX","3","7","Texas","48","Val Verde County","465",,,,,,,,,,,,,,,"19620","99999","999",,,,,,,,,,,,,,,,,"8144863995","227711342","Val Verde County","A","+29.8849608","-101.1466458","06","2",,48879,24519,391,445,435,365,410,452,439,402,422,380,438,423,422,424,422,380,380,395,451,333,347,313,390,495,518,396,336,343,354,337,338,313,330,287,293,310,316,321,292,290,320,319,308,299,328,302,308,297,276,286,257,260,285,280,243,224,209,242,232,229,207,228,233,233,214,199,202,171,160,169,139,139,160,134,136,111,107,112,108,87,113,78,65,67,55,46,40,47,32,27,17,13,9,10,5,1,6,2,2,0,3,0,0,24360,373,422,398,402,438,424,376,378,410,380,393,397,405,349,387,393,416,398,351,309,301,270,327,318,360,318,336,287,350,325,316,267,286,288,299,329,349,340,341,300,308,306,310,299,300,320,281,327,293,284,301,278,264,237,286,255,286,285,246,283,239,267,284,218,217,209,229,158,176,179,185,169,162,158,157,117,133,120,118,126,109,96,87,77,77,56,79,57,50,42,36,22,19,16,14,11,9,12,6,5,3,1,0,46934,22948,2023,2072,2123,1148,718,263,251,1060,1487,1347,1387,1455,1408,1284,1117,429,673,396,495,694,512,362,244,23986,2008,1956,1924,1207,643,287,260,952,1576,1429,1647,1508,1496,1356,1351,504,716,435,511,822,596,429,373,1945,1571,59,10,5,5,0,0,0,0,0,5,5,0,0,0,0,0,0,0,0,0,49,0,0,0,0,49,0,0,0,0,48,1,1443,1046,1032,1032,0,0,0,0,0,0,0,0,0,14,0,0,0,0,0,0,397,0,351,351,0,46,0,10,0,0,26,10,69,68,3,3,0,0,0,0,0,0,0,0,0,65,0,0,0,0,0,0,1,0,0,0,0,1,0,0,0,0,1,0,374,44,8,0,0,0,0,0,0,0,8,8,0,0,0,0,0,0,0,0,0,36,0,0,0,0,36,0,0,0,0,35,1,216,115,104,104,0,0,0,0,0,0,0,0,0,11,0,0,0,0,0,0,101,0,61,61,0,40,0,7,0,0,29,4,114,113,0,0,0,0,0,0,0,0,0,0,0,113,0,0,0,0,0,0,1,0,0,0,0,1,0,0,0,0,0,1
"G4804670","2010","TX","3","7","Texas","48","Van Zandt County","467",,,,,,,,,,,,,,,"99999","99999","999",,,,,,,,,,,,,,,,,"2182211358","44167094","Van Zandt County","A","+32.5589476","-095.8363905","06","9",,52579,25863,315,315,313,303,344,319,340,374,352,355,363,389,375,401,365,418,401,423,371,314,258,267,262,242,271,260,264,293,262,273,272,269,270,261,322,286,276,296,307,319,323,307,283,314,308,377,368,408,357,382,431,397,359,384,368,369,378,354,329,339,331,337,363,391,287,295,319,307,248,279,259,252,247,223,248,226,177,133,156,126,127,111,113,90,68,70,71,52,39,33,21,11,11,8,1,6,4,6,2,0,0,0,0,26716,294,293,339,318,312,337,333,326,319,378,396,354,375,342,371,357,368,373,349,286,259,251,225,244,239,255,229,280,274,274,256,244,281,295,268,264,269,313,336,344,372,345,339,323,352,397,382,418,370,360,391,385,385,411,406,375,370,398,363,391,379,350,423,395,308,296,329,298,308,317,261,249,255,244,216,204,209,159,192,177,152,157,153,127,111,123,103,90,74,58,65,30,44,21,14,24,12,15,5,6,9,1,0,51912,25558,1590,1740,1886,1201,672,252,263,757,1326,1379,1461,1518,1883,1924,1762,664,1038,608,825,1213,802,492,302,26354,1556,1693,1837,1083,630,259,250,703,1306,1337,1523,1723,1923,1971,1886,719,1121,621,915,1209,910,639,540,667,305,48,48,0,0,0,0,0,0,0,12,0,0,12,0,36,36,0,0,0,0,0,0,0,0,0,0,0,0,0,0,0,0,160,148,112,0,0,0,112,0,0,0,0,0,0,28,8,8,0,0,0,0,12,0,0,0,0,12,0,12,0,0,0,0,97,97,0,0,0,0,0,0,0,0,0,0,0,97,0,0,0,0,0,0,0,0,0,0,0,0,0,0,0,0,0,0,362,16,16,0,0,0,0,0,0,0,3,0,0,3,0,13,13,0,0,0,0,0,0,0,0,0,0,0,0,0,0,0,0,72,65,22,0,0,0,22,0,0,0,0,0,0,36,7,7,0,0,0,0,7,0,0,0,0,7,0,7,0,0,0,0,274,274,0,0,0,0,0,0,0,0,0,0,0,274,0,0,0,0,0,0,0,0,0,0,0,0,0,0,0,0,0,0
"G4804690","2010","TX","3","7","Texas","48","Victoria County","469",,,,,,,,,,,,,,,"47020","99999","999",,,,,,,,,,,,,,,,,"2284739169","17334151","Victoria County","A","+28.7963699","-096.9711977","06","1",,86793,42349,644,679,719,675,661,670,624,658,639,617,684,650,607,650,650,608,679,686,623,556,536,540,524,538,570,511,543,625,583,558,587,508,482,521,519,507,497,517,538,508,543,455,447,478,552,536,608,576,577,646,617,627,643,625,597,621,539,541,502,527,481,481,476,442,432,366,328,359,301,280,251,262,269,216,231,240,185,208,209,172,150,151,153,122,105,113,90,50,75,53,33,27,25,14,19,18,3,5,2,1,3,0,0,44444,614,604,642,639,651,636,647,636,626,670,629,635,646,616,617,617,608,644,579,529,549,525,553,536,582,646,554,573,595,629,602,537,514,474,518,501,532,532,519,521,539,508,500,512,517,610,609,635,672,647,644,661,676,619,625,658,598,553,585,501,555,523,520,517,408,398,421,354,378,329,333,319,279,296,261,301,249,269,265,226,225,177,205,156,162,133,130,126,130,106,73,60,45,44,37,25,18,13,8,12,12,0,0,85285,41536,3374,3176,3192,1931,1140,523,515,1580,2723,2530,2493,2421,2907,3081,2692,950,1343,689,933,1211,991,656,485,43749,3146,3204,3088,1839,1087,546,519,1652,2966,2613,2581,2549,3148,3211,2878,1067,1430,807,1046,1453,1262,851,806,1508,813,127,115,4,0,0,0,4,0,0,92,11,48,33,0,19,0,19,0,0,0,12,0,0,0,0,12,1,0,0,0,0,11,562,414,332,0,0,0,332,0,0,0,0,0,0,41,41,0,41,0,0,0,148,0,0,0,0,148,14,33,62,0,0,39,124,123,0,0,0,0,0,0,0,0,0,0,0,120,3,0,3,0,0,0,1,0,0,0,0,1,0,0,0,0,0,1,695,100,88,2,0,0,0,2,0,0,50,7,32,11,0,36,0,36,0,0,0,12,0,0,0,0,12,4,0,0,0,0,8,245,146,71,0,0,0,71,0,0,1,1,0,0,26,48,0,48,0,0,0,99,0,0,0,0,99,11,11,35,0,0,42,350,291,0,0,0,0,0,0,0,0,0,0,0,291,0,0,0,0,0,0,59,0,0,0,0,59,1,0,4,0,0,54
"G4804710","2010","TX","3","7","Texas","48","Walker County","471",,,,,,,,,,,,,,,"26660","99999","288",,,,,,,,,,,,,,,,,"2030987606","44898006","Walker County","A","+30.7430899","-095.5698884","06","2",,67861,40007,364,345,320,320,342,308,279,327,285,313,304,291,317,290,301,340,361,419,575,974,1053,1245,1304,1051,864,705,646,702,704,648,606,604,578,578,603,578,594,615,590,721,668,639,665,666,671,753,710,692,697,706,715,723,597,595,557,541,495,471,457,393,454,373,391,365,250,298,238,285,252,213,238,201,165,157,175,138,134,102,85,99,87,80,80,66,57,49,43,33,28,19,23,13,12,7,6,6,4,2,0,0,4,0,0,27854,323,304,303,325,295,309,284,311,268,300,295,297,292,305,314,322,306,339,706,1222,1193,1184,924,700,513,419,387,305,351,331,310,308,238,288,275,280,259,270,283,330,288,301,257,266,325,302,317,331,312,351,361,321,326,312,326,356,316,360,300,315,329,268,263,260,242,209,214,239,217,205,183,169,164,155,126,173,125,119,135,137,122,116,103,93,79,83,83,59,49,42,37,32,25,29,18,9,11,5,6,5,4,1,0,51153,25177,1687,1508,1488,972,843,712,963,2472,1994,1254,1345,1332,1452,1513,1396,593,730,417,607,808,506,348,237,25976,1548,1471,1496,949,966,868,1006,2018,1769,1404,1408,1417,1582,1628,1636,595,762,420,656,793,669,483,432,16708,14830,171,159,10,0,0,10,0,0,0,149,0,30,119,0,0,0,0,0,0,0,12,3,0,0,0,9,2,0,0,0,0,7,14183,13083,13063,0,0,12967,96,0,0,8,0,7,1,12,0,0,0,0,0,0,1100,1017,0,0,0,83,25,0,0,0,58,0,476,474,433,0,0,433,0,0,0,0,0,0,0,41,0,0,0,0,0,0,2,0,0,0,0,2,2,0,0,0,0,0,1878,28,17,0,0,0,0,0,0,0,17,0,9,8,0,0,0,0,0,0,0,11,8,0,0,0,3,1,0,0,0,0,2,1722,78,60,0,0,44,16,0,0,4,0,3,1,14,0,0,0,0,0,0,1644,1587,0,0,0,57,11,0,0,0,37,9,128,123,0,0,0,0,0,0,0,0,0,0,0,123,0,0,0,0,0,0,5,0,0,0,0,5,4,0,0,0,0,1
"G4804730","2010","TX","3","7","Texas","48","Waller County","473",,,,,,,,,,,,,,,"26420","99999","288",,,,,,,,,,,,,,,,,"1329777937","11365575","Waller County","A","+30.0135781","-095.9821022","06","1",,43205,21395,335,320,338,315,291,289,259,279,291,340,269,284,307,310,253,296,348,317,564,762,640,602,411,380,320,249,245,258,243,250,257,224,236,231,220,248,234,204,233,254,264,277,263,219,269,288,295,306,255,304,296,314,324,266,294,309,244,284,263,238,196,235,240,205,184,187,181,168,158,142,113,96,116,92,81,62,62,80,85,57,53,52,42,41,40,39,25,24,17,11,10,7,4,4,3,2,1,0,1,0,1,0,0,21810,293,308,319,324,297,290,290,299,261,287,300,282,264,273,259,281,284,304,716,966,774,593,404,327,242,217,256,214,256,246,239,233,230,197,182,217,250,221,278,257,263,277,241,289,260,283,308,296,289,310,315,298,305,283,265,291,285,265,272,227,255,241,220,208,195,185,180,145,149,137,118,119,109,89,116,101,69,82,78,83,82,56,51,56,48,44,34,37,22,23,28,21,21,14,15,8,12,1,0,3,3,0,0,39502,19702,1598,1456,1423,955,599,353,422,929,1200,1144,1148,1260,1410,1463,1307,420,623,361,462,484,335,222,128,19800,1540,1424,1373,859,609,374,396,831,1167,1075,1219,1314,1472,1449,1314,491,616,363,427,542,409,278,258,3703,1693,9,2,2,0,0,0,2,0,0,0,0,0,0,0,0,0,0,0,0,0,7,2,0,0,0,5,0,0,0,0,2,3,1619,129,116,0,0,51,65,0,0,0,0,0,0,13,0,0,0,0,0,0,1490,1360,0,0,0,130,0,38,16,0,61,15,65,50,4,0,0,2,2,0,0,0,0,0,0,46,0,0,0,0,0,0,15,0,0,0,0,15,0,7,0,0,6,2,2010,19,0,0,0,0,0,0,0,0,0,0,0,0,0,0,0,0,0,0,0,19,9,0,0,0,10,0,0,0,0,8,2,1929,69,54,0,0,49,5,0,0,0,0,0,0,15,0,0,0,0,0,0,1860,1820,0,0,0,40,0,19,0,0,14,7,62,56,3,0,0,3,0,0,0,0,0,0,0,53,0,0,0,0,0,0,6,0,0,0,0,6,0,2,0,0,3,1
"G4804750","2010","TX","3","7","Texas","48","Ward County","475",,,,,,,,,,,,,,,"99999","99999","999",,,,,,,,,,,,,,,,,"2164200161","624207","Ward County","A","+31.5130687","-103.1051127","06","9",,10658,5151,74,90,86,69,70,76,85,78,71,87,76,62,84,87,83,81,77,95,81,47,78,75,51,60,55,62,64,63,74,77,69,69,50,62,58,53,44,51,49,74,58,52,65,68,78,78,56,82,66,88,69,83,71,74,70,80,62,54,68,50,67,65,58,61,37,52,49,44,39,30,35,29,33,24,38,38,33,25,27,30,25,16,14,20,19,10,11,14,11,14,4,4,2,0,1,0,1,1,0,1,0,0,0,5507,72,81,82,88,101,96,84,89,82,68,80,83,69,86,80,77,87,84,83,50,62,72,60,55,62,62,62,78,69,81,70,49,54,55,75,59,58,80,55,63,53,64,61,53,71,73,84,80,75,75,81,82,75,69,83,82,57,74,53,77,67,60,73,55,46,48,53,43,44,38,42,45,34,47,42,36,35,38,41,32,37,34,27,28,17,16,13,13,14,8,13,8,3,2,6,11,6,2,3,0,2,0,0,10533,5069,389,397,392,236,124,74,74,164,327,297,265,315,367,366,312,131,156,101,113,158,150,89,72,5464,424,419,398,248,133,62,72,177,351,303,315,300,386,389,343,126,172,101,124,208,177,139,97,125,82,17,17,1,0,0,0,1,0,0,16,0,0,16,0,0,0,0,0,0,0,0,0,0,0,0,0,0,0,0,0,0,0,54,54,51,0,0,0,51,0,0,1,0,0,1,2,0,0,0,0,0,0,0,0,0,0,0,0,0,0,0,0,0,0,11,11,0,0,0,0,0,0,0,0,0,0,0,11,0,0,0,0,0,0,0,0,0,0,0,0,0,0,0,0,0,0,43,0,0,0,0,0,0,0,0,0,0,0,0,0,0,0,0,0,0,0,0,0,0,0,0,0,0,0,0,0,0,0,0,8,8,2,0,0,0,2,0,0,0,0,0,0,6,0,0,0,0,0,0,0,0,0,0,0,0,0,0,0,0,0,0,35,35,0,0,0,0,0,0,0,0,0,0,0,35,0,0,0,0,0,0,0,0,0,0,0,0,0,0,0,0,0,0
"G4804770","2010","TX","3","7","Texas","48","Washington County","477",,,,,,,,,,,,,,,"14780","99999","999",,,,,,,,,,,,,,,,,"1564232347","46094330","Washington County","A","+30.2150752","-096.4102717","06","2",,33718,16580,201,223,200,196,199,236,218,253,222,226,234,194,221,202,194,199,230,234,329,435,333,217,201,181,191,193,164,176,162,159,201,156,185,144,154,148,165,172,190,188,194,194,169,191,213,210,251,257,227,246,252,234,241,251,241,251,244,233,244,210,218,203,213,221,180,183,195,192,143,156,122,138,130,121,106,106,103,100,85,104,99,87,73,70,52,51,65,39,39,22,23,17,9,16,8,1,4,2,2,1,1,1,0,17138,192,210,215,184,199,173,178,170,157,205,184,210,200,205,219,223,221,223,330,425,253,157,180,173,161,160,184,189,198,186,145,180,180,174,167,172,153,176,178,178,225,197,185,172,206,223,243,224,222,266,255,240,253,257,220,283,243,244,248,236,238,202,237,239,180,176,192,154,186,171,155,173,144,135,150,140,120,133,119,134,141,104,97,111,88,103,99,75,84,65,54,48,47,35,26,25,10,12,6,6,14,1,0,31902,15629,1019,1155,1044,658,435,201,163,551,834,807,817,897,1137,1181,1146,411,600,372,486,603,486,365,261,16273,999,883,1013,662,432,174,139,497,913,838,834,965,1148,1206,1233,436,647,365,503,747,619,502,518,1816,951,6,5,4,0,0,4,0,0,0,0,0,0,0,0,1,0,0,0,0,1,1,1,0,0,0,0,0,0,0,0,0,0,852,231,221,0,0,152,69,0,0,0,0,0,0,10,0,0,0,0,0,0,621,513,0,0,0,108,7,39,4,0,56,2,93,88,14,0,0,12,2,0,0,0,0,0,0,74,0,0,0,0,0,0,5,0,0,0,0,5,0,0,0,0,5,0,865,11,8,2,0,0,2,0,0,0,0,0,0,0,0,6,0,0,0,0,6,3,0,0,0,0,3,3,0,0,0,0,0,575,104,91,0,0,82,9,0,0,0,0,0,0,13,0,0,0,0,0,0,471,427,0,0,0,44,4,10,0,0,30,0,279,277,5,0,0,5,0,0,0,0,0,0,0,272,0,0,0,0,0,0,2,0,0,0,0,2,0,0,0,0,0,2
"G4804790","2010","TX","3","7","Texas","48","Webb County","479",,,,,,,,,,,,,,,"29700","99999","999",,,,,,,,,,,,,,,,,"8706199011","36537745","Webb County","A","+27.7705836","-099.3266413","06","1",,250304,121488,2412,2437,2534,2505,2419,2637,2643,2543,2650,2587,2530,2429,2430,2443,2423,2471,2481,2402,2318,2215,1969,1834,1784,1716,1776,1717,1689,1721,1753,1704,1762,1653,1596,1709,1786,1713,1707,1785,1722,1656,1662,1632,1487,1477,1448,1427,1339,1408,1393,1269,1391,1207,1151,1151,1159,1072,991,923,834,858,831,829,884,726,648,644,546,551,519,517,454,442,398,332,383,330,296,256,293,266,265,229,211,179,148,155,121,126,104,68,48,34,25,20,19,20,8,5,3,8,5,2,0,128816,2450,2369,2463,2443,2392,2397,2361,2400,2510,2516,2396,2402,2293,2339,2344,2373,2355,2379,2316,2076,2014,1841,1824,1761,1831,1827,1827,1752,1772,1875,1914,1706,1730,1743,1920,1941,1935,1796,1905,1903,1873,1713,1743,1633,1601,1638,1513,1491,1381,1557,1399,1334,1401,1385,1241,1252,1153,1021,1061,993,1009,919,967,887,783,809,713,679,688,585,598,558,529,505,519,461,393,386,440,364,401,376,328,323,297,261,219,199,164,135,110,98,81,60,48,37,33,16,22,21,19,1,1,246825,118966,12288,13042,12239,7278,4291,1845,1715,5042,8220,8153,8319,7512,6682,5970,4626,1647,2237,1180,1564,1977,1409,1002,728,127859,12105,12170,11760,7046,4195,1913,1773,5343,9008,8990,9454,8542,7564,6748,5464,1919,2623,1507,1943,2693,2015,1671,1413,3479,2522,129,36,0,0,0,0,0,0,0,36,0,9,27,0,0,0,0,0,0,0,93,0,0,0,0,93,18,0,0,0,40,35,2223,1558,1531,1531,0,0,0,0,0,0,0,0,0,22,5,0,5,0,0,0,665,358,0,0,0,307,39,5,20,0,82,161,170,127,6,6,0,0,0,0,0,0,0,0,0,121,0,0,0,0,0,0,43,0,0,0,0,43,7,0,0,0,0,36,957,101,10,0,0,0,0,0,0,0,10,0,4,6,0,0,0,0,0,0,0,91,0,0,0,0,91,10,0,0,0,47,34,621,75,54,54,0,0,0,0,0,0,0,0,0,16,5,0,5,0,0,0,546,369,0,0,0,177,15,9,3,0,59,91,235,208,0,0,0,0,0,0,0,0,0,0,0,208,0,0,0,0,0,0,27,0,0,0,0,27,6,0,0,0,0,21
"G4804810","2010","TX","3","7","Texas","48","Wharton County","481",,,,,,,,,,,,,,,"20900","99999","999",,,,,,,,,,,,,,,,,"2813115336","21289070","Wharton County","A","+29.2784805","-096.2296745","06","2",,41280,20291,296,298,318,308,312,327,338,303,347,305,316,280,319,272,296,306,372,339,303,295,292,240,239,257,250,246,290,240,240,263,242,249,244,228,236,203,240,209,238,252,252,208,233,270,279,258,292,267,268,312,274,304,298,281,324,277,294,284,276,292,250,239,219,205,160,176,177,171,155,147,126,124,142,122,100,108,98,104,89,75,82,74,75,59,59,45,54,37,34,21,18,13,11,6,12,3,3,2,0,3,2,0,0,20989,274,286,307,315,292,298,336,319,295,286,339,288,290,335,281,253,312,314,245,265,274,231,202,228,255,245,251,274,295,240,242,279,231,250,235,228,212,206,256,240,258,220,256,251,244,302,280,311,273,294,301,300,291,336,305,306,274,254,236,277,256,239,229,216,184,195,171,176,183,176,143,168,165,149,159,133,142,116,118,151,142,105,112,97,97,100,90,69,52,57,48,35,38,30,16,15,16,13,6,3,5,1,0,40831,20058,1532,1620,1483,1016,572,271,235,728,1254,1169,1130,1227,1389,1470,1417,489,582,349,470,606,465,339,245,20773,1474,1534,1533,879,492,266,223,680,1301,1232,1138,1223,1455,1531,1345,491,626,362,533,779,645,523,508,449,233,1,1,1,0,0,0,1,0,0,0,0,0,0,0,0,0,0,0,0,0,0,0,0,0,0,0,0,0,0,0,0,0,179,99,81,0,0,0,81,0,0,0,0,0,0,18,0,0,0,0,0,0,80,37,0,0,0,43,0,11,11,0,8,13,53,51,0,0,0,0,0,0,0,0,0,0,0,51,0,0,0,0,0,0,2,0,0,0,0,2,0,0,2,0,0,0,216,0,0,0,0,0,0,0,0,0,0,0,0,0,0,0,0,0,0,0,0,0,0,0,0,0,0,0,0,0,0,0,0,74,15,6,0,0,0,6,0,0,0,0,0,0,9,0,0,0,0,0,0,59,35,0,0,0,24,0,10,6,0,1,7,142,140,0,0,0,0,0,0,0,0,0,0,0,140,0,0,0,0,0,0,2,0,0,0,0,2,0,0,2,0,0,0
"G4804830","2010","TX","3","7","Texas","48","Wheeler County","483",,,,,,,,,,,,,,,"99999","99999","999",,,,,,,,,,,,,,,,,"2368603566","2481251","Wheeler County","A","+35.3925926","-100.2531067","06","9",,5410,2661,47,45,41,35,40,47,29,45,42,31,34,40,38,38,37,33,29,54,41,28,21,16,18,41,30,28,31,37,26,28,34,30,20,26,31,48,35,27,33,30,27,35,30,33,27,27,27,36,33,33,29,39,33,53,35,49,36,38,40,34,32,34,38,34,25,32,33,28,26,35,21,35,21,25,16,16,21,15,20,17,14,18,7,9,5,2,4,1,3,1,6,4,3,0,1,0,1,0,0,0,0,0,0,2749,34,30,34,41,45,39,46,36,26,28,42,30,40,38,45,35,45,32,43,24,17,22,28,23,32,40,37,30,35,28,37,21,22,33,34,31,26,37,25,39,31,27,22,25,20,30,34,34,40,41,42,41,48,35,55,42,37,30,32,37,31,29,33,37,31,28,35,37,34,27,26,25,25,21,30,28,18,26,17,13,21,21,22,14,14,8,6,11,8,7,8,3,8,1,3,0,4,3,1,1,0,1,0,5364,2642,208,194,187,116,69,21,16,87,150,141,173,152,155,187,195,66,96,65,88,115,88,51,22,2722,184,175,195,112,67,17,22,82,170,147,158,125,179,221,178,60,101,63,97,124,99,86,60,46,19,0,0,0,0,0,0,0,0,0,0,0,0,0,0,0,0,0,0,0,0,0,0,0,0,0,0,0,0,0,0,0,0,8,8,3,0,0,0,3,0,0,0,0,0,0,5,0,0,0,0,0,0,0,0,0,0,0,0,0,0,0,0,0,0,11,11,0,0,0,0,0,0,0,0,0,0,0,11,0,0,0,0,0,0,0,0,0,0,0,0,0,0,0,0,0,0,27,0,0,0,0,0,0,0,0,0,0,0,0,0,0,0,0,0,0,0,0,0,0,0,0,0,0,0,0,0,0,0,0,1,1,0,0,0,0,0,0,0,0,0,0,0,1,0,0,0,0,0,0,0,0,0,0,0,0,0,0,0,0,0,0,26,26,0,0,0,0,0,0,0,0,0,0,0,26,0,0,0,0,0,0,0,0,0,0,0,0,0,0,0,0,0,0
"G4804850","2010","TX","3","7","Texas","48","Wichita County","485",,,,,,,,,,,,,,,"48660","99999","999",,,,,,,,,,,,,,,,,"1625932680","13830886","Wichita County","A","+33.9911025","-098.7168508","06","1",,131500,67438,933,962,938,893,920,886,833,818,859,805,863,853,841,863,845,769,792,862,1399,2008,1733,1486,1407,1358,1270,1207,1073,1074,1021,1067,1006,935,887,889,838,828,776,798,787,823,832,774,724,807,834,923,887,903,939,1034,964,875,939,860,863,886,828,795,731,657,676,623,650,614,461,521,445,451,397,397,351,340,349,348,317,357,341,294,294,276,245,221,194,162,153,122,110,111,77,69,52,42,27,19,30,15,7,8,2,4,6,0,0,64062,856,807,855,889,902,833,856,851,859,818,801,784,827,828,740,760,783,825,1024,1298,1253,1138,1114,1061,1003,942,942,901,916,867,838,812,779,721,714,725,646,734,735,773,744,660,698,704,711,824,796,893,915,886,844,892,938,902,852,828,802,766,736,742,664,642,636,665,489,508,579,524,511,512,440,473,470,418,451,449,417,392,408,345,339,298,319,294,297,261,239,197,202,138,118,90,94,68,32,52,32,28,13,5,8,1,1,119483,57934,4642,4191,4257,2392,1566,852,846,2713,4331,3756,3361,3388,4094,4119,3666,1254,1657,923,1209,1659,1513,922,623,61549,4304,4209,3976,2361,1628,981,940,2911,4413,3810,3569,3477,4277,4377,3838,1293,1770,1069,1507,2199,1930,1437,1273,12017,9504,53,34,7,0,0,0,7,0,0,27,13,0,14,0,0,0,0,0,0,0,19,0,4,4,0,15,8,1,0,0,0,6,9146,4268,4013,0,0,3575,438,0,0,0,0,0,0,243,12,0,12,0,0,0,4878,322,4444,4444,0,112,1,37,10,0,0,64,305,278,52,0,0,52,0,0,0,0,0,0,0,221,5,0,4,1,0,0,27,0,0,0,0,27,0,21,0,0,1,5,2513,24,14,2,0,0,0,2,0,0,12,12,0,0,0,0,0,0,0,0,0,10,3,2,2,0,5,2,0,0,0,0,3,1881,285,106,0,0,0,106,0,0,0,0,0,0,170,9,0,7,2,0,0,1596,477,1037,1037,0,82,14,41,8,0,0,19,608,573,0,0,0,0,0,0,0,0,0,0,0,556,17,0,9,8,0,0,35,0,0,0,0,35,0,35,0,0,0,0
"G4804870","2010","TX","3","7","Texas","48","Wilbarger County","487",,,,,,,,,,,,,,,"46900","99999","999",,,,,,,,,,,,,,,,,"2514474467","18257915","Wilbarger County","A","+34.0849199","-099.2424397","06","2",,13535,6736,85,110,89,80,102,90,115,100,109,90,95,91,96,91,91,94,120,143,113,105,109,74,83,80,98,91,98,88,82,68,82,82,82,78,62,68,57,88,66,76,69,55,80,98,91,89,97,91,97,99,121,97,102,79,114,103,102,92,87,80,62,75,81,82,61,74,60,50,58,52,54,54,48,39,39,44,31,34,16,27,28,32,27,26,18,16,14,19,14,10,8,8,4,2,0,2,1,2,0,0,0,0,0,6799,94,98,100,109,98,90,91,91,100,86,88,71,76,94,91,85,108,106,87,94,92,82,79,95,93,87,91,83,76,85,63,80,67,78,74,61,77,74,71,91,68,73,72,61,81,85,77,108,106,121,91,88,100,89,82,93,103,91,84,79,72,67,104,72,79,73,72,63,59,59,55,45,38,44,51,52,50,43,45,45,40,43,25,38,28,33,26,30,31,25,18,14,16,7,5,9,4,4,4,0,3,0,0,12920,6332,466,504,464,289,168,82,61,231,386,355,338,361,436,499,446,136,220,130,158,232,150,125,95,6588,499,458,420,278,142,82,79,258,416,348,364,349,489,447,440,137,253,144,179,231,226,161,188,615,404,68,28,0,0,0,0,0,0,0,28,28,0,0,0,0,0,0,0,0,0,40,1,0,0,0,39,0,0,39,0,0,0,315,45,31,0,0,0,31,0,0,8,8,0,0,6,0,0,0,0,0,0,270,60,0,0,0,210,0,0,210,0,0,0,21,17,0,0,0,0,0,0,0,0,0,0,0,17,0,0,0,0,0,0,4,0,0,0,0,4,0,0,4,0,0,0,211,21,0,0,0,0,0,0,0,0,0,0,0,0,0,0,0,0,0,0,0,21,0,0,0,0,21,0,0,21,0,0,0,122,17,7,0,0,0,7,0,0,0,0,0,0,10,0,0,0,0,0,0,105,49,0,0,0,56,0,0,56,0,0,0,68,66,0,0,0,0,0,0,0,0,0,0,0,66,0,0,0,0,0,0,2,0,0,0,0,2,0,0,2,0,0,0
"G4804890","2010","TX","3","7","Texas","48","Willacy County","489",,,,,,,,,,,,,,,"39700","99999","154",,,,,,,,,,,,,,,,,"1529528675","501715776","Willacy County","A","+26.4810918","-097.5842235","06","2",,22134,12030,146,164,165,173,149,176,174,176,153,176,154,159,184,169,175,166,198,206,234,241,263,271,257,231,248,226,203,262,218,229,194,185,200,184,168,194,209,192,157,170,147,151,144,150,129,128,158,119,130,141,164,146,118,116,129,108,107,116,96,92,105,128,79,77,95,96,84,68,78,67,61,62,67,55,37,52,50,41,28,37,37,35,28,43,25,26,19,13,12,13,10,4,4,2,0,0,0,2,0,1,1,0,0,10104,157,146,157,166,146,166,174,136,163,154,148,162,148,169,150,185,167,174,160,146,139,139,131,132,139,133,106,133,120,121,131,111,146,136,135,113,130,109,142,118,116,115,114,120,89,159,125,133,131,118,129,109,109,124,107,150,125,128,130,103,104,108,93,108,90,73,76,79,86,90,79,67,60,44,62,58,55,75,49,71,32,71,49,40,53,43,25,10,17,17,13,5,6,3,4,7,6,0,1,1,2,0,0,18880,9186,797,855,841,569,293,131,133,347,545,491,546,488,503,563,486,220,241,179,210,279,203,164,102,9694,772,793,777,526,276,117,118,337,525,598,567,529,645,573,634,211,290,149,255,307,304,240,151,3254,2844,1,1,1,0,0,0,1,0,0,0,0,0,0,0,0,0,0,0,0,0,0,0,0,0,0,0,0,0,0,0,0,0,2822,2822,2813,1123,0,1067,623,0,0,0,0,0,0,9,0,0,0,0,0,0,0,0,0,0,0,0,0,0,0,0,0,0,21,21,4,2,0,0,2,0,0,0,0,0,0,17,0,0,0,0,0,0,0,0,0,0,0,0,0,0,0,0,0,0,410,0,0,0,0,0,0,0,0,0,0,0,0,0,0,0,0,0,0,0,0,0,0,0,0,0,0,0,0,0,0,0,0,387,387,382,308,0,0,74,0,0,0,0,0,0,5,0,0,0,0,0,0,0,0,0,0,0,0,0,0,0,0,0,0,23,23,0,0,0,0,0,0,0,0,0,0,0,23,0,0,0,0,0,0,0,0,0,0,0,0,0,0,0,0,0,0
"G4804910","2010","TX","3","7","Texas","48","Williamson County","491",,,,,,,,,,,,,,,"12420","99999","126",,,,,,,,,,,,,,,,,"2896391221","41793130","Williamson County","A","+30.6490296","-097.6050692","06","1",,422679,208032,3204,3263,3507,3490,3592,3704,3672,3567,3567,3734,3655,3584,3448,3449,3294,3207,3216,3169,2748,2213,2233,2083,2114,2231,2358,2570,2630,2917,2933,3087,3273,3180,3335,3443,3339,3513,3535,3427,3662,3950,3869,3547,3364,3106,3052,3244,3215,3145,3084,2987,2940,2658,2616,2417,2386,2291,2092,2080,1878,1910,1770,1680,1743,1795,1377,1346,1348,1321,1218,1059,978,923,865,827,711,690,636,568,539,504,499,392,379,311,284,255,219,177,180,117,79,62,61,48,26,23,21,8,4,4,7,1,0,214647,3136,3263,3356,3364,3356,3382,3519,3392,3492,3521,3368,3363,3321,3241,3070,3050,3072,2864,2630,2142,2028,2020,2127,2320,2553,2746,2829,3057,3220,3222,3515,3498,3583,3615,3555,3567,3576,3626,3729,3776,3926,3513,3212,3104,3156,3195,3289,3288,3101,3060,2980,2678,2723,2606,2454,2493,2362,2368,2209,2041,2129,2014,2084,2098,1509,1528,1548,1509,1360,1278,1061,1067,985,952,839,807,740,738,657,615,583,554,542,516,422,444,382,341,294,265,225,165,129,123,98,70,52,36,23,15,25,2,1,417582,205242,17043,18216,17384,9556,4715,2019,1932,6418,13680,16244,17882,16726,15474,12925,10224,3427,4888,2686,3591,4265,2905,1826,1216,212340,16462,17289,16310,8930,4413,1837,1873,6834,14926,17652,18190,16853,15841,13413,11435,4138,5679,3068,4108,4871,3488,2479,2251,5097,2790,123,121,0,0,0,0,0,0,0,121,23,85,13,0,0,0,0,0,0,0,2,0,0,0,0,2,0,0,0,0,2,0,2466,2013,1978,4,0,867,1046,61,0,9,1,7,1,23,3,0,0,3,0,0,453,377,0,0,0,76,0,65,1,0,10,0,201,185,17,0,0,17,0,0,0,0,0,0,0,159,9,0,0,9,0,0,16,0,0,0,0,16,0,13,3,0,0,0,2307,139,134,0,0,0,0,0,0,0,134,24,77,33,0,0,0,0,0,0,0,5,1,0,0,0,4,0,0,0,0,4,0,1442,738,687,487,0,160,1,39,0,11,2,6,3,40,0,0,0,0,0,0,704,628,0,0,0,76,0,55,7,0,14,0,726,671,17,0,0,17,0,0,0,0,0,0,0,587,67,0,0,67,0,0,55,0,0,0,0,55,0,48,2,0,0,5
"G4804930","2010","TX","3","7","Texas","48","Wilson County","493",,,,,,,,,,,,,,,"41700","99999","999",,,,,,,,,,,,,,,,,"2081658340","12115898","Wilson County","A","+29.1743028","-098.0858986","06","1",,42918,21372,223,266,275,276,291,305,325,311,335,354,368,360,361,333,347,354,355,376,342,249,254,207,193,192,172,177,220,197,202,224,220,207,188,231,204,256,239,273,301,285,294,297,289,320,354,357,353,369,360,383,369,334,330,312,347,317,301,300,267,279,318,279,281,261,236,229,191,190,173,164,151,143,118,116,109,91,79,104,111,85,76,70,62,57,53,43,33,38,32,21,24,23,6,8,2,4,4,0,3,0,4,0,0,21546,252,255,242,292,269,292,264,324,304,324,330,316,323,346,373,329,350,334,276,220,187,189,188,191,200,209,225,217,203,221,230,221,246,216,262,282,214,283,314,328,331,318,307,308,324,373,375,374,342,403,366,349,359,335,326,342,341,301,339,286,291,285,248,265,222,197,204,185,162,128,153,136,137,110,98,114,101,96,102,84,86,64,77,72,71,72,54,58,44,42,36,29,23,12,13,12,7,1,6,3,4,2,0,42367,21067,1331,1630,1769,1085,591,254,203,550,1008,1038,1336,1543,1819,1687,1456,591,773,412,521,620,434,264,152,21300,1310,1508,1688,1013,496,187,187,577,1069,1175,1421,1588,1866,1734,1607,572,728,400,466,629,474,318,287,551,305,0,0,0,0,0,0,0,0,0,0,0,0,0,0,0,0,0,0,0,0,0,0,0,0,0,0,0,0,0,0,0,0,91,89,59,0,59,0,0,0,0,0,0,0,0,30,0,0,0,0,0,0,2,0,0,0,0,2,0,0,0,0,0,2,214,214,0,0,0,0,0,0,0,0,0,0,0,214,0,0,0,0,0,0,0,0,0,0,0,0,0,0,0,0,0,0,246,0,0,0,0,0,0,0,0,0,0,0,0,0,0,0,0,0,0,0,0,0,0,0,0,0,0,0,0,0,0,0,0,25,25,0,0,0,0,0,0,0,0,0,0,0,25,0,0,0,0,0,0,0,0,0,0,0,0,0,0,0,0,0,0,221,221,0,0,0,0,0,0,0,0,0,0,0,221,0,0,0,0,0,0,0,0,0,0,0,0,0,0,0,0,0,0
"G4804950","2010","TX","3","7","Texas","48","Winkler County","495",,,,,,,,,,,,,,,"99999","99999","999",,,,,,,,,,,,,,,,,"2178456075","414376","Winkler County","A","+31.8314155","-103.0559860","06","9",,7110,3550,61,72,68,65,56,51,67,62,38,73,41,57,56,63,63,56,76,54,57,53,42,41,39,44,45,33,52,55,46,44,40,28,42,35,64,32,37,33,52,39,35,39,31,34,49,45,74,57,68,54,54,52,59,53,47,45,44,48,40,44,36,38,33,36,36,20,25,20,21,21,21,18,21,19,17,19,14,15,14,11,15,11,7,12,8,13,5,5,6,4,2,1,2,0,0,0,0,0,0,0,0,0,0,3560,66,63,63,51,68,46,47,63,54,54,49,42,70,61,52,51,60,70,37,36,47,34,28,38,47,57,44,45,48,36,44,42,46,41,45,48,41,47,33,52,48,45,37,46,51,55,54,55,59,41,46,45,38,51,59,36,46,33,46,46,38,26,40,50,30,42,30,33,22,20,15,22,28,19,28,16,16,16,18,27,17,20,13,12,16,6,12,4,1,4,3,2,2,1,1,2,2,0,1,0,2,0,0,7013,3457,322,291,280,186,103,40,39,112,211,198,184,184,284,257,221,74,104,45,62,96,73,53,38,3556,311,264,274,181,73,47,34,113,230,218,218,227,264,238,207,64,120,72,75,112,93,78,43,97,93,0,0,0,0,0,0,0,0,0,0,0,0,0,0,0,0,0,0,0,0,0,0,0,0,0,0,0,0,0,0,0,0,93,93,93,0,0,0,93,0,0,0,0,0,0,0,0,0,0,0,0,0,0,0,0,0,0,0,0,0,0,0,0,0,0,0,0,0,0,0,0,0,0,0,0,0,0,0,0,0,0,0,0,0,0,0,0,0,0,0,0,0,0,0,0,0,4,0,0,0,0,0,0,0,0,0,0,0,0,0,0,0,0,0,0,0,0,0,0,0,0,0,0,0,0,0,0,0,0,4,4,4,0,0,0,4,0,0,0,0,0,0,0,0,0,0,0,0,0,0,0,0,0,0,0,0,0,0,0,0,0,0,0,0,0,0,0,0,0,0,0,0,0,0,0,0,0,0,0,0,0,0,0,0,0,0,0,0,0,0,0,0,0
"G4804970","2010","TX","3","7","Texas","48","Wise County","497",,,,,,,,,,,,,,,"19100","23104","206",,,,,,,,,,,,,,,,,"2342442771","47038683","Wise County","A","+33.2190947","-097.6539968","06","1",,59127,29803,397,374,431,432,430,411,403,405,432,468,458,489,467,455,456,470,482,501,449,361,351,332,317,365,399,359,354,338,359,345,346,342,336,310,384,343,370,348,373,427,426,367,406,413,480,460,466,515,468,512,480,496,499,494,420,452,381,384,352,343,357,286,394,345,327,264,311,276,242,243,214,187,195,161,135,136,160,137,113,101,82,74,80,69,44,37,42,25,22,16,18,9,10,2,2,2,2,0,0,0,0,0,0,29324,345,416,390,379,385,378,425,418,404,448,459,393,455,451,428,424,416,428,389,347,333,314,309,336,311,334,336,320,383,337,351,329,343,334,303,318,337,368,430,423,434,403,425,425,435,453,503,522,486,472,520,468,467,431,435,385,396,398,348,350,361,350,339,332,291,301,286,286,262,241,208,203,164,183,168,152,161,121,104,119,120,100,86,87,66,85,76,58,38,32,37,30,26,21,17,8,7,5,3,3,4,0,0,58147,29191,2058,2118,2323,1453,809,345,326,1027,1667,1623,1786,2019,2359,2349,1881,630,1058,570,753,890,636,338,173,28956,1910,2061,2186,1267,735,331,306,945,1653,1623,1852,2090,2418,2304,1872,706,956,585,785,921,642,430,378,980,612,9,9,0,0,0,0,0,0,0,9,0,0,9,0,0,0,0,0,0,0,0,0,0,0,0,0,0,0,0,0,0,0,552,552,538,0,0,538,0,0,0,0,0,0,0,14,0,0,0,0,0,0,0,0,0,0,0,0,0,0,0,0,0,0,51,51,6,0,0,6,0,0,0,0,0,0,0,45,0,0,0,0,0,0,0,0,0,0,0,0,0,0,0,0,0,0,368,18,18,0,0,0,0,0,0,0,18,0,0,18,0,0,0,0,0,0,0,0,0,0,0,0,0,0,0,0,0,0,0,223,223,202,0,0,202,0,0,0,1,0,0,1,20,0,0,0,0,0,0,0,0,0,0,0,0,0,0,0,0,0,0,127,127,0,0,0,0,0,0,0,0,0,0,0,127,0,0,0,0,0,0,0,0,0,0,0,0,0,0,0,0,0,0
"G4804990","2010","TX","3","7","Texas","48","Wood County","499",,,,,,,,,,,,,,,"99999","99999","999",,,,,,,,,,,,,,,,,"1671149162","130753910","Wood County","A","+32.7835881","-095.3821664","06","9",,41964,20622,192,239,220,256,222,238,247,224,230,262,240,259,249,246,254,264,246,248,269,260,246,222,221,209,191,169,159,208,214,224,183,199,173,184,194,199,182,174,215,232,241,247,228,205,250,256,265,254,246,305,309,294,290,306,282,280,287,255,300,306,297,335,336,387,263,320,362,334,321,295,286,292,270,262,232,255,182,183,163,142,146,122,101,93,57,64,50,58,38,36,18,17,11,9,5,2,1,2,3,0,3,0,0,21342,221,212,207,212,216,194,224,233,232,248,233,261,227,279,251,261,251,230,250,213,221,207,190,167,198,167,185,166,184,207,178,191,172,190,180,179,174,224,216,197,242,208,236,213,245,254,303,253,311,286,314,286,271,348,292,333,350,317,330,317,350,338,389,392,303,347,361,350,351,335,326,293,258,223,228,238,206,187,177,162,173,132,126,135,102,112,107,84,68,69,62,39,41,21,26,21,17,13,6,11,5,1,0,40861,20043,1127,1196,1246,756,430,186,161,540,924,890,980,1151,1306,1471,1417,627,978,679,937,1333,909,503,296,20818,1060,1130,1251,741,391,167,167,519,897,905,987,1141,1400,1505,1642,685,1082,700,1025,1312,942,616,553,1103,579,11,9,0,0,0,0,0,0,0,9,0,9,0,0,0,0,0,0,0,0,2,2,0,0,0,0,0,0,0,0,0,0,490,255,234,0,0,181,53,0,0,0,0,0,0,21,0,0,0,0,0,0,235,226,0,0,0,9,0,8,1,0,0,0,78,75,0,0,0,0,0,0,0,0,0,0,0,75,0,0,0,0,0,0,3,0,0,0,0,3,0,3,0,0,0,0,524,10,9,0,0,0,0,0,0,0,9,0,9,0,0,0,0,0,0,0,0,1,1,0,0,0,0,0,0,0,0,0,0,249,32,5,0,0,1,4,0,0,9,0,9,0,18,0,0,0,0,0,0,217,198,0,0,0,19,0,7,12,0,0,0,265,239,0,0,0,0,0,0,0,0,0,0,0,239,0,0,0,0,0,0,26,0,0,0,0,26,0,26,0,0,0,0
"G4805010","2010","TX","3","7","Texas","48","Yoakum County","501",,,,,,,,,,,,,,,"99999","99999","999",,,,,,,,,,,,,,,,,"2071234660","34329","Yoakum County","A","+33.1723972","-102.8237706","06","9",,7879,3899,79,67,68,64,69,73,76,60,64,70,77,89,47,58,72,57,61,86,54,52,36,36,47,58,44,52,56,55,62,44,26,46,52,56,58,51,39,44,39,43,48,50,37,54,46,57,52,54,57,57,72,50,55,66,45,50,46,37,41,46,32,36,39,38,26,25,40,28,23,22,27,19,18,18,19,25,18,19,15,9,16,9,12,10,9,10,2,6,5,4,3,3,0,0,1,2,1,1,0,0,2,0,0,3980,66,91,77,71,79,74,76,69,70,68,74,60,63,65,62,57,68,74,54,45,39,46,60,49,45,37,39,48,56,71,68,40,35,48,48,46,45,37,59,40,52,62,42,51,45,52,44,57,57,47,52,62,53,46,57,50,47,34,43,43,39,42,30,39,41,27,32,27,23,23,24,27,19,25,17,23,22,24,13,12,22,11,14,19,9,6,7,8,7,7,4,2,8,0,2,1,5,1,0,1,1,1,0,7826,3877,347,343,343,204,106,36,36,149,269,238,216,235,276,288,219,67,102,65,71,99,81,52,35,3949,384,357,324,199,99,39,46,154,251,239,226,252,257,270,217,81,109,59,73,111,90,66,46,53,22,0,0,0,0,0,0,0,0,0,0,0,0,0,0,0,0,0,0,0,0,0,0,0,0,0,0,0,0,0,0,0,0,4,4,0,0,0,0,0,0,0,0,0,0,0,4,0,0,0,0,0,0,0,0,0,0,0,0,0,0,0,0,0,0,18,18,0,0,0,0,0,0,0,0,0,0,0,18,0,0,0,0,0,0,0,0,0,0,0,0,0,0,0,0,0,0,31,0,0,0,0,0,0,0,0,0,0,0,0,0,0,0,0,0,0,0,0,0,0,0,0,0,0,0,0,0,0,0,0,2,2,0,0,0,0,0,0,0,0,0,0,0,2,0,0,0,0,0,0,0,0,0,0,0,0,0,0,0,0,0,0,29,29,0,0,0,0,0,0,0,0,0,0,0,29,0,0,0,0,0,0,0,0,0,0,0,0,0,0,0,0,0,0
"G4805030","2010","TX","3","7","Texas","48","Young County","503",,,,,,,,,,,,,,,"99999","99999","999",,,,,,,,,,,,,,,,,"2368460066","42451698","Young County","A","+33.1587871","-098.6782671","06","9",,18550,9148,138,132,114,143,112,106,128,129,123,133,140,137,142,114,131,119,142,124,144,80,105,88,95,89,131,105,110,124,115,110,92,90,102,86,86,85,116,105,102,93,104,114,105,102,111,125,130,130,127,142,146,143,144,134,161,113,124,131,142,130,132,91,110,126,82,101,92,79,92,90,62,74,54,85,66,77,62,50,63,60,37,55,48,41,46,37,38,20,16,14,6,7,2,6,3,2,1,3,0,0,0,0,0,9402,99,123,114,104,125,123,134,128,137,133,129,116,109,104,131,107,105,131,107,100,94,87,89,96,104,112,85,114,85,109,77,99,102,85,90,117,108,100,109,113,105,98,114,99,105,140,117,125,149,129,158,143,139,154,136,137,115,149,161,100,110,109,132,116,95,98,112,94,98,92,83,83,70,82,81,85,79,84,72,65,66,73,59,60,53,56,35,33,40,37,26,25,19,20,11,16,7,7,5,2,5,0,0,18271,9022,639,619,664,384,221,99,86,311,554,442,494,526,646,718,636,222,315,191,256,337,305,218,139,9249,565,655,589,343,206,94,87,285,500,449,545,518,655,724,654,218,341,205,282,396,376,290,272,279,126,1,1,1,0,0,0,1,0,0,0,0,0,0,0,0,0,0,0,0,0,0,0,0,0,0,0,0,0,0,0,0,0,82,82,65,0,0,0,65,0,0,0,0,0,0,17,0,0,0,0,0,0,0,0,0,0,0,0,0,0,0,0,0,0,43,43,2,0,0,0,2,0,0,0,0,0,0,41,0,0,0,0,0,0,0,0,0,0,0,0,0,0,0,0,0,0,153,0,0,0,0,0,0,0,0,0,0,0,0,0,0,0,0,0,0,0,0,0,0,0,0,0,0,0,0,0,0,0,0,41,41,17,0,0,0,17,0,0,0,0,0,0,24,0,0,0,0,0,0,0,0,0,0,0,0,0,0,0,0,0,0,112,112,0,0,0,0,0,0,0,0,0,0,0,112,0,0,0,0,0,0,0,0,0,0,0,0,0,0,0,0,0,0
"G4805050","2010","TX","3","7","Texas","48","Zapata County","505",,,,,,,,,,,,,,,"99999","99999","999",,,,,,,,,,,,,,,,,"2585876105","154370954","Zapata County","A","+26.9969806","-099.1826027","06","9",,14018,7044,166,168,164,163,146,164,136,128,140,123,118,135,124,136,137,118,155,125,137,117,113,99,108,97,121,85,102,99,89,95,90,79,86,103,89,91,74,80,68,77,85,70,75,74,67,74,73,76,83,80,76,78,66,79,56,78,69,63,46,65,54,57,54,59,52,38,32,52,50,50,43,37,51,31,24,29,28,23,17,20,20,22,27,22,10,8,11,12,6,9,4,5,0,3,2,3,1,0,0,0,0,0,0,6974,142,142,140,129,103,130,120,117,132,110,122,140,122,107,127,121,115,140,120,117,114,110,85,114,110,113,76,103,103,90,95,74,91,87,102,109,95,79,96,88,79,84,76,89,99,76,89,80,66,81,67,62,65,60,57,70,55,66,62,59,63,79,70,61,59,59,60,53,50,46,41,34,35,26,40,35,27,18,24,27,23,13,26,26,17,17,13,15,12,6,5,5,5,6,1,1,2,0,0,1,1,0,0,13988,7031,807,691,650,398,254,113,99,326,470,447,390,371,386,354,321,111,165,70,151,186,112,98,61,6957,656,609,618,376,237,114,110,309,485,449,467,427,390,311,312,142,190,118,149,175,130,101,82,30,13,0,0,0,0,0,0,0,0,0,0,0,0,0,0,0,0,0,0,0,0,0,0,0,0,0,0,0,0,0,0,0,0,1,1,0,0,0,0,0,0,0,0,0,0,0,1,0,0,0,0,0,0,0,0,0,0,0,0,0,0,0,0,0,0,12,12,0,0,0,0,0,0,0,0,0,0,0,12,0,0,0,0,0,0,0,0,0,0,0,0,0,0,0,0,0,0,17,0,0,0,0,0,0,0,0,0,0,0,0,0,0,0,0,0,0,0,0,0,0,0,0,0,0,0,0,0,0,0,0,2,2,0,0,0,0,0,0,0,0,0,0,0,2,0,0,0,0,0,0,0,0,0,0,0,0,0,0,0,0,0,0,15,15,0,0,0,0,0,0,0,0,0,0,0,15,0,0,0,0,0,0,0,0,0,0,0,0,0,0,0,0,0,0
"G4805070","2010","TX","3","7","Texas","48","Zavala County","507",,,,,,,,,,,,,,,"99999","99999","999",,,,,,,,,,,,,,,,,"3360266896","11209840","Zavala County","A","+28.8646523","-099.7598304","06","9",,11677,5760,98,104,108,99,130,108,93,103,87,88,102,80,98,82,93,106,95,126,95,124,113,98,97,124,99,80,78,84,75,77,71,58,60,58,66,75,59,75,67,53,68,60,54,78,64,57,57,67,67,74,77,57,57,73,65,66,64,63,66,62,59,52,59,44,48,41,45,49,24,36,37,31,22,36,26,22,27,17,19,15,27,19,19,17,28,10,4,12,9,4,5,4,2,4,1,2,1,0,0,0,1,0,0,5917,107,105,91,101,106,124,97,97,108,93,98,117,95,96,92,103,118,112,117,76,90,63,70,79,66,69,55,76,69,81,77,66,60,60,75,61,57,84,58,74,60,65,80,66,68,65,69,55,61,70,76,78,59,73,65,73,58,76,60,70,78,82,62,53,60,41,63,49,45,36,34,32,36,38,37,30,31,26,33,39,30,27,26,22,12,13,21,15,16,5,8,6,3,2,3,5,4,1,0,1,2,0,0,11268,5396,539,479,455,327,190,91,75,181,305,280,312,318,316,329,321,111,151,86,109,152,100,110,59,5872,510,519,498,333,193,90,62,209,340,334,330,327,318,347,335,160,175,104,130,177,159,117,105,409,364,0,0,0,0,0,0,0,0,0,0,0,0,0,0,0,0,0,0,0,0,0,0,0,0,0,0,0,0,0,0,0,0,364,364,364,308,0,0,56,0,0,0,0,0,0,0,0,0,0,0,0,0,0,0,0,0,0,0,0,0,0,0,0,0,0,0,0,0,0,0,0,0,0,0,0,0,0,0,0,0,0,0,0,0,0,0,0,0,0,0,0,0,0,0,0,0,45,0,0,0,0,0,0,0,0,0,0,0,0,0,0,0,0,0,0,0,0,0,0,0,0,0,0,0,0,0,0,0,0,45,45,45,40,0,0,5,0,0,0,0,0,0,0,0,0,0,0,0,0,0,0,0,0,0,0,0,0,0,0,0,0,0,0,0,0,0,0,0,0,0,0,0,0,0,0,0,0,0,0,0,0,0,0,0,0,0,0,0,0,0,0,0,0
"G4900010","2010","UT","4","8","Utah","49","Beaver County","001",,,,,,,,,,,,,,,"99999","99999","999",,,,,,,,,,,,,,,,,"6707757757","5330823","Beaver County","A","+38.3575350","-113.2389481","06","9",,6629,3410,62,73,60,55,61,77,74,63,63,61,70,55,69,70,70,61,69,63,64,48,30,34,21,34,30,41,37,40,39,47,52,40,49,48,45,37,38,31,34,45,47,43,31,30,35,38,34,41,43,43,43,33,52,45,42,35,34,40,35,47,44,41,27,25,14,28,34,37,20,24,14,19,30,15,17,17,20,12,10,18,18,13,10,8,6,12,6,3,1,4,1,6,1,1,3,0,0,0,0,0,0,0,0,3219,60,56,75,46,66,47,68,61,50,67,59,65,64,47,58,51,65,63,43,35,27,19,23,30,31,43,40,41,49,46,49,46,38,41,45,39,35,39,44,36,31,36,36,31,23,37,35,37,29,43,34,31,43,53,54,40,33,32,38,40,35,26,27,37,27,30,27,24,25,35,19,15,13,20,21,17,16,21,16,15,16,14,16,6,6,4,12,6,4,3,4,2,4,6,2,0,1,2,2,0,0,0,0,6605,3395,311,338,334,193,109,29,34,85,202,230,185,184,198,215,189,85,66,62,81,95,77,55,38,3210,303,293,293,179,78,27,19,84,219,219,193,157,181,214,182,61,91,57,84,88,83,56,49,24,15,0,0,0,0,0,0,0,0,0,0,0,0,0,0,0,0,0,0,0,0,0,0,0,0,0,0,0,0,0,0,0,0,15,15,12,0,0,0,12,0,0,0,0,0,0,3,0,0,0,0,0,0,0,0,0,0,0,0,0,0,0,0,0,0,0,0,0,0,0,0,0,0,0,0,0,0,0,0,0,0,0,0,0,0,0,0,0,0,0,0,0,0,0,0,0,0,9,0,0,0,0,0,0,0,0,0,0,0,0,0,0,0,0,0,0,0,0,0,0,0,0,0,0,0,0,0,0,0,0,2,2,2,0,0,0,2,0,0,0,0,0,0,0,0,0,0,0,0,0,0,0,0,0,0,0,0,0,0,0,0,0,7,7,0,0,0,0,0,0,0,0,0,0,0,7,0,0,0,0,0,0,0,0,0,0,0,0,0,0,0,0,0,0
"G4900030","2010","UT","4","8","Utah","49","Box Elder County","003",,,,,,,,,,,,,,,"14940","99999","482",,,,,,,,,,,,,,,,,"14880907163","2547942103","Box Elder County","A","+41.4760210","-113.0529220","06","2",,49975,25185,515,483,505,545,523,481,480,491,497,458,491,486,464,514,446,488,463,470,378,291,312,306,267,269,265,317,315,328,374,366,385,350,380,375,336,311,300,273,293,297,306,242,304,256,235,260,280,299,344,319,340,316,329,320,280,247,288,259,265,250,202,221,189,198,169,163,177,147,152,125,100,153,125,123,147,130,108,107,109,92,107,81,79,62,50,51,43,36,18,23,29,13,11,7,0,3,4,1,1,2,0,0,0,24790,450,490,497,478,486,502,467,471,470,463,464,438,436,415,370,424,413,444,345,299,266,246,282,280,282,343,323,349,372,383,331,365,422,327,329,364,303,288,269,274,256,265,251,265,255,282,299,296,311,327,316,300,350,285,295,308,257,269,231,221,195,197,206,193,156,176,197,183,151,164,135,165,147,149,130,155,118,118,111,108,89,102,71,75,71,44,57,62,35,32,31,31,20,14,17,6,8,9,1,1,1,0,0,49636,24954,2570,2407,2396,1358,655,307,296,778,1680,1814,1461,1331,1496,1582,1301,421,554,339,422,645,539,370,232,24682,2401,2372,2123,1281,640,265,245,843,1765,1771,1496,1289,1510,1540,1285,389,554,372,497,723,596,391,334,339,231,69,68,0,0,0,0,0,0,0,68,0,68,0,0,0,0,0,0,0,0,1,0,0,0,0,1,0,0,0,0,0,1,130,118,99,0,0,0,99,0,0,9,0,9,0,10,0,0,0,0,0,0,12,0,0,0,0,12,0,0,0,0,0,12,32,32,0,0,0,0,0,0,0,0,0,0,0,32,0,0,0,0,0,0,0,0,0,0,0,0,0,0,0,0,0,0,108,1,0,0,0,0,0,0,0,0,0,0,0,0,0,0,0,0,0,0,0,1,0,0,0,0,1,0,0,0,0,0,1,36,27,17,0,0,0,17,0,0,0,0,0,0,10,0,0,0,0,0,0,9,0,0,0,0,9,0,9,0,0,0,0,71,71,0,0,0,0,0,0,0,0,0,0,0,71,0,0,0,0,0,0,0,0,0,0,0,0,0,0,0,0,0,0
"G4900050","2010","UT","4","8","Utah","49","Cache County","005",,,,,,,,,,,,,,,"30860","99999","999",,,,,,,,,,,,,,,,,"3016851000","21264707","Cache County","A","+41.7342254","-111.7445805","06","1",,112656,55999,1230,1164,1143,1132,1104,1131,1067,1024,1008,969,972,906,878,892,853,879,847,828,1076,1101,903,1305,1607,1515,1550,1421,1199,1148,1055,956,932,863,871,814,805,695,632,604,581,591,572,578,481,508,528,503,478,560,510,515,539,555,494,499,454,496,484,449,465,412,378,343,352,355,263,251,272,266,234,211,220,240,188,192,197,154,180,143,137,134,115,114,108,109,94,74,62,52,50,45,30,29,24,12,13,13,7,1,2,2,1,1,0,56657,1228,1196,1145,1109,1067,1084,1007,1031,958,933,897,885,887,892,843,817,856,777,1247,1833,1759,1671,1377,1290,1212,1123,978,939,895,948,893,829,814,807,694,659,624,606,608,621,560,525,467,513,448,498,536,496,567,565,538,513,530,537,536,501,511,457,428,431,388,373,353,351,279,271,314,281,247,247,221,204,207,225,200,185,158,161,167,157,164,147,138,131,119,113,111,103,73,60,58,63,49,34,31,21,22,10,10,4,11,0,0,109062,54359,5773,5196,4496,2523,1638,775,1150,4288,5621,4198,3067,2642,2542,2529,2300,718,962,523,710,1032,743,530,403,54703,5744,5012,4394,2403,2048,1446,1484,3717,4832,4016,3109,2507,2658,2648,2323,760,981,583,774,1050,810,676,728,3594,1640,39,30,1,0,0,0,1,0,0,29,3,9,17,0,0,0,0,0,0,0,9,6,0,0,0,3,0,0,0,0,0,3,1565,294,274,0,0,0,274,0,0,6,0,2,4,14,0,0,0,0,0,0,1271,1266,0,0,0,5,0,0,5,0,0,0,36,36,0,0,0,0,0,0,0,0,0,0,0,36,0,0,0,0,0,0,0,0,0,0,0,0,0,0,0,0,0,0,1954,59,52,0,0,0,0,0,0,0,52,36,9,7,0,0,0,0,0,0,0,7,5,0,0,0,2,0,0,0,0,0,2,1799,56,37,0,0,0,37,0,0,5,3,0,2,14,0,0,0,0,0,0,1743,1736,0,0,0,7,0,0,4,0,0,3,96,96,0,0,0,0,0,0,0,0,0,0,0,96,0,0,0,0,0,0,0,0,0,0,0,0,0,0,0,0,0,0
"G4900070","2010","UT","4","8","Utah","49","Carbon County","007",,,,,,,,,,,,,,,"39220","99999","999",,,,,,,,,,,,,,,,,"3829279233","15773974","Carbon County","A","+39.6700496","-110.5903568","06","2",,21403,10615,166,179,178,196,164,170,169,161,141,171,175,159,148,140,144,142,142,146,209,186,163,155,177,137,127,132,127,156,149,167,155,152,133,157,115,130,116,121,105,129,121,84,106,96,104,111,94,115,108,160,147,146,144,174,151,183,156,144,125,127,124,148,121,137,103,85,97,94,79,72,60,68,72,47,51,54,42,43,49,48,41,33,33,41,44,31,28,21,9,13,10,9,7,3,2,1,5,4,1,0,0,0,0,10788,155,163,165,182,161,175,159,151,172,156,138,160,148,154,157,143,160,132,191,201,179,135,133,120,133,120,164,164,152,150,140,156,142,131,120,134,105,117,113,132,90,108,97,95,94,118,128,153,151,124,133,156,156,163,147,149,156,136,153,135,120,133,114,119,91,95,98,92,71,78,67,77,72,68,76,58,50,71,58,61,50,47,49,47,53,39,38,38,28,25,27,15,13,13,11,6,7,2,5,0,1,0,0,20859,10323,883,812,763,417,325,136,136,403,695,690,585,504,582,755,731,270,360,181,242,295,233,184,141,10536,826,813,757,429,301,130,125,378,742,683,595,480,668,749,725,253,321,192,239,358,293,236,243,544,292,16,16,0,0,0,0,0,0,0,16,0,0,16,0,0,0,0,0,0,0,0,0,0,0,0,0,0,0,0,0,0,0,255,75,71,0,0,0,71,0,0,0,0,0,0,4,0,0,0,0,0,0,180,160,0,0,0,20,0,14,0,0,6,0,21,21,0,0,0,0,0,0,0,0,0,0,0,21,0,0,0,0,0,0,0,0,0,0,0,0,0,0,0,0,0,0,252,6,4,0,0,0,0,0,0,0,4,0,0,4,0,0,0,0,0,0,0,2,1,0,0,0,1,0,1,0,0,0,0,201,29,22,0,0,0,22,0,0,0,0,0,0,7,0,0,0,0,0,0,172,160,0,0,0,12,0,7,0,0,5,0,45,45,0,0,0,0,0,0,0,0,0,0,0,45,0,0,0,0,0,0,0,0,0,0,0,0,0,0,0,0,0,0
"G4900090","2010","UT","4","8","Utah","49","Daggett County","009",,,,,,,,,,,,,,,"99999","99999","999",,,,,,,,,,,,,,,,,"1805167690","61461652","Daggett County","A","+40.8900990","-109.5057855","06","9",,1059,597,5,6,8,9,4,9,11,9,4,7,7,7,9,7,6,3,11,6,3,1,4,4,0,5,10,7,13,17,2,9,8,8,15,7,4,6,5,9,9,6,8,6,5,10,4,5,4,4,7,9,14,7,6,12,6,4,17,9,13,6,5,9,11,9,6,13,8,10,5,9,7,7,5,3,7,4,6,6,6,7,2,4,3,7,2,0,0,0,0,0,0,0,0,0,0,0,0,0,0,0,0,0,0,462,6,6,7,10,6,5,5,10,8,7,6,6,2,2,8,8,9,4,2,1,2,0,3,7,5,4,5,3,7,7,7,5,10,4,5,9,3,6,4,4,5,5,4,4,5,3,8,4,10,11,7,7,2,4,4,10,4,7,12,7,7,8,7,10,9,5,5,5,4,11,4,5,5,4,5,2,4,3,3,1,2,0,7,2,2,1,0,0,0,0,0,0,0,0,0,0,0,0,0,0,0,0,0,996,534,32,40,36,20,4,2,1,7,28,28,29,25,29,45,48,13,26,21,24,29,29,18,0,462,35,35,24,21,3,2,0,15,26,31,26,23,36,24,40,15,26,10,20,23,13,13,1,63,63,0,0,0,0,0,0,0,0,0,0,0,0,0,0,0,0,0,0,0,0,0,0,0,0,0,0,0,0,0,0,0,0,63,63,63,0,0,0,63,0,0,0,0,0,0,0,0,0,0,0,0,0,0,0,0,0,0,0,0,0,0,0,0,0,0,0,0,0,0,0,0,0,0,0,0,0,0,0,0,0,0,0,0,0,0,0,0,0,0,0,0,0,0,0,0,0,0,0,0,0,0,0,0,0,0,0,0,0,0,0,0,0,0,0,0,0,0,0,0,0,0,0,0,0,0,0,0,0,0,0,0,0,0,0,0,0,0,0,0,0,0,0,0,0,0,0,0,0,0,0,0,0,0,0,0,0,0,0,0,0,0,0,0,0,0,0,0,0,0,0,0,0,0,0,0,0,0,0,0,0,0,0,0,0,0,0,0,0,0,0,0,0,0
"G4900110","2010","UT","4","8","Utah","49","Davis County","011",,,,,,,,,,,,,,,"36260","99999","482",,,,,,,,,,,,,,,,,"773832198","868122919","Davis County","A","+41.0370451","-112.2021234","06","1",,306479,153891,3109,3239,3209,3387,3301,3349,3235,3202,3021,3073,2984,2995,2855,2819,2609,2745,2629,2740,2460,2167,2004,2215,2068,2064,1997,2186,2170,2236,2375,2592,2573,2534,2541,2426,2306,2104,2034,1964,1999,2105,1983,1747,1756,1695,1612,1714,1777,1809,1798,1772,1850,1684,1775,1706,1656,1581,1463,1452,1403,1251,1226,1149,1196,1132,795,805,839,815,691,636,620,554,546,513,495,474,431,437,470,398,343,331,311,240,209,221,204,170,143,113,88,59,41,35,19,17,7,3,1,3,6,0,0,152588,2967,3011,3052,3044,3041,3063,3002,2985,2823,2920,2806,2796,2692,2655,2548,2491,2490,2452,2253,1897,1875,1969,1831,1978,2090,2126,2302,2270,2450,2393,2699,2503,2527,2465,2283,2302,2103,1945,1917,2076,1904,1878,1725,1725,1692,1712,1730,1781,1938,1859,1813,1743,1788,1737,1627,1641,1586,1464,1389,1313,1266,1230,1213,1183,855,896,902,888,765,765,656,600,624,642,623,618,514,506,442,473,423,409,367,373,306,325,293,254,216,203,128,116,113,80,51,52,41,9,10,7,14,0,0,303186,151527,16243,15878,14240,7873,4199,1733,1959,5674,11374,12244,10135,8712,8815,8639,7133,2368,3112,1639,2135,2716,2198,1409,1099,151659,15108,14791,13492,7296,3982,1802,1898,5808,11507,12444,10320,8906,9010,8692,7380,2493,3243,1788,2406,3125,2521,1845,1802,3293,2364,267,173,0,0,0,0,0,0,0,164,0,136,28,0,9,9,0,0,0,0,94,0,0,0,0,94,0,0,0,0,90,4,2005,702,573,0,0,0,499,74,0,42,0,40,2,86,1,1,0,0,0,0,1303,0,419,419,0,884,0,36,0,0,841,7,92,84,0,0,0,0,0,0,0,0,0,0,0,84,0,0,0,0,0,0,8,0,0,0,0,8,0,4,0,0,3,1,929,151,74,0,0,0,0,0,0,0,67,0,57,10,0,7,7,0,0,0,0,77,0,0,0,0,77,0,0,0,0,68,9,561,148,102,0,0,0,79,23,0,0,0,0,0,46,0,0,0,0,0,0,413,0,69,69,0,344,0,18,0,0,317,9,217,217,0,0,0,0,0,0,0,0,0,0,0,217,0,0,0,0,0,0,0,0,0,0,0,0,0,0,0,0,0,0
"G4900130","2010","UT","4","8","Utah","49","Duchesne County","013",,,,,,,,,,,,,,,"99999","99999","999",,,,,,,,,,,,,,,,,"8394008306","38788291","Duchesne County","A","+40.2896487","-110.4298302","06","9",,18607,9455,209,198,218,184,181,164,170,206,179,175,194,156,160,159,151,143,183,154,132,114,109,150,102,122,133,133,135,146,137,156,169,162,138,136,115,122,124,115,102,97,90,96,93,87,113,81,108,105,118,109,115,115,126,114,107,115,93,103,87,84,91,97,74,80,66,66,88,63,69,64,40,43,57,49,44,43,45,40,34,36,25,15,24,19,23,12,10,9,8,11,6,2,3,3,0,2,2,0,0,0,0,0,0,9152,218,189,221,175,198,195,180,180,147,177,165,163,146,164,138,146,149,174,137,97,96,118,125,123,142,136,131,116,156,158,154,112,114,137,112,98,86,94,109,106,88,98,76,94,81,104,109,119,101,97,119,121,116,116,81,84,82,97,99,85,81,79,76,72,66,73,69,61,62,41,82,53,52,47,47,39,42,44,34,27,35,23,24,23,29,15,14,13,13,7,14,16,6,7,5,1,3,4,1,1,2,0,0,18310,9255,990,894,814,460,241,105,144,341,687,699,544,460,503,564,474,185,217,154,195,229,191,104,60,9055,1001,879,776,453,233,95,117,387,695,626,492,433,526,553,444,160,214,142,164,275,182,127,81,297,200,26,26,0,0,0,0,0,0,0,26,0,26,0,0,0,0,0,0,0,0,0,0,0,0,0,0,0,0,0,0,0,0,152,143,136,0,0,0,136,0,0,1,0,1,0,6,0,0,0,0,0,0,9,0,0,0,0,9,0,6,0,0,0,3,22,22,2,0,0,0,2,0,0,0,0,0,0,20,0,0,0,0,0,0,0,0,0,0,0,0,0,0,0,0,0,0,97,16,16,0,0,0,0,0,0,0,16,0,16,0,0,0,0,0,0,0,0,0,0,0,0,0,0,0,0,0,0,0,0,23,23,14,0,0,0,14,0,0,0,0,0,0,9,0,0,0,0,0,0,0,0,0,0,0,0,0,0,0,0,0,0,58,58,0,0,0,0,0,0,0,0,0,0,0,58,0,0,0,0,0,0,0,0,0,0,0,0,0,0,0,0,0,0
"G4900150","2010","UT","4","8","Utah","49","Emery County","015",,,,,,,,,,,,,,,"99999","99999","999",,,,,,,,,,,,,,,,,"11557340590","24591482","Emery County","A","+39.0090280","-110.7211105","06","9",,10976,5589,105,120,121,119,107,99,105,96,118,85,104,99,113,96,84,99,80,89,97,66,60,46,53,60,61,62,70,73,69,78,72,81,73,73,67,46,63,48,64,66,53,66,43,59,46,54,60,58,64,82,72,71,93,77,81,78,74,69,57,77,68,65,72,61,48,43,51,57,35,56,35,43,37,33,27,15,31,23,14,25,18,19,13,16,16,11,7,7,7,5,2,2,3,0,1,1,1,0,0,0,0,0,0,5387,70,90,90,96,107,103,107,96,99,94,93,73,94,84,99,86,75,93,89,51,55,48,59,59,61,51,75,81,85,76,76,80,58,78,62,45,64,56,64,52,59,47,41,56,53,56,74,68,69,72,83,75,80,61,71,76,70,82,66,61,58,59,79,35,48,51,37,55,50,44,47,34,31,35,31,21,27,28,23,24,19,24,14,27,12,11,5,10,16,9,7,6,3,4,2,3,1,1,1,1,0,0,0,10933,5581,572,503,496,268,163,60,46,174,352,366,286,267,318,393,355,133,181,94,148,174,108,80,44,5352,453,499,443,254,140,55,48,179,367,354,281,256,337,370,355,116,161,88,149,177,120,89,61,43,8,0,0,0,0,0,0,0,0,0,0,0,0,0,0,0,0,0,0,0,0,0,0,0,0,0,0,0,0,0,0,0,0,2,2,0,0,0,0,0,0,0,0,0,0,0,2,0,0,0,0,0,0,0,0,0,0,0,0,0,0,0,0,0,0,6,6,0,0,0,0,0,0,0,0,0,0,0,6,0,0,0,0,0,0,0,0,0,0,0,0,0,0,0,0,0,0,35,0,0,0,0,0,0,0,0,0,0,0,0,0,0,0,0,0,0,0,0,0,0,0,0,0,0,0,0,0,0,0,0,5,5,0,0,0,0,0,0,0,0,0,0,0,5,0,0,0,0,0,0,0,0,0,0,0,0,0,0,0,0,0,0,30,30,0,0,0,0,0,0,0,0,0,0,0,30,0,0,0,0,0,0,0,0,0,0,0,0,0,0,0,0,0,0
"G4900170","2010","UT","4","8","Utah","49","Garfield County","017",,,,,,,,,,,,,,,"99999","99999","999",,,,,,,,,,,,,,,,,"13403502531","85795383","Garfield County","A","+37.8316224","-111.4508858","06","9",,5172,2674,27,32,35,52,53,52,28,44,43,28,27,49,44,39,51,40,49,37,47,29,26,24,20,28,29,29,28,31,35,40,36,33,34,32,33,34,22,22,30,33,16,23,20,24,27,20,38,31,40,38,45,31,35,38,43,42,38,33,53,42,33,28,38,55,32,29,26,29,24,23,24,33,15,17,20,19,8,19,16,14,11,13,8,13,5,10,8,4,5,5,1,2,2,1,1,0,0,0,0,0,1,0,0,2498,43,28,38,33,35,35,42,37,29,38,37,33,41,38,28,44,31,39,35,25,22,37,19,31,22,18,22,31,33,23,31,31,19,25,19,23,36,31,30,26,23,31,23,18,26,20,33,35,39,27,45,38,30,35,26,41,41,38,51,33,46,37,35,38,26,17,20,24,29,21,15,26,26,14,16,20,15,16,18,20,11,6,13,8,20,7,9,14,8,7,1,9,3,3,1,2,3,1,1,1,0,0,0,5001,2537,199,195,204,87,74,25,23,71,136,153,132,108,152,186,206,60,125,54,76,107,75,50,39,2464,177,181,177,106,60,22,36,72,126,120,144,121,154,174,204,83,98,37,74,95,87,54,62,171,137,45,45,0,0,0,0,0,0,0,45,0,45,0,0,0,0,0,0,0,0,0,0,0,0,0,0,0,0,0,0,0,0,87,87,81,0,0,0,81,0,0,2,0,2,0,4,0,0,0,0,0,0,0,0,0,0,0,0,0,0,0,0,0,0,5,5,2,0,0,0,2,0,0,0,0,0,0,3,0,0,0,0,0,0,0,0,0,0,0,0,0,0,0,0,0,0,34,8,8,8,0,0,0,0,8,0,0,0,0,0,0,0,0,0,0,0,0,0,0,0,0,0,0,0,0,0,0,0,0,10,10,6,0,0,0,6,0,0,0,0,0,0,4,0,0,0,0,0,0,0,0,0,0,0,0,0,0,0,0,0,0,16,16,0,0,0,0,0,0,0,0,0,0,0,16,0,0,0,0,0,0,0,0,0,0,0,0,0,0,0,0,0,0
"G4900190","2010","UT","4","8","Utah","49","Grand County","019",,,,,,,,,,,,,,,"99999","99999","999",,,,,,,,,,,,,,,,,"9509252821","31439319","Grand County","A","+38.9743261","-109.5734502","06","9",,9225,4646,76,67,55,50,55,63,58,60,52,66,57,66,62,51,65,68,57,64,64,39,31,37,46,46,51,58,57,82,74,60,68,56,63,57,53,54,65,64,58,67,54,60,60,55,46,58,69,77,82,68,68,73,78,75,83,58,102,82,75,77,54,77,65,80,53,52,41,43,24,28,41,32,28,30,17,30,38,15,10,21,19,12,18,15,6,11,6,15,3,6,5,0,4,4,0,1,0,0,0,0,0,0,0,4579,57,60,59,56,64,53,62,56,71,48,65,50,50,57,60,55,51,52,46,43,48,59,37,50,58,60,49,58,60,59,80,57,57,73,45,71,57,61,62,71,63,49,49,56,56,58,68,58,55,77,85,65,67,81,66,64,90,68,87,63,59,60,69,68,35,45,45,35,37,44,40,35,23,27,36,26,30,24,22,27,20,22,18,20,13,13,14,14,14,9,8,7,2,0,5,0,1,0,0,0,0,0,0,9082,4568,302,299,299,183,101,30,35,140,315,288,303,271,345,368,389,130,198,93,95,147,114,70,53,4514,292,288,275,152,82,48,59,139,282,309,318,271,313,361,370,119,172,90,116,160,129,91,78,143,78,9,0,0,0,0,0,0,0,0,0,0,0,0,0,0,0,0,0,0,0,9,0,0,0,0,9,0,0,0,0,9,0,66,21,21,0,0,0,21,0,0,0,0,0,0,0,0,0,0,0,0,0,45,0,0,0,0,45,0,0,0,0,21,24,3,2,0,0,0,0,0,0,0,0,0,0,0,2,0,0,0,0,0,0,1,0,0,0,0,1,0,0,0,0,1,0,65,19,1,1,0,0,0,1,0,0,0,0,0,0,0,0,0,0,0,0,0,18,0,0,0,0,18,1,0,0,0,16,1,34,11,11,0,0,0,11,0,0,0,0,0,0,0,0,0,0,0,0,0,23,0,0,0,0,23,1,0,0,0,18,4,12,12,0,0,0,0,0,0,0,0,0,0,0,12,0,0,0,0,0,0,0,0,0,0,0,0,0,0,0,0,0,0
"G4900210","2010","UT","4","8","Utah","49","Iron County","021",,,,,,,,,,,,,,,"16260","99999","999",,,,,,,,,,,,,,,,,"8538363871","11393799","Iron County","A","+37.8827271","-113.2900593","06","2",,46163,22953,473,447,443,405,428,432,398,370,388,372,379,362,375,350,362,368,393,402,491,508,441,528,513,532,501,473,408,382,351,390,332,341,338,271,268,263,226,219,250,254,228,225,197,203,206,224,237,227,198,242,223,265,243,231,209,208,193,235,211,206,225,199,176,190,155,139,161,147,147,134,141,133,134,95,117,93,68,85,88,70,67,44,58,46,30,30,31,23,25,15,16,9,11,8,1,1,1,0,1,0,1,0,0,23210,445,399,425,399,415,398,428,318,372,358,391,368,351,346,363,343,329,349,579,824,773,653,516,425,406,369,363,331,325,319,324,300,301,279,252,241,232,261,241,246,238,220,220,217,203,213,227,231,238,230,241,232,244,230,236,275,208,230,230,207,202,181,196,199,142,185,202,164,142,131,128,104,109,118,97,85,86,86,86,75,64,68,54,56,47,39,31,41,35,39,24,15,14,10,4,6,3,6,4,1,4,0,0,45113,22472,2196,1960,1814,1123,824,406,503,1507,1963,1536,1199,1045,1116,1158,1041,422,514,297,426,615,399,240,168,22641,2083,1872,1815,1014,1025,728,638,1334,1692,1452,1217,1096,1137,1179,1143,378,535,386,434,548,412,275,248,1050,481,54,54,0,0,0,0,0,0,0,54,0,21,33,0,0,0,0,0,0,0,0,0,0,0,0,0,0,0,0,0,0,0,402,144,114,0,0,0,114,0,0,12,0,3,9,18,0,0,0,0,0,0,258,226,0,0,0,32,18,0,3,0,11,0,25,23,2,0,0,0,2,0,0,0,0,0,0,21,0,0,0,0,0,0,2,0,0,0,0,2,0,0,0,0,2,0,569,13,7,0,0,0,0,0,0,0,7,0,6,1,0,0,0,0,0,0,0,6,2,0,0,0,4,0,0,0,0,0,4,496,30,20,0,0,0,20,0,0,1,0,0,1,9,0,0,0,0,0,0,466,450,0,0,0,16,1,0,9,0,2,4,60,60,0,0,0,0,0,0,0,0,0,0,0,60,0,0,0,0,0,0,0,0,0,0,0,0,0,0,0,0,0,0
"G4900230","2010","UT","4","8","Utah","49","Juab County","023",,,,,,,,,,,,,,,"39340","99999","999",,,,,,,,,,,,,,,,,"8785958124","36571957","Juab County","A","+39.7108265","-112.7942622","06","1",,10246,5228,106,117,123,106,126,120,109,127,120,98,128,117,107,116,102,120,102,108,79,53,50,55,46,51,57,56,53,66,62,72,73,69,70,75,70,60,68,68,61,57,48,63,56,54,59,58,50,58,56,61,53,51,69,56,59,48,34,52,44,50,55,51,51,42,28,31,32,27,35,30,32,33,25,27,26,29,20,15,17,14,14,11,6,14,16,10,5,4,7,2,7,1,1,2,2,0,2,1,1,0,0,0,0,5018,91,106,100,83,99,83,98,101,105,102,110,102,100,104,90,109,108,94,91,43,48,42,55,55,53,52,59,68,50,72,78,76,77,72,68,48,61,63,70,88,68,56,38,59,49,46,63,63,57,57,53,48,46,47,65,46,58,52,49,60,34,64,47,47,28,29,43,32,27,35,27,25,32,23,16,21,22,16,17,21,18,25,8,18,13,10,15,11,6,7,6,3,5,3,4,2,2,1,1,0,0,0,0,10124,5154,578,574,568,311,129,50,51,153,303,349,309,278,279,286,224,105,119,63,90,140,92,59,44,4970,479,489,506,311,132,46,42,162,297,367,327,266,282,258,262,96,121,71,93,120,96,78,69,122,74,21,21,0,0,0,0,0,0,0,21,0,0,21,0,0,0,0,0,0,0,0,0,0,0,0,0,0,0,0,0,0,0,42,31,20,0,0,0,20,0,0,3,0,0,3,8,0,0,0,0,0,0,11,0,0,0,0,11,0,11,0,0,0,0,11,11,0,0,0,0,0,0,0,0,0,0,0,11,0,0,0,0,0,0,0,0,0,0,0,0,0,0,0,0,0,0,48,0,0,0,0,0,0,0,0,0,0,0,0,0,0,0,0,0,0,0,0,0,0,0,0,0,0,0,0,0,0,0,0,31,23,16,0,0,0,16,0,0,0,0,0,0,7,0,0,0,0,0,0,8,0,0,0,0,8,0,8,0,0,0,0,17,17,0,0,0,0,0,0,0,0,0,0,0,17,0,0,0,0,0,0,0,0,0,0,0,0,0,0,0,0,0,0
"G4900250","2010","UT","4","8","Utah","49","Kane County","025",,,,,,,,,,,,,,,"99999","99999","999",,,,,,,,,,,,,,,,,"10334644139","306367710","Kane County","A","+37.2751183","-111.8154127","06","9",,7125,3521,48,49,42,43,56,64,48,51,41,47,52,48,54,50,42,52,52,54,55,39,40,33,22,29,35,26,27,45,31,36,57,33,37,43,37,25,25,29,27,44,41,28,30,24,42,37,46,41,62,37,45,44,45,47,40,52,68,53,63,51,63,60,61,66,35,49,52,56,48,40,42,46,41,29,37,27,25,18,23,15,19,15,20,13,10,5,12,3,5,6,6,7,0,2,1,0,0,0,0,0,0,0,0,3604,55,51,43,58,51,59,34,44,46,37,44,52,31,41,53,48,39,50,64,18,17,29,27,31,30,43,41,30,45,32,43,37,40,31,33,36,35,27,39,38,36,35,26,36,38,45,45,50,55,47,59,49,57,45,55,67,64,82,57,51,70,61,69,49,38,62,77,50,43,52,39,33,19,23,34,28,16,24,13,25,20,21,16,14,25,15,9,8,6,11,8,10,3,1,2,4,0,3,1,0,1,0,0,7025,3463,238,251,246,157,92,39,30,71,148,200,148,165,221,218,287,121,161,101,144,195,108,75,47,3562,258,220,221,137,56,17,29,86,189,184,175,171,242,265,320,131,156,139,143,148,106,95,74,100,58,1,1,0,0,0,0,0,0,0,0,0,0,0,0,1,0,0,0,0,1,0,0,0,0,0,0,0,0,0,0,0,0,55,55,20,0,0,0,20,0,0,0,0,0,0,1,34,0,0,0,0,34,0,0,0,0,0,0,0,0,0,0,0,0,2,2,0,0,0,0,0,0,0,0,0,0,0,2,0,0,0,0,0,0,0,0,0,0,0,0,0,0,0,0,0,0,42,0,0,0,0,0,0,0,0,0,0,0,0,0,0,0,0,0,0,0,0,0,0,0,0,0,0,0,0,0,0,0,0,31,31,2,0,0,0,2,0,0,0,0,0,0,0,29,0,0,0,0,29,0,0,0,0,0,0,0,0,0,0,0,0,11,11,0,0,0,0,0,0,0,0,0,0,0,11,0,0,0,0,0,0,0,0,0,0,0,0,0,0,0,0,0,0
"G4900270","2010","UT","4","8","Utah","49","Millard County","027",,,,,,,,,,,,,,,"99999","99999","999",,,,,,,,,,,,,,,,,"17022500900","661655253","Millard County","A","+39.0945404","-113.5250141","06","9",,12503,6367,114,119,107,119,106,106,106,99,115,110,119,110,116,125,123,125,121,140,103,81,74,78,51,52,59,60,71,90,68,91,78,83,74,76,62,81,62,82,73,59,68,56,55,46,59,66,70,78,67,88,78,85,95,97,92,64,89,83,76,71,78,75,83,54,50,50,72,54,70,42,51,30,42,45,37,36,29,27,21,23,27,30,24,22,20,20,12,8,7,11,10,12,3,7,5,7,2,0,0,0,0,0,0,6136,117,110,102,113,99,116,110,108,117,89,114,113,113,100,97,129,126,108,91,31,44,44,54,71,64,67,71,66,70,65,69,73,89,77,68,57,63,67,59,70,59,62,62,59,63,63,74,81,77,100,76,95,88,88,63,74,107,69,60,74,58,71,62,73,53,58,69,50,53,42,36,40,47,36,26,39,35,29,37,32,36,38,28,24,32,20,28,13,18,10,16,8,3,5,3,1,1,0,0,1,0,0,0,12381,6292,565,536,591,363,181,71,76,162,375,368,357,283,367,444,382,153,187,122,163,201,135,117,93,6089,541,540,537,362,122,43,44,188,339,375,316,305,395,409,382,128,185,125,144,182,165,147,115,122,75,25,25,0,0,0,0,0,0,0,25,0,25,0,0,0,0,0,0,0,0,0,0,0,0,0,0,0,0,0,0,0,0,25,18,16,0,0,0,16,0,0,2,0,2,0,0,0,0,0,0,0,0,7,0,0,0,0,7,0,3,0,0,4,0,25,19,0,0,0,0,0,0,0,0,0,0,0,19,0,0,0,0,0,0,6,0,0,0,0,6,0,6,0,0,0,0,47,1,1,0,0,0,0,0,0,0,1,0,1,0,0,0,0,0,0,0,0,0,0,0,0,0,0,0,0,0,0,0,0,10,10,2,0,0,0,2,0,0,0,0,0,0,8,0,0,0,0,0,0,0,0,0,0,0,0,0,0,0,0,0,0,36,31,0,0,0,0,0,0,0,0,0,0,0,31,0,0,0,0,0,0,5,0,0,0,0,5,0,5,0,0,0,0
"G4900290","2010","UT","4","8","Utah","49","Morgan County","029",,,,,,,,,,,,,,,"36260","99999","482",,,,,,,,,,,,,,,,,"1577810469","4427355","Morgan County","A","+41.0910273","-111.5778846","06","1",,9469,4771,91,84,102,105,81,97,104,96,99,108,87,110,92,96,92,97,100,89,80,62,56,33,54,50,39,47,40,51,45,46,43,50,53,70,52,62,54,59,58,51,66,49,45,64,46,63,54,54,66,77,79,64,70,49,75,82,52,59,46,42,34,37,53,46,29,26,38,42,35,25,31,36,16,19,32,28,23,12,15,18,12,12,12,11,6,7,7,1,4,4,6,2,1,0,1,1,1,1,0,0,0,0,0,4698,85,78,89,92,97,97,81,90,94,78,88,94,88,99,96,76,94,103,76,56,45,47,30,37,47,53,40,56,62,46,43,47,64,75,60,68,65,57,65,69,59,62,48,61,58,51,71,68,56,69,56,58,52,59,56,55,66,54,51,43,46,40,48,41,31,31,36,58,30,29,32,24,22,22,24,17,17,24,16,14,18,15,8,10,9,12,6,5,10,3,5,4,4,0,0,1,2,0,3,0,1,0,0,9469,4771,463,504,477,286,142,56,33,143,229,268,284,270,314,337,281,71,128,64,102,134,96,53,36,4698,441,440,465,273,132,45,47,114,257,289,324,288,315,281,269,86,120,67,117,124,88,60,56,0,0,0,0,0,0,0,0,0,0,0,0,0,0,0,0,0,0,0,0,0,0,0,0,0,0,0,0,0,0,0,0,0,0,0,0,0,0,0,0,0,0,0,0,0,0,0,0,0,0,0,0,0,0,0,0,0,0,0,0,0,0,0,0,0,0,0,0,0,0,0,0,0,0,0,0,0,0,0,0,0,0,0,0,0,0,0,0,0,0,0,0,0,0,0,0,0,0,0,0,0,0,0,0,0,0,0,0,0,0,0,0,0,0,0,0,0,0,0,0,0,0,0,0,0,0,0,0,0,0,0,0,0,0,0,0,0,0,0,0,0,0,0,0,0,0,0,0,0,0,0,0,0,0,0,0,0,0,0,0,0,0,0,0,0,0,0,0,0,0,0,0,0,0,0,0,0,0,0,0,0,0,0,0,0,0,0,0,0,0,0,0,0,0,0
"G4900310","2010","UT","4","8","Utah","49","Piute County","031",,,,,,,,,,,,,,,"99999","99999","999",,,,,,,,,,,,,,,,,"1962668913","20528115","Piute County","A","+38.3358805","-112.1293755","06","9",,1556,796,9,4,12,16,11,9,19,14,11,18,16,13,13,27,17,17,14,13,11,7,4,7,4,5,8,7,9,4,5,11,6,9,7,7,10,10,6,13,4,4,10,3,7,8,7,10,10,8,7,14,7,11,8,14,9,10,5,8,12,7,13,9,9,11,10,9,15,8,11,8,13,6,13,3,9,9,2,9,3,4,5,6,6,5,3,0,1,3,1,1,0,5,0,0,0,0,0,0,0,0,0,0,0,760,10,13,14,14,7,16,15,12,12,7,19,6,11,11,13,10,13,12,10,6,5,3,3,2,5,8,6,4,9,9,7,8,6,6,10,8,10,5,8,6,7,6,6,4,5,11,7,10,3,5,16,6,11,12,5,10,10,14,13,14,13,12,14,6,7,18,10,14,6,12,10,13,6,11,6,3,5,6,2,11,4,9,3,1,2,1,0,7,2,1,1,2,1,3,0,3,0,0,0,1,0,0,0,1519,759,52,70,65,31,16,4,7,17,36,39,37,35,49,49,42,22,30,24,27,44,27,25,11,760,58,62,60,35,16,5,3,10,36,37,37,28,36,50,61,25,27,28,32,46,27,19,22,37,37,35,35,0,0,0,0,0,0,0,35,0,17,18,0,0,0,0,0,0,0,0,0,0,0,0,0,0,0,0,0,0,0,2,2,0,0,0,0,0,0,0,2,0,0,2,0,0,0,0,0,0,0,0,0,0,0,0,0,0,0,0,0,0,0,0,0,0,0,0,0,0,0,0,0,0,0,0,0,0,0,0,0,0,0,0,0,0,0,0,0,0,0,0,0,0,0,0,0,0,0,0,0,0,0,0,0,0,0,0,0,0,0,0,0,0,0,0,0,0,0,0,0,0,0,0,0,0,0,0,0,0,0,0,0,0,0,0,0,0,0,0,0,0,0,0,0,0,0,0,0,0,0,0,0,0,0,0,0,0,0,0,0,0,0,0,0,0,0,0,0,0,0,0,0,0,0,0,0,0,0,0,0,0,0,0,0,0,0,0,0,0,0,0
"G4900330","2010","UT","4","8","Utah","49","Rich County","033",,,,,,,,,,,,,,,"99999","99999","999",,,,,,,,,,,,,,,,,"2664514120","149136058","Rich County","A","+41.6275976","-111.2402269","06","9",,2264,1170,25,16,19,25,31,19,27,22,13,15,23,18,17,22,19,11,20,21,16,6,13,10,13,10,12,9,21,12,17,9,20,13,18,11,14,20,17,11,13,6,8,11,10,10,13,12,11,14,10,19,11,9,15,20,19,14,20,12,27,10,5,15,14,15,8,10,20,11,15,8,8,12,9,9,8,11,5,11,8,6,5,4,5,4,0,2,2,3,1,1,2,1,1,0,0,1,0,1,0,0,0,0,0,1094,21,19,18,22,22,19,29,22,19,15,17,17,18,18,15,22,17,11,11,12,6,12,9,9,12,13,11,13,20,11,16,16,15,14,11,9,14,17,8,10,12,4,16,13,8,12,13,18,8,8,13,14,9,20,15,16,13,15,20,8,17,17,11,14,11,11,10,12,19,11,10,4,5,2,10,7,4,5,3,2,9,5,5,4,0,3,3,4,2,3,3,0,1,1,1,0,0,0,0,0,0,0,0,2263,1169,116,96,99,52,22,12,10,35,68,76,67,52,66,74,83,20,37,30,34,46,41,18,15,1094,102,104,85,50,23,6,12,30,68,72,58,53,59,71,72,34,36,21,42,31,21,23,21,1,1,0,0,0,0,0,0,0,0,0,0,0,0,0,0,0,0,0,0,0,0,0,0,0,0,0,0,0,0,0,0,0,0,1,1,1,0,0,0,1,0,0,0,0,0,0,0,0,0,0,0,0,0,0,0,0,0,0,0,0,0,0,0,0,0,0,0,0,0,0,0,0,0,0,0,0,0,0,0,0,0,0,0,0,0,0,0,0,0,0,0,0,0,0,0,0,0,0,0,0,0,0,0,0,0,0,0,0,0,0,0,0,0,0,0,0,0,0,0,0,0,0,0,0,0,0,0,0,0,0,0,0,0,0,0,0,0,0,0,0,0,0,0,0,0,0,0,0,0,0,0,0,0,0,0,0,0,0,0,0,0,0,0,0,0,0,0,0,0,0,0,0,0,0,0,0,0,0,0,0,0,0,0,0,0,0,0,0,0,0,0,0,0,0
"G4900350","2010","UT","4","8","Utah","49","Salt Lake County","035",,,,,,,,,,,,,,,"41620","99999","482",,,,,,,,,,,,,,,,,"1922501205","168569885","Salt Lake County","A","+40.6678820","-111.9242439","06","1",,1029655,517881,9161,9262,9387,9401,9074,8914,8733,8745,8602,8562,8590,8072,8095,7812,7739,7809,7765,7851,7769,7314,7247,7976,8163,8389,8866,9178,9038,9480,9435,9520,9718,8962,9029,8599,8148,7848,7273,7320,7246,7293,7404,6507,6369,6183,6023,6210,6208,6335,6317,6220,6409,5983,6026,5951,5922,5944,5594,5434,4977,4856,4576,4333,4408,4009,3033,3065,3002,2871,2573,2238,2171,1994,1854,1723,1627,1525,1392,1339,1269,1289,1162,1141,1055,929,932,754,688,555,527,409,306,243,218,122,108,57,56,25,20,11,14,1,0,511774,8817,8883,8847,8710,8564,8525,8536,8480,8117,8315,8141,7719,7542,7580,7493,7311,7298,7329,7224,7103,7495,7365,7883,8112,8408,8553,8629,8971,9061,9019,9070,8532,8635,8103,7541,7401,6998,6928,6829,6903,6760,6249,5929,5729,5806,5977,6091,6449,6212,6431,6451,6196,6147,5920,5987,5797,5640,5553,5127,4998,4835,4385,4594,4175,3264,3320,3354,3185,2803,2604,2557,2250,2209,2056,2039,1953,1784,1762,1665,1648,1621,1505,1480,1389,1311,1322,1098,935,889,768,586,478,424,326,244,172,133,90,44,45,49,4,0,1015649,508289,46213,43519,40214,23101,14224,6932,7677,24708,45497,43441,36166,31654,30411,29621,26319,8756,11293,5979,7597,9257,6706,5079,3925,507360,43758,41938,38408,21772,13544,7294,7246,24202,43897,41625,34805,30272,30979,30545,26974,9181,11977,6629,8534,11000,8664,7049,7067,14006,9592,527,388,10,0,0,3,7,0,0,378,11,210,157,0,0,0,0,0,0,0,139,5,0,0,0,134,4,0,0,0,5,125,8343,5762,5294,0,0,3214,1866,214,0,44,2,2,40,424,0,0,0,0,0,0,2581,1047,0,0,0,1534,30,263,305,0,118,818,722,683,104,0,0,95,7,2,0,0,0,0,0,575,4,0,0,4,0,0,39,0,0,0,0,39,2,11,9,0,0,17,4414,331,210,1,0,0,0,1,0,0,209,6,166,37,0,0,0,0,0,0,0,121,16,0,0,0,105,3,0,0,0,0,102,2924,1264,916,0,0,488,368,60,0,15,5,9,1,333,0,0,0,0,0,0,1660,1044,0,0,0,616,30,68,214,0,41,263,1159,1113,2,0,0,2,0,0,0,0,0,0,0,1100,11,0,0,11,0,0,46,0,0,0,0,46,0,11,20,0,7,8
"G4900370","2010","UT","4","8","Utah","49","San Juan County","037",,,,,,,,,,,,,,,"99999","99999","999",,,,,,,,,,,,,,,,,"20253675635","293096059","San Juan County","A","+37.6230637","-109.7893204","06","9",,14746,7403,126,141,152,163,131,141,135,142,125,133,159,141,154,165,135,146,140,158,153,112,112,116,100,101,90,89,89,86,94,83,80,81,117,80,80,83,83,89,86,97,90,86,93,61,89,79,98,88,98,90,90,79,69,80,93,72,73,98,61,58,66,67,74,71,58,58,58,45,55,42,52,39,37,38,32,28,26,22,27,27,22,13,13,14,11,18,21,8,8,6,3,1,2,2,0,1,0,1,2,0,2,0,0,7343,132,131,133,124,114,148,149,132,127,129,137,123,127,147,127,157,148,145,115,126,101,92,93,92,90,93,92,94,83,80,99,69,87,78,91,98,84,86,91,94,64,60,79,65,81,99,94,71,99,95,88,97,91,111,94,81,72,74,97,68,79,63,70,68,59,67,45,74,45,54,43,46,37,49,33,33,31,33,26,22,37,32,25,18,15,19,9,15,10,10,6,8,6,1,2,3,2,6,2,1,0,1,0,14457,7235,711,673,754,444,250,104,112,274,414,417,428,403,439,404,357,132,202,116,141,194,126,71,69,7222,633,685,661,447,212,91,87,267,434,420,450,348,447,481,389,141,195,111,171,206,141,118,87,289,168,5,0,0,0,0,0,0,0,0,0,0,0,0,0,0,0,0,0,0,0,5,0,0,0,0,5,5,0,0,0,0,0,146,95,81,0,0,0,81,0,0,0,0,0,0,3,11,0,0,11,0,0,51,26,0,0,0,25,3,0,2,0,20,0,17,17,0,0,0,0,0,0,0,0,0,0,0,17,0,0,0,0,0,0,0,0,0,0,0,0,0,0,0,0,0,0,121,4,0,0,0,0,0,0,0,0,0,0,0,0,0,0,0,0,0,0,0,4,0,0,0,0,4,1,0,2,0,1,0,85,14,3,0,0,0,3,0,0,0,0,0,0,8,3,0,0,3,0,0,71,49,0,0,0,22,3,0,0,0,12,7,32,32,0,0,0,0,0,0,0,0,0,0,0,32,0,0,0,0,0,0,0,0,0,0,0,0,0,0,0,0,0,0
"G4900390","2010","UT","4","8","Utah","49","Sanpete County","039",,,,,,,,,,,,,,,"99999","99999","999",,,,,,,,,,,,,,,,,"4118475669","32075864","Sanpete County","A","+39.3805876","-111.5704510","06","9",,27822,14558,196,226,219,241,244,235,254,229,236,254,258,232,222,244,218,270,255,281,433,384,244,314,296,230,243,185,186,211,194,164,210,229,183,215,183,176,198,183,215,158,167,165,143,154,147,167,167,142,170,179,162,150,170,130,144,141,145,154,128,135,150,134,112,129,102,107,105,109,109,102,87,83,81,80,77,67,53,58,53,37,54,45,41,34,36,18,15,17,17,10,11,6,7,1,2,0,0,1,0,0,0,0,0,13264,187,224,204,240,238,255,229,195,242,209,214,214,237,197,208,214,272,248,547,670,407,200,168,130,144,150,134,142,149,140,141,147,162,162,164,136,125,123,138,124,122,124,115,116,116,111,122,138,132,149,127,119,117,126,147,130,145,130,128,132,137,130,137,128,82,112,114,115,100,98,98,80,85,76,87,67,64,49,42,51,53,55,37,42,36,32,30,27,24,21,14,11,17,10,8,8,4,1,3,0,3,0,0,25405,12556,1123,1206,1148,671,660,217,264,589,652,737,717,578,643,632,646,267,328,202,309,398,267,202,100,12849,1092,1129,1064,656,1054,356,190,418,700,769,642,589,649,633,665,265,347,225,312,424,266,214,190,2417,2002,166,88,0,0,0,0,0,0,0,88,20,49,19,0,0,0,0,0,0,0,78,1,0,0,0,77,0,0,0,0,77,0,1791,1582,1564,0,0,1482,82,0,0,14,0,9,5,4,0,0,0,0,0,0,209,142,0,0,0,67,0,0,19,0,48,0,45,45,29,0,0,29,0,0,0,0,0,0,0,16,0,0,0,0,0,0,0,0,0,0,0,0,0,0,0,0,0,0,415,86,27,0,0,0,0,0,0,0,27,0,27,0,0,0,0,0,0,0,0,59,22,0,0,0,37,0,0,0,0,37,0,286,13,8,0,0,1,7,0,0,1,0,1,0,4,0,0,0,0,0,0,273,230,0,0,0,43,0,0,11,0,32,0,43,43,0,0,0,0,0,0,0,0,0,0,0,43,0,0,0,0,0,0,0,0,0,0,0,0,0,0,0,0,0,0
"G4900410","2010","UT","4","8","Utah","49","Sevier County","041",,,,,,,,,,,,,,,"99999","99999","999",,,,,,,,,,,,,,,,,"4948372346","20259931","Sevier County","A","+38.7468245","-111.8119299","06","9",,20802,10494,174,192,192,185,201,194,195,178,199,183,194,178,186,207,178,187,186,221,175,119,117,102,106,102,91,125,114,145,137,144,158,156,154,167,131,130,127,112,118,113,110,94,101,109,92,102,103,128,110,150,128,133,99,125,127,121,114,112,122,94,101,102,102,107,66,88,109,95,88,85,87,88,78,54,84,59,54,59,59,38,45,46,39,29,33,17,29,19,15,11,14,4,11,16,4,8,0,2,0,2,0,0,0,10308,174,155,172,192,182,187,201,191,175,175,192,179,177,150,188,153,173,154,151,100,108,106,114,107,123,125,130,141,130,149,159,140,146,128,129,112,118,104,112,97,119,76,80,100,105,110,145,126,149,137,109,135,123,117,106,127,124,94,110,124,108,95,106,137,100,97,90,96,91,83,81,89,75,67,63,48,76,65,51,53,52,51,36,40,34,36,36,19,13,22,18,14,13,6,17,6,4,1,2,0,2,0,0,20501,10304,944,949,934,552,285,117,98,296,643,748,580,498,581,600,559,203,275,197,266,387,266,184,142,10197,875,929,878,461,249,108,106,342,670,700,540,474,660,588,578,202,342,187,270,373,283,207,175,301,190,51,51,0,0,0,0,0,0,0,51,0,41,10,0,0,0,0,0,0,0,0,0,0,0,0,0,0,0,0,0,0,0,112,98,93,0,0,0,93,0,0,4,0,4,0,1,0,0,0,0,0,0,14,0,0,0,0,14,0,13,0,0,1,0,27,27,0,0,0,0,0,0,0,0,0,0,0,27,0,0,0,0,0,0,0,0,0,0,0,0,0,0,0,0,0,0,111,27,27,0,0,0,0,0,0,0,27,0,26,1,0,0,0,0,0,0,0,0,0,0,0,0,0,0,0,0,0,0,0,32,12,6,0,0,0,6,0,0,0,0,0,0,6,0,0,0,0,0,0,20,0,0,0,0,20,0,12,0,0,0,8,52,52,0,0,0,0,0,0,0,0,0,0,0,52,0,0,0,0,0,0,0,0,0,0,0,0,0,0,0,0,0,0
"G4900430","2010","UT","4","8","Utah","49","Summit County","043",,,,,,,,,,,,,,,"41620","99999","482",,,,,,,,,,,,,,,,,"4847710464","26571027","Summit County","A","+40.8720603","-110.9684862","06","1",,36324,18724,241,219,248,263,258,267,321,292,301,303,317,310,334,271,305,346,307,313,274,181,181,165,199,228,221,270,236,218,184,227,229,223,247,241,239,274,248,242,259,281,329,261,269,292,264,311,324,331,315,319,305,339,348,313,319,296,287,295,239,240,237,206,205,208,139,155,155,170,117,109,89,87,60,60,55,61,45,40,31,27,32,25,27,24,16,10,5,10,8,4,11,6,3,1,3,3,0,0,1,0,0,0,0,17600,234,237,244,254,270,248,251,294,314,282,283,263,287,287,286,270,269,281,205,120,126,123,168,212,223,211,190,188,217,217,228,201,222,236,205,231,221,268,269,277,291,298,272,314,293,330,341,330,298,326,334,325,325,304,293,285,291,259,225,210,220,198,183,176,149,147,124,124,98,91,74,83,44,52,51,49,43,29,41,33,39,18,23,15,15,17,16,15,13,13,11,9,7,2,9,5,6,0,2,0,0,0,0,36208,18633,1229,1484,1537,966,455,180,161,636,1120,1172,1288,1409,1587,1618,1353,441,547,310,396,351,204,124,65,17575,1239,1389,1406,820,323,126,122,597,1019,1088,1265,1465,1624,1581,1269,418,508,269,313,304,195,110,125,116,91,0,0,0,0,0,0,0,0,0,0,0,0,0,0,0,0,0,0,0,0,0,0,0,0,0,0,0,0,0,0,0,0,91,57,57,0,0,0,57,0,0,0,0,0,0,0,0,0,0,0,0,0,34,0,0,0,0,34,0,0,0,0,34,0,0,0,0,0,0,0,0,0,0,0,0,0,0,0,0,0,0,0,0,0,0,0,0,0,0,0,0,0,0,0,0,0,25,0,0,0,0,0,0,0,0,0,0,0,0,0,0,0,0,0,0,0,0,0,0,0,0,0,0,0,0,0,0,0,0,23,11,11,0,0,0,11,0,0,0,0,0,0,0,0,0,0,0,0,0,12,0,0,0,0,12,0,0,0,0,9,3,2,2,2,0,0,0,2,0,0,0,0,0,0,0,0,0,0,0,0,0,0,0,0,0,0,0,0,0,0,0,0,0
"G4900450","2010","UT","4","8","Utah","49","Tooele County","045",,,,,,,,,,,,,,,"41620","99999","482",,,,,,,,,,,,,,,,,"17978017875","892840669","Tooele County","A","+40.4676916","-113.1240153","06","1",,58218,29327,581,574,628,652,615,604,666,676,613,656,625,578,602,599,547,532,508,508,416,337,306,278,283,345,286,333,332,386,405,476,434,465,482,485,443,451,438,448,470,461,435,407,390,351,330,358,333,376,360,344,318,297,325,364,313,303,323,268,261,237,241,226,242,224,167,157,160,160,134,129,123,114,118,86,68,76,80,66,67,70,57,56,46,41,40,38,18,24,24,16,16,9,5,5,2,1,1,1,0,1,1,0,0,28891,542,552,590,633,597,614,607,584,580,612,625,571,580,532,519,535,526,455,421,316,262,264,306,305,345,357,359,447,452,465,510,473,478,472,471,485,442,440,450,455,374,361,364,325,308,329,325,334,332,327,315,296,298,333,336,269,256,246,291,232,248,243,227,186,138,167,170,151,153,125,124,127,113,97,88,109,84,85,92,79,78,83,59,49,47,51,42,42,40,27,21,21,12,11,7,4,4,1,2,2,2,0,0,57863,29147,3050,3215,2951,1548,742,298,274,887,1908,2288,2258,1904,1760,1604,1382,467,630,316,422,507,352,229,155,28716,2914,2997,2819,1481,735,259,263,949,2072,2403,2260,1725,1644,1576,1293,490,551,333,427,548,441,295,241,355,180,0,0,0,0,0,0,0,0,0,0,0,0,0,0,0,0,0,0,0,0,0,0,0,0,0,0,0,0,0,0,0,0,151,103,103,0,0,0,103,0,0,0,0,0,0,0,0,0,0,0,0,0,48,0,31,31,0,17,0,0,0,0,0,17,29,23,0,0,0,0,0,0,0,0,0,0,0,23,0,0,0,0,0,0,6,0,0,0,0,6,0,0,0,0,6,0,175,43,43,0,0,0,0,0,0,0,43,0,43,0,0,0,0,0,0,0,0,0,0,0,0,0,0,0,0,0,0,0,0,48,37,31,0,0,0,31,0,0,1,0,1,0,5,0,0,0,0,0,0,11,0,4,4,0,7,0,0,0,0,0,7,84,75,0,0,0,0,0,0,0,0,0,0,0,75,0,0,0,0,0,0,9,0,0,0,0,9,0,0,0,0,9,0
"G4900470","2010","UT","4","8","Utah","49","Uintah County","047",,,,,,,,,,,,,,,"46860","99999","999",,,,,,,,,,,,,,,,,"11602350635","56186719","Uintah County","A","+40.1258872","-109.5177482","06","2",,32588,16569,357,334,358,363,357,335,334,337,331,287,284,292,281,292,233,260,269,286,247,226,207,224,245,236,230,263,276,338,280,270,290,253,288,257,238,222,211,177,187,220,211,184,167,184,113,171,170,173,204,202,204,209,188,202,170,172,186,156,166,152,140,130,146,133,93,102,89,106,77,64,79,65,66,55,73,57,65,51,38,44,40,47,49,41,27,23,24,21,13,12,9,11,7,6,2,1,2,0,1,0,1,0,0,16019,325,355,314,361,333,338,318,310,282,278,287,283,219,248,268,260,228,260,232,205,203,220,199,225,245,279,264,279,264,252,249,245,238,245,232,229,173,170,193,182,176,151,153,142,154,180,196,185,185,206,176,193,221,195,178,181,168,153,161,136,132,150,108,138,82,107,108,88,82,106,69,96,104,58,75,69,65,58,62,63,49,52,35,41,38,35,34,15,32,15,23,15,9,9,2,6,4,1,1,3,0,0,0,32396,16454,1769,1624,1381,814,468,202,220,701,1404,1305,1008,854,912,971,830,270,372,189,246,335,250,202,127,15942,1688,1526,1305,748,435,203,219,668,1331,1207,946,775,950,961,798,282,325,215,276,398,312,201,173,192,115,2,1,1,0,0,0,1,0,0,0,0,0,0,0,0,0,0,0,0,0,1,0,0,0,0,1,1,0,0,0,0,0,94,88,88,0,0,0,88,0,0,0,0,0,0,0,0,0,0,0,0,0,6,1,0,0,0,5,5,0,0,0,0,0,19,19,0,0,0,0,0,0,0,0,0,0,0,19,0,0,0,0,0,0,0,0,0,0,0,0,0,0,0,0,0,0,77,0,0,0,0,0,0,0,0,0,0,0,0,0,0,0,0,0,0,0,0,0,0,0,0,0,0,0,0,0,0,0,0,23,17,9,0,0,0,9,0,0,0,0,0,0,8,0,0,0,0,0,0,6,2,0,0,0,4,4,0,0,0,0,0,54,54,0,0,0,0,0,0,0,0,0,0,0,54,0,0,0,0,0,0,0,0,0,0,0,0,0,0,0,0,0,0
"G4900490","2010","UT","4","8","Utah","49","Utah County","049",,,,,,,,,,,,,,,"39340","99999","999",,,,,,,,,,,,,,,,,"5188922666","364307082","Utah County","A","+40.1204090","-111.6686673","06","1",,516564,258761,6148,6045,6115,5930,5694,5690,5435,5469,5221,5194,5129,4850,4685,4586,4418,4406,4227,4171,5262,5374,3272,5282,6674,6709,6653,5885,5144,4900,4651,4450,4332,4302,4131,4070,3753,3546,3194,3097,3035,3012,2794,2582,2570,2496,2376,2313,2220,2338,2282,2140,2152,2093,2056,1986,1912,1881,1826,1681,1705,1424,1501,1440,1407,1316,1107,1101,1113,1013,899,851,800,740,743,728,652,682,609,539,545,490,477,449,412,370,322,263,231,199,183,166,117,89,78,56,38,26,16,8,8,3,6,0,0,257803,5829,5853,5664,5627,5457,5417,5143,5197,4905,4911,4867,4770,4362,4324,4057,4089,3981,4111,5432,7105,6704,6689,5641,5545,5241,4792,4421,4509,4277,4426,4343,4127,4056,3790,3743,3365,3105,3054,2864,2876,2876,2539,2465,2402,2153,2270,2190,2300,2130,2250,2180,2220,2143,2137,1966,1958,1900,1852,1642,1617,1657,1567,1510,1524,1251,1165,1272,1249,1061,929,908,861,809,780,813,765,682,684,661,648,571,560,482,483,425,408,416,315,300,260,236,156,129,111,90,55,53,33,23,18,23,1,0,502652,251138,29917,26991,23552,12463,7441,2887,4732,18621,24508,20382,15737,12669,11181,10103,8438,2914,3796,2193,2743,3614,2841,1991,1424,251514,28399,25560,22298,11863,9440,6122,6174,15933,22226,19970,15207,12379,11072,10569,8914,3200,4247,2405,3196,4121,3385,2429,2405,13912,7623,490,442,0,0,0,0,0,0,0,399,7,316,76,0,43,0,42,0,0,1,48,23,0,0,0,25,5,0,0,0,2,18,6917,1031,612,0,0,0,601,11,0,34,0,15,19,166,219,1,169,0,0,49,5886,4111,0,0,0,1775,8,24,59,0,185,1499,216,163,0,0,0,0,0,0,0,0,0,0,0,157,6,0,6,0,0,0,53,0,0,0,0,53,1,0,6,0,31,15,6289,444,379,0,0,0,0,0,0,0,346,9,299,38,0,33,16,17,0,0,0,65,34,0,0,0,31,7,1,0,0,5,18,5351,397,132,0,0,0,131,1,0,31,1,8,22,121,113,23,87,0,0,3,4954,4396,0,0,0,558,10,21,60,0,102,365,494,370,0,0,0,0,0,0,0,0,0,0,0,363,7,0,7,0,0,0,124,0,0,0,0,124,0,0,16,0,93,15
"G4900510","2010","UT","4","8","Utah","49","Wasatch County","051",,,,,,,,,,,,,,,"25720","99999","482",,,,,,,,,,,,,,,,,"3044533262","78953594","Wasatch County","A","+40.3348838","-111.1615683","06","2",,23530,11962,220,232,237,255,249,230,277,246,229,236,239,219,209,226,209,226,194,196,153,142,121,139,118,134,134,133,144,161,146,129,151,164,198,176,191,177,183,185,184,209,164,157,153,133,153,129,151,156,162,163,149,119,158,149,168,114,117,136,122,101,113,109,103,99,75,97,74,94,63,60,61,50,51,42,43,44,34,33,26,43,37,23,27,17,18,16,15,7,7,4,6,3,4,0,3,2,1,1,0,0,2,0,0,11568,239,219,253,204,226,228,229,225,233,237,198,225,217,197,187,191,175,168,133,137,119,95,115,128,124,125,131,161,177,146,177,183,200,202,206,180,167,173,170,164,148,155,155,148,143,125,138,131,146,129,162,147,141,159,129,124,111,150,113,111,106,104,125,97,98,68,98,67,69,60,59,47,47,53,37,38,48,27,35,36,28,19,34,20,28,18,8,14,9,5,11,5,5,5,2,1,3,2,3,0,0,0,0,23280,11841,1193,1218,1102,612,289,113,134,372,701,867,924,746,750,735,590,222,275,171,214,246,176,122,69,11439,1141,1152,1024,531,269,119,91,355,727,949,838,724,663,730,607,209,320,164,195,241,180,126,84,250,121,4,4,4,0,0,4,0,0,0,0,0,0,0,0,0,0,0,0,0,0,0,0,0,0,0,0,0,0,0,0,0,0,107,107,104,0,0,75,29,0,0,0,0,0,0,3,0,0,0,0,0,0,0,0,0,0,0,0,0,0,0,0,0,0,10,10,5,0,0,5,0,0,0,0,0,0,0,5,0,0,0,0,0,0,0,0,0,0,0,0,0,0,0,0,0,0,129,3,3,3,0,0,3,0,0,0,0,0,0,0,0,0,0,0,0,0,0,0,0,0,0,0,0,0,0,0,0,0,0,107,102,100,0,0,55,45,0,0,0,0,0,0,2,0,0,0,0,0,0,5,0,0,0,0,5,0,5,0,0,0,0,19,19,3,0,0,3,0,0,0,0,0,0,0,16,0,0,0,0,0,0,0,0,0,0,0,0,0,0,0,0,0,0
"G4900530","2010","UT","4","8","Utah","49","Washington County","053",,,,,,,,,,,,,,,"41100","99999","999",,,,,,,,,,,,,,,,,"6284236933","9307859","Washington County","A","+37.2625308","-113.4878003","06","1",,138115,68292,1256,1266,1294,1361,1248,1270,1248,1215,1159,1161,1237,1134,1158,1121,1090,1099,1096,1094,1048,930,863,893,903,924,954,919,874,967,988,951,1027,924,893,862,808,753,718,688,716,726,681,687,677,625,596,603,641,669,615,662,658,627,675,627,633,624,634,647,604,618,637,726,723,691,619,584,704,702,614,658,525,618,589,550,538,563,480,476,436,454,406,375,307,266,286,211,194,154,134,121,93,62,49,33,30,20,10,5,5,2,2,1,0,69823,1121,1220,1249,1179,1216,1162,1208,1192,1193,1085,1112,1116,1048,970,1001,999,1036,1072,1094,1190,969,878,896,912,939,917,869,943,952,950,932,821,838,820,765,775,735,695,706,700,696,683,672,617,597,666,671,688,671,695,795,708,732,684,712,790,713,729,749,709,744,805,786,837,630,771,768,763,653,681,646,675,618,607,528,508,488,498,469,408,434,368,338,341,287,288,259,192,216,137,150,121,94,84,56,36,33,24,8,6,15,1,0,136262,67193,6421,6052,5678,3003,1851,834,865,2712,4598,4438,3554,3212,3157,3184,3103,1354,2028,1285,1964,2804,2394,1612,1090,69069,5978,5837,5213,2941,2148,940,871,2722,4608,4156,3588,3251,3376,3617,3675,1540,2246,1530,2086,3054,2343,1732,1617,1853,1099,353,347,0,0,0,0,0,0,0,347,2,334,11,0,0,0,0,0,0,0,6,0,0,0,0,6,4,0,0,0,1,1,638,398,359,0,0,0,353,6,0,14,1,13,0,25,0,0,0,0,0,0,240,152,0,0,0,88,23,7,6,0,41,11,108,103,4,0,0,0,4,0,0,0,0,0,0,99,0,0,0,0,0,0,5,0,0,0,0,5,3,0,0,0,2,0,754,210,202,0,0,0,0,0,0,0,202,5,195,2,0,0,0,0,0,0,0,8,0,0,0,0,8,5,0,0,0,2,1,337,111,75,0,0,0,61,14,0,9,1,8,0,27,0,0,0,0,0,0,226,142,0,0,0,84,19,4,12,0,39,10,207,205,4,0,0,0,0,4,0,0,0,0,0,201,0,0,0,0,0,0,2,0,0,0,0,2,2,0,0,0,0,0
"G4900550","2010","UT","4","8","Utah","49","Wayne County","055",,,,,,,,,,,,,,,"99999","99999","999",,,,,,,,,,,,,,,,,"6373122094","15054792","Wayne County","A","+38.2612288","-110.9903225","06","9",,2778,1404,15,19,19,20,26,23,26,24,27,26,30,29,27,11,23,17,33,28,19,15,10,10,13,12,10,14,15,15,22,16,11,17,15,10,29,14,11,22,12,11,19,9,16,16,16,15,19,17,24,12,22,19,17,13,16,20,18,27,22,20,24,17,20,22,14,9,22,17,15,12,11,9,10,8,9,11,8,4,4,6,4,3,6,11,4,1,3,3,2,3,4,1,1,0,2,0,0,0,0,1,0,0,0,1374,23,21,20,20,17,30,35,25,25,21,24,14,29,23,28,20,20,20,16,8,7,9,9,11,11,11,12,14,17,21,22,14,20,12,15,21,20,16,21,16,13,7,11,15,13,9,22,14,17,20,16,20,24,20,24,13,11,14,26,22,15,18,15,21,15,14,19,8,15,11,14,9,10,9,7,8,8,8,5,9,5,3,5,9,5,7,8,8,5,1,1,1,3,2,0,2,2,0,0,0,0,0,0,2769,1397,99,126,120,78,31,10,10,33,81,81,70,76,87,87,107,41,56,31,44,47,33,28,21,1372,101,136,118,60,24,7,9,31,75,83,94,59,82,104,86,33,51,33,34,49,38,27,38,9,7,0,0,0,0,0,0,0,0,0,0,0,0,0,0,0,0,0,0,0,0,0,0,0,0,0,0,0,0,0,0,0,0,7,0,0,0,0,0,0,0,0,0,0,0,0,0,0,0,0,0,0,0,7,0,0,0,0,7,0,0,7,0,0,0,0,0,0,0,0,0,0,0,0,0,0,0,0,0,0,0,0,0,0,0,0,0,0,0,0,0,0,0,0,0,0,0,2,0,0,0,0,0,0,0,0,0,0,0,0,0,0,0,0,0,0,0,0,0,0,0,0,0,0,0,0,0,0,0,0,0,0,0,0,0,0,0,0,0,0,0,0,0,0,0,0,0,0,0,0,0,0,0,0,0,0,0,0,0,0,0,0,2,0,0,0,0,0,0,0,0,0,0,0,0,0,0,0,0,0,0,0,2,0,0,0,0,2,0,0,0,0,2,0
"G4900570","2010","UT","4","8","Utah","49","Weber County","057",,,,,,,,,,,,,,,"36260","99999","482",,,,,,,,,,,,,,,,,"1492050864","215752373","Weber County","A","+41.2703552","-111.8758787","06","1",,231236,116075,2136,2177,2101,2143,2124,2035,2021,1990,1939,2014,1962,1930,1880,1888,1798,1794,1742,1826,1851,1669,1656,1719,1689,1840,1859,1965,1954,2045,2014,1968,1902,1910,1863,1718,1641,1630,1548,1346,1457,1480,1363,1264,1255,1354,1248,1394,1398,1362,1471,1497,1475,1416,1438,1422,1315,1331,1293,1147,1114,1065,1040,983,1024,1012,719,736,758,697,612,559,509,515,515,457,453,441,415,379,400,375,319,316,270,258,281,213,217,149,161,133,77,72,53,44,28,15,14,6,1,1,2,0,0,115161,1993,2078,2116,2013,1956,1944,1957,1882,1926,1959,1830,1860,1805,1730,1695,1708,1610,1749,1704,1608,1780,1762,1702,1823,1806,1818,1789,1830,1865,1883,1790,1700,1736,1644,1565,1397,1472,1334,1456,1439,1396,1301,1209,1239,1270,1340,1388,1377,1489,1444,1426,1419,1390,1388,1434,1283,1234,1223,1185,1029,1070,1081,1046,1048,801,759,835,762,680,591,588,552,603,552,531,583,475,488,446,438,434,416,400,400,343,337,300,264,253,212,159,148,115,77,57,52,31,20,21,7,8,0,0,228727,114349,10670,9990,9436,5297,3412,1585,1661,5230,9701,8856,7321,6357,6998,6961,5879,2003,2728,1478,1847,2421,1990,1396,1132,114378,10151,9660,8909,5057,3267,1762,1743,5295,9128,8395,7056,6378,6998,7028,5927,2137,2871,1580,2010,2796,2384,1923,1923,2509,1726,107,82,1,0,0,0,1,0,0,81,10,34,37,0,0,0,0,0,0,0,25,0,0,0,0,25,12,0,0,0,0,13,1432,1038,931,0,0,0,779,152,0,12,4,4,4,95,0,0,0,0,0,0,394,133,0,0,0,261,108,64,24,0,1,64,187,163,7,0,0,0,5,2,0,0,0,0,0,156,0,0,0,0,0,0,24,0,0,0,0,24,4,4,0,0,0,16,783,34,17,0,0,0,0,0,0,0,17,5,0,12,0,0,0,0,0,0,0,17,0,0,0,0,17,9,0,0,0,0,8,428,223,141,0,0,0,141,0,0,1,0,0,1,81,0,0,0,0,0,0,205,78,0,0,0,127,39,36,24,0,0,28,321,305,0,0,0,0,0,0,0,0,0,0,0,305,0,0,0,0,0,0,16,0,0,0,0,16,3,7,0,0,0,6
"G5500010","2010","WI","2","3","Wisconsin","55","Adams County","001",,,,,,,,,,,,,,,"99999","99999","999",,,,,,,,,,,,,,,,,"1672214172","111125910","Adams County","A","+43.9737629","-089.7672232","06","9",,20875,11221,80,89,83,98,98,78,99,74,98,91,96,105,93,111,107,113,108,134,112,77,89,89,105,100,104,116,112,118,152,137,146,148,121,131,149,178,124,141,130,141,155,125,139,140,148,156,186,155,194,212,188,148,198,204,167,205,195,185,165,163,149,175,201,204,154,156,179,182,170,150,166,142,150,128,99,107,81,105,74,77,75,77,59,61,32,35,24,26,23,18,16,4,5,5,4,1,1,2,0,1,0,0,0,9654,86,75,80,68,92,90,90,93,81,95,95,102,105,108,97,120,87,102,121,85,68,54,66,73,92,58,80,63,74,80,69,71,85,71,72,83,91,75,91,102,86,124,97,93,111,147,139,144,162,167,162,158,164,150,180,178,169,171,156,168,175,160,184,189,166,165,175,199,158,160,127,113,124,134,118,120,78,69,67,87,62,67,77,58,48,41,41,20,32,23,24,23,19,8,7,9,5,2,1,3,0,0,0,19443,9863,448,440,512,354,181,82,65,229,375,372,492,536,786,843,879,316,547,332,493,679,441,302,159,9580,401,449,507,309,204,68,51,229,354,368,441,510,756,812,841,334,537,339,515,612,418,298,227,1432,1358,1,1,1,0,1,0,0,0,0,0,0,0,0,0,0,0,0,0,0,0,0,0,0,0,0,0,0,0,0,0,0,0,1328,1317,1310,0,1255,0,55,0,0,0,0,0,0,7,0,0,0,0,0,0,11,0,0,0,0,11,0,11,0,0,0,0,29,24,9,0,9,0,0,0,0,0,0,0,0,15,0,0,0,0,0,0,5,0,0,0,0,5,0,5,0,0,0,0,74,0,0,0,0,0,0,0,0,0,0,0,0,0,0,0,0,0,0,0,0,0,0,0,0,0,0,0,0,0,0,0,0,19,8,8,0,1,0,7,0,0,0,0,0,0,0,0,0,0,0,0,0,11,0,0,0,0,11,0,11,0,0,0,0,55,55,0,0,0,0,0,0,0,0,0,0,0,55,0,0,0,0,0,0,0,0,0,0,0,0,0,0,0,0,0,0
"G5500030","2010","WI","2","3","Wisconsin","55","Ashland County","003",,,,,,,,,,,,,,,"99999","99999","999",,,,,,,,,,,,,,,,,"2706628242","3230607930","Ashland County","A","+46.5462905","-090.6651539","06","9",,16157,8082,98,93,104,103,103,112,104,105,106,93,119,126,107,112,115,122,126,119,122,126,135,137,116,106,76,90,93,93,100,97,97,76,107,91,94,84,81,81,70,98,69,89,120,106,102,124,121,124,110,119,131,124,123,133,117,127,116,120,112,113,120,96,95,112,67,74,76,67,82,77,55,59,55,62,56,35,49,39,34,39,36,28,37,32,21,32,29,21,16,12,7,5,5,4,2,4,1,2,1,0,1,0,0,8075,93,100,104,98,105,98,110,92,88,106,95,101,89,123,97,91,96,91,113,130,120,137,109,105,80,87,89,81,118,100,90,103,79,88,83,77,56,88,75,96,104,89,78,92,95,106,114,149,140,129,136,124,130,110,126,122,119,123,114,101,105,106,90,100,80,90,89,68,49,81,51,51,61,49,55,59,47,47,46,49,47,57,53,49,47,57,28,34,28,23,20,16,18,9,9,11,6,2,1,1,4,0,0,15534,7796,501,519,572,356,191,96,101,260,456,459,409,482,593,625,586,215,269,150,221,284,190,144,117,7738,499,491,505,278,155,77,95,265,474,440,391,457,638,625,570,209,267,177,197,258,232,233,205,623,286,19,19,0,0,0,0,0,0,0,19,19,0,0,0,0,0,0,0,0,0,0,0,0,0,0,0,0,0,0,0,0,0,218,35,27,0,0,0,27,0,0,0,0,0,0,8,0,0,0,0,0,0,183,173,0,0,0,10,3,1,0,0,3,3,49,49,0,0,0,0,0,0,0,0,0,0,0,49,0,0,0,0,0,0,0,0,0,0,0,0,0,0,0,0,0,0,337,4,3,0,0,0,0,0,0,0,3,3,0,0,0,0,0,0,0,0,0,1,0,0,0,0,1,1,0,0,0,0,0,223,23,7,0,0,0,7,0,0,0,0,0,0,16,0,0,0,0,0,0,200,196,0,0,0,4,2,1,0,0,0,1,110,110,0,0,0,0,0,0,0,0,0,0,0,110,0,0,0,0,0,0,0,0,0,0,0,0,0,0,0,0,0,0
"G5500050","2010","WI","2","3","Wisconsin","55","Barron County","005",,,,,,,,,,,,,,,"99999","99999","999",,,,,,,,,,,,,,,,,"2234411472","70065655","Barron County","A","+45.4371917","-091.8528921","06","9",,45870,22814,267,273,280,323,271,276,272,302,257,261,295,274,288,296,289,326,310,311,333,258,255,209,246,259,259,278,267,263,295,264,292,233,257,243,269,243,244,231,247,286,303,271,280,270,294,321,318,354,429,387,374,357,361,351,370,367,369,334,306,312,288,289,318,355,277,220,297,259,222,195,192,178,163,170,161,162,132,113,121,157,121,112,110,103,83,61,63,47,49,41,28,31,16,20,8,7,4,3,2,1,4,1,0,23056,248,258,280,264,273,295,278,274,265,282,276,280,253,271,310,289,303,280,257,221,212,187,226,218,270,257,248,267,246,251,270,247,247,232,207,211,235,255,276,296,269,263,259,269,286,317,363,368,359,334,359,392,350,341,357,381,322,344,299,317,307,333,317,305,239,286,268,305,200,230,196,206,211,190,178,196,176,168,168,167,161,108,143,145,113,128,121,94,91,75,71,61,60,45,36,24,20,17,7,6,19,1,0,45189,22527,1414,1368,1442,946,585,249,201,753,1338,1280,1242,1401,1783,1798,1680,576,947,513,668,851,662,497,333,22662,1323,1394,1390,871,474,212,185,712,1260,1202,1264,1342,1734,1795,1653,640,852,552,728,964,843,602,670,681,287,1,1,1,0,0,0,1,0,0,0,0,0,0,0,0,0,0,0,0,0,0,0,0,0,0,0,0,0,0,0,0,0,153,112,109,0,0,0,106,3,0,0,0,0,0,3,0,0,0,0,0,0,41,0,0,0,0,41,0,24,3,0,0,14,133,117,0,0,0,0,0,0,0,0,0,0,0,117,0,0,0,0,0,0,16,0,0,0,0,16,0,11,2,0,0,3,394,1,0,0,0,0,0,0,0,0,0,0,0,0,0,0,0,0,0,0,0,1,0,0,0,0,1,0,1,0,0,0,0,61,25,15,0,0,0,15,0,0,0,0,0,0,10,0,0,0,0,0,0,36,0,0,0,0,36,0,30,0,0,0,6,332,314,0,0,0,0,0,0,0,0,0,0,0,314,0,0,0,0,0,0,18,0,0,0,0,18,0,16,0,0,0,2
"G5500070","2010","WI","2","3","Wisconsin","55","Bayfield County","007",,,,,,,,,,,,,,,"99999","99999","999",,,,,,,,,,,,,,,,,"3827647135","1460263062","Bayfield County","A","+46.6341992","-091.1772815","06","9",,15014,7716,73,69,80,73,71,74,70,90,80,78,96,85,94,86,96,84,90,106,94,56,59,39,65,66,53,70,82,74,54,72,67,53,64,59,59,66,66,52,89,76,95,97,88,93,97,115,114,112,114,120,158,144,151,149,158,158,151,175,155,142,144,125,136,147,108,122,117,118,93,92,76,91,106,75,51,84,69,61,52,49,46,43,26,32,13,19,19,13,26,15,8,4,6,2,4,2,4,1,1,0,0,0,0,7298,61,55,59,65,58,67,58,88,62,86,75,102,82,81,76,85,96,102,81,39,35,32,22,53,57,60,72,56,69,48,67,52,62,64,59,42,71,61,66,75,95,86,82,93,97,105,139,112,128,135,106,150,133,155,138,150,159,128,146,151,150,124,137,128,98,119,107,101,117,103,89,73,73,76,68,54,57,52,53,43,43,36,27,30,26,22,32,26,33,14,24,22,15,11,7,5,4,2,2,1,4,1,0,14888,7641,366,392,457,280,148,56,39,168,337,296,345,469,574,755,779,269,389,239,302,397,312,157,115,7247,298,361,416,283,120,35,32,132,301,302,314,452,619,681,733,274,360,225,320,375,259,160,195,126,75,0,0,0,0,0,0,0,0,0,0,0,0,0,0,0,0,0,0,0,0,0,0,0,0,0,0,0,0,0,0,0,0,57,45,45,0,0,0,45,0,0,0,0,0,0,0,0,0,0,0,0,0,12,3,0,0,0,9,0,2,7,0,0,0,18,18,0,0,0,0,0,0,0,0,0,0,0,18,0,0,0,0,0,0,0,0,0,0,0,0,0,0,0,0,0,0,51,0,0,0,0,0,0,0,0,0,0,0,0,0,0,0,0,0,0,0,0,0,0,0,0,0,0,0,0,0,0,0,0,13,7,3,0,0,0,3,0,0,0,0,0,0,4,0,0,0,0,0,0,6,4,0,0,0,2,0,0,2,0,0,0,38,38,0,0,0,0,0,0,0,0,0,0,0,38,0,0,0,0,0,0,0,0,0,0,0,0,0,0,0,0,0,0
"G5500090","2010","WI","2","3","Wisconsin","55","Brown County","009",,,,,,,,,,,,,,,"24580","99999","999",,,,,,,,,,,,,,,,,"1371938244","222741055","Brown County","A","+44.4739612","-087.9959258","06","1",,248007,122658,1746,1671,1802,1809,1734,1669,1840,1712,1772,1732,1763,1741,1764,1735,1751,1713,1778,1868,1805,1703,1740,1650,1711,1735,1783,1748,1774,1779,1729,1812,1767,1708,1731,1651,1520,1540,1533,1522,1614,1768,1710,1633,1730,1797,1842,1877,1905,1971,1992,1955,2011,1856,1857,1751,1750,1674,1520,1634,1514,1464,1367,1345,1302,1121,914,902,820,866,702,667,672,684,612,587,546,495,491,420,423,421,415,354,356,291,273,222,218,181,146,96,103,72,68,49,30,24,11,8,5,8,5,0,0,125349,1633,1718,1724,1686,1644,1615,1710,1709,1628,1760,1695,1751,1603,1687,1633,1618,1688,1721,1739,1823,1810,1839,1739,1668,1732,1811,1818,1706,1747,1720,1750,1577,1633,1527,1469,1488,1498,1461,1522,1743,1663,1564,1676,1766,1808,1858,1959,1977,1877,2059,1906,1872,1825,1794,1771,1755,1598,1642,1547,1521,1415,1298,1313,1297,999,962,987,901,852,809,722,715,697,671,661,645,574,600,588,624,534,542,529,479,436,445,413,342,346,269,269,199,182,151,118,81,61,45,35,21,38,3,0,241378,119098,8751,8714,8747,5316,2925,1395,1412,4836,8448,8034,7780,8541,9508,9082,7730,2679,3287,1700,2199,3055,2210,1627,1122,122280,8386,8418,8365,4999,2721,1359,1541,4949,8738,7909,7665,8435,9681,9123,8014,2701,3578,1926,2535,3400,2924,2387,2526,6629,3560,72,40,13,0,0,3,9,1,0,27,17,10,0,0,0,0,0,0,0,0,32,1,0,0,0,31,26,0,0,0,4,1,3158,1715,1638,0,0,1077,542,19,0,0,0,0,0,77,0,0,0,0,0,0,1443,1087,0,0,0,356,121,189,8,0,0,38,330,278,9,0,0,9,0,0,0,0,0,0,0,269,0,0,0,0,0,0,52,0,0,0,0,52,0,23,0,0,0,29,3069,55,23,4,0,0,0,4,0,0,19,12,7,0,0,0,0,0,0,0,0,32,6,0,0,0,26,25,0,0,0,0,1,2166,206,144,0,0,3,140,1,0,0,0,0,0,62,0,0,0,0,0,0,1960,1702,0,0,0,258,64,162,3,0,6,23,848,773,0,0,0,0,0,0,0,0,0,0,0,773,0,0,0,0,0,0,75,0,0,0,0,75,0,20,0,0,6,49
"G5500110","2010","WI","2","3","Wisconsin","55","Buffalo County","011",,,,,,,,,,,,,,,"99999","99999","999",,,,,,,,,,,,,,,,,"1739526593","98314066","Buffalo County","A","+44.3897593","-091.7587135","06","9",,13587,6859,67,85,81,73,81,71,75,83,61,92,80,101,98,93,88,75,87,95,86,74,64,55,61,94,80,75,75,77,58,70,64,63,71,86,68,64,68,73,88,68,71,104,91,88,123,94,107,123,113,125,101,107,110,102,128,117,113,106,123,106,102,118,91,99,80,77,81,76,64,62,60,61,59,60,50,47,45,44,40,52,33,39,38,28,29,20,23,21,10,6,9,5,5,3,0,0,0,1,0,0,1,0,0,6728,72,77,74,81,84,89,95,68,78,77,93,73,82,88,100,105,101,98,87,58,58,49,50,68,50,68,68,73,66,69,66,67,55,70,66,69,48,67,103,96,94,77,77,87,88,98,102,103,98,113,122,125,118,111,101,104,88,92,109,76,92,110,73,85,69,76,82,71,51,51,67,75,72,45,55,49,47,44,56,39,49,55,37,36,32,37,38,27,24,22,16,14,10,8,7,1,7,3,3,1,3,0,0,13480,6812,387,382,460,256,158,64,55,234,348,346,358,474,557,547,563,220,269,155,202,289,227,164,97,6668,388,407,436,304,145,58,49,168,341,321,383,422,512,574,465,201,225,158,172,311,233,200,195,107,47,1,1,1,0,0,0,1,0,0,0,0,0,0,0,0,0,0,0,0,0,0,0,0,0,0,0,0,0,0,0,0,0,31,24,21,0,0,0,21,0,0,0,0,0,0,3,0,0,0,0,0,0,7,0,0,0,0,7,0,7,0,0,0,0,15,15,1,0,0,0,1,0,0,0,0,0,0,14,0,0,0,0,0,0,0,0,0,0,0,0,0,0,0,0,0,0,60,0,0,0,0,0,0,0,0,0,0,0,0,0,0,0,0,0,0,0,0,0,0,0,0,0,0,0,0,0,0,0,0,19,9,4,0,0,0,4,0,0,0,0,0,0,5,0,0,0,0,0,0,10,0,0,0,0,10,0,10,0,0,0,0,41,39,0,0,0,0,0,0,0,0,0,0,0,39,0,0,0,0,0,0,2,0,0,0,0,2,0,2,0,0,0,0
"G5500130","2010","WI","2","3","Wisconsin","55","Burnett County","013",,,,,,,,,,,,,,,"99999","99999","999",,,,,,,,,,,,,,,,,"2128575375","151213123","Burnett County","A","+45.8652545","-092.3679775","06","9",,15457,7806,71,75,79,89,92,82,59,80,82,87,91,100,84,87,91,92,98,128,82,59,57,51,55,59,66,55,56,72,87,62,69,62,67,52,69,60,75,78,86,91,80,87,75,104,105,90,113,106,112,138,140,141,139,117,129,142,149,122,168,128,118,130,148,144,109,103,145,100,111,113,100,108,103,90,85,73,68,70,61,56,59,56,45,31,37,21,20,19,17,13,11,7,5,2,4,1,0,0,1,0,0,0,0,7651,73,71,68,103,71,75,64,72,82,82,76,97,75,93,113,92,101,107,78,52,48,52,63,54,56,58,45,55,67,82,72,56,77,68,57,59,72,63,77,75,80,80,83,90,97,119,126,106,119,111,135,140,117,134,118,124,148,126,110,123,144,133,130,129,94,112,122,122,141,115,91,94,96,114,73,79,66,74,63,60,48,45,48,40,25,35,28,24,20,31,13,15,11,8,6,6,4,0,0,1,3,1,0,15318,7715,406,390,442,293,140,56,50,176,324,315,385,447,555,660,706,248,401,247,324,484,327,223,116,7603,386,374,454,299,130,48,52,173,303,329,346,429,580,644,629,277,353,233,377,467,340,200,180,139,91,36,36,0,0,0,0,0,0,0,36,0,27,9,0,0,0,0,0,0,0,0,0,0,0,0,0,0,0,0,0,0,0,41,26,25,0,0,0,25,0,0,0,0,0,0,1,0,0,0,0,0,0,15,0,0,0,0,15,0,15,0,0,0,0,14,12,0,0,0,0,0,0,0,0,0,0,0,12,0,0,0,0,0,0,2,0,0,0,0,2,0,0,0,0,0,2,48,2,0,0,0,0,0,0,0,0,0,0,0,0,0,0,0,0,0,0,0,2,0,0,0,0,2,2,0,0,0,0,0,9,4,4,0,0,0,4,0,0,0,0,0,0,0,0,0,0,0,0,0,5,0,0,0,0,5,1,4,0,0,0,0,37,36,0,0,0,0,0,0,0,0,0,0,0,36,0,0,0,0,0,0,1,0,0,0,0,1,0,0,0,0,0,1
"G5500150","2010","WI","2","3","Wisconsin","55","Calumet County","015",,,,,,,,,,,,,,,"11540","99999","118",,,,,,,,,,,,,,,,,"824227417","204196417","Calumet County","A","+44.0784104","-088.2121322","06","1",,48971,24543,301,363,354,388,382,405,376,382,385,385,373,376,375,351,380,380,387,422,383,224,238,205,189,215,221,236,234,249,258,297,324,366,338,363,292,344,288,308,327,376,407,386,416,415,367,440,431,443,420,459,412,386,380,393,366,352,301,317,343,296,265,266,267,230,196,172,175,180,172,148,145,119,117,99,119,118,77,86,92,75,93,89,70,87,42,50,42,46,38,27,21,14,12,9,9,2,0,0,2,0,2,0,0,24428,297,292,365,344,332,369,386,337,414,388,405,349,357,362,350,368,385,373,283,184,189,192,195,219,228,238,253,273,288,291,328,311,324,329,303,324,320,316,355,367,407,381,388,410,412,414,447,378,414,396,409,386,411,349,374,346,329,323,321,302,242,265,261,251,153,186,180,198,148,172,121,137,134,123,132,132,126,131,110,100,118,91,91,69,82,68,65,65,55,49,51,27,35,27,22,8,5,3,3,5,6,1,0,48773,24446,1788,1933,1855,1189,599,235,203,619,1266,1681,1639,1988,2184,1934,1604,529,690,347,496,594,444,370,259,24327,1630,1894,1823,1126,467,189,191,640,1340,1595,1682,1997,2046,1928,1619,507,665,366,517,646,586,436,437,198,97,0,0,0,0,0,0,0,0,0,0,0,0,0,0,0,0,0,0,0,0,0,0,0,0,0,0,0,0,0,0,0,0,58,41,37,0,0,0,37,0,0,0,0,0,0,4,0,0,0,0,0,0,17,0,0,0,0,17,0,17,0,0,0,0,39,39,0,0,0,0,0,0,0,0,0,0,0,39,0,0,0,0,0,0,0,0,0,0,0,0,0,0,0,0,0,0,101,0,0,0,0,0,0,0,0,0,0,0,0,0,0,0,0,0,0,0,0,0,0,0,0,0,0,0,0,0,0,0,0,13,6,2,0,0,0,2,0,0,0,0,0,0,4,0,0,0,0,0,0,7,0,0,0,0,7,0,7,0,0,0,0,88,88,0,0,0,0,0,0,0,0,0,0,0,88,0,0,0,0,0,0,0,0,0,0,0,0,0,0,0,0,0,0
"G5500170","2010","WI","2","3","Wisconsin","55","Chippewa County","017",,,,,,,,,,,,,,,"20740","99999","232",,,,,,,,,,,,,,,,,"2611672690","85235029","Chippewa County","A","+45.0690918","-091.2835054","06","1",,62415,32404,394,425,411,492,425,436,397,396,429,389,444,413,442,411,424,428,458,422,422,327,313,307,334,384,469,442,400,479,466,474,417,438,433,409,396,390,385,392,421,478,463,507,409,471,465,544,548,576,506,533,565,503,519,486,511,506,467,430,469,423,396,420,371,399,294,285,311,235,250,229,201,201,196,183,169,159,157,143,131,148,142,122,129,104,85,74,64,56,68,45,37,24,14,17,9,9,8,3,1,0,2,0,0,30011,337,412,397,401,423,387,368,426,413,383,413,415,359,342,382,396,389,430,377,265,270,306,298,301,353,340,358,389,366,331,372,363,364,312,334,320,330,346,358,420,391,397,345,384,426,413,473,422,467,525,516,498,460,476,424,448,430,450,410,394,390,381,375,370,276,276,276,308,241,235,232,222,196,212,206,189,185,166,152,149,158,183,172,157,135,126,114,87,88,89,54,81,63,52,33,34,21,14,7,5,6,0,0,59873,30066,2146,2044,2134,1300,726,288,268,1016,1873,1757,1752,2026,2427,2382,2189,786,1030,584,702,929,727,570,410,29807,1970,1973,1908,1210,635,269,306,943,1773,1734,1767,1939,2292,2363,2122,769,1014,550,782,1065,835,779,809,2542,2338,12,8,0,0,0,0,0,0,0,4,4,0,0,0,4,0,0,0,0,4,4,0,0,0,0,4,1,0,0,0,0,3,2237,2089,2080,0,0,1956,124,0,0,0,0,0,0,6,3,0,0,0,0,3,148,0,0,0,0,148,34,95,0,0,0,19,89,65,26,0,0,26,0,0,0,0,0,0,0,39,0,0,0,0,0,0,24,0,0,0,0,24,1,12,0,0,0,11,204,12,3,0,0,0,0,0,0,0,0,0,0,0,0,3,0,0,0,0,3,9,0,0,0,0,9,0,2,0,0,0,7,88,20,20,0,0,3,17,0,0,0,0,0,0,0,0,0,0,0,0,0,68,0,0,0,0,68,0,57,0,0,0,11,104,85,0,0,0,0,0,0,0,0,0,0,0,85,0,0,0,0,0,0,19,0,0,0,0,19,0,10,0,0,0,9
"G5500190","2010","WI","2","3","Wisconsin","55","Clark County","019",,,,,,,,,,,,,,,"99999","99999","999",,,,,,,,,,,,,,,,,"3133407354","23235757","Clark County","A","+44.7335964","-090.6102007","06","9",,34690,17577,309,302,289,291,288,303,290,294,272,276,284,276,259,311,287,282,282,257,275,203,222,197,198,162,206,180,176,223,223,208,203,218,197,183,183,198,170,170,218,214,181,192,198,227,211,230,251,224,264,259,254,255,280,248,262,262,260,219,210,205,187,184,194,193,139,149,140,162,109,123,108,133,95,107,87,116,88,93,99,91,77,78,73,73,68,58,60,38,42,36,21,18,21,7,14,4,6,5,4,2,4,0,0,17113,285,268,277,293,311,277,281,271,269,266,279,282,271,253,270,260,259,267,239,144,158,153,148,179,193,155,191,187,189,204,172,165,186,165,165,160,197,188,180,212,181,184,210,180,220,213,251,267,225,243,253,235,250,223,218,221,243,199,208,181,174,185,178,161,137,119,163,179,139,138,124,119,112,126,124,109,119,113,101,116,107,95,96,82,93,87,69,76,69,53,51,36,42,39,32,29,15,10,6,7,8,1,0,34154,17322,1478,1435,1417,814,470,219,194,550,991,975,959,1000,1225,1292,1146,368,515,287,386,515,462,335,289,16832,1434,1363,1352,784,383,156,153,518,926,847,933,971,1195,1172,1048,356,469,281,449,594,533,441,474,536,255,8,8,1,0,0,0,1,0,0,7,7,0,0,0,0,0,0,0,0,0,0,0,0,0,0,0,0,0,0,0,0,0,112,81,65,0,0,0,65,0,0,0,0,0,0,16,0,0,0,0,0,0,31,0,0,0,0,31,4,23,0,0,0,4,135,124,0,0,0,0,0,0,0,0,0,0,0,124,0,0,0,0,0,0,11,0,0,0,0,11,0,11,0,0,0,0,281,6,4,0,0,0,0,0,0,0,4,4,0,0,0,0,0,0,0,0,0,2,0,0,0,0,2,1,1,0,0,0,0,43,29,8,0,0,0,8,0,0,0,0,0,0,21,0,0,0,0,0,0,14,0,0,0,0,14,2,12,0,0,0,0,232,226,0,0,0,0,0,0,0,0,0,0,0,226,0,0,0,0,0,0,6,0,0,0,0,6,0,2,0,0,0,4
"G5500210","2010","WI","2","3","Wisconsin","55","Columbia County","021",,,,,,,,,,,,,,,"31540","99999","358",,,,,,,,,,,,,,,,,"1982711486","78845739","Columbia County","A","+43.4718818","-089.3304721","06","1",,56833,28935,328,331,360,350,385,383,367,337,379,374,419,368,412,387,381,419,411,393,371,300,274,271,260,284,312,343,351,350,372,389,373,359,373,374,359,385,351,364,379,470,438,416,453,426,412,512,495,509,453,475,485,501,442,467,480,449,460,409,400,384,401,376,350,368,253,272,256,264,226,192,230,186,174,144,193,149,111,118,135,141,126,104,108,90,83,72,59,56,50,23,32,21,27,13,8,2,3,0,1,2,2,0,0,27898,322,312,338,336,349,352,357,351,375,362,409,397,354,356,371,388,371,383,309,229,229,228,250,254,290,297,303,279,300,336,361,302,319,302,362,339,313,315,329,393,401,389,357,375,446,421,440,464,463,467,507,451,476,435,411,422,428,393,414,331,347,351,355,336,275,264,269,302,236,199,200,201,186,199,197,174,158,183,166,180,141,150,152,133,152,108,86,108,99,65,61,69,45,31,25,17,19,9,8,17,12,0,0,55307,27747,1754,1840,1964,1203,644,254,252,772,1622,1674,1784,2019,2330,2305,2054,768,963,522,674,909,634,487,319,27560,1657,1796,1884,1121,531,227,226,784,1511,1644,1684,1963,2253,2276,1981,696,960,530,730,978,829,684,615,1526,1188,23,1,1,0,0,1,0,0,0,0,0,0,0,0,0,0,0,0,0,0,22,0,0,0,0,22,0,0,0,0,22,0,1037,1014,1000,0,0,809,191,0,0,0,0,0,0,14,0,0,0,0,0,0,23,0,0,0,0,23,3,13,0,0,7,0,128,126,8,0,0,8,0,0,0,0,0,0,0,118,0,0,0,0,0,0,2,0,0,0,0,2,2,0,0,0,0,0,338,25,0,0,0,0,0,0,0,0,0,0,0,0,0,0,0,0,0,0,0,25,0,0,0,0,25,1,0,0,0,24,0,58,31,20,0,0,0,20,0,0,0,0,0,0,11,0,0,0,0,0,0,27,0,0,0,0,27,10,10,0,0,7,0,255,255,0,0,0,0,0,0,0,0,0,0,0,255,0,0,0,0,0,0,0,0,0,0,0,0,0,0,0,0,0,0
"G5500230","2010","WI","2","3","Wisconsin","55","Crawford County","023",,,,,,,,,,,,,,,"99999","99999","999",,,,,,,,,,,,,,,,,"1478001974","73945297","Crawford County","A","+43.2499100","-090.9512302","06","9",,16644,8575,85,81,93,114,101,106,117,108,107,103,110,101,105,112,126,122,122,121,99,87,89,81,72,102,87,97,120,102,88,88,115,99,90,80,87,84,88,89,86,113,101,116,109,104,111,126,129,130,141,144,128,153,119,136,147,119,129,151,155,154,133,116,126,126,91,86,100,93,93,92,83,82,94,64,57,67,36,38,45,38,48,44,38,27,28,25,29,21,21,13,11,2,7,7,8,3,0,2,1,1,0,0,0,8069,90,100,83,90,111,78,109,94,96,96,92,98,97,87,118,101,129,121,81,45,48,71,69,69,91,77,72,77,84,90,71,67,92,71,76,59,66,73,80,91,83,91,88,97,109,130,115,137,123,140,135,118,140,140,120,134,131,136,119,135,124,127,119,119,91,93,89,95,109,104,87,73,55,65,65,60,46,58,53,63,57,56,60,50,50,39,28,48,23,32,21,16,21,13,7,7,5,4,2,3,1,0,0,15859,7934,474,541,535,346,158,74,66,193,382,390,405,486,615,638,684,241,341,183,278,377,220,178,129,7925,474,473,485,334,124,48,71,229,397,376,368,464,643,648,651,249,326,181,304,337,269,256,218,785,641,38,38,1,0,0,1,0,0,0,37,0,37,0,0,0,0,0,0,0,0,0,0,0,0,0,0,0,0,0,0,0,0,564,535,530,0,0,506,24,0,0,2,0,2,0,3,0,0,0,0,0,0,29,0,0,0,0,29,0,21,5,0,0,3,39,39,4,0,0,4,0,0,0,0,0,0,0,35,0,0,0,0,0,0,0,0,0,0,0,0,0,0,0,0,0,0,144,24,24,0,0,0,0,0,0,0,24,0,24,0,0,0,0,0,0,0,0,0,0,0,0,0,0,0,0,0,0,0,0,27,6,0,0,0,0,0,0,0,2,0,2,0,4,0,0,0,0,0,0,21,0,0,0,0,21,0,21,0,0,0,0,93,85,0,0,0,0,0,0,0,0,0,0,0,85,0,0,0,0,0,0,8,0,0,0,0,8,0,8,0,0,0,0
"G5500250","2010","WI","2","3","Wisconsin","55","Dane County","025",,,,,,,,,,,,,,,"31540","99999","358",,,,,,,,,,,,,,,,,"3100835926","106205344","Dane County","A","+43.0674684","-089.4178523","06","1",,488073,241411,3072,3045,3156,3072,3165,3189,3102,3006,3042,2998,3118,2862,2901,2907,2947,2845,2931,2926,3450,4371,4881,4822,4926,4652,4484,4617,4337,4344,4322,4166,4296,3776,3696,3450,3277,3544,2902,3035,3231,3524,3576,3307,3080,3167,3213,3562,3375,3391,3423,3322,3568,3403,3312,3208,3186,3266,3059,3143,2998,2888,2738,2603,2488,2459,1809,1805,1670,1578,1379,1126,1109,1061,954,907,900,817,727,706,741,716,640,592,585,554,489,470,348,374,271,234,175,157,116,89,63,45,23,25,11,10,11,2,0,246662,2861,3006,2941,2987,2935,3021,2904,2824,2914,2874,2881,2815,2818,2818,2806,2740,2755,2900,3458,4493,4884,4881,4846,4490,4386,4398,4125,4176,4051,3905,4114,3578,3581,3443,3201,3293,3065,2997,3143,3462,3473,3238,3166,3177,3191,3590,3465,3489,3681,3629,3617,3457,3480,3368,3283,3424,3387,3222,3236,2971,2879,2732,2738,2460,1875,1824,1776,1770,1620,1352,1241,1196,1119,1099,1073,1011,968,976,1000,923,943,908,876,848,791,749,743,657,585,527,422,375,334,284,172,145,122,93,60,20,56,6,0,475298,234734,15490,15321,14602,8648,5324,4237,4507,13658,21351,18173,15960,16056,16768,16451,15195,5301,6714,3444,4043,4879,3639,2766,2207,240564,14701,14529,14121,8374,4938,4091,4645,13567,20567,17830,15912,16192,17773,17144,16193,5593,7053,3572,4706,5645,4754,4139,4525,12775,6677,223,45,4,0,0,2,2,0,0,41,23,0,18,0,0,0,0,0,0,0,178,5,0,0,0,173,40,0,0,0,131,2,5952,2034,1680,0,0,898,734,48,0,1,1,0,0,353,0,0,0,0,0,0,3918,3461,0,0,0,457,176,85,112,0,22,62,502,396,8,0,0,4,4,0,0,0,0,0,0,385,3,0,0,3,0,0,106,0,0,0,0,106,9,65,7,0,2,23,6098,75,19,2,0,0,1,1,0,0,17,13,0,4,0,0,0,0,0,0,0,56,10,0,0,0,46,45,0,0,0,0,1,4700,335,164,0,0,8,114,42,0,1,0,0,1,170,0,0,0,0,0,0,4365,4132,0,0,0,233,74,55,56,0,10,38,1323,1137,0,0,0,0,0,0,0,0,0,0,0,1127,10,0,0,10,0,0,186,0,0,0,0,186,0,179,0,0,0,7
"G5500270","2010","WI","2","3","Wisconsin","55","Dodge County","027",,,,,,,,,,,,,,,"13180","99999","252",,,,,,,,,,,,,,,,,"2267857853","81401698","Dodge County","A","+43.4227057","-088.7043791","06","2",,88759,46679,486,513,561,514,523,554,573,540,511,554,548,555,534,570,624,604,605,652,602,470,527,546,563,630,643,669,635,694,703,729,665,675,670,606,653,625,594,611,635,711,700,690,677,723,740,736,786,770,835,842,914,844,746,734,744,706,623,626,603,589,528,528,532,475,314,375,368,360,322,310,283,312,295,269,263,248,219,217,190,213,181,177,171,149,124,129,140,90,68,85,56,59,36,31,23,10,6,6,7,2,3,0,0,42080,439,487,511,521,465,530,513,514,571,530,534,571,546,587,527,548,602,562,506,386,343,355,413,384,463,460,463,483,503,512,464,442,459,471,476,472,428,491,528,554,590,572,625,599,586,660,663,705,729,730,732,724,704,653,579,621,575,527,592,532,537,447,496,449,385,372,386,392,344,326,345,322,320,311,296,266,247,285,271,286,260,253,253,224,222,199,200,174,162,124,130,97,96,66,56,48,45,25,13,15,21,2,0,82567,41557,2596,2731,2818,1801,940,428,414,1392,2479,2485,2522,2985,3541,3654,2980,1017,1283,721,964,1371,1056,741,638,41010,2419,2655,2763,1668,869,342,349,1233,2373,2259,2430,2927,3439,3360,2815,978,1314,749,1050,1552,1288,1091,1087,6192,5122,75,13,11,0,0,9,2,0,0,2,2,0,0,0,0,0,0,0,0,0,62,0,0,0,0,62,2,0,0,0,60,0,4741,4654,4581,0,0,4118,463,0,0,0,0,0,0,73,0,0,0,0,0,0,87,0,0,0,0,87,7,50,2,0,28,0,306,302,61,0,0,60,1,0,0,0,0,0,0,241,0,0,0,0,0,0,4,0,0,0,0,4,0,2,2,0,0,0,1070,53,0,0,0,0,0,0,0,0,0,0,0,0,0,0,0,0,0,0,0,53,0,0,0,0,53,3,0,0,0,50,0,380,303,233,0,0,203,30,0,0,0,0,0,0,70,0,0,0,0,0,0,77,0,0,0,0,77,12,36,0,0,29,0,637,623,0,0,0,0,0,0,0,0,0,0,0,623,0,0,0,0,0,0,14,0,0,0,0,14,0,0,14,0,0,0
"G5500290","2010","WI","2","3","Wisconsin","55","Door County","029",,,,,,,,,,,,,,,"99999","99999","999",,,,,,,,,,,,,,,,,"1248316135","4890602262","Door County","A","+45.0678080","-087.0879363","06","9",,27785,13679,130,105,136,126,156,130,139,143,132,134,135,130,145,153,147,182,176,184,182,122,91,107,106,132,99,119,131,106,133,140,153,123,129,131,128,142,112,142,137,144,148,157,154,157,168,175,185,228,210,252,223,249,249,267,252,224,241,242,257,262,253,234,233,247,201,209,199,218,177,151,157,140,147,143,131,107,105,87,113,81,87,93,77,88,55,53,38,32,32,23,11,26,12,6,5,6,2,4,3,0,1,0,0,14106,126,133,122,104,133,104,125,130,138,129,164,136,148,163,144,145,168,181,147,96,86,79,101,120,88,129,113,115,151,124,148,112,114,116,115,128,119,105,154,147,149,132,151,172,172,188,227,204,211,255,232,244,265,251,240,227,265,263,245,270,269,229,282,245,192,210,227,209,174,163,156,156,142,136,155,111,130,120,126,108,111,108,110,82,107,96,78,64,62,64,44,40,38,29,13,18,14,7,4,8,4,2,0,27437,13506,653,678,710,532,278,87,96,323,610,656,671,778,1044,1231,1224,487,679,406,546,716,486,389,226,13931,618,626,755,493,242,85,78,306,626,600,653,773,1085,1230,1265,498,716,436,544,736,587,491,488,348,173,10,0,0,0,0,0,0,0,0,0,0,0,0,0,0,0,0,0,0,0,10,0,0,0,0,10,0,0,0,10,0,0,113,62,60,0,0,0,58,2,0,0,0,0,0,2,0,0,0,0,0,0,51,0,10,10,0,41,0,0,0,41,0,0,50,50,0,0,0,0,0,0,0,0,0,0,0,50,0,0,0,0,0,0,0,0,0,0,0,0,0,0,0,0,0,0,175,1,1,1,0,0,0,1,0,0,0,0,0,0,0,0,0,0,0,0,0,0,0,0,0,0,0,0,0,0,0,0,0,30,28,15,0,0,0,15,0,0,0,0,0,0,13,0,0,0,0,0,0,2,1,0,0,0,1,0,0,0,1,0,0,144,144,0,0,0,0,0,0,0,0,0,0,0,144,0,0,0,0,0,0,0,0,0,0,0,0,0,0,0,0,0,0
"G5500310","2010","WI","2","3","Wisconsin","55","Douglas County","031",,,,,,,,,,,,,,,"20260","99999","999",,,,,,,,,,,,,,,,,"3377697851","454647037","Douglas County","A","+46.4633156","-091.8925795","06","1",,44159,22087,240,278,303,237,235,258,274,269,259,267,278,232,326,274,267,277,289,281,349,329,300,322,370,320,342,299,278,286,319,290,308,277,253,229,274,260,252,255,236,326,313,260,294,263,271,316,336,322,340,322,354,355,363,364,352,330,342,324,348,313,320,282,291,322,205,224,219,234,167,168,148,142,143,139,112,92,92,104,105,102,114,80,80,64,62,53,37,33,34,28,21,21,8,15,5,7,4,5,2,0,2,1,0,22072,279,238,268,275,241,235,262,239,237,260,267,265,264,251,252,259,281,248,332,361,376,306,321,287,281,272,287,291,295,333,301,238,242,252,248,250,224,235,253,271,262,268,262,254,274,320,348,341,393,388,350,331,332,349,321,326,359,298,319,314,301,288,267,279,157,191,188,232,170,171,157,162,148,130,154,157,129,120,129,120,87,118,116,93,100,88,94,70,57,69,50,43,36,39,20,15,15,7,5,7,7,0,0,42787,21357,1291,1324,1377,845,530,230,268,937,1404,1290,1296,1368,1610,1762,1642,595,807,439,562,674,478,383,245,21430,1299,1231,1299,783,527,300,259,845,1454,1275,1223,1317,1784,1674,1605,584,698,376,566,743,633,473,482,1372,730,7,1,1,0,0,0,1,0,0,0,0,0,0,0,0,0,0,0,0,0,6,1,0,0,0,5,0,0,0,0,0,5,637,244,232,0,0,87,145,0,0,0,0,0,0,12,0,0,0,0,0,0,393,325,0,0,0,68,9,50,2,0,0,7,86,77,0,0,0,0,0,0,0,0,0,0,0,77,0,0,0,0,0,0,9,0,0,0,0,9,3,6,0,0,0,0,642,9,0,0,0,0,0,0,0,0,0,0,0,0,0,0,0,0,0,0,0,9,4,0,0,0,5,1,0,0,0,0,4,412,33,11,0,0,0,11,0,0,0,0,0,0,22,0,0,0,0,0,0,379,344,0,0,0,35,6,22,3,0,0,4,221,217,0,0,0,0,0,0,0,0,0,0,0,215,2,0,0,2,0,0,4,0,0,0,0,4,0,4,0,0,0,0
"G5500330","2010","WI","2","3","Wisconsin","55","Dunn County","033",,,,,,,,,,,,,,,"32860","99999","232",,,,,,,,,,,,,,,,,"2201762202","35638625","Dunn County","A","+44.9477408","-091.8977203","06","2",,43857,22133,256,237,247,249,276,255,232,280,237,252,270,245,285,254,270,260,265,273,425,813,760,775,703,555,385,302,297,260,272,273,254,238,227,255,248,229,221,241,267,294,246,267,255,271,257,238,277,326,362,307,307,307,304,311,258,319,278,226,288,252,255,265,247,241,167,169,169,167,158,157,119,103,80,120,112,88,80,87,90,77,76,72,62,53,60,52,35,32,26,14,23,20,18,11,9,12,4,4,3,1,2,0,0,21724,203,221,214,257,262,243,247,262,247,242,265,257,247,242,231,248,253,275,506,868,733,751,599,454,282,271,229,248,237,257,241,242,201,215,216,214,199,259,243,265,255,260,239,242,223,268,258,317,279,299,316,284,310,286,283,285,259,313,255,224,268,216,284,242,155,176,178,171,145,127,135,113,118,127,110,104,103,116,95,98,93,93,102,97,75,69,80,78,52,54,50,28,32,34,30,26,20,8,9,7,5,0,0,40442,20479,1265,1256,1324,795,428,355,656,1535,1365,1201,1237,1286,1493,1477,1358,518,651,337,472,521,413,309,227,19963,1156,1241,1242,774,422,368,633,1246,1220,1109,1170,1207,1411,1473,1330,482,677,354,437,596,503,433,479,3415,1654,3,0,0,0,0,0,0,0,0,0,0,0,0,0,0,0,0,0,0,0,3,2,0,0,0,1,0,1,0,0,0,0,1565,114,104,0,0,0,104,0,0,0,0,0,0,1,9,0,0,0,0,9,1451,1409,0,0,0,42,2,35,5,0,0,0,86,71,0,0,0,0,0,0,0,0,0,0,0,71,0,0,0,0,0,0,15,0,0,0,0,15,1,7,0,0,7,0,1761,3,2,2,0,0,0,2,0,0,0,0,0,0,0,0,0,0,0,0,0,1,0,0,0,0,1,1,0,0,0,0,0,1602,40,24,0,0,0,24,0,0,0,0,0,0,10,6,0,0,0,0,6,1562,1520,0,0,0,42,2,29,4,0,7,0,156,144,0,0,0,0,0,0,0,0,0,0,0,144,0,0,0,0,0,0,12,0,0,0,0,12,0,6,0,0,6,0
"G5500350","2010","WI","2","3","Wisconsin","55","Eau Claire County","035",,,,,,,,,,,,,,,"20740","99999","232",,,,,,,,,,,,,,,,,"1652369085","18811805","Eau Claire County","A","+44.7263547","-091.2864137","06","1",,98736,48351,603,572,576,622,637,589,608,556,608,588,575,548,568,566,600,604,598,595,819,1266,1337,1256,1279,1131,924,857,826,768,779,680,666,656,605,559,518,561,485,493,543,579,624,577,547,553,556,626,618,650,641,696,674,638,642,618,592,619,591,593,586,582,598,532,555,536,387,398,376,379,326,304,267,232,249,197,218,207,216,169,178,212,174,153,158,150,128,124,100,85,79,59,49,41,29,31,11,4,9,2,4,1,1,0,0,50385,557,588,563,570,571,546,568,516,535,560,555,554,574,568,590,573,647,624,974,1584,1620,1515,1378,1080,853,720,720,682,691,646,604,607,501,517,529,493,486,518,549,551,605,517,555,546,543,643,614,658,685,658,680,660,647,648,630,674,639,624,674,591,616,574,550,548,414,390,352,412,341,335,272,301,295,291,287,268,229,269,230,267,257,241,257,221,188,188,173,169,180,129,126,94,93,67,53,38,22,29,16,7,28,0,0,93940,46258,3010,2947,2836,1746,1234,962,1104,3174,3827,2956,2620,2791,3186,3117,2931,1121,1469,770,1003,1154,966,741,593,47682,2841,2725,2825,1798,1127,1099,1334,3178,3444,2748,2582,2759,3247,3251,3196,1183,1500,736,1078,1428,1240,1126,1237,4796,2093,74,41,0,0,0,0,0,0,0,41,7,34,0,0,0,0,0,0,0,0,33,3,0,0,0,30,3,0,0,0,27,0,1926,281,268,0,0,0,254,14,0,0,0,0,0,13,0,0,0,0,0,0,1645,1475,0,0,0,170,13,107,18,0,11,21,93,88,0,0,0,0,0,0,0,0,0,0,0,88,0,0,0,0,0,0,5,0,0,0,0,5,0,5,0,0,0,0,2703,70,36,0,0,0,0,0,0,0,36,4,32,0,0,0,0,0,0,0,0,34,25,0,0,0,9,7,0,0,0,1,1,2363,24,12,0,0,0,0,12,0,0,0,0,0,12,0,0,0,0,0,0,2339,2256,0,0,0,83,8,64,2,0,1,8,270,251,0,0,0,0,0,0,0,0,0,0,0,251,0,0,0,0,0,0,19,0,0,0,0,19,0,6,0,0,0,13
"G5500370","2010","WI","2","3","Wisconsin","55","Florence County","037",,,,,,,,,,,,,,,"27020","99999","999",,,,,,,,,,,,,,,,,"1264419915","24160218","Florence County","A","+45.8496459","-088.4003217","06","2",,4423,2262,21,19,14,13,26,23,16,22,21,23,26,17,19,31,22,21,32,26,30,17,20,15,11,18,20,20,20,13,13,16,18,23,28,23,16,19,16,18,15,29,36,31,27,29,37,40,37,48,40,36,52,49,43,45,59,41,40,43,39,36,27,45,40,38,33,33,39,32,29,30,19,30,33,23,20,18,19,22,14,11,9,13,12,10,12,0,3,8,3,8,2,2,2,2,1,2,0,0,0,0,0,0,0,2161,14,21,16,24,19,21,16,20,17,21,15,24,22,21,21,33,25,32,20,14,13,13,15,17,15,17,17,14,17,23,16,17,15,20,16,21,15,20,24,15,17,24,24,35,45,28,51,50,45,42,53,33,47,37,36,56,32,37,38,33,32,37,36,35,32,30,20,35,31,31,23,26,23,24,22,13,13,16,18,13,12,13,14,9,11,12,11,10,4,3,4,5,5,2,3,7,1,1,3,0,2,0,0,4364,2250,93,105,115,79,47,20,15,49,82,108,97,160,201,248,199,72,110,72,91,124,83,53,27,2114,94,95,103,90,34,13,13,46,88,84,95,145,216,206,195,69,103,48,96,115,67,55,44,59,12,0,0,0,0,0,0,0,0,0,0,0,0,0,0,0,0,0,0,0,0,0,0,0,0,0,0,0,0,0,0,0,0,1,1,0,0,0,0,0,0,0,0,0,0,0,1,0,0,0,0,0,0,0,0,0,0,0,0,0,0,0,0,0,0,11,11,0,0,0,0,0,0,0,0,0,0,0,11,0,0,0,0,0,0,0,0,0,0,0,0,0,0,0,0,0,0,47,0,0,0,0,0,0,0,0,0,0,0,0,0,0,0,0,0,0,0,0,0,0,0,0,0,0,0,0,0,0,0,0,2,2,0,0,0,0,0,0,0,0,0,0,0,2,0,0,0,0,0,0,0,0,0,0,0,0,0,0,0,0,0,0,45,45,0,0,0,0,0,0,0,0,0,0,0,45,0,0,0,0,0,0,0,0,0,0,0,0,0,0,0,0,0,0
"G5500390","2010","WI","2","3","Wisconsin","55","Fond du Lac County","039",,,,,,,,,,,,,,,"22540","99999","252",,,,,,,,,,,,,,,,,"1863633125","119883005","Fond du Lac County","A","+43.7547219","-088.4932840","06","1",,101633,49926,596,617,621,603,622,622,661,609,653,643,678,668,689,694,669,721,730,749,763,725,640,659,636,583,607,655,628,602,617,688,651,624,581,559,589,586,536,592,610,700,698,635,659,711,737,730,765,814,808,786,793,831,818,843,721,787,741,691,701,663,650,658,614,575,455,425,433,456,400,324,309,332,289,277,253,281,241,238,220,219,233,181,204,155,153,148,110,99,90,76,64,48,33,25,11,22,7,4,3,0,2,1,0,51707,553,566,584,620,621,586,642,623,609,635,680,618,585,650,622,614,692,699,721,725,680,682,629,557,625,655,637,600,632,640,591,590,601,587,572,538,588,545,593,680,638,685,694,748,694,822,785,774,777,842,806,845,767,812,739,795,687,715,710,718,620,643,616,595,454,475,507,498,435,354,340,362,316,362,330,325,306,324,309,323,323,286,281,315,281,269,208,214,197,189,142,123,107,88,81,61,36,30,23,13,25,1,0,98044,48605,3059,3188,3378,2050,1216,513,537,1700,3121,2962,2993,3398,3854,3968,3557,1298,1623,852,1174,1435,1170,887,672,49439,2944,3094,3154,1996,1114,498,541,1661,2997,2812,2837,3352,3906,3911,3577,1253,1639,970,1268,1664,1525,1325,1401,3589,1321,170,7,4,0,0,0,4,0,0,3,3,0,0,0,0,0,0,0,0,0,163,1,0,0,0,162,0,0,0,0,0,162,975,315,267,0,0,0,267,0,0,0,0,0,0,45,3,0,0,3,0,0,660,528,0,0,0,132,9,58,9,0,0,56,176,144,0,0,0,0,0,0,0,0,0,0,0,140,4,0,0,4,0,0,32,0,0,0,0,32,0,18,0,0,0,14,2268,11,4,2,0,0,1,1,0,0,2,2,0,0,0,0,0,0,0,0,0,7,2,0,0,0,5,2,1,0,0,0,2,1551,752,708,0,0,665,29,14,0,0,0,0,0,44,0,0,0,0,0,0,799,705,0,0,0,94,4,68,14,0,0,8,706,409,4,0,0,4,0,0,0,0,0,0,0,401,4,0,0,4,0,0,297,0,0,0,0,297,0,41,0,0,0,256
"G5500410","2010","WI","2","3","Wisconsin","55","Forest County","041",,,,,,,,,,,,,,,"99999","99999","999",,,,,,,,,,,,,,,,,"2626421270","83551459","Forest County","A","+45.6668822","-088.7732251","06","9",,9304,4724,50,51,58,57,49,58,52,61,56,51,64,50,63,55,66,60,64,79,90,82,65,57,82,51,43,45,42,44,36,39,48,46,48,33,43,43,34,50,43,42,59,59,63,62,60,59,63,66,90,68,66,82,60,70,61,68,68,66,78,61,67,62,72,68,49,67,52,60,55,65,45,46,45,41,55,42,40,49,36,35,27,28,24,28,15,18,12,16,6,4,3,0,3,2,4,2,1,0,1,0,0,0,0,4580,51,46,43,50,45,53,59,53,50,55,61,50,56,48,64,63,69,83,66,51,51,41,40,43,47,49,44,47,36,42,41,47,49,42,46,43,55,62,39,55,62,54,54,44,54,55,58,62,64,80,67,70,85,67,75,66,73,67,66,57,62,39,68,72,63,43,63,60,39,44,48,52,48,36,53,43,33,44,28,41,28,24,44,27,23,19,16,8,24,15,13,9,9,7,7,6,2,1,3,1,0,0,0,8925,4487,265,278,298,185,115,36,39,134,187,212,205,301,341,338,340,129,188,119,179,228,197,112,61,4438,235,270,279,201,96,44,39,121,207,221,252,268,318,364,329,101,203,106,141,233,180,136,94,379,237,18,0,0,0,0,0,0,0,0,0,0,0,0,0,0,0,0,0,0,0,18,0,0,0,0,18,0,0,0,0,18,0,188,62,59,0,0,0,59,0,0,0,0,0,0,3,0,0,0,0,0,0,126,0,0,0,0,126,0,2,0,0,124,0,31,31,0,0,0,0,0,0,0,0,0,0,0,31,0,0,0,0,0,0,0,0,0,0,0,0,0,0,0,0,0,0,142,14,0,0,0,0,0,0,0,0,0,0,0,0,0,0,0,0,0,0,0,14,0,0,0,0,14,0,0,0,0,14,0,57,19,17,0,0,0,17,0,0,0,0,0,0,2,0,0,0,0,0,0,38,0,0,0,0,38,0,1,0,0,37,0,71,68,0,0,0,0,0,0,0,0,0,0,0,68,0,0,0,0,0,0,3,0,0,0,0,3,0,3,0,0,0,0
"G5500430","2010","WI","2","3","Wisconsin","55","Grant County","043",,,,,,,,,,,,,,,"38420","99999","999",,,,,,,,,,,,,,,,,"2970324643","94521211","Grant County","A","+42.8700621","-090.6953683","06","2",,51208,26636,306,304,302,338,293,293,290,315,314,303,336,294,350,315,295,342,339,329,617,1059,945,918,779,567,409,313,308,314,310,290,326,276,279,266,270,250,217,255,278,302,266,273,272,272,324,326,332,329,356,347,419,394,360,353,360,397,318,341,348,304,293,282,295,261,211,192,187,213,200,204,170,193,180,176,141,170,109,128,134,130,123,114,100,83,76,79,62,56,42,32,37,19,10,16,8,8,0,1,1,2,1,0,0,24572,254,294,287,313,298,328,314,290,283,295,261,252,261,259,284,310,304,341,462,638,591,645,470,319,271,264,263,222,255,246,283,199,240,244,216,217,211,237,234,279,270,233,276,281,273,291,324,357,355,366,385,348,348,351,366,333,361,334,301,267,314,268,280,250,229,227,192,239,211,194,196,202,206,193,201,180,176,165,174,169,148,161,149,168,112,109,121,114,106,71,75,90,48,51,25,30,23,19,17,7,7,1,0,47311,24248,1543,1515,1590,1005,673,528,728,1559,1421,1318,1235,1364,1646,1859,1690,565,756,377,612,847,654,452,311,23063,1446,1510,1317,954,573,397,547,1005,1237,1169,1177,1329,1692,1787,1589,578,750,409,627,951,792,626,601,3897,2388,5,5,1,0,0,0,1,0,0,4,4,0,0,0,0,0,0,0,0,0,0,0,0,0,0,0,0,0,0,0,0,0,2239,496,466,0,0,431,35,0,0,0,0,0,0,30,0,0,0,0,0,0,1743,1723,0,0,0,20,0,19,0,0,0,1,144,143,2,0,0,2,0,0,0,0,0,0,0,141,0,0,0,0,0,0,1,0,0,0,0,1,0,0,0,0,0,1,1509,1,0,0,0,0,0,0,0,0,0,0,0,0,0,0,0,0,0,0,0,1,1,0,0,0,0,0,0,0,0,0,0,937,32,7,0,0,0,7,0,0,0,0,0,0,25,0,0,0,0,0,0,905,891,0,0,0,14,0,7,0,0,0,7,571,414,0,0,0,0,0,0,0,0,0,0,0,414,0,0,0,0,0,0,157,0,0,0,0,157,0,2,0,0,0,155
"G5500450","2010","WI","2","3","Wisconsin","55","Green County","045",,,,,,,,,,,,,,,"33820","99999","999",,,,,,,,,,,,,,,,,"1512440867","1315724","Green County","A","+42.6777275","-089.6056390","06","2",,36842,18241,223,228,250,249,260,252,262,265,248,254,253,248,223,249,251,256,274,271,243,158,171,145,159,185,196,190,173,226,194,238,198,231,191,208,217,222,211,225,259,288,267,255,218,251,269,284,333,272,305,349,330,298,314,278,300,315,280,246,295,241,274,231,220,225,163,192,160,158,135,131,123,117,123,120,90,85,89,91,92,73,77,89,60,66,39,52,37,53,27,29,23,14,10,14,7,3,3,1,0,0,1,0,0,18601,229,196,215,249,255,248,261,221,248,249,245,253,265,256,268,242,273,264,232,158,141,130,140,166,166,176,186,220,204,191,231,209,220,228,195,212,209,214,232,259,308,232,226,268,276,301,264,295,293,323,322,322,338,290,258,298,302,261,256,209,239,235,238,210,168,153,175,171,155,144,134,138,115,126,105,114,121,119,118,120,112,113,102,83,91,91,71,64,62,74,48,44,42,24,32,18,6,10,7,7,4,0,0,36437,18071,1210,1281,1224,800,400,169,144,532,1013,1039,1192,1252,1536,1514,1364,502,604,351,421,564,416,306,237,18366,1144,1227,1286,777,390,141,130,471,976,1078,1125,1305,1473,1520,1322,470,613,323,467,606,579,460,483,405,170,1,1,1,0,0,0,1,0,0,0,0,0,0,0,0,0,0,0,0,0,0,0,0,0,0,0,0,0,0,0,0,0,80,48,39,0,0,0,39,0,0,0,0,0,0,9,0,0,0,0,0,0,32,0,0,0,0,32,0,21,0,0,0,11,89,78,0,0,0,0,0,0,0,0,0,0,0,78,0,0,0,0,0,0,11,0,0,0,0,11,0,11,0,0,0,0,235,3,2,0,0,0,0,0,0,0,2,2,0,0,0,0,0,0,0,0,0,1,0,0,0,0,1,0,0,0,0,0,1,37,15,7,0,0,0,7,0,0,0,0,0,0,8,0,0,0,0,0,0,22,0,0,0,0,22,0,20,0,0,0,2,195,185,0,0,0,0,0,0,0,0,0,0,0,185,0,0,0,0,0,0,10,0,0,0,0,10,0,10,0,0,0,0
"G5500470","2010","WI","2","3","Wisconsin","55","Green Lake County","047",,,,,,,,,,,,,,,"99999","99999","999",,,,,,,,,,,,,,,,,"905037501","79929990","Green Lake County","A","+43.7614097","-088.9872277","06","9",,19051,9509,110,119,103,138,110,128,125,120,131,148,133,141,144,128,114,137,136,116,104,98,86,80,83,77,96,73,109,98,104,92,122,93,104,92,94,104,91,87,116,120,104,114,105,131,130,121,146,180,154,163,128,138,157,172,178,153,147,148,149,143,141,139,126,146,97,100,122,110,75,86,79,91,88,69,67,59,55,49,61,46,63,64,45,47,46,37,28,22,17,19,10,9,7,10,4,4,3,3,0,0,0,0,0,9542,93,107,99,118,111,127,129,130,107,122,98,142,129,129,115,114,121,116,105,87,87,78,77,84,69,86,85,97,93,93,99,109,89,67,105,85,88,99,97,130,103,92,107,113,135,117,141,132,144,157,152,167,152,148,158,136,157,159,143,103,119,146,137,151,100,128,105,111,98,93,96,87,65,79,88,81,70,78,89,86,76,59,80,59,38,61,61,37,38,40,26,25,20,15,15,13,13,5,8,4,10,0,0,18839,9442,580,652,660,389,199,83,80,252,471,500,516,581,761,772,736,277,368,222,271,393,263,258,158,9397,528,615,613,351,192,85,78,230,450,465,499,550,691,777,697,265,385,233,302,412,386,285,308,212,67,0,0,0,0,0,0,0,0,0,0,0,0,0,0,0,0,0,0,0,0,0,0,0,0,0,0,0,0,0,0,0,0,37,35,30,0,0,0,30,0,0,0,0,0,0,5,0,0,0,0,0,0,2,0,0,0,0,2,0,2,0,0,0,0,30,30,0,0,0,0,0,0,0,0,0,0,0,30,0,0,0,0,0,0,0,0,0,0,0,0,0,0,0,0,0,0,145,0,0,0,0,0,0,0,0,0,0,0,0,0,0,0,0,0,0,0,0,0,0,0,0,0,0,0,0,0,0,0,0,14,9,5,0,0,0,5,0,0,0,0,0,0,4,0,0,0,0,0,0,5,0,0,0,0,5,0,4,0,0,0,1,131,120,0,0,0,0,0,0,0,0,0,0,0,120,0,0,0,0,0,0,11,0,0,0,0,11,0,8,0,0,0,3
"G5500490","2010","WI","2","3","Wisconsin","55","Iowa County","049",,,,,,,,,,,,,,,"31540","99999","358",,,,,,,,,,,,,,,,,"1975072643","13869428","Iowa County","A","+43.0010208","-090.1336915","06","1",,23687,11878,167,162,150,178,171,165,184,162,167,167,164,190,158,134,176,169,172,185,145,108,80,103,116,112,125,117,121,136,123,153,149,152,118,130,126,148,146,145,157,142,161,142,163,174,195,196,173,205,220,197,197,205,216,207,216,191,171,204,195,160,158,145,143,156,136,110,111,98,103,83,79,76,69,47,59,59,67,59,66,56,44,30,37,31,37,30,28,27,15,12,12,9,11,4,4,3,1,0,2,0,0,0,0,11809,154,147,152,169,161,176,163,168,163,160,147,157,165,152,172,147,148,167,117,83,79,105,105,100,111,121,136,140,124,135,161,111,143,128,131,150,135,144,146,159,136,163,147,178,169,206,203,193,203,200,194,194,193,211,192,185,182,167,148,163,186,138,156,172,108,101,103,87,89,83,73,78,87,81,85,68,73,56,71,61,67,67,51,46,54,45,42,40,36,28,22,25,15,15,13,11,6,6,4,1,0,0,0,23473,11780,828,845,822,526,250,80,102,347,645,667,730,832,984,1035,917,302,432,220,283,328,299,172,134,11693,783,830,793,462,200,79,105,315,656,667,732,793,1001,982,842,324,433,203,259,401,320,264,249,214,98,0,0,0,0,0,0,0,0,0,0,0,0,0,0,0,0,0,0,0,0,0,0,0,0,0,0,0,0,0,0,0,0,55,19,16,0,0,0,16,0,0,0,0,0,0,3,0,0,0,0,0,0,36,0,0,0,0,36,0,31,5,0,0,0,43,41,0,0,0,0,0,0,0,0,0,0,0,41,0,0,0,0,0,0,2,0,0,0,0,2,0,2,0,0,0,0,116,0,0,0,0,0,0,0,0,0,0,0,0,0,0,0,0,0,0,0,0,0,0,0,0,0,0,0,0,0,0,0,0,22,10,6,0,0,0,6,0,0,0,0,0,0,4,0,0,0,0,0,0,12,0,0,0,0,12,1,10,1,0,0,0,94,91,0,0,0,0,0,0,0,0,0,0,0,91,0,0,0,0,0,0,3,0,0,0,0,3,0,3,0,0,0,0
"G5500510","2010","WI","2","3","Wisconsin","55","Iron County","051",,,,,,,,,,,,,,,"99999","99999","999",,,,,,,,,,,,,,,,,"1963660997","416963329","Iron County","A","+46.3265500","-090.2612985","06","9",,5916,2959,16,24,24,24,30,24,23,28,30,31,21,31,30,29,35,31,38,39,34,15,24,25,18,16,17,17,16,28,28,17,23,14,19,30,21,31,29,31,23,36,44,29,36,37,33,38,45,61,48,53,57,63,70,49,44,49,62,53,50,48,58,44,65,59,49,42,43,50,38,43,35,47,25,22,30,28,33,34,22,26,19,22,21,21,18,13,11,11,9,11,5,8,2,1,3,2,0,0,0,0,0,0,0,2957,14,20,25,19,17,20,17,27,28,20,14,28,40,39,36,37,40,32,32,17,16,12,20,20,24,18,19,30,17,27,25,21,31,25,27,21,23,20,25,35,31,32,38,33,49,43,46,40,54,59,49,57,60,41,47,60,55,53,33,45,45,47,55,54,46,44,35,34,33,36,31,36,30,28,31,27,41,27,20,35,30,24,27,18,33,23,22,24,16,27,12,18,9,6,9,5,6,2,4,3,1,0,0,5820,2934,118,136,146,108,49,24,25,51,103,106,148,177,244,283,261,102,172,85,131,157,142,97,69,2886,95,112,157,109,49,16,12,64,110,129,124,183,242,254,246,92,155,78,102,153,146,121,137,96,25,0,0,0,0,0,0,0,0,0,0,0,0,0,0,0,0,0,0,0,0,0,0,0,0,0,0,0,0,0,0,0,0,11,11,9,0,0,0,9,0,0,0,0,0,0,2,0,0,0,0,0,0,0,0,0,0,0,0,0,0,0,0,0,0,14,14,0,0,0,0,0,0,0,0,0,0,0,14,0,0,0,0,0,0,0,0,0,0,0,0,0,0,0,0,0,0,71,0,0,0,0,0,0,0,0,0,0,0,0,0,0,0,0,0,0,0,0,0,0,0,0,0,0,0,0,0,0,0,0,1,1,1,0,0,0,1,0,0,0,0,0,0,0,0,0,0,0,0,0,0,0,0,0,0,0,0,0,0,0,0,0,70,70,0,0,0,0,0,0,0,0,0,0,0,70,0,0,0,0,0,0,0,0,0,0,0,0,0,0,0,0,0,0
"G5500530","2010","WI","2","3","Wisconsin","55","Jackson County","053",,,,,,,,,,,,,,,"99999","99999","999",,,,,,,,,,,,,,,,,"2558182292","32520538","Jackson County","A","+44.3248946","-090.8065413","06","9",,20449,10874,152,116,132,145,121,123,127,135,125,136,128,126,139,128,125,125,137,151,120,111,117,118,120,131,138,163,133,133,133,160,170,160,162,123,126,134,123,136,128,160,164,157,140,166,185,150,169,172,174,173,174,172,189,160,163,169,153,157,141,114,143,160,132,120,116,124,119,130,103,90,81,87,85,79,68,62,64,58,64,41,40,41,47,29,29,38,29,23,12,13,12,9,8,0,2,1,2,1,0,0,0,0,0,9575,124,95,119,118,130,126,117,141,134,130,129,115,133,125,129,112,145,138,111,96,85,83,84,97,94,96,85,118,98,96,110,103,105,107,101,106,91,103,109,129,109,114,105,128,151,156,148,135,147,152,171,133,147,160,138,141,138,138,143,136,139,127,125,115,100,113,86,99,86,92,69,80,91,86,64,81,68,71,65,48,49,45,59,44,39,43,33,25,21,29,27,25,11,13,16,12,6,2,8,2,4,0,0,19116,9667,666,646,646,412,206,96,95,266,470,544,546,676,730,789,695,291,355,235,316,387,287,180,133,9449,586,648,631,394,207,85,83,274,485,525,535,605,735,746,692,264,338,197,273,388,322,223,213,1333,1207,1,0,0,0,0,0,0,0,0,0,0,0,0,0,0,0,0,0,0,0,1,0,0,0,0,1,1,0,0,0,0,0,1153,1119,1117,0,0,1076,31,10,0,0,0,0,0,2,0,0,0,0,0,0,34,0,0,0,0,34,0,34,0,0,0,0,53,36,10,0,0,10,0,0,0,0,0,0,0,26,0,0,0,0,0,0,17,0,0,0,0,17,0,17,0,0,0,0,126,1,0,0,0,0,0,0,0,0,0,0,0,0,0,0,0,0,0,0,0,1,0,0,0,0,1,1,0,0,0,0,0,29,13,7,0,0,0,7,0,0,0,0,0,0,6,0,0,0,0,0,0,16,0,0,0,0,16,1,15,0,0,0,0,96,88,0,0,0,0,0,0,0,0,0,0,0,88,0,0,0,0,0,0,8,0,0,0,0,8,0,8,0,0,0,0
"G5500550","2010","WI","2","3","Wisconsin","55","Jefferson County","055",,,,,,,,,,,,,,,"48020","99999","999",,,,,,,,,,,,,,,,,"1441259924","68019815","Jefferson County","A","+43.0138065","-088.7739855","06","2",,83686,41638,504,492,561,584,556,576,572,561,551,563,561,591,563,560,576,587,624,607,719,823,772,501,505,481,502,480,459,456,534,512,575,495,524,522,497,549,529,505,545,600,599,552,549,610,587,692,675,657,596,663,658,609,646,590,636,581,574,568,549,534,504,511,484,452,367,338,361,371,314,271,285,264,260,250,209,195,189,189,164,130,165,112,125,105,93,102,98,50,53,66,42,31,24,24,10,5,10,6,6,2,2,0,0,42048,497,474,490,543,534,555,535,544,551,582,552,508,507,563,556,557,558,562,758,853,703,552,447,486,487,501,480,514,505,503,524,525,488,500,480,532,483,522,535,574,524,545,565,597,554,629,643,640,651,655,673,635,655,538,606,617,578,578,552,519,502,481,492,491,387,344,401,404,328,303,317,314,265,258,246,242,194,187,217,219,198,195,167,200,155,155,134,116,103,97,82,57,43,36,35,31,27,19,14,5,12,1,0,80008,39821,2697,2823,2839,1703,849,446,407,1382,2401,2570,2694,2851,3226,3104,2771,1000,1284,687,927,1248,837,582,493,40187,2538,2767,2669,1535,865,403,450,1341,2469,2490,2625,2756,3188,3071,2813,971,1354,734,1014,1374,1034,876,850,3678,1817,127,3,3,0,0,0,3,0,0,0,0,0,0,0,0,0,0,0,0,0,124,2,0,0,0,122,0,1,0,0,121,0,1543,177,128,0,0,0,128,0,0,0,0,0,0,49,0,0,0,0,0,0,1366,1132,0,0,0,234,0,164,24,0,46,0,147,93,2,0,0,0,2,0,0,0,0,0,0,91,0,0,0,0,0,0,54,0,0,0,0,54,0,46,8,0,0,0,1861,159,0,0,0,0,0,0,0,0,0,0,0,0,0,0,0,0,0,0,0,159,4,0,0,0,155,0,0,0,0,155,0,1463,76,16,0,0,0,16,0,0,0,0,0,0,60,0,0,0,0,0,0,1387,1200,0,0,0,187,0,155,4,0,28,0,239,190,0,0,0,0,0,0,0,0,0,0,0,190,0,0,0,0,0,0,49,0,0,0,0,49,0,45,4,0,0,0
"G5500570","2010","WI","2","3","Wisconsin","55","Juneau County","057",,,,,,,,,,,,,,,"99999","99999","999",,,,,,,,,,,,,,,,,"1986327042","96096159","Juneau County","A","+43.9328362","-090.1139837","06","9",,26664,14029,157,142,144,160,150,147,152,186,143,168,162,157,153,158,169,159,177,187,181,137,112,123,121,169,169,160,172,163,168,205,190,181,155,149,170,170,180,149,202,198,193,183,205,217,206,217,218,264,255,265,271,253,228,236,221,228,200,204,217,173,189,172,196,197,157,147,165,177,149,123,115,112,120,93,105,108,85,66,79,91,60,48,56,40,38,30,30,24,31,15,15,11,11,8,8,1,3,2,1,2,0,0,0,12635,133,148,137,152,134,157,161,139,148,147,143,188,157,166,169,150,191,182,136,101,116,107,103,115,139,112,126,134,156,102,134,138,123,110,130,136,126,144,129,131,173,136,164,163,182,197,198,223,183,204,218,188,203,207,198,206,185,166,180,156,156,180,198,181,132,158,144,154,135,123,124,126,129,118,95,77,104,90,85,80,79,67,71,61,56,54,49,56,47,38,35,33,32,24,24,13,6,9,3,3,6,0,0,25013,12541,753,796,799,522,313,104,110,390,657,665,712,809,1022,1044,935,330,512,298,430,531,410,231,168,12472,704,752,823,523,236,116,107,355,629,635,664,816,1003,1010,890,335,511,302,410,581,421,310,339,1651,1488,1,1,1,0,0,0,1,0,0,0,0,0,0,0,0,0,0,0,0,0,0,0,0,0,0,0,0,0,0,0,0,0,1386,1067,1061,0,0,997,64,0,0,0,0,0,0,6,0,0,0,0,0,0,319,0,0,0,0,319,0,47,268,0,3,1,101,75,28,0,0,28,0,0,0,0,0,0,0,47,0,0,0,0,0,0,26,0,0,0,0,26,0,2,23,0,1,0,163,0,0,0,0,0,0,0,0,0,0,0,0,0,0,0,0,0,0,0,0,0,0,0,0,0,0,0,0,0,0,0,0,18,6,6,0,0,0,6,0,0,0,0,0,0,0,0,0,0,0,0,0,12,0,0,0,0,12,0,10,2,0,0,0,145,140,0,0,0,0,0,0,0,0,0,0,0,140,0,0,0,0,0,0,5,0,0,0,0,5,0,5,0,0,0,0
"G5500590","2010","WI","2","3","Wisconsin","55","Kenosha County","059",,,,,,,,,,,,,,,"16980","29404","176",,,,,,,,,,,,,,,,,"704452046","1248438057","Kenosha County","A","+42.5797028","-087.4248983","06","1",,166426,82444,1090,1105,1135,1125,1128,1140,1156,1209,1238,1322,1323,1260,1249,1262,1271,1329,1333,1369,1354,1388,1303,1235,1130,1022,1064,1026,990,1032,1033,1065,1142,993,1027,999,1031,1056,993,1032,1224,1209,1269,1181,1149,1200,1235,1400,1397,1368,1393,1347,1351,1214,1265,1180,1157,1100,1120,1057,992,881,850,812,803,829,561,543,516,584,501,492,427,416,372,377,343,326,287,250,256,266,250,248,240,188,181,153,145,132,104,84,77,57,36,20,21,24,4,11,1,3,5,1,0,83982,1019,1058,1092,1104,1139,1108,1142,1162,1171,1202,1215,1223,1190,1178,1139,1177,1256,1210,1315,1298,1286,1161,1094,968,1044,1024,1011,1032,1079,1085,1101,1055,1049,1040,1059,1088,1030,1089,1167,1247,1180,1174,1126,1252,1306,1385,1325,1328,1403,1421,1356,1242,1275,1166,1189,1167,1070,983,979,899,899,791,860,750,611,636,580,641,568,534,499,459,444,411,397,393,384,353,377,405,400,356,323,341,318,300,279,232,224,176,165,127,116,76,63,38,39,31,16,17,19,1,0,161825,79947,5569,6065,6358,3990,2131,1018,1071,3012,4963,5019,5401,5930,6802,6088,5069,1632,2166,1048,1542,1892,1335,1048,798,81878,5407,5782,5941,3640,1991,968,939,2967,5198,5275,5590,6020,6834,6203,5069,1675,2206,1204,1728,2172,1853,1620,1596,4601,2497,62,36,11,0,0,0,11,0,0,25,2,23,0,0,0,0,0,0,0,0,26,1,0,0,0,25,16,0,0,0,0,9,2157,873,795,0,0,106,676,13,0,0,0,0,0,78,0,0,0,0,0,0,1284,1076,0,0,0,208,34,91,39,0,0,44,278,235,0,0,0,0,0,0,0,0,0,0,0,234,1,0,0,1,0,0,43,0,0,0,0,43,0,21,8,0,1,13,2104,15,0,0,0,0,0,0,0,0,0,0,0,0,0,0,0,0,0,0,0,15,0,0,0,0,15,11,1,0,0,0,3,1524,152,78,0,0,0,78,0,0,0,0,0,0,74,0,0,0,0,0,0,1372,1272,0,0,0,100,24,30,16,0,0,30,565,541,0,0,0,0,0,0,0,0,0,0,0,538,3,0,0,3,0,0,24,0,0,0,0,24,0,2,12,0,2,8
"G5500610","2010","WI","2","3","Wisconsin","55","Kewaunee County","061",,,,,,,,,,,,,,,"24580","99999","999",,,,,,,,,,,,,,,,,"887118289","1921198771","Kewaunee County","A","+44.5009489","-087.1618133","06","1",,20574,10460,117,100,108,132,134,147,153,141,147,144,139,157,141,142,157,143,166,161,132,102,105,95,95,97,114,134,107,104,129,110,130,124,122,121,118,112,133,111,147,132,133,122,133,178,148,139,177,160,185,165,174,174,181,172,170,148,169,166,148,147,137,132,129,121,130,103,93,101,90,82,69,94,88,58,62,68,52,39,56,68,47,46,24,46,34,25,23,20,30,24,9,14,32,6,5,1,2,5,2,1,0,0,0,10114,123,111,119,117,111,115,144,124,142,126,149,129,147,113,137,128,135,150,103,87,82,75,88,98,102,90,104,91,108,105,117,105,119,111,109,120,107,119,120,144,137,128,126,138,144,168,171,189,154,166,164,167,138,157,150,133,171,150,140,119,150,129,128,108,91,90,89,128,90,90,84,58,82,70,71,64,61,72,59,62,74,58,54,55,51,53,51,44,57,37,36,26,31,17,16,21,7,8,2,2,4,0,0,20396,10384,591,732,736,470,231,105,95,304,571,612,633,711,823,870,772,269,374,195,272,368,277,189,184,10012,581,651,675,412,190,81,75,285,495,558,609,672,846,774,712,278,327,179,307,359,311,275,360,178,76,0,0,0,0,0,0,0,0,0,0,0,0,0,0,0,0,0,0,0,0,0,0,0,0,0,0,0,0,0,0,0,0,42,19,18,0,0,0,18,0,0,0,0,0,0,1,0,0,0,0,0,0,23,0,0,0,0,23,0,19,0,0,3,1,34,32,0,0,0,0,0,0,0,0,0,0,0,32,0,0,0,0,0,0,2,0,0,0,0,2,0,2,0,0,0,0,102,1,1,1,0,0,0,1,0,0,0,0,0,0,0,0,0,0,0,0,0,0,0,0,0,0,0,0,0,0,0,0,0,18,5,3,0,0,0,3,0,0,0,0,0,0,2,0,0,0,0,0,0,13,0,0,0,0,13,0,13,0,0,0,0,83,83,0,0,0,0,0,0,0,0,0,0,0,83,0,0,0,0,0,0,0,0,0,0,0,0,0,0,0,0,0,0
"G5500630","2010","WI","2","3","Wisconsin","55","La Crosse County","063",,,,,,,,,,,,,,,"29100","99999","999",,,,,,,,,,,,,,,,,"1169862598","73139930","La Crosse County","A","+43.9082222","-091.1117584","06","1",,114638,55961,691,690,655,754,683,703,664,670,672,683,690,659,691,717,705,723,783,752,936,1380,1336,1344,1283,1035,999,923,833,851,788,765,787,696,688,628,655,614,557,581,654,687,734,672,702,674,713,752,724,789,778,789,789,793,789,763,783,763,770,693,723,678,641,680,614,636,474,426,432,418,386,334,338,313,315,299,254,279,215,292,233,218,222,212,171,175,150,152,139,95,92,68,60,36,28,30,24,13,3,12,3,1,2,0,0,58677,662,654,632,687,640,628,676,604,633,629,657,689,671,662,675,647,693,738,1132,1763,1745,1584,1420,999,881,831,810,776,775,742,709,634,652,596,635,579,563,593,604,713,693,654,659,688,705,698,755,796,824,850,845,849,844,825,786,823,712,779,713,692,673,701,668,633,438,495,450,450,405,380,356,377,395,342,325,352,329,297,310,332,305,254,302,269,259,243,244,199,187,150,160,135,116,84,76,52,41,26,18,18,27,1,0,109443,54015,3472,3391,3441,2225,1484,1085,1243,3207,4077,3406,3052,3454,3786,3882,3591,1308,1700,849,1118,1495,1206,883,660,55428,3272,3167,3346,2067,1355,1261,1432,3199,3882,3205,3035,3382,3897,4118,3695,1367,1718,931,1213,1747,1531,1255,1353,5195,1946,56,54,1,0,0,0,1,0,0,53,0,38,15,0,0,0,0,0,0,0,2,0,0,0,0,2,1,0,0,0,0,1,1661,240,177,0,0,0,172,5,0,5,0,5,0,58,0,0,0,0,0,0,1421,1236,0,0,0,185,33,93,23,0,1,35,229,210,0,0,0,0,0,0,0,0,0,0,0,210,0,0,0,0,0,0,19,0,0,0,0,19,0,2,3,0,0,14,3249,25,21,0,0,0,0,0,0,0,21,0,18,3,0,0,0,0,0,0,0,4,0,0,0,0,4,2,0,0,0,0,2,2493,110,24,0,0,0,23,1,0,2,0,2,0,80,4,0,4,0,0,0,2383,2251,0,0,0,132,23,64,18,0,1,26,731,537,0,0,0,0,0,0,0,0,0,0,0,537,0,0,0,0,0,0,194,0,0,0,0,194,0,16,21,0,0,157
"G5500650","2010","WI","2","3","Wisconsin","55","Lafayette County","065",,,,,,,,,,,,,,,"99999","99999","999",,,,,,,,,,,,,,,,,"1640985371","2539100","Lafayette County","A","+42.6555782","-090.1302916","06","9",,16836,8582,130,114,111,129,126,126,88,115,130,146,131,130,125,123,120,134,126,149,139,103,98,78,100,109,119,112,91,93,90,90,108,78,81,92,82,78,93,73,91,102,105,113,94,119,120,127,117,132,142,125,148,142,163,133,128,151,140,121,125,107,123,106,85,85,96,72,74,56,68,56,73,74,62,53,46,51,46,42,51,49,32,42,38,43,41,25,21,16,12,7,13,6,4,4,1,1,0,0,1,0,2,0,0,8254,118,110,101,116,134,115,119,118,115,109,122,106,104,105,112,112,130,150,102,73,80,66,60,84,94,81,96,101,95,86,93,86,77,99,76,67,79,85,112,100,100,99,90,92,117,116,126,129,151,156,148,126,145,125,156,118,133,109,106,101,105,78,83,81,57,61,68,67,84,76,64,66,62,64,74,67,53,57,52,64,50,45,39,47,41,43,29,28,18,23,20,11,11,10,5,13,1,2,2,1,1,0,0,16716,8519,610,605,629,408,236,98,73,324,474,437,433,547,642,711,643,228,263,145,180,307,236,185,105,8197,579,576,549,391,175,78,65,238,458,431,441,498,678,699,563,183,221,128,226,329,289,207,195,120,63,1,1,1,0,0,0,1,0,0,0,0,0,0,0,0,0,0,0,0,0,0,0,0,0,0,0,0,0,0,0,0,0,38,21,19,0,0,0,19,0,0,0,0,0,0,2,0,0,0,0,0,0,17,5,0,0,0,12,0,8,4,0,0,0,24,24,0,0,0,0,0,0,0,0,0,0,0,24,0,0,0,0,0,0,0,0,0,0,0,0,0,0,0,0,0,0,57,1,1,1,0,0,0,1,0,0,0,0,0,0,0,0,0,0,0,0,0,0,0,0,0,0,0,0,0,0,0,0,0,11,6,3,0,0,0,3,0,0,0,0,0,0,3,0,0,0,0,0,0,5,2,0,0,0,3,0,2,1,0,0,0,45,45,0,0,0,0,0,0,0,0,0,0,0,45,0,0,0,0,0,0,0,0,0,0,0,0,0,0,0,0,0,0
"G5500670","2010","WI","2","3","Wisconsin","55","Langlade County","067",,,,,,,,,,,,,,,"99999","99999","999",,,,,,,,,,,,,,,,,"2254946857","44657283","Langlade County","A","+45.2592039","-089.0681897","06","9",,19977,10032,102,84,109,132,107,111,118,123,108,122,152,126,116,114,155,132,137,147,150,94,111,94,71,106,97,100,94,88,120,104,113,102,86,119,98,90,93,103,113,114,118,119,119,149,130,150,182,173,158,166,165,159,175,168,162,176,156,171,154,154,157,132,149,131,101,101,112,110,117,91,112,104,104,98,97,69,61,62,54,64,61,59,42,59,40,51,28,19,14,14,16,8,8,12,5,4,2,1,3,0,1,0,0,9945,96,92,107,102,99,107,116,115,110,102,115,98,108,123,117,128,141,144,111,82,72,72,78,100,99,95,100,95,98,83,71,108,92,95,100,81,105,97,114,128,130,112,105,110,138,145,169,170,159,196,192,138,165,181,157,159,122,137,159,152,138,136,133,141,122,105,139,89,135,101,104,102,106,93,92,84,65,77,86,72,88,74,64,83,57,49,58,45,41,33,34,24,25,9,13,6,12,5,3,3,7,0,0,19696,9875,534,581,662,409,230,105,86,264,487,498,502,625,821,828,809,287,380,212,317,510,306,253,169,9821,496,548,561,413,188,70,72,273,470,465,522,592,836,832,728,274,394,243,323,493,374,349,305,281,157,9,8,7,0,0,0,1,6,0,1,1,0,0,0,0,0,0,0,0,0,1,0,0,0,0,1,0,0,0,0,1,0,112,94,89,0,0,0,89,0,0,0,0,0,0,5,0,0,0,0,0,0,18,5,0,0,0,13,0,0,0,0,6,7,36,36,0,0,0,0,0,0,0,0,0,0,0,36,0,0,0,0,0,0,0,0,0,0,0,0,0,0,0,0,0,0,124,2,2,0,0,0,0,0,0,0,2,2,0,0,0,0,0,0,0,0,0,0,0,0,0,0,0,0,0,0,0,0,0,26,13,9,0,0,0,9,0,0,0,0,0,0,4,0,0,0,0,0,0,13,0,0,0,0,13,0,0,0,0,5,8,96,96,0,0,0,0,0,0,0,0,0,0,0,96,0,0,0,0,0,0,0,0,0,0,0,0,0,0,0,0,0,0
"G5500690","2010","WI","2","3","Wisconsin","55","Lincoln County","069",,,,,,,,,,,,,,,"32980","99999","554",,,,,,,,,,,,,,,,,"2276530049","72588161","Lincoln County","A","+45.3383191","-089.7420823","06","2",,28743,14412,145,123,146,179,148,156,178,162,178,157,183,174,201,210,196,240,261,265,180,161,122,120,118,124,135,138,125,167,132,141,141,142,130,127,152,153,159,160,149,183,169,196,217,220,215,276,216,215,271,265,276,274,273,261,249,240,209,231,226,204,156,187,185,198,172,146,149,165,140,117,129,125,126,124,105,89,108,74,75,100,77,75,54,55,62,48,46,41,27,16,16,13,18,10,8,6,1,3,1,1,0,0,0,14331,146,145,132,158,149,148,159,147,141,176,173,155,223,170,185,201,199,193,163,133,104,105,106,118,117,130,128,137,131,151,151,138,151,128,158,168,127,153,171,188,190,186,182,191,199,235,267,231,216,268,246,263,266,258,252,207,209,224,197,181,166,186,202,185,149,161,152,156,152,139,125,141,135,121,132,121,98,99,105,107,101,82,92,87,79,77,78,59,54,54,40,43,34,23,25,14,10,7,4,3,9,0,0,28183,14084,741,831,957,632,322,117,116,366,689,688,793,1007,1233,1326,1104,340,549,294,418,602,434,297,228,14099,730,771,906,593,293,104,105,338,674,724,806,944,1213,1281,1017,350,527,312,444,646,510,409,402,560,328,141,141,1,0,0,0,1,0,0,140,0,0,140,0,0,0,0,0,0,0,0,0,0,0,0,0,0,0,0,0,0,0,110,89,59,0,0,0,59,0,0,22,0,0,22,8,0,0,0,0,0,0,21,0,0,0,0,21,0,21,0,0,0,0,77,77,0,0,0,0,0,0,0,0,0,0,0,77,0,0,0,0,0,0,0,0,0,0,0,0,0,0,0,0,0,0,232,0,0,0,0,0,0,0,0,0,0,0,0,0,0,0,0,0,0,0,0,0,0,0,0,0,0,0,0,0,0,0,0,36,24,13,0,0,0,13,0,0,0,0,0,0,11,0,0,0,0,0,0,12,0,0,0,0,12,0,12,0,0,0,0,196,196,0,0,0,0,0,0,0,0,0,0,0,196,0,0,0,0,0,0,0,0,0,0,0,0,0,0,0,0,0,0
"G5500710","2010","WI","2","3","Wisconsin","55","Manitowoc County","071",,,,,,,,,,,,,,,"31820","99999","999",,,,,,,,,,,,,,,,,"1525716187","2343921717","Manitowoc County","A","+44.1051076","-087.3138281","06","2",,81442,40489,439,453,469,481,488,470,491,504,494,489,524,573,569,545,546,558,578,630,565,458,439,394,417,417,466,469,446,467,473,469,465,467,491,416,438,459,423,448,455,502,556,537,532,576,593,651,680,679,638,709,771,683,710,678,667,690,679,647,649,523,565,521,486,524,399,359,369,396,345,337,322,308,251,254,245,215,207,223,214,212,195,188,185,163,143,124,116,102,71,52,59,42,29,19,20,16,6,5,5,0,3,1,0,40953,387,450,486,466,431,495,477,459,492,503,497,470,511,526,493,583,582,601,535,394,353,363,367,416,401,438,419,436,417,446,448,386,408,429,456,416,402,434,437,523,501,515,526,546,582,652,654,673,724,683,639,680,691,676,651,673,584,595,584,542,547,487,501,495,406,409,409,447,403,336,328,330,306,304,336,264,286,302,296,282,285,268,275,257,227,220,227,157,177,154,118,111,106,82,55,48,35,29,12,12,18,2,0,80342,40188,2330,2448,2757,1757,1013,434,388,1289,2318,2272,2283,2784,3340,3487,3165,1081,1402,725,1070,1366,1045,832,602,40154,2220,2426,2497,1765,908,349,356,1179,2144,2125,2207,2664,3377,3321,2958,1024,1381,805,1154,1542,1338,1191,1223,1100,301,9,8,8,0,0,0,8,0,0,0,0,0,0,0,0,0,0,0,0,0,1,0,0,0,0,1,0,1,0,0,0,0,131,21,0,0,0,0,0,0,0,0,0,0,0,21,0,0,0,0,0,0,110,25,0,0,0,85,1,70,10,0,0,4,161,149,0,0,0,0,0,0,0,0,0,0,0,149,0,0,0,0,0,0,12,0,0,0,0,12,0,10,0,0,0,2,799,1,0,0,0,0,0,0,0,0,0,0,0,0,0,0,0,0,0,0,0,1,0,0,0,0,1,0,1,0,0,0,0,138,21,0,0,0,0,0,0,0,0,0,0,0,21,0,0,0,0,0,0,117,36,0,0,0,81,0,43,7,0,0,31,660,408,0,0,0,0,0,0,0,0,0,0,0,408,0,0,0,0,0,0,252,0,0,0,0,252,9,11,2,0,0,230
"G5500730","2010","WI","2","3","Wisconsin","55","Marathon County","073",,,,,,,,,,,,,,,"48140","99999","554",,,,,,,,,,,,,,,,,"4001488029","81139058","Marathon County","A","+44.8980363","-089.7578230","06","1",,134063,67308,865,890,973,895,910,863,980,868,897,917,966,926,946,1007,1007,957,1027,1029,1086,773,756,705,686,729,817,848,807,888,866,840,864,811,790,834,790,878,805,801,863,916,914,934,919,974,1004,1060,1072,1026,1061,1160,1071,1085,1099,1005,1047,1018,969,986,912,856,813,797,780,709,566,567,594,575,521,449,417,443,374,398,343,323,315,282,317,278,252,275,236,222,200,168,180,141,121,106,80,68,42,44,19,17,9,3,5,7,4,0,0,66755,773,821,889,892,863,821,874,864,897,905,861,865,955,885,902,960,986,933,852,702,672,592,643,693,807,811,826,842,855,804,861,746,795,773,712,756,783,773,832,906,901,905,903,937,1008,944,985,1021,1089,1122,1090,1024,1018,1000,986,930,924,922,924,854,848,785,719,754,587,554,594,641,490,508,444,463,469,416,415,386,371,382,347,396,350,340,346,330,299,322,259,241,237,208,153,145,125,101,84,57,46,25,19,18,12,0,0,132408,66525,4533,4525,4850,2997,1798,724,677,2194,4184,4035,4228,4713,5338,5269,4711,1600,2043,1151,1520,1951,1467,1111,906,65883,4237,4360,4467,2874,1508,658,586,2137,4116,3874,4034,4632,5147,5098,4529,1617,2037,1146,1628,2169,1818,1536,1675,1655,783,18,18,0,0,0,0,0,0,0,18,10,0,8,0,0,0,0,0,0,0,0,0,0,0,0,0,0,0,0,0,0,0,476,262,218,0,0,0,213,5,0,1,1,0,0,33,10,10,0,0,0,0,214,66,0,0,0,148,24,115,1,0,6,2,289,240,0,0,0,0,0,0,0,0,0,0,0,240,0,0,0,0,0,0,49,0,0,0,0,49,0,41,0,0,6,2,872,8,4,1,0,0,0,1,0,0,3,2,0,1,0,0,0,0,0,0,0,4,0,0,0,0,4,0,0,0,0,1,3,243,86,35,0,0,0,34,1,0,0,0,0,0,44,7,6,0,1,0,0,157,55,0,0,0,102,6,90,0,0,4,2,621,542,0,0,0,0,0,0,0,0,0,0,0,540,2,0,0,2,0,0,79,0,0,0,0,79,0,66,2,0,9,2
"G5500750","2010","WI","2","3","Wisconsin","55","Marinette County","075",,,,,,,,,,,,,,,"31940","99999","999",,,,,,,,,,,,,,,,,"3624293202","390213400","Marinette County","A","+45.3468989","-087.9911980","06","2",,41749,20758,200,197,221,205,241,226,262,230,204,259,251,275,247,239,241,292,286,283,271,257,233,235,215,217,221,225,220,198,229,230,234,209,207,177,198,197,201,222,192,247,235,229,239,233,283,305,311,337,339,375,375,356,403,381,321,349,360,318,329,305,313,286,310,301,217,276,267,283,212,234,205,213,188,172,150,145,139,136,123,120,130,119,96,86,75,73,57,59,39,40,31,20,21,14,11,8,4,3,1,2,2,0,0,20991,188,192,207,206,239,221,233,228,229,235,252,238,242,264,259,257,254,264,261,230,238,217,209,189,207,185,189,197,222,192,203,216,202,186,209,202,186,184,197,254,221,247,245,261,265,294,343,345,373,356,354,361,349,329,356,338,325,315,333,302,289,280,285,308,234,237,270,265,220,215,206,216,210,171,183,177,155,135,159,159,143,149,120,114,104,131,127,116,80,98,61,55,59,33,39,31,15,17,8,7,13,2,0,40676,20290,1064,1181,1253,856,459,178,180,588,1072,1003,1047,1208,1655,1827,1653,595,823,539,727,920,651,482,329,20386,1032,1146,1255,771,404,177,164,556,969,1010,1018,1239,1708,1746,1606,560,822,504,693,974,753,574,705,1073,468,5,2,2,0,0,0,2,0,0,0,0,0,0,0,0,0,0,0,0,0,3,1,0,0,0,2,0,0,0,0,2,0,357,119,106,0,0,0,103,3,0,0,0,0,0,13,0,0,0,0,0,0,238,212,0,0,0,26,7,11,0,0,3,5,106,100,0,0,0,0,0,0,0,0,0,0,0,100,0,0,0,0,0,0,6,0,0,0,0,6,0,3,0,0,0,3,605,4,2,2,0,0,0,0,2,0,0,0,0,0,0,0,0,0,0,0,0,2,2,0,0,0,0,0,0,0,0,0,0,304,38,21,0,0,0,21,0,0,0,0,0,0,17,0,0,0,0,0,0,266,245,0,0,0,21,7,8,0,0,3,3,297,297,0,0,0,0,0,0,0,0,0,0,0,297,0,0,0,0,0,0,0,0,0,0,0,0,0,0,0,0,0,0
"G5500770","2010","WI","2","3","Wisconsin","55","Marquette County","077",,,,,,,,,,,,,,,"99999","99999","999",,,,,,,,,,,,,,,,,"1180003730","22524386","Marquette County","A","+43.8260529","-089.4090953","06","9",,15404,7808,86,82,82,86,97,69,88,84,89,85,102,85,108,93,82,107,91,86,91,62,74,74,67,73,74,54,69,83,57,77,75,64,74,83,56,80,65,66,74,87,97,101,96,112,98,123,115,129,143,146,156,150,135,132,125,142,143,135,118,142,127,118,129,108,75,91,110,105,115,93,86,88,75,82,50,62,46,60,66,57,58,60,49,38,25,21,21,15,18,14,6,11,2,2,3,1,2,0,0,0,0,0,0,7596,66,69,67,72,94,97,85,76,66,69,106,92,83,82,78,87,104,90,71,61,57,60,74,78,60,62,60,55,85,50,69,63,73,78,67,65,60,77,86,87,84,84,72,104,100,117,134,121,130,155,128,125,128,138,125,120,124,130,109,110,105,105,124,121,108,118,92,113,95,94,101,95,84,95,70,69,58,65,51,55,54,50,53,45,33,24,19,36,29,29,18,13,14,8,13,9,2,4,1,1,3,1,0,15251,7732,433,415,470,284,149,73,70,210,336,343,364,500,652,691,679,244,312,201,313,380,284,225,104,7519,367,392,441,280,132,57,60,210,311,347,375,441,655,640,593,209,352,208,299,443,291,233,183,153,76,0,0,0,0,0,0,0,0,0,0,0,0,0,0,0,0,0,0,0,0,0,0,0,0,0,0,0,0,0,0,0,0,51,33,33,0,0,0,33,0,0,0,0,0,0,0,0,0,0,0,0,0,18,0,0,0,0,18,0,16,0,0,2,0,25,16,0,0,0,0,0,0,0,0,0,0,0,16,0,0,0,0,0,0,9,0,0,0,0,9,0,9,0,0,0,0,77,3,0,0,0,0,0,0,0,0,0,0,0,0,0,0,0,0,0,0,0,3,0,0,0,0,3,0,1,0,0,2,0,17,9,6,0,0,0,6,0,0,0,0,0,0,3,0,0,0,0,0,0,8,0,0,0,0,8,0,8,0,0,0,0,57,27,0,0,0,0,0,0,0,0,0,0,0,27,0,0,0,0,0,0,30,0,0,0,0,30,0,30,0,0,0,0
"G5500780","2010","WI","2","3","Wisconsin","55","Menominee County","078",,,,,,,,,,,,,,,"99999","99999","999",,,,,,,,,,,,,,,,,"926201079","19038425","Menominee County","A","+44.9913041","-088.6692512","06","9",,4232,2098,37,42,43,58,36,33,28,40,49,33,30,38,35,49,40,29,46,54,38,33,29,28,30,28,17,23,24,38,22,18,27,21,16,24,15,22,21,18,23,30,23,26,29,23,35,29,32,27,26,38,27,28,31,25,31,24,22,14,21,15,19,13,20,27,9,23,16,15,12,18,9,14,8,11,15,17,9,11,5,6,6,5,1,5,3,1,3,1,1,1,1,0,0,0,2,0,0,0,0,0,0,0,0,2134,35,45,35,39,40,36,42,36,35,41,31,35,30,20,38,39,38,44,48,34,33,28,28,30,29,17,29,22,15,23,28,21,24,18,17,19,26,23,17,19,26,22,31,23,35,31,30,17,40,46,21,31,26,28,33,22,29,27,20,20,16,27,21,17,25,14,23,16,21,20,21,24,16,11,12,9,9,15,9,11,3,6,2,3,3,6,2,2,2,0,0,2,0,0,0,0,0,1,0,0,0,0,0,4173,2052,216,182,190,128,69,29,25,69,113,96,109,132,150,141,96,32,56,39,45,57,48,20,10,2121,193,190,154,121,78,33,28,87,104,106,104,137,162,138,118,42,63,37,57,84,53,17,15,59,46,4,0,0,0,0,0,0,0,0,0,0,0,0,0,0,0,0,0,0,0,4,0,0,0,0,4,4,0,0,0,0,0,42,38,38,38,0,0,0,0,0,0,0,0,0,0,0,0,0,0,0,0,4,0,0,0,0,4,4,0,0,0,0,0,0,0,0,0,0,0,0,0,0,0,0,0,0,0,0,0,0,0,0,0,0,0,0,0,0,0,0,0,0,0,0,0,13,1,0,0,0,0,0,0,0,0,0,0,0,0,0,0,0,0,0,0,0,1,0,0,0,0,1,1,0,0,0,0,0,12,5,5,5,0,0,0,0,0,0,0,0,0,0,0,0,0,0,0,0,7,0,0,0,0,7,7,0,0,0,0,0,0,0,0,0,0,0,0,0,0,0,0,0,0,0,0,0,0,0,0,0,0,0,0,0,0,0,0,0,0,0,0,0
"G5500790","2010","WI","2","3","Wisconsin","55","Milwaukee County","079",,,,,,,,,,,,,,,"33340","99999","376",,,,,,,,,,,,,,,,,"625228895","2455664378","Milwaukee County","A","+43.0176546","-087.4815749","06","1",,947735,457717,7167,7093,7152,6971,6909,6628,6717,6383,6440,6525,6699,6488,6340,6317,6444,6581,6722,6769,7383,7918,7885,7665,7605,7559,7520,7954,7466,7524,7557,7468,7593,6837,6531,6387,6056,6262,5541,5755,5881,6194,6259,5765,5729,5698,5747,6044,5936,6001,6079,6389,6419,6258,6245,6233,6057,6197,5521,5317,5242,5096,4892,4612,4360,4181,3130,2992,2779,2767,2383,2198,2027,2064,2006,1832,1825,1681,1598,1678,1599,1586,1540,1438,1332,1264,1111,1092,944,816,677,543,422,363,260,176,135,107,73,41,28,19,25,3,0,490018,7003,6772,6856,6950,6491,6403,6512,6065,6372,6244,6419,6124,6185,6086,6030,6412,6468,6640,7076,7943,7897,7857,7907,7851,8211,8391,7963,8097,7929,7901,7955,7104,6865,6517,6243,6246,5886,5910,6170,6386,6238,5819,5929,5886,6000,6217,6349,6297,6507,6783,6904,6644,6780,6546,6502,6453,6082,5763,5687,5338,5369,4840,4934,4686,3419,3460,3291,3520,3008,2802,2677,2700,2580,2494,2479,2495,2327,2429,2421,2480,2452,2328,2284,2129,2090,2000,1889,1633,1499,1223,1045,980,755,557,452,400,266,195,133,99,130,6,1,923245,444451,35234,32648,32220,19886,12039,6621,7091,21799,37074,32657,29040,28570,29714,30484,26841,9316,11461,5660,7208,9531,7866,6360,5131,478794,34015,31559,30795,19424,11845,6836,7409,23532,39981,34498,30434,29688,31948,33110,29072,10111,12872,6646,9177,12633,11676,10503,11030,24490,13266,357,227,54,0,0,0,53,1,0,173,98,65,10,0,0,0,0,0,0,0,130,6,0,0,0,124,75,2,0,0,2,45,11241,4245,3744,3,0,1198,2374,169,0,6,5,1,0,450,45,40,0,5,0,0,6996,4834,0,0,0,2162,291,708,376,1,41,745,1668,1246,15,0,0,6,7,2,0,0,0,0,0,1217,14,8,0,6,0,0,422,0,0,0,0,422,49,191,61,0,7,114,11224,239,86,4,0,0,0,3,1,0,82,62,15,5,0,0,0,0,0,0,0,153,18,0,0,0,135,79,0,0,0,1,55,6941,1007,575,0,0,268,262,45,0,14,11,2,1,395,23,17,0,6,0,0,5934,4956,0,0,0,978,215,344,118,9,18,274,4044,3186,13,0,0,13,0,0,0,0,0,0,0,3154,19,3,0,16,0,0,858,0,0,0,0,858,60,403,59,0,30,306
"G5500810","2010","WI","2","3","Wisconsin","55","Monroe County","081",,,,,,,,,,,,,,,"99999","99999","999",,,,,,,,,,,,,,,,,"2332998070","19275338","Monroe County","A","+43.9451751","-090.6199687","06","9",,44673,22648,311,340,329,323,345,331,324,308,343,359,326,368,330,297,330,350,309,363,292,253,219,197,193,252,288,283,271,252,291,283,268,253,295,257,226,224,229,264,295,283,274,298,302,296,326,335,382,345,360,394,381,366,324,367,346,357,337,327,297,289,301,285,324,285,231,218,188,211,199,164,110,152,140,124,130,129,104,93,100,90,89,73,96,69,78,57,44,43,40,31,18,29,15,12,4,6,5,0,0,1,2,1,0,22025,296,331,347,316,298,303,306,312,329,315,307,320,304,311,328,293,335,333,279,216,192,166,222,246,253,282,253,270,283,291,316,242,240,234,231,214,237,260,302,275,272,238,261,293,325,297,333,341,293,369,367,320,361,307,351,340,313,297,291,270,260,262,261,265,192,191,186,214,206,162,145,148,154,137,132,143,131,111,125,110,115,115,83,100,82,82,73,65,64,52,57,42,37,27,21,15,14,8,5,4,2,0,0,43814,22054,1648,1665,1651,1018,537,217,195,714,1354,1276,1265,1444,1751,1726,1558,563,810,396,551,624,479,365,247,21760,1588,1565,1569,958,495,190,166,712,1369,1261,1284,1383,1625,1700,1501,519,713,373,571,704,597,464,453,859,594,4,4,0,0,0,0,0,0,0,4,4,0,0,0,0,0,0,0,0,0,0,0,0,0,0,0,0,0,0,0,0,0,387,174,102,0,0,0,102,0,0,0,0,0,0,44,28,28,0,0,0,0,213,0,111,111,0,102,0,23,70,0,3,6,203,182,0,0,0,0,0,0,0,0,0,0,0,163,19,19,0,0,0,0,21,0,0,0,0,21,0,18,2,0,1,0,265,4,4,2,0,0,0,2,0,0,2,2,0,0,0,0,0,0,0,0,0,0,0,0,0,0,0,0,0,0,0,0,0,65,35,19,0,0,0,19,0,0,0,0,0,0,13,3,3,0,0,0,0,30,0,11,11,0,19,3,9,0,0,7,0,196,173,0,0,0,0,0,0,0,0,0,0,0,172,1,1,0,0,0,0,23,0,0,0,0,23,0,19,0,0,4,0
"G5500830","2010","WI","2","3","Wisconsin","55","Oconto County","083",,,,,,,,,,,,,,,"24580","99999","999",,,,,,,,,,,,,,,,,"2584775696","390589546","Oconto County","A","+44.9965754","-088.2065162","06","1",,37660,19194,210,194,233,209,238,235,229,234,214,264,270,237,238,243,264,267,259,307,277,206,150,161,157,175,171,186,159,177,174,190,227,214,194,219,229,222,183,205,257,220,237,269,251,318,331,331,356,371,319,362,375,329,348,351,318,318,296,340,289,279,265,256,273,264,191,179,185,194,202,185,190,172,147,157,128,129,113,98,92,98,80,93,69,76,41,39,48,26,23,20,23,17,10,6,6,5,2,4,0,1,1,0,0,18466,195,197,205,193,224,237,209,213,223,220,229,215,223,235,254,241,279,295,206,146,148,156,152,161,164,164,146,146,191,191,208,183,193,190,208,207,177,227,233,263,240,292,257,308,283,341,292,341,309,349,338,340,323,288,304,297,279,283,253,249,245,212,270,245,218,157,204,219,200,174,166,139,164,143,140,121,110,117,120,113,108,76,76,84,76,60,68,52,56,47,39,30,26,18,15,24,9,6,3,1,2,0,0,37379,19073,1084,1176,1252,826,481,147,161,495,874,1072,1085,1400,1733,1714,1521,520,727,362,577,788,522,350,206,18306,1014,1102,1156,814,352,147,156,471,838,980,1104,1379,1631,1590,1357,456,731,361,593,747,565,394,368,281,121,7,7,7,0,0,0,7,0,0,0,0,0,0,0,0,0,0,0,0,0,0,0,0,0,0,0,0,0,0,0,0,0,60,47,43,0,0,0,43,0,0,0,0,0,0,4,0,0,0,0,0,0,13,0,0,0,0,13,0,5,8,0,0,0,54,51,0,0,0,0,0,0,0,0,0,0,0,51,0,0,0,0,0,0,3,0,0,0,0,3,0,0,3,0,0,0,160,1,1,1,0,0,0,1,0,0,0,0,0,0,0,0,0,0,0,0,0,0,0,0,0,0,0,0,0,0,0,0,0,24,10,6,0,0,0,6,0,0,0,0,0,0,4,0,0,0,0,0,0,14,0,0,0,0,14,0,11,3,0,0,0,135,135,0,0,0,0,0,0,0,0,0,0,0,135,0,0,0,0,0,0,0,0,0,0,0,0,0,0,0,0,0,0
"G5500850","2010","WI","2","3","Wisconsin","55","Oneida County","085",,,,,,,,,,,,,,,"99999","99999","999",,,,,,,,,,,,,,,,,"2882578692","318622517","Oneida County","A","+45.7137913","-089.5366933","06","9",,35998,17993,167,182,154,167,200,185,174,160,154,187,161,173,202,179,200,234,254,241,203,180,167,170,169,144,184,153,179,179,194,180,181,176,157,141,158,179,162,176,186,244,210,189,203,244,252,292,289,307,312,317,341,337,311,321,318,295,303,327,301,326,304,270,271,259,212,248,235,279,218,207,205,190,189,172,174,156,174,126,147,127,106,110,105,90,77,53,53,42,49,17,25,17,18,13,8,5,5,3,1,0,2,0,0,18005,185,152,174,137,164,166,182,187,150,171,176,175,170,186,229,226,206,229,176,144,166,123,155,130,172,158,173,150,187,145,169,138,147,148,142,175,163,164,178,198,216,195,239,252,243,273,337,266,325,342,311,320,317,314,323,307,308,306,297,257,269,276,278,279,235,237,232,251,223,213,212,211,199,207,167,167,151,158,143,151,131,110,128,109,120,85,79,72,73,71,59,47,30,27,24,16,14,10,6,8,11,2,0,35388,17633,870,860,915,726,373,156,157,466,821,772,914,1075,1477,1611,1540,571,740,482,702,925,725,478,277,17755,812,856,936,661,317,161,122,448,801,741,872,1143,1539,1582,1467,540,786,468,681,986,758,562,516,610,360,3,3,3,0,0,0,2,1,0,0,0,0,0,0,0,0,0,0,0,0,0,0,0,0,0,0,0,0,0,0,0,0,300,253,247,0,0,102,144,1,0,0,0,0,0,6,0,0,0,0,0,0,47,8,0,0,0,39,0,36,3,0,0,0,57,55,0,0,0,0,0,0,0,0,0,0,0,55,0,0,0,0,0,0,2,0,0,0,0,2,0,2,0,0,0,0,250,0,0,0,0,0,0,0,0,0,0,0,0,0,0,0,0,0,0,0,0,0,0,0,0,0,0,0,0,0,0,0,0,67,38,17,0,0,1,14,2,0,0,0,0,0,21,0,0,0,0,0,0,29,14,0,0,0,15,0,10,5,0,0,0,183,171,0,0,0,0,0,0,0,0,0,0,0,171,0,0,0,0,0,0,12,0,0,0,0,12,0,11,0,0,0,1
"G5500870","2010","WI","2","3","Wisconsin","55","Outagamie County","087",,,,,,,,,,,,,,,"11540","99999","118",,,,,,,,,,,,,,,,,"1651177709","18299478","Outagamie County","A","+44.4182258","-088.4649883","06","1",,176695,88130,1150,1218,1210,1248,1236,1240,1268,1268,1206,1312,1303,1334,1237,1269,1315,1306,1328,1425,1339,1125,1045,1064,1077,1162,1221,1200,1179,1279,1185,1303,1211,1252,1248,1139,1165,1181,1118,1071,1151,1294,1267,1176,1285,1330,1339,1391,1432,1500,1502,1479,1388,1428,1426,1265,1263,1246,1184,1128,1089,925,1006,923,889,844,626,651,659,650,523,505,452,469,408,376,411,342,305,342,275,287,334,287,254,249,216,193,148,144,90,89,68,55,38,26,23,15,17,7,6,3,0,0,0,88565,1045,1107,1139,1182,1167,1182,1242,1230,1232,1230,1181,1149,1256,1197,1199,1218,1313,1282,1186,990,1034,935,961,1049,1155,1219,1179,1192,1197,1161,1245,1196,1152,1102,1112,1092,1000,1033,1090,1277,1259,1180,1342,1285,1425,1413,1389,1439,1480,1576,1501,1396,1383,1254,1185,1255,1205,1108,1056,999,976,928,945,874,687,691,666,702,653,563,532,503,498,499,462,474,402,445,396,434,429,418,345,345,346,309,284,265,243,212,173,121,117,100,89,62,43,33,14,22,26,1,0,173656,86523,6056,6292,6452,4047,2227,900,906,3254,6015,5914,5737,6336,7214,6710,5519,1915,2336,1299,1657,2080,1518,1289,850,87133,5637,6110,5979,3810,1914,874,785,3061,5914,5781,5465,6476,7272,6695,5598,1894,2489,1349,1901,2442,2090,1790,1807,3039,1607,26,9,4,0,0,0,4,0,0,5,0,0,5,0,0,0,0,0,0,0,17,1,0,0,0,16,3,0,0,0,4,9,1357,515,445,0,0,122,309,14,0,0,0,0,0,70,0,0,0,0,0,0,842,583,0,0,0,259,74,88,38,0,3,56,224,209,2,0,0,2,0,0,0,0,0,0,0,207,0,0,0,0,0,0,15,0,0,0,0,15,0,8,0,0,2,5,1432,15,0,0,0,0,0,0,0,0,0,0,0,0,0,0,0,0,0,0,0,15,2,0,0,0,13,1,0,0,0,2,10,879,114,45,0,0,0,45,0,0,0,0,0,0,67,2,0,0,2,0,0,765,648,0,0,0,117,26,49,11,0,1,30,538,516,0,0,0,0,0,0,0,0,0,0,0,514,2,0,0,2,0,0,22,0,0,0,0,22,0,8,0,0,10,4
"G5500890","2010","WI","2","3","Wisconsin","55","Ozaukee County","089",,,,,,,,,,,,,,,"33340","99999","376",,,,,,,,,,,,,,,,,"603666538","2287271020","Ozaukee County","A","+43.3607150","-087.4965534","06","1",,86395,42340,419,451,458,488,530,532,593,619,576,600,620,622,645,672,688,673,661,685,603,522,443,392,428,471,419,439,410,400,392,438,446,372,393,409,402,451,396,423,473,586,561,579,588,620,661,675,699,685,783,711,792,720,821,749,720,705,666,637,668,599,619,547,555,542,433,415,416,423,365,286,315,253,269,292,218,222,217,207,225,223,186,178,153,166,123,102,112,66,85,71,50,38,29,18,14,14,7,3,4,0,0,0,0,44055,385,429,475,452,461,523,513,530,549,584,573,675,591,558,577,630,672,663,572,489,425,416,415,425,400,419,386,377,409,404,402,367,387,426,417,459,453,480,512,575,618,618,609,641,713,701,723,717,791,820,871,769,831,741,753,749,702,681,683,655,604,574,569,559,465,445,464,485,363,341,321,332,294,315,297,287,275,253,276,255,259,229,250,235,203,210,179,160,142,136,84,96,59,54,39,26,29,14,12,7,17,0,0,84591,41561,2346,2920,3247,2017,903,325,313,1238,2043,1987,2297,2987,3533,3786,3272,1164,1529,830,1071,1337,1081,782,553,43030,2202,2699,2974,1964,763,277,287,1170,1985,1986,2473,3188,3745,3962,3464,1174,1588,905,1184,1549,1318,1110,1063,1804,779,2,2,2,0,0,0,2,0,0,0,0,0,0,0,0,0,0,0,0,0,0,0,0,0,0,0,0,0,0,0,0,0,666,195,183,0,0,0,183,0,0,0,0,0,0,12,0,0,0,0,0,0,471,444,0,0,0,27,0,26,0,0,0,1,111,101,0,0,0,0,0,0,0,0,0,0,0,101,0,0,0,0,0,0,10,0,0,0,0,10,0,10,0,0,0,0,1025,1,0,0,0,0,0,0,0,0,0,0,0,0,0,0,0,0,0,0,0,1,1,0,0,0,0,0,0,0,0,0,0,710,41,29,0,0,0,29,0,0,0,0,0,0,12,0,0,0,0,0,0,669,644,0,0,0,25,0,25,0,0,0,0,314,292,0,0,0,0,0,0,0,0,0,0,0,292,0,0,0,0,0,0,22,0,0,0,0,22,0,22,0,0,0,0
"G5500910","2010","WI","2","3","Wisconsin","55","Pepin County","091",,,,,,,,,,,,,,,"99999","99999","999",,,,,,,,,,,,,,,,,"600833973","43282761","Pepin County","A","+44.6274362","-091.8348898","06","9",,7469,3780,51,49,52,47,47,56,36,49,47,53,49,54,61,54,51,57,55,54,56,39,39,21,30,23,38,33,25,40,48,42,50,30,30,34,35,46,32,40,39,42,55,43,41,50,55,68,49,64,59,69,57,54,65,60,63,69,62,73,58,52,45,53,64,61,44,24,37,36,46,22,32,29,49,30,20,24,24,29,24,17,24,19,26,22,20,8,10,2,6,8,6,5,6,3,1,1,2,0,0,0,1,0,0,3689,42,40,48,50,42,42,37,36,41,41,49,45,35,48,35,58,49,44,49,27,33,28,31,33,41,34,37,35,47,41,47,36,36,43,23,29,29,41,45,54,47,49,50,54,52,42,52,50,56,69,49,74,69,73,57,66,62,51,52,62,56,47,42,48,35,30,39,32,44,37,29,39,35,40,23,25,28,30,25,27,30,16,15,19,13,21,21,15,18,11,12,11,7,3,8,6,5,3,4,0,3,0,0,7333,3728,246,241,269,164,94,38,19,84,185,178,196,240,304,298,312,98,169,61,104,159,113,108,48,3605,222,197,212,151,76,33,25,103,193,185,198,252,269,321,291,102,125,69,110,164,125,86,96,136,52,2,2,2,0,0,0,2,0,0,0,0,0,0,0,0,0,0,0,0,0,0,0,0,0,0,0,0,0,0,0,0,0,30,27,26,0,0,0,26,0,0,0,0,0,0,1,0,0,0,0,0,0,3,0,0,0,0,3,0,3,0,0,0,0,20,20,0,0,0,0,0,0,0,0,0,0,0,20,0,0,0,0,0,0,0,0,0,0,0,0,0,0,0,0,0,0,84,0,0,0,0,0,0,0,0,0,0,0,0,0,0,0,0,0,0,0,0,0,0,0,0,0,0,0,0,0,0,0,0,10,4,1,0,0,0,1,0,0,0,0,0,0,3,0,0,0,0,0,0,6,0,0,0,0,6,0,6,0,0,0,0,74,69,0,0,0,0,0,0,0,0,0,0,0,69,0,0,0,0,0,0,5,0,0,0,0,5,0,5,0,0,0,0
"G5500930","2010","WI","2","3","Wisconsin","55","Pierce County","093",,,,,,,,,,,,,,,"33460","99999","378",,,,,,,,,,,,,,,,,"1485999482","46945602","Pierce County","A","+44.7253365","-092.4262793","06","1",,41019,20420,255,240,263,261,239,272,266,245,242,243,259,286,277,255,274,284,266,305,333,547,534,542,459,365,287,304,289,246,241,270,225,240,214,214,220,219,227,257,286,266,264,237,266,264,254,335,297,315,325,322,333,302,322,313,317,252,264,275,265,271,251,226,224,243,176,138,139,138,146,122,108,112,102,97,94,105,64,76,50,66,54,47,57,36,35,38,36,24,26,24,21,16,5,4,5,2,2,0,1,0,0,0,0,20599,218,217,227,264,230,243,255,275,259,235,245,260,206,240,254,263,278,258,498,804,647,656,528,363,278,250,240,222,220,229,247,209,219,194,217,225,215,227,242,254,287,245,250,268,300,285,283,286,322,327,304,342,307,317,293,270,289,281,232,230,216,198,206,203,154,132,152,118,119,119,115,142,87,89,94,90,70,103,68,72,79,59,62,64,58,77,50,49,35,27,51,25,18,14,19,9,11,4,3,4,5,0,0,38253,19358,1255,1268,1351,852,435,285,440,1010,1328,1098,1243,1281,1578,1578,1317,474,639,276,404,507,356,214,169,18895,1156,1263,1205,794,419,297,511,1043,1155,1080,1159,1347,1497,1551,1295,409,561,283,353,515,387,297,318,2766,1062,6,3,0,0,0,0,0,0,0,3,0,0,3,0,0,0,0,0,0,0,3,3,0,0,0,0,0,0,0,0,0,0,992,28,20,0,0,0,20,0,0,0,0,0,0,8,0,0,0,0,0,0,964,890,0,0,0,74,0,37,35,0,0,2,64,60,0,0,0,0,0,0,0,0,0,0,0,60,0,0,0,0,0,0,4,0,0,0,0,4,0,4,0,0,0,0,1704,9,9,0,0,0,0,0,0,0,9,0,0,9,0,0,0,0,0,0,0,0,0,0,0,0,0,0,0,0,0,0,0,1555,12,5,0,0,0,5,0,0,0,0,0,0,7,0,0,0,0,0,0,1543,1503,0,0,0,40,0,38,1,0,0,1,140,128,0,0,0,0,0,0,0,0,0,0,0,128,0,0,0,0,0,0,12,0,0,0,0,12,0,12,0,0,0,0
"G5500950","2010","WI","2","3","Wisconsin","55","Polk County","095",,,,,,,,,,,,,,,"99999","99999","999",,,,,,,,,,,,,,,,,"2367150768","109933269","Polk County","A","+45.4680297","-092.4531541","06","9",,44205,22177,265,278,266,282,285,279,305,297,276,314,302,284,297,289,322,351,330,377,284,192,195,195,176,192,210,219,208,253,240,238,262,226,269,241,241,260,230,251,260,273,317,282,317,278,366,352,349,355,393,365,390,407,362,358,337,373,355,353,347,328,304,309,295,273,260,232,213,241,203,144,200,173,175,165,161,121,121,121,119,103,102,92,75,71,65,62,43,51,46,46,24,23,10,7,10,3,4,3,3,2,4,0,0,22028,240,273,230,307,288,278,275,263,262,279,266,276,290,288,306,326,336,318,267,195,176,167,178,207,205,200,223,219,230,249,258,226,240,224,240,255,242,267,257,283,306,289,267,299,299,327,354,391,409,371,354,369,357,365,325,391,328,300,320,305,294,296,286,252,239,201,229,232,233,194,188,183,175,176,132,147,145,140,118,122,98,117,130,107,102,81,88,73,67,72,50,44,38,30,24,29,20,19,6,7,8,1,0,43744,21996,1376,1469,1492,1046,472,188,186,571,1143,1234,1263,1553,1800,1850,1752,613,825,444,584,871,571,389,304,21748,1338,1357,1420,963,461,176,166,589,1118,1182,1300,1456,1843,1766,1643,588,775,427,656,842,650,513,519,461,181,16,15,3,0,0,0,3,0,0,12,0,12,0,0,0,0,0,0,0,0,1,0,0,0,0,1,0,0,0,0,1,0,90,70,63,0,0,0,63,0,0,0,0,0,0,7,0,0,0,0,0,0,20,0,0,0,0,20,11,2,0,0,6,1,75,75,0,0,0,0,0,0,0,0,0,0,0,75,0,0,0,0,0,0,0,0,0,0,0,0,0,0,0,0,0,0,280,23,21,0,0,0,0,0,0,0,21,0,21,0,0,0,0,0,0,0,0,2,0,0,0,0,2,2,0,0,0,0,0,38,12,5,0,0,0,5,0,0,0,0,0,0,7,0,0,0,0,0,0,26,0,0,0,0,26,6,15,0,0,5,0,219,219,0,0,0,0,0,0,0,0,0,0,0,219,0,0,0,0,0,0,0,0,0,0,0,0,0,0,0,0,0,0
"G5500970","2010","WI","2","3","Wisconsin","55","Portage County","097",,,,,,,,,,,,,,,"44620","99999","999",,,,,,,,,,,,,,,,,"2073747839","56926153","Portage County","A","+44.4762457","-089.4980699","06","2",,70019,34984,419,366,414,413,436,360,400,390,402,407,433,378,408,453,446,440,435,465,642,962,951,1014,901,753,598,550,474,474,460,458,446,402,394,364,371,412,375,331,354,437,426,378,419,434,457,510,484,518,517,559,511,522,477,516,469,505,502,484,502,444,394,428,422,349,267,259,281,280,265,187,214,223,189,193,184,166,129,136,145,118,127,103,101,95,92,84,53,57,56,41,27,23,30,9,9,6,10,8,1,1,0,0,0,35035,368,347,378,385,365,398,379,370,395,473,401,375,432,410,385,394,422,405,686,1009,998,989,855,604,515,480,418,451,364,421,441,368,371,376,348,319,389,339,357,428,382,411,425,455,463,486,489,498,513,528,530,499,494,503,557,493,467,464,486,425,401,386,363,373,283,250,293,302,263,263,245,236,196,218,182,215,148,171,168,151,171,163,168,151,128,132,118,114,94,107,75,67,53,50,39,44,27,15,15,7,14,0,0,66510,33343,2047,1959,2116,1329,756,564,903,2159,2378,1963,1898,2105,2573,2477,2426,822,1037,540,731,995,685,495,385,33167,1842,2014,2003,1211,692,612,885,1910,2110,1899,1825,2130,2502,2577,2330,784,1019,540,823,1057,829,738,835,3509,1641,14,8,5,0,0,0,5,0,0,3,3,0,0,0,0,0,0,0,0,0,6,5,0,0,0,1,1,0,0,0,0,0,1556,67,65,0,0,0,58,7,0,0,0,0,0,2,0,0,0,0,0,0,1489,1430,0,0,0,59,12,38,1,0,0,8,71,66,0,0,0,0,0,0,0,0,0,0,0,66,0,0,0,0,0,0,5,0,0,0,0,5,0,0,5,0,0,0,1868,12,6,0,0,0,0,0,0,0,6,6,0,0,0,0,0,0,0,0,0,6,4,0,0,0,2,2,0,0,0,0,0,1625,17,14,0,0,0,14,0,0,0,0,0,0,3,0,0,0,0,0,0,1608,1570,0,0,0,38,9,26,3,0,0,0,231,163,0,0,0,0,0,0,0,0,0,0,0,163,0,0,0,0,0,0,68,0,0,0,0,68,0,2,11,0,0,55
"G5500990","2010","WI","2","3","Wisconsin","55","Price County","099",,,,,,,,,,,,,,,"99999","99999","999",,,,,,,,,,,,,,,,,"3248817969","62273299","Price County","A","+45.6790724","-090.3596497","06","9",,14159,7180,62,47,76,62,60,59,69,85,80,83,83,90,71,71,90,106,87,88,99,60,41,50,45,53,56,71,46,69,53,62,61,58,65,66,62,83,60,79,93,80,88,78,91,89,102,131,141,110,127,131,153,137,145,127,147,137,131,123,128,127,113,133,137,115,86,77,94,83,81,76,92,80,72,67,72,56,55,46,42,46,36,39,39,41,27,29,23,11,23,15,11,12,10,7,3,3,0,2,1,0,1,0,0,6979,64,62,56,60,67,79,58,67,71,77,81,67,83,93,82,86,90,87,100,36,44,41,35,44,44,48,52,54,54,58,53,63,69,65,62,70,58,72,76,77,98,58,84,95,83,122,121,122,119,126,121,122,131,124,118,128,128,131,126,102,138,106,100,103,72,84,89,88,88,78,62,75,74,59,58,63,59,52,60,64,56,43,57,55,53,49,36,37,26,34,21,14,8,9,14,11,7,5,4,2,2,0,0,13955,7092,307,376,405,281,158,41,49,151,299,311,390,444,635,705,645,245,337,171,240,374,236,169,123,6863,309,352,406,263,136,44,41,123,266,309,353,417,607,614,614,243,274,171,254,323,286,234,224,204,88,0,0,0,0,0,0,0,0,0,0,0,0,0,0,0,0,0,0,0,0,0,0,0,0,0,0,0,0,0,0,0,0,29,27,23,0,0,0,23,0,0,0,0,0,0,4,0,0,0,0,0,0,2,0,0,0,0,2,0,0,0,0,2,0,59,55,0,0,0,0,0,0,0,0,0,0,0,55,0,0,0,0,0,0,4,0,0,0,0,4,0,4,0,0,0,0,116,0,0,0,0,0,0,0,0,0,0,0,0,0,0,0,0,0,0,0,0,0,0,0,0,0,0,0,0,0,0,0,0,12,9,3,0,0,0,3,0,0,0,0,0,0,6,0,0,0,0,0,0,3,0,0,0,0,3,0,2,0,0,1,0,104,100,0,0,0,0,0,0,0,0,0,0,0,100,0,0,0,0,0,0,4,0,0,0,0,4,0,3,0,0,1,0
"G5501010","2010","WI","2","3","Wisconsin","55","Racine County","101",,,,,,,,,,,,,,,"39540","99999","376",,,,,,,,,,,,,,,,,"861173331","1190399042","Racine County","A","+42.7540747","-087.4146760","06","1",,195408,96771,1309,1268,1322,1301,1320,1300,1364,1330,1352,1415,1355,1477,1408,1436,1422,1383,1480,1528,1321,1196,1190,1183,1147,1176,1232,1208,1160,1207,1187,1227,1284,1173,1173,1149,1148,1205,1145,1173,1256,1312,1332,1320,1350,1341,1467,1533,1572,1582,1637,1611,1621,1537,1598,1519,1530,1425,1389,1298,1295,1197,1208,1096,1126,1064,782,822,756,749,694,545,631,565,560,488,453,437,372,409,402,393,382,318,329,306,255,234,187,181,146,137,97,76,71,34,33,19,13,9,5,7,3,0,1,98637,1220,1251,1201,1290,1265,1266,1255,1327,1318,1306,1405,1426,1336,1407,1319,1345,1399,1404,1211,961,1056,967,1080,1085,1073,1150,1184,1185,1166,1289,1220,1184,1215,1151,1136,1160,1085,1116,1254,1336,1318,1347,1332,1381,1506,1497,1614,1568,1674,1629,1707,1576,1635,1579,1559,1453,1390,1335,1295,1140,1177,1183,1168,1106,844,881,893,822,789,651,663,628,648,587,577,523,502,490,480,572,482,457,483,446,453,392,356,300,300,289,196,182,134,116,97,81,45,40,28,9,28,0,0,190413,93125,6513,6760,7093,4360,2335,1061,1000,3119,5491,5563,5763,6469,7615,7569,6445,2259,2931,1561,1958,2651,1954,1528,1127,97288,6224,6466,6888,4093,2160,1046,949,3202,5903,5844,5880,6796,7864,7973,6552,2345,3099,1757,2249,3062,2494,2216,2226,4995,3646,44,30,27,0,0,7,20,0,0,3,0,3,0,0,0,0,0,0,0,0,14,0,0,0,0,14,10,0,0,0,0,4,3262,2961,2811,0,0,2233,571,7,0,0,0,0,0,150,0,0,0,0,0,0,301,0,0,0,0,301,61,193,31,0,2,14,340,266,20,0,0,20,0,0,0,0,0,0,0,246,0,0,0,0,0,0,74,0,0,0,0,74,0,15,5,0,6,48,1349,69,58,0,0,0,0,0,0,0,58,5,0,53,0,0,0,0,0,0,0,11,0,0,0,0,11,3,1,0,0,0,7,664,425,351,0,0,275,75,1,0,0,0,0,0,74,0,0,0,0,0,0,239,0,0,0,0,239,41,145,32,0,2,19,616,433,0,0,0,0,0,0,0,0,0,0,0,433,0,0,0,0,0,0,183,0,0,0,0,183,0,22,5,0,14,142
"G5501030","2010","WI","2","3","Wisconsin","55","Richland County","103",,,,,,,,,,,,,,,"99999","99999","999",,,,,,,,,,,,,,,,,"1518123695","8153431","Richland County","A","+43.3761994","-090.4356927","06","9",,18021,9042,114,112,131,136,123,111,127,151,115,118,132,93,109,103,112,121,132,143,122,132,112,77,86,96,75,102,95,101,89,92,111,93,104,115,89,108,100,103,114,98,108,101,81,106,112,132,102,128,141,136,138,134,138,152,153,158,160,165,156,145,130,111,99,120,87,95,105,91,72,67,90,84,68,85,62,53,53,51,47,42,49,54,35,45,39,21,26,23,17,25,14,15,6,4,2,5,2,2,3,0,0,0,0,8979,119,123,96,110,111,145,126,90,103,98,104,124,112,100,114,102,119,121,125,136,108,59,89,79,81,87,84,99,101,84,87,86,101,70,76,89,89,85,91,117,110,93,88,116,112,137,109,125,127,145,145,132,147,144,144,158,142,135,156,120,126,107,114,120,94,82,86,99,97,79,79,74,79,64,61,70,56,65,62,65,77,69,48,60,47,53,43,39,38,47,25,40,27,13,13,13,10,3,4,2,4,0,0,17685,8891,616,618,549,396,225,96,76,253,469,501,520,497,628,709,779,240,300,199,227,387,239,218,149,8794,559,561,554,342,222,94,54,247,454,417,465,513,636,705,707,232,327,168,273,351,309,291,313,336,151,4,0,0,0,0,0,0,0,0,0,0,0,0,0,0,0,0,0,0,0,4,0,0,0,0,4,4,0,0,0,0,0,114,23,19,0,0,0,19,0,0,0,0,0,0,4,0,0,0,0,0,0,91,43,0,0,0,48,3,39,6,0,0,0,33,18,0,0,0,0,0,0,0,0,0,0,0,18,0,0,0,0,0,0,15,0,0,0,0,15,0,14,1,0,0,0,185,1,0,0,0,0,0,0,0,0,0,0,0,0,0,0,0,0,0,0,0,1,0,0,0,0,1,1,0,0,0,0,0,96,5,3,0,0,0,3,0,0,0,0,0,0,2,0,0,0,0,0,0,91,57,0,0,0,34,2,27,5,0,0,0,88,71,0,0,0,0,0,0,0,0,0,0,0,71,0,0,0,0,0,0,17,0,0,0,0,17,0,17,0,0,0,0
"G5501050","2010","WI","2","3","Wisconsin","55","Rock County","105",,,,,,,,,,,,,,,"27500","99999","999",,,,,,,,,,,,,,,,,"1859980029","20625910","Rock County","A","+42.6699307","-089.0751194","06","1",,160331,78815,1015,1007,1143,1077,1142,1109,1132,1117,1187,1164,1182,1203,1155,1117,1133,1190,1181,1281,1209,1046,974,968,863,918,987,1027,927,960,1044,1040,1100,995,1071,932,977,1022,922,1002,1062,1138,1135,1061,1066,1105,1121,1169,1231,1208,1170,1235,1268,1174,1223,1117,1192,1115,1109,1011,1024,893,910,836,869,802,671,645,625,605,574,534,503,512,506,446,409,394,394,360,336,322,299,276,275,205,186,207,169,153,86,96,60,48,36,32,31,16,15,8,10,1,6,1,0,81516,940,954,1029,1077,1061,1017,1096,1090,1072,1132,1161,1131,1089,1122,1134,1122,1200,1221,1123,1008,976,900,936,919,968,993,1019,1022,1063,1039,1072,973,1011,935,959,1023,986,975,1116,1101,1174,1057,1057,1126,1144,1187,1220,1269,1236,1190,1234,1264,1194,1192,1144,1162,1108,1079,979,925,933,936,906,973,684,716,693,713,645,606,617,552,580,489,496,478,450,484,421,439,428,416,409,356,328,310,282,247,229,176,150,161,138,102,68,62,43,30,26,17,19,2,0,157397,77344,5384,5709,5783,3634,2019,816,848,2612,4893,4985,5089,5403,5940,5911,5103,1726,2325,1259,1698,2344,1762,1203,898,80053,5059,5403,5628,3532,1854,819,780,2714,5121,4920,5191,5542,6079,6010,5238,1856,2544,1405,1953,2695,2209,1814,1687,2934,1471,25,22,4,0,0,0,4,0,0,18,3,0,15,0,0,0,0,0,0,0,3,1,0,0,0,2,1,0,0,0,0,1,1229,489,454,0,0,0,376,78,0,0,0,0,0,35,0,0,0,0,0,0,740,493,0,0,0,247,87,66,21,0,3,70,217,190,0,0,0,0,0,0,0,0,0,0,0,190,0,0,0,0,0,0,27,0,0,0,0,27,5,6,0,0,0,16,1463,26,9,0,0,0,0,0,0,0,9,1,0,8,0,0,0,0,0,0,0,17,4,0,0,0,13,7,0,0,0,0,6,822,91,43,0,0,0,40,3,0,0,0,0,0,48,0,0,0,0,0,0,731,639,0,0,0,92,16,34,12,0,0,30,615,599,0,0,0,0,0,0,0,0,0,0,0,599,0,0,0,0,0,0,16,0,0,0,0,16,3,4,0,0,0,9
"G5501070","2010","WI","2","3","Wisconsin","55","Rusk County","107",,,,,,,,,,,,,,,"99999","99999","999",,,,,,,,,,,,,,,,,"2366174321","44800571","Rusk County","A","+45.4727340","-091.1367448","06","9",,14755,7371,89,68,96,92,77,64,77,87,97,86,103,109,97,88,101,119,118,102,113,69,63,64,56,70,47,69,68,44,66,84,70,71,65,70,71,79,81,72,74,89,80,96,100,86,100,101,118,145,122,137,119,129,141,113,111,120,118,122,111,137,101,100,123,79,112,90,95,83,86,67,65,79,49,77,64,57,45,57,53,53,40,29,37,28,33,25,16,23,20,9,11,9,6,6,2,6,2,1,0,1,1,0,0,7384,82,69,87,64,89,82,105,76,111,83,84,81,106,101,84,110,107,124,99,43,57,48,58,45,67,60,71,58,60,61,58,79,71,69,67,67,70,72,71,65,98,80,96,91,91,108,107,106,116,118,131,99,133,126,113,140,107,107,107,116,112,93,114,108,67,85,86,77,84,74,76,74,80,72,52,64,72,65,47,68,46,66,51,41,47,41,37,32,37,21,24,31,24,16,13,6,7,5,8,3,6,1,0,14581,7305,422,411,498,339,177,62,60,168,326,345,390,458,619,610,605,200,314,185,235,332,261,159,129,7276,391,457,456,341,142,57,48,164,306,342,344,456,554,600,574,204,288,170,234,349,310,233,256,174,66,0,0,0,0,0,0,0,0,0,0,0,0,0,0,0,0,0,0,0,0,0,0,0,0,0,0,0,0,0,0,0,0,42,27,25,0,0,0,25,0,0,0,0,0,0,2,0,0,0,0,0,0,15,0,0,0,0,15,0,5,0,0,0,10,24,23,0,0,0,0,0,0,0,0,0,0,0,23,0,0,0,0,0,0,1,0,0,0,0,1,0,0,0,0,0,1,108,0,0,0,0,0,0,0,0,0,0,0,0,0,0,0,0,0,0,0,0,0,0,0,0,0,0,0,0,0,0,0,0,21,5,2,0,0,0,2,0,0,0,0,0,0,3,0,0,0,0,0,0,16,0,0,0,0,16,0,7,0,0,0,9,87,78,0,0,0,0,0,0,0,0,0,0,0,78,0,0,0,0,0,0,9,0,0,0,0,9,0,0,0,0,0,9
"G5501090","2010","WI","2","3","Wisconsin","55","St. Croix County","109",,,,,,,,,,,,,,,"33460","99999","378",,,,,,,,,,,,,,,,,"1870824361","34588261","St. Croix County","A","+45.0289589","-092.4472842","06","1",,84345,42218,566,568,640,657,694,751,678,668,695,646,664,700,613,629,639,655,579,632,573,340,398,328,389,436,473,533,506,544,606,607,582,573,626,584,638,627,584,568,650,656,684,670,635,637,634,725,708,671,673,697,687,680,700,632,610,606,561,554,534,470,492,426,468,449,333,315,301,291,249,244,193,206,176,168,155,148,140,128,128,104,125,92,94,98,82,53,55,58,46,33,21,23,21,11,10,9,4,3,3,0,0,0,0,42127,605,548,628,620,640,674,662,640,582,709,654,587,623,666,621,588,572,590,506,326,334,318,333,460,455,539,486,549,559,617,604,627,598,575,589,626,625,586,616,665,657,612,628,643,637,649,696,728,686,700,737,719,665,616,637,616,541,496,541,460,453,417,401,419,290,343,285,292,243,242,214,210,173,188,184,182,147,145,171,168,128,153,140,167,97,120,119,89,85,65,67,55,44,39,40,26,23,13,15,1,6,2,0,83495,41764,3122,3436,3243,1863,904,371,311,1247,2712,2956,3060,3245,3465,3298,2714,915,1242,611,780,888,633,463,285,41731,3038,3264,3150,1750,832,333,315,1230,2729,2986,3113,3172,3455,3369,2647,866,1107,627,770,956,779,631,612,850,454,10,3,0,0,0,0,0,0,0,3,3,0,0,0,0,0,0,0,0,0,7,0,0,0,0,7,4,0,0,0,3,0,317,217,204,0,0,105,86,13,0,0,0,0,0,13,0,0,0,0,0,0,100,0,0,0,0,100,11,49,25,0,15,0,127,119,0,0,0,0,0,0,0,0,0,0,0,119,0,0,0,0,0,0,8,0,0,0,0,8,0,7,0,0,1,0,396,7,0,0,0,0,0,0,0,0,0,0,0,0,0,0,0,0,0,0,0,7,0,0,0,0,7,6,0,0,0,1,0,83,43,29,0,0,13,16,0,0,0,0,0,0,14,0,0,0,0,0,0,40,0,0,0,0,40,8,19,11,0,0,2,306,298,0,0,0,0,0,0,0,0,0,0,0,298,0,0,0,0,0,0,8,0,0,0,0,8,0,2,0,0,2,4
"G5501110","2010","WI","2","3","Wisconsin","55","Sauk County","111",,,,,,,,,,,,,,,"12660","99999","358",,,,,,,,,,,,,,,,,"2152025932","45881330","Sauk County","A","+43.4279976","-089.9433290","06","2",,61976,30848,379,412,418,440,424,348,416,425,419,416,453,384,450,424,448,457,465,433,365,324,335,304,313,383,390,423,373,441,432,427,450,386,370,356,364,420,342,395,409,417,469,418,422,406,406,463,445,489,492,433,515,466,483,510,449,474,429,406,447,408,404,350,379,367,296,302,269,263,268,217,216,196,199,172,168,173,143,149,135,116,121,109,113,115,90,72,75,61,61,52,34,25,21,19,16,7,10,4,0,0,1,0,0,31128,384,385,351,401,385,413,392,395,391,399,397,406,414,425,369,434,397,418,373,264,274,263,343,369,362,387,354,387,389,381,406,351,347,356,354,357,349,386,370,419,450,398,384,390,437,477,501,497,474,471,551,480,462,463,424,444,444,429,419,393,396,366,385,388,312,317,325,268,283,233,224,235,204,206,204,185,163,169,184,191,181,158,148,183,136,148,129,150,116,113,76,93,68,47,35,41,16,27,18,11,11,0,0,61118,30443,2071,2024,2159,1347,663,321,295,1043,2037,1891,1957,2101,2291,2408,2155,751,1038,570,746,938,698,528,411,30675,1906,1990,2011,1249,628,264,258,1061,1883,1804,1877,2041,2410,2370,2119,756,1079,636,780,1058,858,756,881,858,405,10,8,2,0,0,0,2,0,0,6,6,0,0,0,0,0,0,0,0,0,2,0,0,0,0,2,0,0,0,0,1,1,294,218,210,0,0,0,210,0,0,1,1,0,0,7,0,0,0,0,0,0,76,31,0,0,0,45,0,10,0,0,5,30,101,95,0,0,0,0,0,0,0,0,0,0,0,95,0,0,0,0,0,0,6,0,0,0,0,6,0,4,0,0,2,0,453,0,0,0,0,0,0,0,0,0,0,0,0,0,0,0,0,0,0,0,0,0,0,0,0,0,0,0,0,0,0,0,0,126,35,25,0,0,0,25,0,0,0,0,0,0,10,0,0,0,0,0,0,91,22,0,0,0,69,1,15,0,0,3,50,327,319,0,0,0,0,0,0,0,0,0,0,0,319,0,0,0,0,0,0,8,0,0,0,0,8,0,2,0,0,0,6
"G5501130","2010","WI","2","3","Wisconsin","55","Sawyer County","113",,,,,,,,,,,,,,,"99999","99999","999",,,,,,,,,,,,,,,,,"3256403571","240766843","Sawyer County","A","+45.8649127","-091.1471302","06","9",,16557,8393,88,91,103,98,95,94,98,84,101,91,83,86,99,87,102,98,131,115,104,67,76,86,73,84,83,72,71,79,81,93,65,87,64,77,72,81,77,91,74,102,99,99,86,99,98,136,104,129,141,160,131,133,136,136,153,154,144,127,141,135,145,154,145,123,118,134,125,127,107,102,97,88,98,82,65,69,56,51,60,56,57,41,53,38,26,24,27,18,11,9,14,10,11,3,1,0,2,1,0,1,0,0,0,8164,88,100,99,97,112,85,96,85,75,94,104,89,82,101,101,88,95,119,96,69,51,46,68,71,87,66,77,69,81,70,56,63,78,66,70,67,77,88,85,85,98,76,98,109,106,107,108,113,116,148,135,143,161,140,126,140,125,149,134,132,132,123,161,110,113,126,126,123,106,100,92,101,88,74,72,65,50,63,67,59,57,43,36,43,42,32,25,31,27,29,22,11,14,6,8,6,11,5,2,0,3,0,0,16232,8167,475,468,457,342,159,67,77,214,359,345,399,465,658,676,695,297,383,259,336,430,287,208,111,8065,496,435,477,302,164,51,46,224,360,331,399,485,592,701,677,253,384,251,325,423,299,207,183,325,226,2,2,2,0,0,0,2,0,0,0,0,0,0,0,0,0,0,0,0,0,0,0,0,0,0,0,0,0,0,0,0,0,191,179,171,0,0,98,55,18,0,0,0,0,0,8,0,0,0,0,0,0,12,0,0,0,0,12,0,12,0,0,0,0,33,33,0,0,0,0,0,0,0,0,0,0,0,33,0,0,0,0,0,0,0,0,0,0,0,0,0,0,0,0,0,0,99,0,0,0,0,0,0,0,0,0,0,0,0,0,0,0,0,0,0,0,0,0,0,0,0,0,0,0,0,0,0,0,0,22,12,8,0,0,0,7,1,0,0,0,0,0,4,0,0,0,0,0,0,10,0,0,0,0,10,0,10,0,0,0,0,77,75,0,0,0,0,0,0,0,0,0,0,0,75,0,0,0,0,0,0,2,0,0,0,0,2,0,0,0,0,0,2
"G5501150","2010","WI","2","3","Wisconsin","55","Shawano County","115",,,,,,,,,,,,,,,"99999","99999","999",,,,,,,,,,,,,,,,,"2313007314","42514240","Shawano County","A","+44.7896407","-088.7558134","06","9",,41949,20921,229,258,263,238,261,293,269,300,264,247,276,245,259,283,287,301,298,309,290,214,212,173,229,219,204,195,210,219,259,235,246,197,219,197,239,217,204,262,246,281,283,295,279,293,332,352,305,360,371,316,335,332,350,294,311,314,308,334,297,292,261,273,226,259,214,233,240,261,205,194,194,186,182,144,167,132,138,126,119,113,129,97,112,80,81,68,53,54,23,32,25,33,24,17,8,5,5,2,3,2,1,0,0,21028,224,219,258,245,248,245,253,264,280,233,286,265,270,284,270,300,255,283,260,213,205,183,184,182,222,208,220,235,195,263,208,208,199,215,215,232,213,242,257,262,254,277,262,276,318,332,321,332,332,337,315,299,332,325,338,276,302,277,286,250,251,243,291,269,238,236,256,249,238,215,198,194,161,176,175,159,154,130,146,135,140,123,143,128,97,100,99,80,92,74,66,59,40,30,40,15,9,12,5,10,8,0,0,41155,20521,1247,1368,1340,887,496,202,165,618,1076,1062,1191,1459,1685,1600,1527,533,693,472,655,854,617,476,298,20634,1191,1273,1363,824,465,203,181,583,1095,1038,1198,1378,1651,1600,1386,493,794,489,697,893,698,570,571,794,400,38,31,1,0,0,0,1,0,0,29,0,29,0,0,1,0,1,0,0,0,7,0,0,0,0,7,0,0,0,0,7,0,246,189,165,0,0,0,151,14,0,3,0,3,0,19,2,0,2,0,0,0,57,0,0,0,0,57,0,36,2,0,19,0,116,106,0,0,0,0,0,0,0,0,0,0,0,102,4,0,4,0,0,0,10,0,0,0,0,10,0,9,0,0,0,1,394,31,22,1,0,0,0,1,0,0,20,0,20,0,0,1,0,1,0,0,0,9,0,0,0,0,9,0,0,0,0,9,0,89,67,43,0,0,0,43,0,0,2,0,2,0,22,0,0,0,0,0,0,22,0,0,0,0,22,0,13,0,0,9,0,274,255,0,0,0,0,0,0,0,0,0,0,0,248,7,0,7,0,0,0,19,0,0,0,0,19,0,19,0,0,0,0
"G5501170","2010","WI","2","3","Wisconsin","55","Sheboygan County","117",,,,,,,,,,,,,,,"43100","99999","999",,,,,,,,,,,,,,,,,"1324171349","1968280402","Sheboygan County","A","+43.7460015","-087.7305455","06","1",,115507,58010,681,691,733,760,735,770,785,787,763,825,860,793,813,802,796,853,756,873,794,639,659,634,619,668,703,715,721,756,704,731,806,693,751,713,648,720,671,717,691,843,838,815,844,823,874,998,950,939,978,960,929,907,993,961,928,898,838,781,812,762,727,681,674,673,508,444,461,496,472,378,368,369,311,311,331,321,248,274,290,260,253,227,220,183,167,155,163,116,95,77,69,44,41,20,26,14,12,9,7,8,5,2,0,57497,662,684,717,742,751,686,756,682,725,742,807,757,733,781,814,817,837,813,681,580,563,514,552,663,623,646,653,661,711,709,662,627,647,649,661,628,614,694,665,744,730,725,754,774,892,910,835,908,872,961,952,959,939,860,866,829,830,831,860,742,711,687,680,687,476,527,549,544,451,418,400,389,425,422,360,337,303,325,332,345,355,325,348,292,252,279,262,219,179,197,162,113,121,76,65,70,34,32,24,16,23,3,0,112484,55926,3597,3929,4058,2461,1283,535,532,1746,3326,3390,3466,4031,4680,4620,4026,1394,1841,898,1326,1676,1349,1010,752,56558,3550,3589,3888,2457,1185,506,461,1774,3343,3227,3328,3864,4462,4559,4074,1391,1831,1069,1396,1963,1601,1493,1547,3023,2084,31,25,5,0,0,1,4,0,0,20,3,11,6,0,0,0,0,0,0,0,6,0,0,0,0,6,4,0,0,0,1,1,1817,1444,1398,0,0,1160,238,0,0,2,2,0,0,44,0,0,0,0,0,0,373,283,0,0,0,90,9,75,4,0,2,0,236,223,6,0,0,6,0,0,0,0,0,0,0,211,6,0,0,6,0,0,13,0,0,0,0,13,0,6,0,0,7,0,939,22,9,0,0,0,0,0,0,0,9,2,3,4,0,0,0,0,0,0,0,13,1,0,0,0,12,6,1,0,0,2,3,412,83,39,0,0,0,39,0,0,0,0,0,0,44,0,0,0,0,0,0,329,232,0,0,0,97,9,77,1,0,4,6,505,488,0,0,0,0,0,0,0,0,0,0,0,482,6,0,0,6,0,0,17,0,0,0,0,17,0,12,0,0,5,0
"G5501190","2010","WI","2","3","Wisconsin","55","Taylor County","119",,,,,,,,,,,,,,,"99999","99999","999",,,,,,,,,,,,,,,,,"2524917815","24721890","Taylor County","A","+45.2116558","-090.5048529","06","9",,20689,10559,132,145,125,172,137,153,114,144,151,165,146,146,145,131,158,167,156,178,120,106,113,99,91,107,105,110,106,104,107,126,107,147,120,102,112,116,122,111,122,127,150,139,129,149,186,135,155,191,177,191,204,185,183,202,187,155,159,166,143,140,134,127,119,103,106,88,81,89,83,91,90,81,67,71,74,55,60,73,48,41,48,45,40,47,38,39,29,29,21,17,14,4,12,9,6,2,3,3,1,0,0,0,0,10130,143,127,134,123,121,137,143,119,171,148,122,130,126,127,136,133,147,137,122,76,78,87,87,89,122,91,106,101,97,106,111,120,107,112,121,117,105,101,132,124,132,103,136,139,136,150,172,170,174,194,169,179,161,164,167,155,124,122,127,134,121,133,112,102,83,92,94,94,73,73,87,91,74,84,80,61,71,58,64,65,65,62,54,62,56,55,40,43,42,35,25,23,30,23,15,16,7,7,8,2,4,0,0,20458,10461,711,727,726,501,224,108,97,297,544,586,593,750,841,959,760,261,327,169,260,381,275,200,164,9997,648,717,641,417,197,78,86,294,500,569,579,644,856,839,662,253,294,183,240,413,303,288,296,231,98,0,0,0,0,0,0,0,0,0,0,0,0,0,0,0,0,0,0,0,0,0,0,0,0,0,0,0,0,0,0,0,0,48,48,42,0,0,0,42,0,0,0,0,0,0,6,0,0,0,0,0,0,0,0,0,0,0,0,0,0,0,0,0,0,50,50,0,0,0,0,0,0,0,0,0,0,0,50,0,0,0,0,0,0,0,0,0,0,0,0,0,0,0,0,0,0,133,1,0,0,0,0,0,0,0,0,0,0,0,0,0,0,0,0,0,0,0,1,0,0,0,0,1,0,0,0,0,0,1,20,19,9,0,0,0,9,0,0,0,0,0,0,10,0,0,0,0,0,0,1,0,0,0,0,1,0,0,0,0,0,1,112,112,0,0,0,0,0,0,0,0,0,0,0,112,0,0,0,0,0,0,0,0,0,0,0,0,0,0,0,0,0,0
"G5501210","2010","WI","2","3","Wisconsin","55","Trempealeau County","121",,,,,,,,,,,,,,,"99999","99999","999",,,,,,,,,,,,,,,,,"1898370021","23371308","Trempealeau County","A","+44.3030501","-091.3588668","06","9",,28816,14638,195,181,195,203,170,198,211,189,197,198,212,204,191,191,194,205,184,229,228,131,125,128,119,157,179,178,170,193,177,167,200,162,165,175,166,159,173,181,182,215,208,186,215,214,206,247,231,206,248,233,248,212,240,218,239,222,232,226,210,197,183,183,166,177,149,147,143,146,110,121,106,103,103,97,98,75,70,75,70,77,50,71,63,49,46,42,33,46,32,20,14,12,20,8,4,4,2,4,1,2,1,0,0,14178,187,201,181,175,197,186,177,193,230,175,167,199,186,193,201,171,198,221,162,107,116,102,122,155,143,171,162,176,154,167,173,169,164,155,134,148,149,155,176,212,190,192,200,190,205,206,210,213,226,210,220,219,201,211,205,209,201,186,205,181,175,152,154,164,141,143,130,145,107,122,100,127,105,101,93,88,100,75,92,75,73,72,72,87,64,81,64,67,61,45,43,33,34,29,15,15,8,11,5,7,12,1,0,28304,14408,943,993,992,618,357,123,125,447,870,856,904,1019,1158,1139,1070,362,485,284,365,497,341,256,204,13896,940,960,946,590,268,113,102,418,822,789,835,968,1057,1048,972,324,452,271,368,518,412,328,395,512,230,1,0,0,0,0,0,0,0,0,0,0,0,0,0,0,0,0,0,0,0,1,0,0,0,0,1,1,0,0,0,0,0,111,84,20,0,0,0,20,0,0,0,0,0,0,8,56,56,0,0,0,0,27,0,0,0,0,27,1,22,4,0,0,0,118,112,0,0,0,0,0,0,0,0,0,0,0,91,21,21,0,0,0,0,6,0,0,0,0,6,0,6,0,0,0,0,282,2,0,0,0,0,0,0,0,0,0,0,0,0,0,0,0,0,0,0,0,2,0,0,0,0,2,2,0,0,0,0,0,70,61,6,0,0,0,6,0,0,0,0,0,0,9,46,46,0,0,0,0,9,0,0,0,0,9,1,8,0,0,0,0,210,210,0,0,0,0,0,0,0,0,0,0,0,197,13,13,0,0,0,0,0,0,0,0,0,0,0,0,0,0,0,0
"G5501230","2010","WI","2","3","Wisconsin","55","Vernon County","123",,,,,,,,,,,,,,,"99999","99999","999",,,,,,,,,,,,,,,,,"2050180266","64301270","Vernon County","A","+43.5998583","-090.8152256","06","9",,29773,14854,202,211,217,206,221,244,229,248,231,220,226,207,209,228,245,255,206,211,188,159,139,124,126,126,139,133,144,136,148,162,128,173,139,161,154,160,133,165,171,156,169,168,163,177,183,205,208,214,240,239,262,246,279,277,230,257,226,222,237,179,213,190,211,183,127,165,172,150,120,122,101,125,118,115,104,78,92,74,79,83,87,77,59,48,42,38,38,47,25,22,29,15,15,8,4,4,7,4,0,1,1,0,0,14919,222,221,203,219,199,238,222,191,200,234,226,202,230,208,209,202,220,216,201,129,121,121,124,139,122,146,149,146,152,173,157,132,138,150,144,143,173,146,150,184,170,168,181,184,184,208,195,218,237,252,237,246,223,248,243,245,209,234,186,175,175,176,192,192,146,139,138,130,150,132,121,123,101,103,99,92,102,103,108,113,101,93,85,93,74,81,59,59,59,41,51,24,27,26,14,15,13,10,4,4,5,1,0,29383,14688,1057,1172,1115,671,337,137,121,385,711,736,777,853,1098,1283,1117,400,516,335,389,561,395,304,218,14695,1064,1085,1075,638,329,120,120,378,758,717,790,885,1105,1192,1043,349,526,275,406,541,504,413,382,390,166,1,0,0,0,0,0,0,0,0,0,0,0,0,0,0,0,0,0,0,0,1,0,0,0,0,1,0,1,0,0,0,0,98,63,57,0,0,0,57,0,0,0,0,0,0,6,0,0,0,0,0,0,35,0,0,0,0,35,0,35,0,0,0,0,67,57,0,0,0,0,0,0,0,0,0,0,0,57,0,0,0,0,0,0,10,0,0,0,0,10,0,10,0,0,0,0,224,0,0,0,0,0,0,0,0,0,0,0,0,0,0,0,0,0,0,0,0,0,0,0,0,0,0,0,0,0,0,0,0,52,19,12,0,0,0,12,0,0,0,0,0,0,7,0,0,0,0,0,0,33,0,0,0,0,33,0,33,0,0,0,0,172,148,0,0,0,0,0,0,0,0,0,0,0,148,0,0,0,0,0,0,24,0,0,0,0,24,0,24,0,0,0,0
"G5501250","2010","WI","2","3","Wisconsin","55","Vilas County","125",,,,,,,,,,,,,,,"99999","99999","999",,,,,,,,,,,,,,,,,"2218594892","417610669","Vilas County","A","+46.0498480","-089.5012540","06","9",,21430,10861,88,94,110,121,85,101,92,96,116,107,112,105,115,111,132,143,125,140,127,95,98,76,64,70,93,83,80,89,102,79,105,69,85,103,89,92,94,107,95,125,134,89,129,129,135,153,149,160,206,176,177,176,184,178,164,193,170,170,179,172,192,172,170,215,173,165,164,180,180,145,135,151,155,141,155,100,97,123,88,97,93,79,80,70,48,51,42,32,35,22,23,12,14,9,9,2,2,3,1,0,0,0,0,10569,101,86,102,87,82,105,99,90,98,110,84,96,108,91,108,105,109,155,124,61,65,72,59,71,70,67,62,83,82,80,80,78,76,83,64,97,78,99,103,105,119,110,108,129,128,153,189,159,175,160,183,173,183,195,168,180,182,165,200,164,188,179,199,196,156,164,172,201,176,173,145,154,127,119,122,108,115,88,103,100,88,95,82,74,72,55,41,42,62,41,36,28,16,13,9,6,9,5,3,1,7,0,1,21240,10738,498,509,574,408,218,94,74,213,410,428,498,611,838,875,880,363,556,329,505,734,504,367,252,10502,456,502,485,369,184,65,70,200,371,377,481,591,835,901,890,366,550,334,549,662,508,405,351,190,123,4,4,0,0,0,0,0,0,0,4,4,0,0,0,0,0,0,0,0,0,0,0,0,0,0,0,0,0,0,0,0,0,107,93,88,0,0,0,88,0,0,0,0,0,0,5,0,0,0,0,0,0,14,0,0,0,0,14,0,14,0,0,0,0,12,12,0,0,0,0,0,0,0,0,0,0,0,12,0,0,0,0,0,0,0,0,0,0,0,0,0,0,0,0,0,0,67,4,4,0,0,0,0,0,0,0,4,4,0,0,0,0,0,0,0,0,0,0,0,0,0,0,0,0,0,0,0,0,0,19,10,10,0,0,0,10,0,0,0,0,0,0,0,0,0,0,0,0,0,9,0,0,0,0,9,0,9,0,0,0,0,44,41,0,0,0,0,0,0,0,0,0,0,0,41,0,0,0,0,0,0,3,0,0,0,0,3,0,0,0,0,0,3
"G5501270","2010","WI","2","3","Wisconsin","55","Walworth County","127",,,,,,,,,,,,,,,"48580","99999","999",,,,,,,,,,,,,,,,,"1437771449","55507309","Walworth County","A","+42.6681095","-088.5417306","06","2",,102228,51237,587,629,611,714,627,729,749,644,699,700,760,681,703,733,661,688,653,752,845,1001,1019,1052,979,841,721,613,524,617,620,587,624,540,594,563,590,568,568,590,604,644,652,706,622,693,681,796,748,761,760,834,817,810,780,744,729,768,696,714,653,681,602,611,645,605,397,484,431,464,387,351,291,306,310,271,255,241,214,198,215,194,224,178,164,179,122,107,106,90,84,50,46,38,36,15,18,13,12,8,1,2,3,0,0,50991,573,577,637,615,626,641,633,634,674,665,648,663,642,659,646,733,706,708,739,763,949,1009,780,693,641,563,582,560,563,517,586,561,549,560,557,595,578,577,637,692,686,629,636,663,693,784,783,795,813,797,817,770,745,734,751,766,687,664,670,631,643,583,635,600,436,425,446,460,429,377,344,331,343,346,311,270,240,254,258,257,291,255,227,215,205,176,157,160,155,152,119,92,77,71,72,30,28,23,20,13,19,1,0,99519,49824,3163,3521,3538,2082,1318,828,968,2436,2888,2851,2940,3306,3849,3847,3482,1204,1637,908,1191,1408,1051,838,570,49695,3028,3246,3254,2138,1040,761,932,2057,2761,2788,3069,3294,3956,3805,3404,1221,1661,868,1256,1655,1242,1123,1136,2709,1413,16,10,7,0,0,0,7,0,0,3,3,0,0,0,0,0,0,0,0,0,6,0,0,0,0,6,6,0,0,0,0,0,1255,296,281,0,0,0,281,0,0,4,4,0,0,11,0,0,0,0,0,0,959,812,0,0,0,147,14,78,6,0,49,0,142,112,3,0,0,0,3,0,0,0,0,0,0,109,0,0,0,0,0,0,30,0,0,0,0,30,0,17,0,0,5,8,1296,14,8,1,0,0,0,1,0,0,7,7,0,0,0,0,0,0,0,0,0,6,2,0,0,0,4,4,0,0,0,0,0,913,61,40,0,0,0,40,0,0,0,0,0,0,21,0,0,0,0,0,0,852,775,0,0,0,77,10,60,0,0,7,0,369,341,0,0,0,0,0,0,0,0,0,0,0,341,0,0,0,0,0,0,28,0,0,0,0,28,0,28,0,0,0,0
"G5501290","2010","WI","2","3","Wisconsin","55","Washburn County","129",,,,,,,,,,,,,,,"99999","99999","999",,,,,,,,,,,,,,,,,"2064513144","145566458","Washburn County","A","+45.8924633","-091.7964225","06","9",,15911,7924,89,81,97,97,89,78,91,69,93,95,78,89,87,91,85,92,108,121,91,65,59,61,62,46,71,71,63,72,79,71,87,72,76,77,61,64,101,62,88,103,106,89,93,82,114,119,110,129,140,139,124,148,111,125,114,146,149,130,152,133,128,132,131,145,116,123,122,113,92,112,99,81,95,77,73,80,59,52,48,46,55,40,36,29,23,30,19,23,8,17,12,5,8,2,2,1,2,1,1,1,0,0,0,7987,84,80,86,76,93,90,80,97,61,106,86,89,93,92,100,105,90,94,85,55,47,53,60,63,59,81,54,79,76,78,84,79,77,68,63,70,70,79,89,97,77,84,84,84,95,114,109,134,114,149,146,153,122,146,137,131,145,116,159,140,112,112,142,118,103,111,129,106,111,106,69,86,66,85,63,75,54,62,55,60,63,59,44,48,34,36,37,41,35,32,23,25,17,12,17,8,5,7,4,3,5,0,0,15706,7851,453,425,430,320,154,56,58,174,353,369,417,481,634,620,708,260,387,244,314,421,280,176,117,7855,419,434,460,289,140,47,53,182,359,369,405,421,619,702,685,224,362,240,321,363,298,228,235,205,73,2,1,1,0,0,0,1,0,0,0,0,0,0,0,0,0,0,0,0,0,1,0,0,0,0,1,0,0,0,0,1,0,36,15,11,0,0,0,11,0,0,0,0,0,0,4,0,0,0,0,0,0,21,0,0,0,0,21,0,9,4,0,8,0,35,31,0,0,0,0,0,0,0,0,0,0,0,31,0,0,0,0,0,0,4,0,0,0,0,4,0,2,2,0,0,0,132,0,0,0,0,0,0,0,0,0,0,0,0,0,0,0,0,0,0,0,0,0,0,0,0,0,0,0,0,0,0,0,0,24,7,3,0,0,0,3,0,0,0,0,0,0,4,0,0,0,0,0,0,17,0,0,0,0,17,0,10,5,0,2,0,108,108,0,0,0,0,0,0,0,0,0,0,0,108,0,0,0,0,0,0,0,0,0,0,0,0,0,0,0,0,0,0
"G5501310","2010","WI","2","3","Wisconsin","55","Washington County","131",,,,,,,,,,,,,,,"33340","99999","376",,,,,,,,,,,,,,,,,"1115515204","13005075","Washington County","A","+43.3911560","-088.2329166","06","1",,131887,65393,755,778,818,835,947,877,865,951,1001,932,947,947,919,956,973,981,993,996,866,618,614,568,608,647,658,672,657,725,739,777,800,765,774,789,787,749,786,753,922,986,938,979,1007,1097,1039,1161,1197,1152,1215,1265,1153,1159,1080,1080,1031,926,960,930,903,806,892,840,772,784,541,557,546,587,483,444,396,404,392,337,328,305,304,285,268,269,271,207,216,206,162,167,132,111,81,85,52,39,38,37,17,14,5,4,4,0,2,0,0,66494,750,807,835,809,845,822,892,912,879,897,990,935,945,943,932,879,901,933,791,532,555,509,523,608,630,620,716,761,716,745,728,723,776,744,737,796,718,787,888,971,977,985,1005,1071,1108,1228,1144,1213,1230,1176,1132,1058,1134,1001,996,974,925,948,955,880,840,806,798,771,611,580,573,670,583,460,468,445,432,404,407,373,368,322,338,362,334,337,326,277,276,249,238,232,209,168,129,127,84,77,46,53,26,25,16,12,18,4,0,130744,64904,4132,4626,4740,2951,1465,602,561,1876,3531,3878,4185,5038,5966,5483,4503,1725,2089,1098,1503,1838,1393,1012,709,65840,4046,4402,4742,2705,1320,555,505,1753,3544,3693,4152,5136,5982,5309,4671,1637,2173,1147,1696,2120,1708,1451,1393,1143,489,22,21,11,0,0,0,11,0,0,10,0,0,10,0,0,0,0,0,0,0,1,0,0,0,0,1,1,0,0,0,0,0,265,171,153,0,0,0,152,1,0,0,0,0,0,18,0,0,0,0,0,0,94,0,0,0,0,94,4,70,12,0,1,7,202,184,1,0,0,0,1,0,0,0,0,0,0,183,0,0,0,0,0,0,18,0,0,0,0,18,0,11,0,0,0,7,654,11,9,4,0,0,0,4,0,0,5,0,0,5,0,0,0,0,0,0,0,2,0,0,0,0,2,2,0,0,0,0,0,110,56,30,0,0,0,30,0,0,0,0,0,0,26,0,0,0,0,0,0,54,0,0,0,0,54,4,49,0,0,1,0,533,469,0,0,0,0,0,0,0,0,0,0,0,469,0,0,0,0,0,0,64,0,0,0,0,64,0,53,0,0,0,11
"G5501330","2010","WI","2","3","Wisconsin","55","Waukesha County","133",,,,,,,,,,,,,,,"33340","99999","376",,,,,,,,,,,,,,,,,"1423388982","80346783","Waukesha County","A","+43.0193081","-088.3067069","06","1",,389891,191355,1908,2034,2218,2320,2388,2551,2607,2685,2732,2851,2845,2766,2783,2906,2854,3151,3212,3132,2641,1814,1877,1753,1723,1939,2018,1957,1916,2073,1966,2122,2134,1959,2006,2041,2068,2122,2048,2261,2422,2589,2761,2648,2682,2902,2953,3144,3332,3189,3382,3477,3645,3611,3461,3251,3224,3156,2948,2807,2849,2715,2598,2462,2565,2446,1724,1764,1750,1699,1491,1255,1196,1194,1067,1028,1058,998,950,908,911,866,753,738,707,655,542,503,364,354,282,260,202,124,152,84,69,38,25,23,8,8,5,0,0,198536,1886,2045,2140,2249,2286,2455,2534,2472,2689,2647,2743,2766,2830,2823,2865,2783,2877,2777,2370,1752,1669,1709,1739,1892,1985,1919,1844,1936,2051,1999,2108,1971,2044,1953,2105,2129,2244,2243,2427,2741,2849,2817,2783,3112,3038,3351,3453,3447,3680,3679,3561,3470,3457,3382,3208,3137,2972,3049,2908,2688,2608,2574,2619,2494,1846,1794,1806,1941,1552,1433,1387,1436,1385,1250,1268,1189,1111,1167,1196,1167,1163,1095,1035,956,918,786,762,668,645,542,425,367,329,268,196,131,100,59,41,28,57,4,0,384241,188597,10860,13415,14017,9026,4055,1683,1614,5536,9844,10067,11338,13833,16410,17101,14412,5044,6709,3498,4428,5510,4572,3298,2327,195644,10598,12793,14016,8402,3590,1411,1505,5473,9678,10129,11755,14550,17562,17044,14718,5163,6936,3588,4887,6651,5688,4899,4608,5650,2758,625,387,3,0,0,0,3,0,0,384,14,165,205,0,0,0,0,0,0,0,238,0,0,0,0,238,14,2,0,0,222,0,1735,680,566,0,0,0,375,191,0,44,0,16,28,65,5,0,5,0,0,0,1055,670,0,0,0,385,38,116,45,0,94,92,398,344,3,0,0,0,3,0,0,0,0,0,0,335,6,0,0,6,0,0,54,0,0,0,0,54,0,22,2,0,0,30,2892,58,37,0,0,0,0,0,0,0,37,0,34,3,0,0,0,0,0,0,0,21,6,0,0,0,15,8,0,0,0,3,4,1498,162,86,0,0,0,54,32,0,1,0,1,0,69,6,0,6,0,0,0,1336,1119,0,0,0,217,27,74,52,0,7,57,1336,1040,0,0,0,0,0,0,0,0,0,0,0,1031,9,0,0,9,0,0,296,0,0,0,0,296,0,73,4,0,0,219
"G5501350","2010","WI","2","3","Wisconsin","55","Waupaca County","135",,,,,,,,,,,,,,,"99999","99999","999",,,,,,,,,,,,,,,,,"1936566893","45301523","Waupaca County","A","+44.4780040","-088.9670056","06","9",,52410,26447,259,308,319,326,280,328,317,342,341,362,323,363,340,336,360,388,402,419,353,247,244,219,246,259,299,290,254,272,288,284,324,284,311,271,282,282,290,290,277,353,328,336,382,311,379,391,448,444,456,479,464,419,446,428,417,448,411,399,394,353,344,342,347,350,232,281,275,267,249,244,206,186,208,190,163,162,143,169,157,142,148,129,138,137,131,101,80,79,92,69,48,42,35,33,24,16,11,3,5,1,3,0,0,25963,305,275,261,300,281,296,309,308,307,298,322,368,321,356,335,325,399,391,291,230,202,200,240,214,227,295,247,253,239,280,281,296,238,261,299,288,299,264,324,331,311,319,323,375,373,413,412,450,405,431,464,424,452,384,377,365,418,392,356,329,332,324,300,333,250,272,239,270,232,259,203,224,203,174,191,187,173,196,183,169,164,177,184,124,169,138,142,124,122,116,94,85,64,57,42,32,32,15,14,3,21,1,0,50775,25445,1490,1683,1706,1167,583,238,210,779,1351,1444,1467,1721,2182,2149,1961,659,899,535,730,887,684,533,387,25330,1420,1516,1694,1112,517,199,199,672,1305,1365,1500,1692,2098,2089,1842,647,876,500,751,966,856,694,820,1635,1002,67,62,3,0,0,0,3,0,0,59,0,59,0,0,0,0,0,0,0,0,5,0,0,0,0,5,0,0,0,0,2,3,324,238,146,0,0,0,146,0,0,0,0,0,0,92,0,0,0,0,0,0,86,0,0,0,0,86,26,27,3,0,18,12,611,600,3,0,0,0,3,0,0,0,0,0,0,597,0,0,0,0,0,0,11,0,0,0,0,11,0,5,0,0,0,6,633,15,7,0,0,0,0,0,0,0,7,0,7,0,0,0,0,0,0,0,0,8,0,0,0,0,8,0,1,0,0,0,7,110,60,21,0,0,0,21,0,0,0,0,0,0,39,0,0,0,0,0,0,50,0,0,0,0,50,0,25,0,0,11,14,508,501,0,0,0,0,0,0,0,0,0,0,0,501,0,0,0,0,0,0,7,0,0,0,0,7,0,7,0,0,0,0
"G5501370","2010","WI","2","3","Wisconsin","55","Waushara County","137",,,,,,,,,,,,,,,"99999","99999","999",,,,,,,,,,,,,,,,,"1621729475","29151283","Waushara County","A","+44.1128248","-089.2397520","06","9",,24496,12893,102,101,129,112,120,113,136,154,133,150,123,151,161,137,157,157,159,177,168,134,86,105,121,135,125,120,138,137,146,169,125,158,146,166,147,120,136,151,166,158,160,168,170,203,170,214,237,215,201,239,220,223,214,228,204,223,222,221,178,209,168,206,179,206,142,135,172,151,138,136,139,135,119,139,119,114,98,89,89,59,91,62,59,68,38,43,29,27,19,21,9,15,7,3,8,3,5,0,0,2,3,0,0,11603,121,117,133,113,123,138,115,141,132,133,137,127,132,118,167,149,141,125,123,92,88,86,78,103,95,113,99,111,102,102,101,96,117,105,122,109,106,99,120,149,133,130,146,135,144,190,145,198,219,194,185,216,191,179,187,191,184,193,167,153,190,198,194,185,139,162,150,139,131,128,116,132,130,116,102,115,97,86,91,83,80,65,85,97,61,48,49,52,39,18,28,30,20,21,20,9,14,8,2,4,10,1,0,23235,11711,564,686,729,493,292,76,89,315,528,570,563,700,981,979,1002,354,514,296,418,631,436,309,186,11524,607,659,681,415,214,87,86,274,525,541,582,686,945,958,885,388,517,311,397,591,465,373,337,1261,1182,0,0,0,0,0,0,0,0,0,0,0,0,0,0,0,0,0,0,0,0,0,0,0,0,0,0,0,0,0,0,0,0,1114,1104,1099,0,0,995,104,0,0,0,0,0,0,5,0,0,0,0,0,0,10,0,0,0,0,10,0,10,0,0,0,0,68,63,39,0,0,31,8,0,0,0,0,0,0,24,0,0,0,0,0,0,5,0,0,0,0,5,0,4,0,0,1,0,79,0,0,0,0,0,0,0,0,0,0,0,0,0,0,0,0,0,0,0,0,0,0,0,0,0,0,0,0,0,0,0,0,14,2,0,0,0,0,0,0,0,0,0,0,0,2,0,0,0,0,0,0,12,0,0,0,0,12,0,12,0,0,0,0,65,64,0,0,0,0,0,0,0,0,0,0,0,64,0,0,0,0,0,0,1,0,0,0,0,1,0,0,0,0,1,0
"G5501390","2010","WI","2","3","Wisconsin","55","Winnebago County","139",,,,,,,,,,,,,,,"36780","99999","118",,,,,,,,,,,,,,,,,"1125316243","373177955","Winnebago County","A","+44.0857068","-088.6681488","06","1",,166994,83952,1036,991,1015,1014,980,1042,949,1017,999,1062,1011,1036,991,962,1025,1113,1092,1092,1227,1536,1473,1528,1501,1412,1288,1308,1204,1236,1202,1222,1235,1185,1078,1015,1064,1052,985,1007,1120,1179,1182,1115,1128,1210,1248,1334,1355,1354,1286,1356,1314,1308,1281,1259,1229,1182,1152,1205,1027,1011,942,921,958,833,693,617,665,664,553,517,474,466,436,408,438,422,349,375,349,348,318,336,268,249,211,202,169,149,138,112,73,87,58,39,22,24,18,12,12,6,1,0,0,83042,932,924,1002,1049,923,927,945,990,994,1019,995,972,988,998,994,999,1031,1023,1316,1604,1542,1568,1427,1252,1196,1095,1097,1041,1056,1050,1087,990,946,914,895,935,870,926,963,1110,1055,1028,1057,1092,1167,1243,1245,1304,1206,1313,1297,1240,1205,1268,1163,1226,1104,1053,1061,1020,938,939,892,890,700,682,657,705,627,560,535,516,558,519,562,497,444,439,421,445,469,456,426,367,387,333,299,289,268,269,208,158,157,126,101,76,58,44,25,26,39,3,0,158755,78517,5036,5062,5009,3268,1899,1059,1367,3923,5584,5108,4856,5394,6143,6021,5346,1802,2394,1244,1693,2168,1792,1323,1026,80238,4828,4872,4939,3042,1733,1098,1459,3803,5297,4805,4784,5376,6284,6132,5432,1865,2464,1331,1868,2645,2174,1977,2030,8239,5435,52,34,1,0,0,1,0,0,0,18,8,0,10,0,15,0,15,0,0,0,18,1,0,0,0,17,16,0,0,0,1,0,5044,3418,2813,0,0,2220,320,273,0,0,0,0,0,503,102,0,102,0,0,0,1626,1411,0,0,0,215,32,77,12,0,21,73,339,303,68,0,0,58,10,0,0,0,0,0,0,226,9,0,9,0,0,0,36,0,0,0,0,36,0,18,0,0,6,12,2804,24,11,0,0,0,0,0,0,0,4,0,0,4,0,7,0,7,0,0,0,13,2,0,0,0,11,9,0,0,0,0,2,2054,140,6,0,0,5,1,0,0,0,0,0,0,75,59,0,59,0,0,0,1914,1781,0,0,0,133,26,43,11,0,18,35,726,610,0,0,0,0,0,0,0,0,0,0,0,608,2,0,2,0,0,0,116,0,0,0,0,116,3,54,0,0,17,42
"G5501410","2010","WI","2","3","Wisconsin","55","Wood County","141",,,,,,,,,,,,,,,"32270","99999","999",,,,,,,,,,,,,,,,,"2054162108","42280594","Wood County","A","+44.4614126","-090.0388252","06","2",,74749,36777,453,471,446,472,450,423,476,430,470,464,462,494,507,534,519,483,551,594,510,411,403,312,382,425,458,443,438,440,402,409,469,409,400,408,350,411,371,410,397,470,466,469,450,490,552,525,592,618,662,662,642,623,600,608,573,599,560,536,537,436,506,479,454,460,324,350,352,372,308,281,297,268,262,266,258,217,203,207,197,191,168,175,160,153,132,118,119,108,83,61,56,44,48,24,17,14,7,7,1,1,2,0,0,37972,424,443,441,428,454,421,450,428,444,445,461,485,487,421,478,502,531,562,447,358,369,332,362,419,451,436,408,437,426,440,388,421,401,367,357,393,388,384,395,483,482,455,467,513,527,555,607,608,613,648,630,635,642,595,643,579,568,531,519,510,485,473,493,424,368,349,354,415,346,302,302,293,327,284,294,291,263,278,235,257,252,239,247,236,204,237,199,158,133,144,137,84,82,72,58,49,29,24,20,15,24,2,0,73858,36408,2290,2263,2515,1627,911,396,302,1252,2113,2013,2043,2394,3030,3025,2655,980,1229,697,951,1336,994,751,641,37450,2187,2188,2332,1592,803,367,332,1230,2138,1919,2036,2438,3016,3132,2690,954,1274,697,1049,1481,1288,1105,1202,891,369,4,1,0,0,0,0,0,0,0,1,1,0,0,0,0,0,0,0,0,0,3,0,0,0,0,3,0,1,0,0,0,2,208,113,89,0,0,0,89,0,0,0,0,0,0,13,11,7,4,0,0,0,95,0,0,0,0,95,11,69,3,0,8,4,157,130,0,0,0,0,0,0,0,0,0,0,0,125,5,0,5,0,0,0,27,0,0,0,0,27,0,23,0,0,4,0,522,6,0,0,0,0,0,0,0,0,0,0,0,0,0,0,0,0,0,0,0,6,0,0,0,0,6,3,1,0,0,0,2,103,32,10,0,0,0,10,0,0,1,1,0,0,15,6,2,4,0,0,0,71,0,0,0,0,71,3,42,12,0,8,6,413,328,0,0,0,0,0,0,0,0,0,0,0,325,3,0,3,0,0,0,85,0,0,0,0,85,0,57,0,0,28,0
